1
2
3
4
5
6
7
8
9
10
11
12
13
14
15
16
17
18
19
20
21
22
23
24
25
26
27
28
29
30
31
32
33
34
35
36
37
38
39
40
41
42
43
44
45
46
47
48
49
50
51
52
53
54
55
56
57
58
59
60
61
62
63
64
65
66
67
68
69
70
71
72
73
74
75
76
77
78
79
80
81
82
83
84
85
86
87
88
89
90
91
92
93
94
95
96
97
98
99
100
101
102
103
104
105
106
107
108
109
110
111
112
113
114
115
116
117
118
119
120
121
122
123
124
125
126
127
128
129
130
131
132
133
134
137
139
140
141
143
144
145
147
148
149
150
151
152
153
154
156
159
160
162
163
164
168
169
170
171
174
177
178
180
181
183
185
187
188
189
190
191
192
194
195
196
201
203
206
207
208
210
215
217
219
221
223
224
225
226
227
229
230
231
232
233
235
236
243
244
246
247
249
251
252
253
256
257
259
261
263
265
267
270
271
272
273
276
277
278
280
281
282
283
284
285
286
287
288
289
290
291
292
293
301
303
305
309
310
315
316
317
318
320
321
323
324
325
326
327
328
329
330
331
333
334
335
336
338
340
341
342
343
344
345
348
349
351
352
354
355
356
357
358
359
360
362
364
365
366
367
369
370
371
372
374
375
376
377
378
379
380
381
382
383
384
386
387
388
389
390
391
392
393
394
395
396
398
399
400
402
403
404
405
407
408
409
411
412
414
417
418
419
421
422
423
424
425
426
427
429
431
432
433
434
435
436
437
439
440
441
444
446
447
448
451
452
453
457
458
460
462
463
464
465
467
468
476
477
478
479
482
484
488
489
494
510
511
518
519
521
522
524
525
528
543
549
550
561
585
591
617
618
623
625
628
631
632
634
645
647
649
650
655
664
666
672
679
686
688
689
690
691
692
693
694
700
707
711
712
714
716
717
728
729
730
731
732
733
735
740
742
744
745
746
747
750
752
754
755
756
757
759
760
761
762
763
764
765
766
767
768
769
770
771
772
774
775
776
777
778
779
780
782
783
784
785
786
787
788
789
790
791
795
797
800
802
803
804
805
806
807
808
811
855
856
863
869
884
892
899
901
902
903
904
906
945
947
949
951
952
953
958
961
962
963
964
965
967
972
974
975
977
979
980
982
983
984
990
993
1009
1051
1079
1092
1095

135
136
138
146
155
157
158
161
165
167
172
173
179
182
184
186
197
199
202
237
238
239
242
298
299
302
307
311
313
314
332
361
368
373
385
410
415
449
455
456
459
461
486
551
552
560
562
620
630
773

142
166
175
193
198
200
204
205
209
211
212
213
214
216
218
220
222
228
234
264
266
268
269
274
294
312
319
322
469
470
471
474
475
758

176
821
822
824
825
826
828
832
833
837
838
843
847
851
858
859
864
866
867
868
873
874
876
879
943
944
988
1006
1015
1016
1023
1025
1027
1028
1030
1031
1033
1035
1037
1038
1039
1040
1041
1042
1043
1045
1046
1047
1048
1052
1053
1054
1055
1056
1058
1062
1063
1066
1068
1069
1071
1072
1078
1080
1081
1082
1083
1084
1085
1086
1087
1088
1089
1090
1091
1093
1094

240
241
245
248
250
254
255
258
260
275
279
295
297
300
306
339
346
347
350
353
363
406
413
416
438
442
454
472
473
481
483
487
490
491
492
493
495
496
497
498
499
500
501
502
503
504
505
506
507
508
509
512
514
515
516
517
652
715
721
725
749
753
809
816
883

262
296
304
308
337
397
401
443
445
450
466
480
513
533
534
597
624
638
642
651
653
654
657
658
659
660
661
662
663
665
667
668
669
670
671
673
674
675
676
677
678
681
682
684
685
695
696
697
698
699
701
703
710
713
734
793

420
428
430
485
520
523
526
527
529
530
531
532
535
536
537
538
539
540
541
542
544
545
546
547
548
553
554
555
556
557
558
559
563
564
565
566
567
568
569
570
571
572
573
574
575
576
577
578
579
580
581
582
583
584
586
587
588
589
590
592
593
594
595
596
598
599
600
601
602
603
604
605
606
607
608
609
610
611
612
613
614
615
616
619
621
622
626
627
629
633
635
636
637
639
640
641
643
644
648
680
683
687
702
704
705
706
708
709
718
719
720
722
723
724
726
727
736
737
738
739
741
743
748
792
796
814
827
836
852
854
860
865
900
908
913
914
916
917
918
919
920
921
922
924
925
926
927
928
929
930
933
936
938
940
946
950
966
986
989
992
994
1000
1008
1017
1022
1034
1036
1049
1061
1064
1065
1067
1070
1073
1074
1076

646
751
781
794
799
801
812
823
831
846
896
897
923
935
937
939
956
957
987
991
996
997
1002
1010
1032
1044
1050
1057
1059
1060

656
810
871
875

798
815
839
840
841
842
848
849
853
861
877
880
885
886
888
894
907
910
911
912
915
931
932
934
941
942
948
954
955
959
968
969
970
971
973
976
978
981
985
1001
1004
1018
1021
1024
1026
1029

813
817
818
819
820
829
830
834
835
844
850
857
862
870
872
878
881
882
889
891
893
905
909
1013

845
887
890
895
898
960

995
998
999
1003
1005
1007
1011
1012
1014
1019
1020
1075
1077

