119
194 0.7699986386594181
241 1.6902419448493964
1884 1.9486536350010641
2450 -1.832570687110832
2729 6.9985096422506015
2837 3.086486636822455
2959 5.936843246369504
3106 5.612215281130711
3578 0.6015799870344548
3700 1.2947271675944
3820 1.7890234894091803
3990 2.6290617897835795
4070 1.1068654304248302
4108 3.1066893441399746
4199 3.8630154263214513
4325 3.21432000833234
5120 3.8630154263214513
5233 4.22592092001082
5316 2.236335707452845
5339 1.1784267118982394
5414 2.8876357780772897
5555 2.4033897921160112
5630 0.11915383779016203
5636 2.973157951515452
5739 2.8876357780772897
5809 2.363780654020965
5875 2.750014400201242
6433 1.030804581586805
6609 3.1918471524802814
6754 2.4049037829704587
6794 3.9074671888922854
6819 1.7153059135126125
7044 1.880515829833846
7104 -0.6634879166512921
7170 1.6186122887101415
7311 2.236335707452845
7316 3.1273086313427103
7534 1.242767428663689
7557 3.3349479961209547
7578 0.5215372793609184
7633 1.8745456628473423
7838 2.1081605140288473
8102 4.359452312635343
8150 4.433560284789064
8230 4.74707365793266
8283 2.8876357780772897
8615 2.6944445490464313
8710 0.551203779709388
8723 1.5262389685791264
8816 1.7255100836868542
8870 3.7026727762462723
9057 8.10814132616832
9106 1.0850066366123312
9151 1.258716730071367
9204 2.5098732725184614
9559 -0.49919366312984353
9733 1.0850066366123312
9977 3.8630154263214513
10001 4.128071418239819
10422 0.7087940713416041
10447 3.0497411835248567
10487 1.981229805435677
10522 2.9911764570181303
10868 -0.37072214562370276
10906 2.035665011990694
11089 1.1549652252192415
11135 5.206750173022546
11218 0.5720211847929105
11299 -0.5211827618659379
11304 1.2054960338664575
11308 5.019746545036923
11453 1.3637200390813515
11518 3.8630154263214513
11570 1.1933746733341126
11646 4.708237486218457
11677 1.7255100836868542
11781 2.591790394986348
11907 4.86832290156553
12054 3.8204558119026557
12183 4.8012850649143815
12242 3.8630154263214513
12455 -0.4305173317360804
12785 2.8088549002241754
12801 1.9109133070182172
12803 2.727440078162703
13014 5.206750173022546
13021 3.6312138122641273
13046 3.47214911763444
13189 3.7490913256946845
13460 2.955458374416051
13572 1.8745456628473423
13613 1.8111238364098463
13661 3.7026727762462723
13677 5.206750173022546
13734 7.769055347609172
13761 2.6040604875781623
13921 2.1782280766455644
14088 5.389071729816501
14237 -0.6972483483041599
14267 -0.7647387866270302
14309 1.5137127087599462
14381 0.6866029961942954
14447 6.296724081081085
14455 1.637217476541176
14708 5.389071729816501
15155 0.6904112007410705
15187 1.994563336305142
15348 2.10066984229969
15418 2.1233123190494494
15449 4.8012850649143815
15471 0.6940608398286201
15551 1.1578679848772029
15669 2.162227735299123
15672 1.4550424207846036
15674 12.610724923381312
15677 1.5779746429783155
15694 2.938066631704182
15771 0.023095714794649395
15828 1.0931477941960308
