68
1820 3.3875917296063767
1906 3.597312260588446
1940 2.6944445490464313
2068 3.3609234825242154
2450 -1.832570687110832
3340 5.8998973535824915
3374 1.9680717208581657
3505 4.00277736869661
3647 2.1081605140288473
3807 2.3256808077886952
3995 1.751485570090115
4108 3.1066893441399746
4214 2.465910149097345
4361 3.8630154263214513
5110 1.8452180477528222
5432 3.4431615807611875
5630 0.23830767558032406
6433 1.030804581586805
6614 3.009525595686327
7633 1.8745456628473423
7764 1.7052048175261088
7999 5.612215281130711
8242 2.035665011990694
8523 0.7256326357044336
8708 1.4810567457858934
8710 0.551203779709388
8850 1.7153059135126125
9122 2.7489842721265254
9559 -0.41599471927486964
9977 3.8630154263214513
10329 -0.21009069570959765
10341 3.1698682457615064
10447 2.4397929468198853
10487 1.981229805435677
10601 3.740413104229119
11218 0.5720211847929105
11266 2.9041650800285006
11299 -0.5211827618659379
11304 1.2054960338664575
11884 5.612215281130711
11900 2.049749751872433
12043 2.498699971920336
12196 4.165296298194385
12391 6.383694304960563
12455 -0.2152586658680402
12598 2.5098732725184614
12983 4.22592092001082
13189 1.8745456628473423
13613 1.8111238364098463
13734 1.942263836902293
13867 1.087712998210074
14036 4.290459441148391
14097 5.206750173022546
14136 1.4810567457858934
14309 1.5137127087599462
14416 0.7739512129752414
14633 2.6547042203969173
15011 4.695924549256556
15192 1.489121305622624
15292 2.211017899468555
15306 1.4399764361695133
15397 2.001297368486486
15471 0.6940608398286201
15672 0.7275212103923018
15677 1.5779746429783155
15827 1.9109133070182172
15828 1.0931477941960308
15829 3.7796338173824005
