224
569 3.0282177286984795
596 4.695924549256556
1060 0.12433381283310307
1103 6.305362461690656
1166 6.305362461690656
1345 5.206750173022546
1381 2.6547042203969173
1524 8.580918882296782
1566 6.305362461690656
1666 6.305362461690656
1750 1.1068654304248302
1836 5.065203047192035
1893 1.7567626271909589
1902 2.0149030205422647
1965 6.305362461690656
2019 2.344549292093078
2021 2.70805020110221
2159 3.502002080784121
2328 2.9911764570181303
2334 0.7939518796819108
2357 1.1873686492739008
2433 3.3875917296063767
2450 -1.832570687110832
2492 3.047265923669174
2588 4.108137884354437
2603 3.3609234825242154
2630 4.22592092001082
2645 2.591790394986348
2814 5.8998973535824915
2829 5.617709800448351
2859 4.22592092001082
2928 3.47214911763444
3046 2.9911764570181303
3494 4.695924549256556
3505 4.00277736869661
3578 1.8047399611033645
3586 3.2849375755462935
3597 2.8876357780772897
3614 4.313484033705221
3615 4.165296298194385
3635 1.5779746429783155
3825 3.3609234825242154
3896 1.403798262648762
3990 2.6290617897835795
3991 5.617709800448351
4070 1.1068654304248302
4114 11.112302776525132
4130 4.22592092001082
4138 3.3875917296063767
4217 3.3096301881366648
4381 2.0149030205422647
4397 3.666305132075397
4405 1.3460204619819507
4481 2.146479378330984
4508 4.108137884354437
4522 0.7810714429639324
4531 5.362043057428582
4537 5.098119386747397
4691 4.433560284789064
4849 5.389071729816501
4871 2.4876501357337513
4878 5.4691914417169425
4919 5.206750173022546
4963 2.3933394562625097
4992 3.260840023967233
5033 6.369936957148348
5111 6.42864001666468
5369 3.047265923669174
5408 4.290459441148391
5555 2.4033897921160112
5587 2.5326015235960173
5630 0.3574615133704861
5651 4.600614369452231
5687 2.0785287164224764
5949 3.5645224377654547
5950 4.00277736869661
5990 2.938066631704182
5996 4.00277736869661
6043 1.5913378707904824
6113 4.695924549256556
6216 2.3933394562625097
6219 2.298029276458185
6234 2.6290617897835795
6394 6.305362461690656
6433 0.5154022907934025
6583 2.588834253506587
6739 1.6140145794615122
6751 2.5441623459970937
7051 7.266904367834065
7104 -3.3174395832564607
7183 5.612215281130711
7197 3.461302966374546
7247 4.22592092001082
7363 3.2849375755462935
7619 6.305362461690656
7633 1.8745456628473423
7699 3.7796338173824005
7731 2.001297368486486
7798 6.305362461690656
7813 1.0145733615634107
7904 2.211017899468555
7935 2.335070548138534
7953 4.165296298194385
7991 1.3149298749119196
8123 13.287772500394265
8125 5.8998973535824915
8301 2.413542163580029
8327 16.944734234129786
8501 4.290459441148391
8502 5.8998973535824915
8660 1.675499663112193
8677 3.5645224377654547
8710 4.960834017384492
8954 3.5645224377654547
8978 1.6140145794615122
9110 2.035665011990694
9122 1.3744921360632627
9148 6.305362461690656
9170 0.6116303228879563
9182 3.666305132075397
9365 1.4972514317058743
9393 1.060973437168175
9537 2.618516832497081
9559 -0.08319894385497392
9791 2.344549292093078
9970 1.9351878055122855
10030 2.413542163580029
10103 5.389071729816501
10123 5.389071729816501
10196 2.5211728277723946
10306 2.15432255579201
10329 -0.21009069570959765
10422 1.4175881426832082
10447 3.0497411835248567
10473 1.7781538171722764
10517 20.48982325720373
10522 2.9911764570181303
10734 2.735829765209286
10751 0.7939518796819108
10753 2.7790019370744945
10825 4.029806041084529
10868 -0.5560832184355542
11110 1.6204910383360227
11114 3.047265923669174
11140 2.15432255579201
11218 1.144042369585821
11266 2.9041650800285006
11299 -1.0423655237318759
11304 2.410992067732915
11322 3.4431615807611875
11400 3.5327737394508745
11416 4.356456153291129
11453 1.3637200390813515
11481 1.6186122887101415
11545 5.612215281130711
11576 3.3096301881366648
11677 1.7255100836868542
11774 3.0282177286984795
11881 2.70805020110221
11907 2.434161450782765
11934 4.05407066308416
11939 2.681021528714291
11969 1.5164675941596633
12010 3.6312138122641273
12032 5.206750173022546
12043 2.498699971920336
12089 2.8088549002241754
12254 2.335070548138534
12377 4.038061385945852
12383 5.009225806841791
12455 -0.2152586658680402
12511 6.305362461690656
12553 2.1431672325603808
12717 0.5999147077153936
12736 3.414990703794491
12803 1.3637200390813515
12853 2.304141734385754
12968 3.047265923669174
13045 1.886521853894058
13080 1.6246020367002147
13189 1.8745456628473423
13208 1.3115342859107813
13495 3.9539872045271784
13527 2.049749751872433
13553 -0.37046075994419203
13565 1.9878743481543455
13613 1.8111238364098463
13680 2.2449194511442365
13718 2.6850356628614973
13785 5.8998973535824915
13801 3.6312138122641273
13846 3.3096301881366648
13891 1.8197775865739976
13897 5.443687046469091
13918 2.8396265588909295
14010 4.8012850649143815
14104 1.710242611556066
14283 5.389071729816501
14313 4.939954526323604
14315 3.009525595686327
14358 11.224430562261421
14365 3.8630154263214513
14470 3.7796338173824005
14516 2.1782280766455644
14696 5.052599493195288
14894 3.740413104229119
14949 7.814934377784571
15011 4.695924549256556
15020 3.086486636822455
15037 2.3163784151263815
15063 3.2373095265570386
15130 4.695924549256556
15241 3.4924724284079427
15332 -3.1046234602912404
15348 2.10066984229969
15397 4.002594736972972
15456 3.1273086313427103
15471 0.6940608398286201
15501 4.513602992462601
15517 1.886521853894058
15551 1.1578679848772029
15610 5.612215281130711
15814 2.262311193856106
15828 1.0931477941960308
