284
109 4.359452312635343
117 4.290459441148391
194 2.3099959159782544
209 5.100576827107694
241 1.6902419448493964
365 3.414990703794491
446 4.513602992462601
604 6.9985096422506015
646 2.219386149139072
730 2.298029276458185
787 2.035665011990694
810 2.8396265588909295
862 4.689098584186156
901 6.305362461690656
927 4.157057432844953
955 5.612215281130711
1013 7.964112661190752
1018 3.7796338173824005
1060 0.12433381283310307
1379 0.5370414658968836
1390 3.260840023967233
1455 5.8998973535824915
1622 5.8998973535824915
1686 1.1549652252192415
1687 2.413542163580029
1750 1.1068654304248302
1968 4.165296298194385
1978 6.9985096422506015
1993 5.8998973535824915
1999 3.5327737394508745
2027 2.7938170228596353
2028 4.433560284789064
2036 1.9486536350010641
2060 15.741810202702712
2064 1.5647876386963615
2070 2.9461134062376346
2081 5.612215281130711
2353 4.108137884354437
2450 -3.0542844785180536
2484 1.3149298749119196
2519 1.6902419448493964
2595 2.5211728277723946
2614 4.290459441148391
2640 2.735829765209286
2674 1.0272478024601386
2706 3.6312138122641273
2757 3.2849375755462935
2920 1.3590830570083334
2935 0.6320391945191633
2940 3.2557432282458767
2946 5.8998973535824915
2977 3.47214911763444
3026 12.610724923381312
3036 9.049244775424423
3117 3.2373095265570386
3192 1.0095482253607377
3233 5.8998973535824915
3249 2.750014400201242
3275 3.666305132075397
3394 3.047265923669174
3413 5.052599493195288
3449 3.929409930208991
3461 3.3609234825242154
3489 1.942263836902293
3563 5.389071729816501
3635 1.5779746429783155
3717 3.8204558119026557
3759 2.4033897921160112
3774 1.7255100836868542
3782 3.7026727762462723
3803 4.05407066308416
3901 2.363780654020965
3903 4.433560284789064
3908 4.433560284789064
3981 3.3609234825242154
3982 6.461587335640713
4070 1.1068654304248302
4114 1.3890378470656415
4167 6.213767871280189
4217 3.3096301881366648
4230 2.0149030205422647
4261 2.262311193856106
4284 3.9074671888922854
4304 4.290459441148391
4319 4.099499503744866
4326 3.9539872045271784
4381 2.0149030205422647
4385 3.1273086313427103
4400 2.938066631704182
4573 3.740413104229119
4750 0.6631056996427893
4765 1.4150133334689021
4838 5.892226812475269
4840 2.938066631704182
4852 1.258716730071367
4876 2.2449194511442365
4941 7.1290448755309095
5065 2.735829765209286
5273 3.21432000833234
5309 2.5326015235960173
5392 6.392925575385057
5436 2.8876357780772897
5525 3.3096301881366648
5528 11.502624089880587
5539 1.7153059135126125
5590 1.4533321977710387
5687 2.0785287164224764
5802 3.1483620405405426
5809 2.363780654020965
5895 2.4033897921160112
5973 2.9540974487767095
6005 3.666305132075397
6047 3.009525595686327
6140 4.42203579893711
6164 2.6290617897835795
6169 2.4033897921160112
6216 2.3933394562625097
6235 1.2270685191205855
6414 3.1483620405405426
6433 0.5154022907934025
6567 2.579669034454003
6583 6.903558009350899
6590 3.8204558119026557
6622 2.579669034454003
6721 2.383389125409342
6751 2.5441623459970937
6754 1.2024518914852294
7068 14.604968704696589
7104 -0.6634879166512921
7224 4.22592092001082
7316 3.1273086313427103
7319 6.305362461690656
7325 2.8088549002241754
7412 4.513602992462601
7418 3.1483620405405426
7462 5.8267915107068795
7490 3.414990703794491
7497 2.8056012892666633
7552 3.8973072700021283
7578 0.5215372793609184
7607 4.919068100570765
7731 4.002594736972972
7740 3.5327737394508745
7768 3.3096301881366648
7813 1.0145733615634107
7840 10.984148093073124
7842 11.86768414483165
7906 1.4339892349279078
7969 3.5327737394508745
8007 1.904759441443839
8079 5.612215281130711
8358 5.389071729816501
8373 6.305362461690656
8381 6.9985096422506015
8538 6.9985096422506015
8602 6.9985096422506015
8611 6.305362461690656
8648 2.434161450782765
8660 1.675499663112193
8816 1.7255100836868542
8838 4.513602992462601
8856 2.3163784151263815
8977 2.6290617897835795
9074 5.612215281130711
9085 5.8998973535824915
9092 5.946315903030904
9170 1.8348909686638688
9179 6.9985096422506015
9355 2.1782280766455644
9365 1.4972514317058743
9423 5.775271556154579
9537 1.3092584162485406
9554 1.271661894663404
9589 2.6230685718215625
9765 5.350721653924847
9817 2.6366740664670676
9866 9.83813620114153
9892 5.612215281130711
9926 6.9985096422506015
9970 0.9675939027561428
10045 4.919068100570765
10114 2.6028323114903933
10202 2.591790394986348
10258 3.6000252219695508
10298 4.05407066308416
10326 0.5230769255465112
10329 -0.8403627828383906
10456 5.710749831718137
10561 1.6003469407328483
10670 15.432433184112275
10700 4.165296298194385
10713 3.5645224377654547
10742 1.7890234894091803
10749 1.1754637467675824
10804 6.9985096422506015
10825 2.0149030205422647
10868 -1.482888582494811
10872 3.2097641917964794
10923 5.612215281130711
11210 3.21432000833234
11287 2.0286963426746007
11305 4.128071418239819
11334 1.994563336305142
11433 4.513602992462601
11524 1.5178707189086098
11677 1.7255100836868542
11840 1.6902419448493964
11908 1.5346778372249912
11952 1.5958322603783217
12009 3.502002080784121
12022 1.616384730003291
12028 2.591790394986348
12033 2.5211728277723946
12047 2.883363161102127
12081 2.363780654020965
12216 2.87137525720551
12241 2.579669034454003
12309 3.5645224377654547
12357 2.1701959049483
12378 3.3349479961209547
12379 4.8012850649143815
12440 4.8012850649143815
12595 2.344549292093078
12735 5.052599493195288
12781 2.498699971920336
12833 0.9630282097258448
12853 1.152070867192877
12868 6.305362461690656
12929 3.7026727762462723
12968 6.094531847338348
12991 3.1066893441399746
13001 1.4730567031188173
13075 3.9539872045271784
13080 0.8123010183501074
13146 5.8998973535824915
13353 1.961557039836972
13354 1.8280256472124494
13501 2.5211728277723946
13553 -2.222764559665152
13718 1.3425178314307487
13752 4.600614369452231
13759 5.910916748832102
13788 5.8998973535824915
13890 2.681021528714291
13919 3.597312260588446
13944 3.9074671888922854
14044 1.4611753752320646
14052 6.9985096422506015
14104 1.710242611556066
14135 2.3541187431092285
14136 1.4810567457858934
14146 4.22592092001082
14168 2.9041650800285006
14195 1.7781538171722764
14237 -1.3944966966083199
14267 -0.7647387866270302
14309 1.5137127087599462
14381 0.457735330796197
14416 0.7739512129752414
14431 1.034930298632155
14435 2.3933394562625097
14463 1.67063347346102
14470 3.7796338173824005
14507 1.8510151654371483
14525 4.22592092001082
14571 3.2373095265570386
14582 7.405345552492545
14610 7.405345552492545
14620 2.15432255579201
14644 7.194624521176892
14662 4.919068100570765
14925 5.612215281130711
15063 3.2373095265570386
15087 7.559267634764801
15187 3.989126672610284
15332 -6.209246920582481
15373 0.814360751313118
15418 2.1233123190494494
15518 3.761031659667692
15521 6.9985096422506015
15650 2.130975191795019
15702 2.8553749158590684
15735 2.938066631704182
15771 0.023095714794649395
