301
82 6.9985096422506015
88 6.9985096422506015
95 5.052599493195288
97 3.9539872045271784
278 4.359452312635343
301 4.919068100570765
302 1.7153059135126125
372 6.9985096422506015
388 6.9985096422506015
433 5.389071729816501
512 2.0785287164224764
516 4.108137884354437
521 1.8986432144264027
572 4.600614369452231
584 4.8012850649143815
651 6.9985096422506015
730 2.298029276458185
732 6.9985096422506015
790 5.389071729816501
794 4.600614369452231
796 6.9985096422506015
862 4.689098584186156
866 2.20271909665386
930 3.2849375755462935
932 2.87137525720551
935 3.740413104229119
943 6.9985096422506015
965 5.206750173022546
978 2.298029276458185
1060 0.24866762566620615
1094 4.670141096277068
1344 6.9985096422506015
1356 9.45512261608386
1379 1.0740829317937672
1404 2.7417770571199283
1757 3.9539872045271784
1778 5.612215281130711
1791 6.9985096422506015
1876 3.502002080784121
1905 6.9985096422506015
1979 3.9539872045271784
2033 6.7412146528352554
2042 3.7796338173824005
2247 2.219386149139072
2320 5.946315903030904
2357 1.1873686492739008
2488 7.559267634764801
2524 8.216275768708874
2669 3.6447198193535444
2788 3.3096301881366648
2840 5.612215281130711
2867 4.00277736869661
2913 1.720394983020084
2920 0.6795415285041667
2935 2.5281567780766534
2977 6.94429823526888
3048 2.5098732725184614
3052 3.2373095265570386
3120 1.6048820958982397
3262 6.9985096422506015
3293 3.6312138122641273
3329 9.906149027178385
3417 5.206750173022546
3578 0.6015799870344548
3631 4.05407066308416
3644 5.206750173022546
3658 2.938066631704182
3759 4.8067795842320225
3812 2.2535775138873513
3814 8.94534282981138
3850 3.9074671888922854
4031 86.89918511584969
4070 2.2137308608496604
4188 4.359452312635343
4199 3.8630154263214513
4202 4.05407066308416
4222 2.3256808077886952
4286 2.130975191795019
4314 2.764403137653342
4424 10.778143459633002
4459 6.569875151092587
4500 2.8396265588909295
4510 6.9985096422506015
4536 2.70805020110221
4537 1.0196238773494795
4549 2.6418008155610093
4562 6.6192603762733295
4606 6.9985096422506015
4674 6.9985096422506015
4750 0.33155284982139466
4853 6.9985096422506015
4912 1.9296054400303697
4922 4.359452312635343
4925 6.9985096422506015
4992 3.260840023967233
5029 3.2373095265570386
5110 7.380872191011289
5116 1.961557039836972
5119 2.3933394562625097
5122 2.7938170228596353
5142 4.919068100570765
5147 4.600614369452231
5269 4.8012850649143815
5302 6.9985096422506015
5349 4.8012850649143815
5363 3.0666840095262753
5405 4.8012850649143815
5436 8.66290733423187
5515 5.052599493195288
5517 1.6232312345664361
5522 3.8630154263214513
5652 3.3096301881366648
5730 4.108137884354437
5733 5.8998973535824915
5813 4.600614369452231
5828 5.135385686814575
5882 5.612215281130711
5895 7.210169376348034
5901 2.455214859980597
5966 3.4431615807611875
6043 3.182675741580965
6064 2.138697237888929
6072 4.22592092001082
6088 1.2146844599208637
6092 4.695924549256556
6128 3.5327737394508745
6131 4.359452312635343
6156 1.8000126109847754
6165 3.3096301881366648
6212 6.305362461690656
6216 4.786678912525019
6228 3.8841815027832003
6242 5.808330160057001
6282 4.919068100570765
6283 7.065547478901749
6303 6.9985096422506015
6311 6.305362461690656
6353 6.9985096422506015
6357 5.612215281130711
6424 6.9985096422506015
6433 0.5154022907934025
6445 21.997830792452383
6495 5.8998973535824915
6507 5.258123579567159
6567 2.579669034454003
6572 9.391849098513111
6583 2.588834253506587
6586 6.866938322814802
6588 9.83813620114153
6688 5.677692505050063
6825 5.389071729816501
6839 6.305362461690656
6852 6.9985096422506015
6872 1.3047775034479017
7016 85.8671522667357
7023 4.359452312635343
7036 5.389071729816501
7125 3.8630154263214513
7150 5.612215281130711
7170 1.6186122887101415
7286 4.2337829515510546
7459 2.1944885975173447
7462 3.884527673804586
7764 1.7052048175261088
8182 2.681021528714291
8292 6.9985096422506015
8342 6.213378688279949
8680 8.00555473739322
8736 1.1933746733341126
8782 6.9985096422506015
8816 1.7255100836868542
8850 5.145917740537838
8890 2.2800107709555064
8914 6.305362461690656
8928 1.3355491621146554
8975 4.786678912525019
9122 2.7489842721265254
9154 2.465910149097345
9170 1.2232606457759125
9282 21.79998296656558
9438 4.290459441148391
9604 4.513602992462601
9651 3.3875917296063767
9983 3.1066893441399746
10048 5.389071729816501
10054 12.112870914793918
10114 9.109913090216377
10139 3.3875917296063767
10258 1.8000126109847754
10393 1.9746291214043248
10422 2.1263822140248125
10431 2.887464611635827
10445 3.3875917296063767
10632 6.305362461690656
10701 6.9985096422506015
10709 3.666305132075397
10759 3.0666840095262753
10770 2.4876501357337513
10790 5.206750173022546
11027 7.669187193859138
11046 4.786678912525019
11067 5.8998973535824915
11089 15.01454792785014
11095 5.206750173022546
11165 2.1863252868781835
11318 3.8630154263214513
11330 4.359452312635343
11334 1.994563336305142
11391 6.305362461690656
11413 4.919068100570765
11491 3.7490913256946845
11499 4.513602992462601
11522 2.555858385760285
11555 3.5327737394508745
11580 2.5441623459970937
11665 3.5645224377654547
11677 5.176530251060562
11769 1.6466515087745348
11785 1.9680717208581657
11790 2.2449194511442365
12099 6.305362461690656
12114 4.359452312635343
12129 3.3349479961209547
12151 3.1698682457615064
12213 3.047265923669174
12241 2.579669034454003
12273 7.405345552492545
12309 3.5645224377654547
12383 2.5046129034208957
12523 6.9985096422506015
12558 4.8892655013001205
12577 6.9985096422506015
12639 8.33059259638877
12679 1.5958322603783217
12688 8.33059259638877
12767 2.6547042203969173
12823 8.27944238905724
12833 4.815141048629224
12878 3.5327737394508745
12955 4.290459441148391
12963 4.290459441148391
12968 3.047265923669174
12978 4.766778250818684
12992 4.6513616155773905
13045 1.886521853894058
13080 0.8123010183501074
13108 2.2800107709555064
13151 4.22592092001082
13202 7.262427624528255
13207 5.389071729816501
13208 1.3115342859107813
13220 3.2849375755462935
13239 9.201228738904462
13274 5.8998973535824915
13403 3.502002080784121
13418 5.612215281130711
13547 8.001734703664242
13743 3.8204558119026557
13835 8.00555473739322
13867 1.087712998210074
14021 4.108137884354437
14047 4.919068100570765
14237 -1.3944966966083199
14267 -0.7647387866270302
14319 6.9985096422506015
14367 4.513602992462601
14370 3.666305132075397
14381 0.2288676653980985
14386 6.305362461690656
14399 3.502002080784121
14403 2.4446327506500602
14422 2.1233123190494494
14486 2.6164830075767194
14493 3.3096301881366648
14601 4.433560284789064
14612 2.1863252868781835
14714 6.9985096422506015
14721 6.305362461690656
14872 6.305362461690656
14879 7.907974409054357
15024 6.474619053114077
15063 3.2373095265570386
15192 2.978242611245248
15256 6.669895992241909
15299 7.640911623805311
15332 -24.836987682329923
15341 1.5919482501253577
15358 2.579669034454003
15415 2.824122372354964
15418 4.246624638098899
15457 4.359452312635343
15543 5.389071729816501
15570 5.443687046469091
15577 5.052599493195288
15580 3.8630154263214513
15597 3.5327737394508745
15604 8.493249276197798
15651 3.4131702563542063
15732 6.9985096422506015
15771 0.04619142958929879
15796 3.666305132075397
