244
194 2.3099959159782544
209 3.400384551405129
254 2.498699971920336
365 6.829981407588982
373 2.750014400201242
411 6.9985096422506015
422 2.66777630196427
512 2.0785287164224764
530 2.66777630196427
573 6.305362461690656
671 4.00277736869661
717 2.8396265588909295
787 2.035665011990694
800 2.434161450782765
810 2.8396265588909295
821 6.305362461690656
901 6.305362461690656
903 6.9985096422506015
905 6.9985096422506015
927 2.0785287164224764
935 7.480826208458238
1013 2.6547042203969173
1060 0.12433381283310307
1094 2.335070548138534
1379 0.5370414658968836
1686 2.309930450438483
1692 2.1944885975173447
1968 4.165296298194385
1999 7.065547478901749
2027 5.587634045719271
2060 9.445086121621628
2214 6.305362461690656
2351 1.5647876386963615
2357 1.1873686492739008
2421 1.5431885268928998
2450 -1.832570687110832
2538 1.422560539104285
2614 4.290459441148391
2705 1.6657908489852322
2769 6.305362461690656
2819 9.83813620114153
2935 0.6320391945191633
2964 0.900435360084361
3006 5.612215281130711
3031 12.610724923381312
3036 4.524622387712212
3054 4.513602992462601
3125 6.9985096422506015
3128 5.8998973535824915
3220 10.105198986390576
3249 5.500028800402484
3329 1.981229805435677
3374 1.9680717208581657
3394 3.047265923669174
3449 6.876467377865734
3545 6.019051191372654
3568 5.612215281130711
3586 3.2849375755462935
3635 4.733923928934947
3737 1.8055527913603908
3759 2.4033897921160112
3774 1.7255100836868542
3782 3.7026727762462723
3896 1.403798262648762
3901 4.72756130804193
3982 4.307724890427142
4047 3.8630154263214513
4070 1.1068654304248302
4114 1.3890378470656415
4167 8.285023828373586
4174 3.3875917296063767
4211 5.052599493195288
4217 3.3096301881366648
4230 2.0149030205422647
4286 2.130975191795019
4381 2.0149030205422647
4468 4.05407066308416
4522 0.5207142953092883
4646 5.605832781982583
4750 0.994658549464184
4765 4.245040000406706
4838 2.9461134062376346
4852 2.517433460142734
4862 3.047265923669174
4941 10.693567313296365
5017 3.260840023967233
5067 2.2278250177849364
5083 3.147119249538397
5095 10.778143459633002
5122 2.7938170228596353
5126 5.389071729816501
5243 3.6312138122641273
5255 4.8012850649143815
5352 6.305362461690656
5484 0.9464204733261844
5528 2.875656022470147
5539 1.7153059135126125
5668 2.955458374416051
5687 4.157057432844953
5739 2.8876357780772897
5802 9.445086121621628
5966 3.4431615807611875
5973 1.4770487243883548
6043 1.5913378707904824
6057 7.640911623805311
6088 1.2146844599208637
6140 4.42203579893711
6169 4.8067795842320225
6205 2.955458374416051
6234 2.6290617897835795
6250 3.5455259370747996
6335 4.953442130403122
6360 3.21432000833234
6583 0.8629447511688624
6721 2.383389125409342
7019 2.130975191795019
7068 12.170807253913825
7089 6.305362461690656
7104 -0.6634879166512921
7155 5.612215281130711
7232 4.433560284789064
7344 3.2650672544574997
7412 13.540808977387801
7443 4.359452312635343
7462 3.884527673804586
7497 1.4028006446333317
7552 3.8973072700021283
7578 1.5646118380827554
7633 7.498182651389369
7840 15.691640132961604
7864 3.502002080784121
7907 5.283601631122019
8323 3.1698682457615064
8439 2.8145448239302553
8648 2.434161450782765
8838 4.513602992462601
8985 4.8012850649143815
9074 5.612215281130711
9092 2.973157951515452
9098 16.836645843392134
9151 1.258716730071367
9170 1.8348909686638688
9365 1.4972514317058743
9384 1.3355491621146554
9531 5.01190042038306
9537 0.6546292081242703
9554 2.543323789326808
9589 5.246137143643125
9866 4.919068100570765
9956 3.47214911763444
10045 4.919068100570765
10137 6.9985096422506015
10199 2.3256808077886952
10250 2.9209721983448818
10329 -0.21009069570959765
10422 1.4175881426832082
10431 0.7218661529089567
10579 5.052599493195288
10592 5.612215281130711
10670 9.259459910467365
10696 7.332610264150794
10700 4.165296298194385
10702 4.919068100570765
10713 10.693567313296365
10791 4.05407066308416
10868 -2.0389718009303652
10872 1.6048820958982397
10911 3.6312138122641273
10990 3.597312260588446
11037 4.05407066308416
11102 2.660920056443643
11127 6.305362461690656
11179 6.305362461690656
11218 1.144042369585821
11231 5.612215281130711
11238 6.9985096422506015
11305 2.0640357091199095
11334 1.994563336305142
11463 3.47214911763444
11479 6.9985096422506015
11522 2.555858385760285
11539 5.8763222189567115
11580 2.5441623459970937
11676 5.612215281130711
11836 2.37353682896633
11895 5.052599493195288
11943 2.455214859980597
11961 3.3096301881366648
12022 1.616384730003291
12033 7.563518483317184
12057 2.10066984229969
12081 2.363780654020965
12212 6.9985096422506015
12263 2.579669034454003
12400 2.9209721983448818
12551 5.8998973535824915
12610 2.4237986637472186
12646 4.05407066308416
12833 0.9630282097258448
12968 3.047265923669174
13148 5.612215281130711
13354 1.8280256472124494
13358 4.695924549256556
13359 2.6290617897835795
13512 5.389071729816501
13525 5.612215281130711
13553 -2.222764559665152
13572 1.8745456628473423
13718 2.6850356628614973
13734 1.942263836902293
13759 2.955458374416051
13767 2.6547042203969173
13788 5.8998973535824915
13890 2.681021528714291
13900 5.612215281130711
13921 2.1782280766455644
13944 15.629868755569142
14103 4.05407066308416
14143 4.05407066308416
14214 5.612215281130711
14320 5.612215281130711
14327 5.206750173022546
14435 4.786678912525019
14470 3.7796338173824005
14507 5.553045496311444
14558 4.953442130403122
14571 3.2373095265570386
14588 2.0785287164224764
14644 3.597312260588446
15068 5.612215281130711
15087 7.559267634764801
15150 6.305362461690656
15235 6.305362461690656
15332 -10.866182111019342
15341 0.7959741250626788
15344 4.513602992462601
15348 2.10066984229969
15418 2.1233123190494494
15517 1.886521853894058
15518 3.761031659667692
15578 3.5890059103476117
15677 1.5779746429783155
15685 0.8716404581364162
15709 2.1863252868781835
