85
174 1.6232312345664361
209 1.7001922757025645
254 2.498699971920336
819 3.8204558119026557
927 2.0785287164224764
978 2.298029276458185
1013 2.6547042203969173
2026 2.681021528714291
2027 2.7938170228596353
2060 3.1483620405405426
2331 3.6312138122641273
2450 -3.0542844785180536
2538 1.422560539104285
2674 2.054495604920277
2705 1.6657908489852322
2964 0.900435360084361
3071 5.389071729816501
3374 1.9680717208581657
3449 1.9647049651044954
3982 1.0769312226067855
4167 2.0712559570933964
4522 0.2603571476546441
4573 11.221239312687356
4838 1.4730567031188173
4852 1.258716730071367
5014 2.3541187431092285
5110 3.6904360955056443
5122 2.7938170228596353
5392 2.130975191795019
5528 1.4378280112350734
5590 1.4533321977710387
5809 2.363780654020965
6114 3.8630154263214513
6140 2.211017899468555
6645 5.206750173022546
6872 1.3047775034479017
7028 2.764403137653342
7170 1.6186122887101415
7224 4.22592092001082
7325 5.617709800448351
7462 3.884527673804586
7569 1.0170954309961207
7840 4.707492039888481
7932 1.8745456628473423
8822 4.560021541911013
8904 2.1863252868781835
8979 1.7890234894091803
9092 2.973157951515452
9154 2.465910149097345
9170 0.6116303228879563
9554 1.271661894663404
10008 2.0568672196412967
10207 5.8998973535824915
10353 4.8012850649143815
10868 -0.37072214562370276
10979 3.1066893441399746
11218 0.5720211847929105
11491 1.8745456628473423
11539 1.4690805547391779
12047 1.4416815805510634
12057 4.20133968459938
12455 -0.4305173317360804
12547 5.389071729816501
12595 2.344549292093078
13001 1.4730567031188173
13106 2.335070548138534
13149 4.00277736869661
13208 1.3115342859107813
13289 1.7410142702228197
13681 2.498699971920336
13759 2.955458374416051
13760 3.7796338173824005
14237 -2.09174504491248
14267 -0.3823693933135151
14381 0.2288676653980985
14431 1.034930298632155
14435 2.3933394562625097
14463 1.67063347346102
14558 2.476721065201561
14588 2.0785287164224764
14682 1.5431885268928998
15121 1.5868635903955612
15332 -4.656935190436861
15518 1.880515829833846
15771 0.023095714794649395
