49
3 3.0666840095262753
476 3.8630154263214513
1945 5.052599493195288
3057 2.236335707452845
3504 9.83813620114153
3598 1.1666271649670843
3700 1.2947271675944
3804 2.750014400201242
3840 1.2980660688599148
4053 -0.14952015041821856
4223 2.1863252868781835
4333 1.4651201535230811
4341 2.6547042203969173
4773 4.108137884354437
4878 1.3672978604292356
4964 0.563963123463148
4979 3.9074671888922854
4989 1.3355491621146554
5312 2.8553749158590684
5926 4.695924549256556
5986 3.3609234825242154
6234 2.6290617897835795
6335 2.476721065201561
6539 2.434161450782765
6618 4.113734439282593
6908 0.33537694625979814
7104 -1.3269758333025843
7578 0.5215372793609184
7846 2.7218435232345457
7991 1.3149298749119196
8032 0.5108256237659907
8337 1.9550845253313545
8869 2.1782280766455644
9201 3.5645224377654547
9554 1.271661894663404
9711 1.8686109273275278
9785 5.052599493195288
10729 2.039247754698959
10751 0.7939518796819108
11299 -0.5211827618659379
11343 4.290459441148391
11889 2.7790019370744945
12173 9.906149027178385
12455 -0.4305173317360804
13323 5.8998973535824915
13825 2.7218435232345457
13979 3.666305132075397
14093 2.973157951515452
15794 2.5676928434072877
