71
174 1.6232312345664361
209 1.7001922757025645
254 2.498699971920336
356 2.591790394986348
927 2.0785287164224764
1013 2.6547042203969173
2176 2.383389125409342
2410 6.305362461690656
2450 -1.2217137914072214
2674 1.0272478024601386
3106 5.612215281130711
3230 2.8876357780772897
3449 0.9823524825522477
3575 3.260840023967233
3734 16.836645843392134
3814 2.236335707452845
3862 3.0666840095262753
4038 6.305362461690656
4167 2.0712559570933964
4554 5.052599493195288
4621 2.7218435232345457
5020 3.21432000833234
5122 2.7938170228596353
5210 4.695924549256556
5528 1.4378280112350734
5735 3.502002080784121
6139 6.9985096422506015
6150 4.05407066308416
6155 4.359452312635343
6235 1.2270685191205855
6411 2.434161450782765
6872 1.3047775034479017
7296 6.305362461690656
7306 2.4876501357337513
7840 1.5691640132961604
8032 0.5108256237659907
8439 0.4690908039883759
8690 2.7938170228596353
8904 2.1863252868781835
9066 5.612215281130711
9092 2.973157951515452
9106 1.0850066366123312
9276 2.6944445490464313
9340 4.919068100570765
9549 5.612215281130711
9602 2.2800107709555064
10329 -0.21009069570959765
10868 -0.18536107281185138
11218 1.144042369585821
11539 1.4690805547391779
11552 6.9985096422506015
12047 1.4416815805510634
12054 3.8204558119026557
12357 2.1701959049483
12377 1.3460204619819507
12455 -0.4305173317360804
12674 1.5779746429783155
13302 4.359452312635343
13440 1.4770487243883548
13505 6.133368019052551
13553 -0.37046075994419203
13681 7.4960999157610075
13761 2.6040604875781623
13890 2.681021528714291
13922 1.8986432144264027
14208 1.1873686492739008
14463 3.34126694692204
15240 3.414990703794491
15348 2.10066984229969
15518 1.880515829833846
15677 1.5779746429783155
