56
174 3.2464624691328723
2033 1.6853036632088139
2247 2.219386149139072
2320 2.973157951515452
2334 0.7939518796819108
2406 2.9209721983448818
2487 4.108137884354437
2524 4.108137884354437
2669 1.8223599096767722
2913 1.720394983020084
4031 2.555858385760285
4097 2.955458374416051
4454 5.612215281130711
4813 2.236335707452845
5339 1.1784267118982394
5363 3.0666840095262753
5414 2.8876357780772897
5666 3.47214911763444
6165 3.3096301881366648
6216 2.3933394562625097
6572 4.695924549256556
7016 3.0666840095262753
7231 6.9985096422506015
7295 3.7026727762462723
7445 1.8686109273275278
7724 3.597312260588446
8204 5.612215281130711
8329 5.612215281130711
8723 1.5262389685791264
8848 3.0666840095262753
8978 1.6140145794615122
9106 1.0850066366123312
9258 3.260840023967233
9292 2.5441623459970937
9376 3.5645224377654547
9393 1.060973437168175
9754 5.206750173022546
10431 0.7218661529089567
10456 2.8553749158590684
11027 3.834593596929569
11677 1.7255100836868542
11785 5.904215162574497
12688 4.165296298194385
12809 2.8088549002241754
12833 0.9630282097258448
13080 0.8123010183501074
13102 2.735829765209286
13449 2.6418008155610093
14237 -0.6972483483041599
14267 -0.3823693933135151
14403 4.8892655013001205
14422 2.1233123190494494
15341 0.7959741250626788
15587 1.2947271675944
15650 2.130975191795019
15770 4.165296298194385
