146
174 4.869693703699308
194 0.7699986386594181
209 1.7001922757025645
532 3.4431615807611875
657 2.0640357091199095
717 2.8396265588909295
819 3.8204558119026557
927 2.0785287164224764
1013 2.6547042203969173
1822 4.766778250818684
2058 5.8998973535824915
2070 1.4730567031188173
2201 2.035665011990694
2450 -3.665141374221664
2484 2.629859749823839
2638 2.130975191795019
2705 4.997372546955697
2819 4.919068100570765
2901 3.3349479961209547
2919 2.1944885975173447
2920 0.6795415285041667
2924 2.0286963426746007
2964 0.900435360084361
3048 2.5098732725184614
3449 2.9470574476567433
3489 1.942263836902293
3923 3.1273086313427103
3982 2.153862445213571
4026 2.8876357780772897
4167 2.0712559570933964
4226 3.3609234825242154
4476 3.740413104229119
4522 0.2603571476546441
4586 3.009525595686327
4852 1.258716730071367
5017 3.260840023967233
5029 3.2373095265570386
5181 2.288979440938267
5316 2.236335707452845
5451 4.695924549256556
5525 3.3096301881366648
5528 5.751312044940294
5589 5.206750173022546
5735 3.502002080784121
5802 3.1483620405405426
5834 1.65617539028579
6064 2.138697237888929
6079 7.004004161568242
6128 3.5327737394508745
6169 4.8067795842320225
6223 2.8088549002241754
6235 1.2270685191205855
6501 5.389071729816501
6628 3.1918471524802814
6872 1.3047775034479017
7019 2.130975191795019
7104 -2.6539516666051686
7197 5.191954449561819
7238 4.695924549256556
7490 3.414990703794491
7569 1.0170954309961207
7578 0.5215372793609184
7813 1.0145733615634107
7827 3.414990703794491
7840 4.707492039888481
7842 2.37353682896633
7932 1.8745456628473423
7969 3.5327737394508745
8048 6.9985096422506015
8439 0.4690908039883759
8850 1.7153059135126125
8928 1.3355491621146554
8979 1.7890234894091803
9106 1.0850066366123312
9151 1.258716730071367
9170 0.6116303228879563
9504 3.5327737394508745
9531 1.67063347346102
9554 1.271661894663404
9602 2.2800107709555064
9786 3.1483620405405426
9817 1.3183370332335338
10020 12.610724923381312
10045 4.919068100570765
10066 6.9985096422506015
10206 4.00277736869661
10363 4.22592092001082
10422 0.7087940713416041
10431 0.7218661529089567
10670 3.086486636822455
10770 2.4876501357337513
10868 -1.1121664368711084
11023 1.2880826248757316
11205 12.610724923381312
11218 0.5720211847929105
11421 5.8998973535824915
11539 4.407241664217533
11625 1.457246097092175
11769 1.6466515087745348
11785 1.9680717208581657
11908 3.0693556744499824
12022 0.40409618250082274
12033 2.5211728277723946
12047 2.883363161102127
12049 2.5676928434072877
12180 4.919068100570765
12263 2.579669034454003
12357 6.5105877148449
12571 4.00277736869661
12732 5.8998973535824915
12878 3.5327737394508745
12968 3.047265923669174
13080 0.8123010183501074
13100 6.9985096422506015
13149 4.00277736869661
13169 3.3349479961209547
13432 3.7796338173824005
13718 1.3425178314307487
13838 2.3163784151263815
13922 1.8986432144264027
14104 1.710242611556066
14188 3.597312260588446
14191 4.8012850649143815
14193 6.9985096422506015
14237 -1.3944966966083199
14267 -1.9118469665675755
14309 1.5137127087599462
14407 6.9985096422506015
14416 2.3218536389257243
14455 6.548869906164704
14558 2.476721065201561
14563 2.6418008155610093
14588 2.0785287164224764
14626 2.750014400201242
14998 3.5645224377654547
15155 0.6904112007410705
15179 6.9985096422506015
15187 1.994563336305142
15332 -9.313870380873722
15518 1.880515829833846
15666 6.9985096422506015
15677 1.5779746429783155
15749 6.9985096422506015
15771 0.06928714438394819
15805 2.008077055471865
15861 3.597312260588446
