178
174 3.2464624691328723
194 3.0799945546376724
209 1.7001922757025645
241 1.6902419448493964
512 2.0785287164224764
646 2.219386149139072
747 4.8012850649143815
764 7.004004161568242
800 2.434161450782765
862 2.344549292093078
927 4.157057432844953
935 3.740413104229119
986 3.9539872045271784
1010 6.305362461690656
1013 5.309408440793835
2027 5.587634045719271
2201 4.071330023981388
2221 6.056435457396959
2240 1.65617539028579
2271 0.34178311807220957
2484 1.3149298749119196
2519 1.6902419448493964
2705 1.6657908489852322
2735 3.9074671888922854
2935 0.6320391945191633
2964 0.900435360084361
3449 2.9470574476567433
3489 3.884527673804586
3564 6.9985096422506015
3578 0.6015799870344548
3690 1.4972514317058743
3759 2.4033897921160112
3774 3.4510201673737084
3901 2.363780654020965
3985 2.5098732725184614
4167 4.142511914186793
4522 0.7810714429639324
4750 0.6631056996427893
4765 1.4150133334689021
4783 2.1782280766455644
4838 1.4730567031188173
4852 2.517433460142734
5029 3.2373095265570386
5043 3.502002080784121
5083 1.5735596247691985
5110 1.8452180477528222
5181 2.288979440938267
5498 4.108137884354437
5517 1.6232312345664361
5518 1.5868635903955612
5528 1.4378280112350734
5802 6.296724081081085
5809 2.363780654020965
5900 2.8553749158590684
5973 1.4770487243883548
6088 1.2146844599208637
6140 2.211017899468555
6169 2.4033897921160112
6219 2.298029276458185
6351 2.8088549002241754
6402 1.4112609838503516
6411 2.434161450782765
6501 5.389071729816501
6622 2.579669034454003
6628 3.1918471524802814
6872 1.3047775034479017
7001 4.290459441148391
7019 4.261950383590038
7028 2.764403137653342
7068 2.434161450782765
7325 2.8088549002241754
7327 3.5327737394508745
7458 3.502002080784121
7462 1.942263836902293
7490 3.414990703794491
7497 1.4028006446333317
7552 1.9486536350010641
7569 1.0170954309961207
7578 0.5215372793609184
7633 1.8745456628473423
7813 2.0291467231268214
7840 9.414984079776962
7864 3.502002080784121
7906 2.8679784698558155
7932 1.8745456628473423
8030 3.1918471524802814
8440 4.00277736869661
8478 3.502002080784121
8648 2.434161450782765
8710 1.102407559418776
8850 1.7153059135126125
8880 1.67063347346102
8925 7.065547478901749
9092 2.973157951515452
9106 1.0850066366123312
9122 1.3744921360632627
9170 1.8348909686638688
9276 5.3888890980928625
9346 2.498699971920336
9531 1.67063347346102
9554 1.271661894663404
9765 1.7835738846416156
9817 1.3183370332335338
9970 0.4837969513780714
10001 4.128071418239819
10030 2.413542163580029
10045 4.919068100570765
10199 2.3256808077886952
10325 1.8925641683500207
10437 1.3672978604292356
10561 1.6003469407328483
10629 3.7026727762462723
10670 3.086486636822455
10700 4.165296298194385
10749 1.1754637467675824
10868 -0.37072214562370276
10886 2.87137525720551
10962 2.6290617897835795
11008 5.206750173022546
11139 2.87137525720551
11148 1.1784267118982394
11218 0.5720211847929105
11436 5.8998973535824915
11491 1.8745456628473423
11539 5.8763222189567115
11625 1.457246097092175
11959 2.2449194511442365
12022 0.8081923650016455
12047 2.883363161102127
12057 2.10066984229969
12180 9.83813620114153
12303 7.332610264150794
12357 4.3403918098966
12553 1.0715836162801904
12558 2.4446327506500602
12571 8.00555473739322
12610 2.4237986637472186
12623 4.290459441148391
12674 1.5779746429783155
12826 1.2619373447714093
12850 3.502002080784121
12853 1.152070867192877
12878 7.065547478901749
12968 3.047265923669174
13108 2.2800107709555064
13197 3.2849375755462935
13388 5.8998973535824915
13460 2.955458374416051
13547 3.2006938814656967
13553 -0.7409215198883841
13572 1.8745456628473423
13734 1.942263836902293
13750 2.162227735299123
13767 2.6547042203969173
13913 2.8396265588909295
13944 3.9074671888922854
14103 4.05407066308416
14104 1.710242611556066
14168 2.9041650800285006
14214 5.612215281130711
14309 3.0274254175198925
14416 0.7739512129752414
14422 2.1233123190494494
14431 1.034930298632155
14435 4.786678912525019
14449 3.21432000833234
14455 4.911652429623528
15187 1.994563336305142
15332 -3.1046234602912404
15341 0.7959741250626788
15348 2.10066984229969
15397 2.001297368486486
15424 1.8111238364098463
15518 1.880515829833846
15570 2.7218435232345457
15685 0.8716404581364162
15814 2.262311193856106
15861 3.597312260588446
