201
174 4.869693703699308
194 2.3099959159782544
302 1.7153059135126125
409 6.9985096422506015
427 6.9985096422506015
451 4.22592092001082
521 1.8986432144264027
646 2.219386149139072
717 2.8396265588909295
775 3.7796338173824005
1013 2.6547042203969173
1838 3.414990703794491
2158 6.9985096422506015
2233 3.260840023967233
2269 1.8686109273275278
2321 3.8630154263214513
2357 1.1873686492739008
2432 4.108137884354437
2442 2.7938170228596353
2450 -1.832570687110832
2625 5.612215281130711
2925 3.4431615807611875
2935 1.2640783890383267
2955 6.9985096422506015
3011 5.206750173022546
3048 12.549366362592307
3052 3.2373095265570386
3215 0.589980851191103
3242 5.052599493195288
3249 2.750014400201242
3374 1.9680717208581657
3449 2.9470574476567433
3575 6.521680047934466
3684 4.600614369452231
3737 1.8055527913603908
3782 3.7026727762462723
3845 5.8998973535824915
3851 6.305362461690656
4226 3.3609234825242154
4284 7.814934377784571
4385 3.1273086313427103
4416 2.727440078162703
4476 3.740413104229119
4522 0.2603571476546441
4536 2.70805020110221
4562 3.3096301881366648
4664 6.9985096422506015
4783 2.1782280766455644
4815 2.7218435232345457
4852 1.258716730071367
4866 2.5211728277723946
4899 3.0666840095262753
5005 8.10814132616832
5020 3.21432000833234
5065 2.735829765209286
5083 1.5735596247691985
5339 4.713706847592958
5362 5.8998973535824915
5525 9.928890564409993
5528 14.378280112350733
5534 3.3875917296063767
5563 3.1066893441399746
5735 7.004004161568242
5807 4.00277736869661
5816 5.612215281130711
5830 4.05407066308416
5852 2.4876501357337513
5901 2.455214859980597
5965 3.740413104229119
5983 1.9878743481543455
6049 4.071330023981388
6088 1.2146844599208637
6128 17.663868697254372
6156 1.8000126109847754
6158 2.455214859980597
6169 2.4033897921160112
6347 6.305362461690656
6442 9.602570129828763
6467 2.2535775138873513
6530 6.721846965048431
6773 4.600614369452231
6871 10.105198986390576
6955 6.305362461690656
6972 3.9539872045271784
7114 11.224430562261421
7197 3.461302966374546
7311 2.236335707452845
7459 2.1944885975173447
7462 1.942263836902293
7614 2.5676928434072877
7622 2.764403137653342
7646 5.206750173022546
7719 4.8012850649143815
7724 3.597312260588446
7813 1.0145733615634107
7840 6.276656053184642
7962 5.206750173022546
8269 3.7026727762462723
8318 3.9074671888922854
8439 0.4690908039883759
8598 5.206750173022546
8643 2.001297368486486
8850 6.86122365405045
8890 4.560021541911013
8979 3.5780469788183606
9012 6.9985096422506015
9076 4.290459441148391
9092 2.973157951515452
9106 1.0850066366123312
9308 6.339736491523013
9444 5.389071729816501
9553 6.305362461690656
9597 6.254617262685421
9602 2.2800107709555064
9645 2.021775899830027
9786 3.1483620405405426
9807 3.1698682457615064
9817 2.6366740664670676
9818 6.42864001666468
9959 6.9985096422506015
10001 6.192107127359728
10008 2.0568672196412967
10031 2.498699971920336
10250 2.9209721983448818
10302 2.6290617897835795
10337 4.919068100570765
10422 0.7087940713416041
10431 0.7218661529089567
10479 4.513602992462601
10536 4.359452312635343
10555 6.305362461690656
10561 1.6003469407328483
10813 5.612215281130711
10868 -0.37072214562370276
11042 4.433560284789064
11089 1.1549652252192415
11266 5.808330160057001
11317 6.133368019052551
11375 2.681021528714291
11539 8.814483328435067
11737 4.919068100570765
11969 0.7582337970798316
12022 0.40409618250082274
12028 2.591790394986348
12218 5.309408440793835
12254 4.670141096277068
12379 4.8012850649143815
12383 1.2523064517104479
12455 -0.2152586658680402
12503 6.683475053354809
12543 3.5645224377654547
12618 6.305362461690656
12623 8.580918882296782
12878 7.065547478901749
12977 6.9985096422506015
12992 2.3256808077886952
13029 1.6609715625492831
13045 1.886521853894058
13046 3.47214911763444
13227 3.666305132075397
13263 4.695924549256556
13294 4.290459441148391
13338 2.5211728277723946
13354 1.8280256472124494
13432 3.7796338173824005
13547 1.6003469407328483
13734 1.942263836902293
13735 6.9985096422506015
13759 5.910916748832102
13760 3.7796338173824005
13919 3.597312260588446
13944 3.9074671888922854
14012 3.8630154263214513
14237 -2.09174504491248
14267 -2.2942163598810907
14309 1.5137127087599462
14381 0.6866029961942954
14392 3.7796338173824005
14416 1.5479024259504828
14435 2.3933394562625097
14455 6.548869906164704
14486 2.6164830075767194
14582 3.7026727762462723
14916 5.389071729816501
14918 3.5327737394508745
15121 1.5868635903955612
15209 2.579669034454003
15297 6.9985096422506015
15332 -1.5523117301456202
15341 0.7959741250626788
15388 6.9985096422506015
15397 2.001297368486486
15413 1.2781978656431896
15471 0.6940608398286201
15517 1.886521853894058
15642 5.389071729816501
15685 0.8716404581364162
15692 3.8204558119026557
15771 0.04619142958929879
15780 5.052599493195288
15805 2.008077055471865
