226
103 6.9985096422506015
173 9.027205984925201
207 6.9985096422506015
216 6.9985096422506015
217 6.9985096422506015
219 6.9985096422506015
220 6.9985096422506015
221 6.9985096422506015
222 6.9985096422506015
223 6.9985096422506015
224 6.9985096422506015
225 6.9985096422506015
226 6.9985096422506015
227 6.9985096422506015
228 6.9985096422506015
230 6.9985096422506015
231 6.9985096422506015
232 6.9985096422506015
233 6.9985096422506015
259 12.610724923381312
260 6.9985096422506015
261 6.9985096422506015
266 6.9985096422506015
267 6.9985096422506015
268 6.9985096422506015
271 6.9985096422506015
278 8.718904625270685
319 6.9985096422506015
366 6.305362461690656
383 6.9985096422506015
393 6.9985096422506015
394 6.9985096422506015
436 6.9985096422506015
530 2.66777630196427
536 6.9985096422506015
543 6.9985096422506015
548 6.9985096422506015
558 6.9985096422506015
559 6.9985096422506015
560 6.9985096422506015
561 6.9985096422506015
562 6.9985096422506015
564 6.9985096422506015
577 6.9985096422506015
579 6.9985096422506015
588 6.9985096422506015
619 3.666305132075397
622 6.9985096422506015
626 4.359452312635343
636 6.9985096422506015
646 2.219386149139072
669 6.9985096422506015
676 6.9985096422506015
686 5.8998973535824915
687 6.9985096422506015
709 6.305362461690656
746 6.9985096422506015
774 12.610724923381312
781 6.9985096422506015
884 6.9985096422506015
887 6.9985096422506015
939 6.9985096422506015
940 6.9985096422506015
941 6.9985096422506015
942 6.9985096422506015
945 6.9985096422506015
957 6.9985096422506015
961 6.9985096422506015
991 6.9985096422506015
997 6.9985096422506015
1003 6.9985096422506015
1022 6.9985096422506015
1023 6.9985096422506015
1034 6.9985096422506015
1047 6.9985096422506015
1048 6.9985096422506015
1049 6.9985096422506015
1392 12.610724923381312
1884 1.9486536350010641
1971 6.9985096422506015
1980 6.9985096422506015
2036 5.845960905003192
2064 1.5647876386963615
2097 6.9985096422506015
2182 12.610724923381312
2269 3.7372218546550555
2271 0.6835662361444191
2329 4.433560284789064
2450 -1.2217137914072214
2519 1.6902419448493964
2595 5.042345655544789
2622 4.695924549256556
2695 24.595340502853826
2725 6.9985096422506015
2803 10.105198986390576
2833 3.666305132075397
3179 6.9985096422506015
3249 2.750014400201242
3271 4.00277736869661
3293 25.41849668584889
3415 6.9985096422506015
3541 12.610724923381312
3657 5.232966015153439
3732 5.052599493195288
3733 6.9985096422506015
3862 3.0666840095262753
3901 2.363780654020965
3946 6.829981407588982
3947 6.9985096422506015
3961 2.6290617897835795
3963 6.9985096422506015
4110 2.764403137653342
4191 4.108137884354437
4223 6.5589758606345505
4286 4.261950383590038
4289 6.9985096422506015
4412 3.086486636822455
4667 6.9985096422506015
4831 5.052599493195288
4989 1.3355491621146554
5067 4.455650035569873
5154 2.4446327506500602
5158 6.9985096422506015
5181 4.577958881876534
5272 3.597312260588446
5309 2.5326015235960173
5310 6.9985096422506015
5342 3.6312138122641273
5430 5.500028800402484
5528 8.626968067410441
5539 3.430611827025225
5656 6.305362461690656
5687 2.0785287164224764
6070 6.9985096422506015
6194 6.9985096422506015
6364 6.521680047934466
6402 1.4112609838503516
6411 2.434161450782765
6566 6.305362461690656
6633 11.235419600896702
6660 5.587634045719271
6741 6.9985096422506015
6941 2.1782280766455644
6981 6.9985096422506015
7597 48.09915631132004
7637 4.600614369452231
7704 5.8998973535824915
7840 9.414984079776962
7976 6.305362461690656
7991 5.259719499647678
8082 3.47214911763444
8180 6.9985096422506015
8221 8.580918882296782
8263 3.414990703794491
8346 6.305362461690656
8566 2.5098732725184614
8623 10.778143459633002
8895 3.9539872045271784
9038 6.9985096422506015
9043 6.9985096422506015
9053 6.9985096422506015
9190 8.580918882296782
9229 4.786678912525019
9336 14.087773647769666
9381 6.9985096422506015
9384 1.3355491621146554
9439 6.305362461690656
9446 6.305362461690656
9930 6.9985096422506015
10003 6.9985096422506015
10199 4.6513616155773905
10267 6.9985096422506015
10268 35.368196452367016
10326 0.5230769255465112
10437 1.3672978604292356
10461 6.9985096422506015
10482 80.65871290565875
10638 6.9985096422506015
10639 6.9985096422506015
10786 6.9985096422506015
10989 6.9985096422506015
11078 12.610724923381312
11712 4.600614369452231
11889 2.7790019370744945
11896 4.290459441148391
11959 29.183952864875074
12078 1.3637200390813515
12163 5.612215281130711
12179 5.8998973535824915
12224 6.9985096422506015
12234 12.610724923381312
12241 2.579669034454003
12312 5.587634045719271
12492 6.9985096422506015
12529 3.502002080784121
12634 5.8998973535824915
12659 6.9985096422506015
12682 4.600614369452231
12826 5.047749379085637
13065 4.919068100570765
13159 6.305362461690656
13354 1.8280256472124494
13462 3.3096301881366648
13491 2.288979440938267
13583 6.9985096422506015
13718 5.370071325722995
14020 6.9985096422506015
14237 -0.6972483483041599
14890 6.9985096422506015
14906 0.8027278807278994
15050 5.052599493195288
15072 6.9985096422506015
15076 9.64296002499702
15257 4.359452312635343
15332 -3.1046234602912404
15341 0.7959741250626788
15413 1.2781978656431896
15517 1.886521853894058
15531 6.9985096422506015
15685 6.97312366509133
15688 6.9985096422506015
15690 6.9985096422506015
15691 6.9985096422506015
15692 3.8204558119026557
15715 6.9985096422506015
15805 14.056539388303054
