161
4 4.8012850649143815
28 6.305362461690656
194 3.0799945546376724
512 2.0785287164224764
810 2.8396265588909295
927 2.0785287164224764
1062 2.591790394986348
1094 2.335070548138534
1140 4.165296298194385
1374 5.206750173022546
1455 5.8998973535824915
1642 5.8998973535824915
1685 3.2373095265570386
1686 3.4648956756577247
1750 2.2137308608496604
1839 4.186469727624344
1855 6.9985096422506015
1893 1.7567626271909589
2064 4.6943629160890845
2160 6.9985096422506015
2258 2.87137525720551
2271 0.6835662361444191
2450 -1.832570687110832
2484 2.629859749823839
2576 4.22592092001082
2595 2.5211728277723946
2597 6.347123158992691
2622 4.695924549256556
2940 3.2557432282458767
3506 0.8205655282000008
3574 5.206750173022546
3578 0.6015799870344548
3609 4.290459441148391
3654 3.4431615807611875
3762 6.9985096422506015
3774 1.7255100836868542
3784 6.9985096422506015
3804 2.750014400201242
3985 2.5098732725184614
4230 6.0447090616267936
4241 2.4033897921160112
4304 4.290459441148391
4438 6.94429823526888
4466 3.9539872045271784
4593 3.9074671888922854
4636 2.955458374416051
4639 6.9985096422506015
4682 8.867120569578129
4838 1.4730567031188173
4989 1.3355491621146554
5022 4.22592092001082
5065 2.735829765209286
5067 2.2278250177849364
5342 10.893641436792382
5394 4.919068100570765
5517 1.6232312345664361
5528 1.4378280112350734
5590 7.266660988855193
5687 4.157057432844953
5739 2.8876357780772897
5851 4.00277736869661
6088 3.644053379762591
6134 6.9985096422506015
6140 2.211017899468555
6219 2.298029276458185
6234 2.6290617897835795
6387 2.9911764570181303
6490 3.9539872045271784
6530 3.3609234825242154
6566 6.305362461690656
6583 3.4517790046754495
6633 2.8088549002241754
6794 3.9074671888922854
6819 1.7153059135126125
6904 6.9985096422506015
6908 0.33537694625979814
7025 1.0095482253607377
7068 4.86832290156553
7070 12.610724923381312
7082 6.9985096422506015
7104 -2.6539516666051686
7286 1.4112609838503516
7299 2.8553749158590684
7311 2.236335707452845
7563 2.335070548138534
7595 4.359452312635343
7596 5.8998973535824915
7597 2.1863252868781835
7840 7.845820066480802
7842 2.37353682896633
7855 12.610724923381312
7893 5.8998973535824915
7904 2.211017899468555
7906 1.4339892349279078
8007 1.904759441443839
8136 6.9985096422506015
8191 6.9985096422506015
8439 0.4690908039883759
8525 12.610724923381312
8672 2.8876357780772897
8718 2.824122372354964
9122 1.3744921360632627
9174 6.9985096422506015
9370 5.389071729816501
9384 4.006647486343966
9698 1.9878743481543455
9701 4.359452312635343
9765 1.7835738846416156
9807 3.1698682457615064
9869 6.9985096422506015
10008 2.0568672196412967
10055 3.009525595686327
10114 2.6028323114903933
10184 5.8998973535824915
10325 1.8925641683500207
10326 0.5230769255465112
10393 1.9746291214043248
10482 3.666305132075397
10487 5.943689416307031
10636 3.9539872045271784
10670 3.086486636822455
10868 -0.37072214562370276
10930 3.502002080784121
11168 1.2781978656431896
11287 2.0286963426746007
11299 -1.0423655237318759
11461 4.292958756661968
11462 6.9985096422506015
11539 2.9381611094783557
11543 6.9985096422506015
11781 2.591790394986348
11785 1.9680717208581657
11850 4.910429719961194
11858 6.9985096422506015
11943 2.455214859980597
11959 8.979677804576946
12068 4.600614369452231
12175 2.955458374416051
12447 2.8396265588909295
12503 2.2278250177849364
12781 4.997399943840672
12826 1.2619373447714093
12853 1.152070867192877
12876 6.9985096422506015
13055 6.9985096422506015
13108 2.2800107709555064
13208 1.3115342859107813
13412 2.5098732725184614
13547 1.6003469407328483
13553 -1.8523037997209602
13750 2.162227735299123
13891 0.6065925288579992
14237 -1.3944966966083199
14267 -0.7647387866270302
14309 3.0274254175198925
14612 2.1863252868781835
14906 0.8027278807278994
15187 3.989126672610284
15259 1.3320829541381691
15332 -6.209246920582481
15867 6.9985096422506015
