185
22 6.9985096422506015
51 6.305362461690656
194 0.7699986386594181
356 2.591790394986348
475 5.612215281130711
489 6.9985096422506015
1062 2.591790394986348
1120 4.695924549256556
1348 5.8998973535824915
1381 2.6547042203969173
1416 4.359452312635343
1601 6.9985096422506015
1611 6.9985096422506015
1665 6.9985096422506015
1690 2.455214859980597
1692 4.388977195034689
1750 1.1068654304248302
1774 6.9985096422506015
1839 2.093234863812172
1893 1.7567626271909589
1923 2.211017899468555
1924 2.288979440938267
2271 0.34178311807220957
2334 2.3818556390457326
2353 4.108137884354437
2450 -2.4434275828144427
2597 2.1157077196642304
2645 2.591790394986348
2703 9.027205984925201
2709 4.695924549256556
2873 4.22592092001082
3139 6.9985096422506015
3189 3.5645224377654547
3203 5.206750173022546
3504 9.83813620114153
3506 0.8205655282000008
3516 2.0785287164224764
3700 1.2947271675944
3774 1.7255100836868542
3804 5.500028800402484
3833 4.600614369452231
3840 1.2980660688599148
3845 11.799794707164983
4029 2.9041650800285006
4053 -0.5980806016728742
4097 2.955458374416051
4161 6.9985096422506015
4219 1.7567626271909589
4223 2.1863252868781835
4241 2.4033897921160112
4245 3.597312260588446
4295 2.9209721983448818
4307 2.824122372354964
4314 2.764403137653342
4333 2.9302403070461622
4334 9.50960473728452
4335 2.938066631704182
4366 1.9878743481543455
4407 3.414990703794491
4412 3.086486636822455
4437 2.4033897921160112
4625 3.6904360955056443
4773 4.108137884354437
4964 1.6918893703894442
4979 3.9074671888922854
4989 1.3355491621146554
5172 4.513602992462601
5318 3.1066893441399746
5342 3.6312138122641273
5436 2.8876357780772897
5484 0.9464204733261844
5630 0.3574615133704861
5878 4.919068100570765
5926 4.695924549256556
6049 4.071330023981388
6151 2.815045323479489
6221 2.8553749158590684
6234 5.258123579567159
6539 2.434161450782765
6583 2.588834253506587
6618 6.17060165892389
6628 6.383694304960563
6729 2.1944885975173447
6776 1.942263836902293
6802 3.47214911763444
6872 1.3047775034479017
6908 0.6707538925195963
6919 4.267681617312855
6953 2.681021528714291
6972 3.9539872045271784
6978 3.9539872045271784
7189 3.8630154263214513
7311 4.47267141490569
7459 2.1944885975173447
7497 0.7014003223166658
7569 1.0170954309961207
7578 1.0430745587218369
7778 5.8998973535824915
7846 2.7218435232345457
7924 3.2849375755462935
8007 3.809518882887678
8032 0.5108256237659907
8085 4.108137884354437
8155 3.1066893441399746
8337 1.9550845253313545
8569 3.7026727762462723
8603 4.290459441148391
8695 5.865253575994063
8762 4.8012850649143815
8799 3.502002080784121
8816 1.7255100836868542
8886 2.6163003758530814
8928 1.3355491621146554
9201 3.5645224377654547
9229 2.3933394562625097
9292 2.5441623459970937
9384 1.3355491621146554
9423 5.775271556154579
9554 1.271661894663404
9598 6.9985096422506015
9795 3.9074671888922854
9817 1.3183370332335338
10015 3.5645224377654547
10029 2.4237986637472186
10114 1.3014161557451966
10233 3.4431615807611875
10294 2.70805020110221
10326 0.5230769255465112
10729 5.098119386747397
10751 0.7939518796819108
10759 3.0666840095262753
10868 -0.18536107281185138
10906 2.035665011990694
10999 5.612215281130711
11032 1.087712998210074
11110 1.6204910383360227
11299 -2.0847310474637517
11304 1.2054960338664575
11305 4.128071418239819
11406 2.6418008155610093
11420 5.612215281130711
11481 1.6186122887101415
11589 7.559267634764801
11607 5.8998973535824915
11702 3.9539872045271784
11785 1.9680717208581657
11816 1.9296054400303697
11836 7.12061048689899
11889 2.7790019370744945
11900 2.049749751872433
12001 2.5676928434072877
12022 1.2122885475024683
12075 2.938066631704182
12173 17.831068248921092
12174 6.9985096422506015
12553 1.0715836162801904
12781 4.997399943840672
13029 1.6609715625492831
13323 5.8998973535824915
13787 6.305362461690656
13803 6.9985096422506015
13891 0.6065925288579992
13979 3.666305132075397
14093 5.946315903030904
14172 4.8012850649143815
14175 6.9985096422506015
14188 3.597312260588446
14237 -0.6972483483041599
14267 -0.7647387866270302
14315 3.009525595686327
14431 1.034930298632155
14486 2.6164830075767194
14640 4.290459441148391
14682 1.5431885268928998
15076 6.42864001666468
15097 10.893641436792382
15247 4.997399943840672
15332 -7.761558650728101
15517 3.773043707788116
15617 24.006425324571907
15708 2.9911764570181303
15727 4.433560284789064
15769 3.3349479961209547
15771 0.04619142958929879
15805 2.008077055471865
