199
26 6.305362461690656
53 6.305362461690656
241 1.6902419448493964
302 1.7153059135126125
325 4.22592092001082
373 2.750014400201242
459 4.8012850649143815
471 6.305362461690656
493 3.1698682457615064
495 2.8396265588909295
498 3.3349479961209547
502 2.5676928434072877
607 2.5211728277723946
647 5.389071729816501
649 5.8998973535824915
684 6.9985096422506015
707 6.305362461690656
867 2.413542163580029
868 2.0286963426746007
924 6.305362461690656
1060 0.1865007192496546
1900 4.290459441148391
2070 1.4730567031188173
2328 2.9911764570181303
2513 1.8280256472124494
2669 5.467079729030317
2709 4.695924549256556
2748 8.00555473739322
2837 3.086486636822455
2867 4.00277736869661
2913 1.720394983020084
2920 0.6795415285041667
2935 0.6320391945191633
2940 1.6278716141229383
3046 2.9911764570181303
3048 2.5098732725184614
3094 4.00277736869661
3168 2.824122372354964
3210 6.9985096422506015
3329 1.981229805435677
3477 6.9985096422506015
3640 28.208642287591704
3644 5.206750173022546
3658 2.938066631704182
3775 5.612215281130711
3811 4.600614369452231
3812 9.014310055549405
3898 3.047265923669174
3942 3.3875917296063767
4007 6.9985096422506015
4026 2.8876357780772897
4047 3.8630154263214513
4083 6.9985096422506015
4106 4.165296298194385
4202 4.05407066308416
4261 2.262311193856106
4459 3.2849375755462935
4537 1.0196238773494795
4612 4.05407066308416
4646 1.8686109273275278
4750 0.33155284982139466
4809 2.8088549002241754
4813 2.236335707452845
4912 1.9296054400303697
4947 3.414990703794491
5367 4.290459441148391
5384 4.05407066308416
5436 2.8876357780772897
5443 2.9041650800285006
5715 3.502002080784121
5773 2.735829765209286
5807 4.00277736869661
5812 6.339736491523013
5839 2.579669034454003
5905 3.567147769283231
6078 2.555858385760285
6092 4.695924549256556
6123 4.577958881876534
6131 4.359452312635343
6164 2.6290617897835795
6228 3.8841815027832003
6282 9.83813620114153
6283 3.5327737394508745
6503 4.695924549256556
6567 2.579669034454003
6609 3.1918471524802814
6688 1.8925641683500207
6892 6.9985096422506015
6941 8.712912306582258
7004 10.413500346045092
7104 -0.6634879166512921
7170 1.6186122887101415
7263 5.389071729816501
7286 1.4112609838503516
7344 1.6325336272287498
7445 14.948887418620222
7462 5.8267915107068795
7533 4.919068100570765
7643 4.919068100570765
7776 5.8998973535824915
7813 1.0145733615634107
7827 3.414990703794491
8114 5.206750173022546
8155 3.1066893441399746
8199 3.009525595686327
8261 4.513602992462601
8708 1.4810567457858934
8736 1.1933746733341126
8848 3.0666840095262753
8928 1.3355491621146554
8977 2.6290617897835795
8978 1.6140145794615122
9004 5.206750173022546
9121 5.052599493195288
9170 0.6116303228879563
9258 3.260840023967233
9282 1.4533321977710387
9365 1.4972514317058743
9376 3.5645224377654547
9393 1.060973437168175
9466 4.695924549256556
9602 2.2800107709555064
9698 1.9878743481543455
9711 1.8686109273275278
9717 3.3875917296063767
10033 6.305362461690656
10068 6.9985096422506015
10139 6.775183459212753
10422 0.7087940713416041
10431 4.33119691745374
10551 6.9985096422506015
10739 2.37353682896633
10882 4.359452312635343
10906 2.035665011990694
11027 2.556395731286379
11046 2.3933394562625097
11089 5.774826126096207
11308 2.5098732725184614
11323 3.597312260588446
11358 4.290459441148391
11379 2.0426825846493406
11392 6.9985096422506015
11625 2.91449219418435
11634 3.3096301881366648
11696 3.2373095265570386
11707 6.474619053114077
11816 1.9296054400303697
11850 2.455214859980597
12010 3.6312138122641273
12081 2.363780654020965
12122 1.1963912668735384
12341 2.8088549002241754
12354 5.612215281130711
12553 1.0715836162801904
12721 5.5356541432584665
12740 2.5326015235960173
12823 2.06986059726431
12833 1.9260564194516896
12850 3.502002080784121
12878 3.5327737394508745
12992 4.6513616155773905
12997 3.502002080784121
13029 1.6609715625492831
13080 3.2492040734004295
13125 3.3096301881366648
13142 5.052599493195288
13153 8.911300071139745
13203 6.9985096422506015
13547 3.2006938814656967
13602 5.389071729816501
13891 0.6065925288579992
13997 4.919068100570765
14344 5.8998973535824915
14361 5.8998973535824915
14381 0.6866029961942954
14403 4.8892655013001205
14404 6.9985096422506015
14463 3.34126694692204
14466 3.7796338173824005
14498 3.0282177286984795
14501 6.5589758606345505
14625 6.305362461690656
14664 5.389071729816501
14815 6.9985096422506015
14873 5.8998973535824915
14918 3.5327737394508745
14963 4.359452312635343
15024 3.2373095265570386
15050 5.052599493195288
15332 -18.627740761747443
15341 0.7959741250626788
15418 2.1233123190494494
15458 2.8088549002241754
15471 0.6940608398286201
15551 1.1578679848772029
15595 2.6641659082763383
15604 6.369936957148348
15650 6.392925575385057
15651 2.2754468375694707
