431
45 4.8012850649143815
80 6.9985096422506015
194 10.009982302572435
209 10.201153654215387
241 10.141451669096378
254 2.498699971920336
302 1.7153059135126125
344 2.7790019370744945
347 5.8998973535824915
356 2.591790394986348
365 3.414990703794491
446 4.513602992462601
512 2.0785287164224764
521 1.8986432144264027
530 2.66777630196427
583 2.9041650800285006
607 2.5211728277723946
657 2.0640357091199095
671 4.00277736869661
675 6.9985096422506015
698 4.22592092001082
717 2.8396265588909295
744 3.3875917296063767
787 6.106995035972082
800 2.434161450782765
810 2.8396265588909295
821 6.305362461690656
827 5.206750173022546
835 6.9985096422506015
862 9.378197168372312
879 3.666305132075397
927 6.235586149267429
978 2.298029276458185
995 5.8998973535824915
1011 5.612215281130711
1013 7.964112661190752
1060 0.1865007192496546
1379 1.0740829317937672
1384 6.305362461690656
1685 3.2373095265570386
1686 2.309930450438483
1692 2.1944885975173447
1750 2.2137308608496604
1893 3.5135252543819178
1968 4.165296298194385
2017 6.775183459212753
2027 8.381451068578906
2060 9.445086121621628
2064 1.5647876386963615
2070 2.9461134062376346
2214 6.305362461690656
2351 1.5647876386963615
2356 2.681021528714291
2357 1.1873686492739008
2421 1.5431885268928998
2424 2.219386149139072
2450 -1.832570687110832
2519 1.6902419448493964
2584 5.206750173022546
2592 5.876133263408364
2595 5.042345655544789
2614 4.290459441148391
2625 5.612215281130711
2626 4.290459441148391
2646 4.22592092001082
2657 3.3609234825242154
2696 4.359452312635343
2705 3.3315816979704644
2769 6.305362461690656
2819 9.83813620114153
2843 6.9985096422506015
2862 1.4690805547391779
2877 5.8998973535824915
2917 5.206750173022546
2940 1.6278716141229383
2964 0.900435360084361
3024 6.305362461690656
3036 9.049244775424423
3054 4.513602992462601
3062 2.8396265588909295
3082 4.8012850649143815
3117 6.474619053114077
3128 11.799794707164983
3192 2.0190964507214755
3220 10.105198986390576
3249 5.500028800402484
3335 5.389071729816501
3394 3.047265923669174
3404 2.465910149097345
3413 5.052599493195288
3449 6.876467377865734
3489 1.942263836902293
3506 1.6411310564000017
3520 2.87137525720551
3563 5.389071729816501
3568 11.224430562261421
3597 5.775271556154579
3603 5.8998973535824915
3635 6.311898571913262
3654 3.4431615807611875
3690 1.4972514317058743
3737 1.8055527913603908
3759 2.4033897921160112
3774 1.7255100836868542
3903 4.433560284789064
3906 2.973157951515452
3982 2.153862445213571
4070 2.2137308608496604
4081 3.1066893441399746
4116 4.695924549256556
4167 6.213767871280189
4211 5.052599493195288
4217 3.3096301881366648
4230 2.0149030205422647
4286 2.130975191795019
4298 2.9041650800285006
4302 1.8000126109847754
4304 4.290459441148391
4319 4.099499503744866
4381 2.0149030205422647
4416 1.3637200390813515
4438 3.47214911763444
4468 4.05407066308416
4507 2.298029276458185
4522 0.5207142953092883
4549 2.6418008155610093
4562 3.3096301881366648
4571 5.8998973535824915
4603 5.206750173022546
4607 6.9985096422506015
4646 1.8686109273275278
4750 0.33155284982139466
4759 3.21432000833234
4765 1.4150133334689021
4809 2.8088549002241754
4838 4.419170109356452
4852 1.258716730071367
4862 3.047265923669174
4876 2.2449194511442365
4941 10.693567313296365
4989 1.3355491621146554
5017 6.521680047934466
5067 2.2278250177849364
5081 6.9985096422506015
5095 10.778143459633002
5263 4.22592092001082
5265 4.919068100570765
5270 4.433560284789064
5309 2.5326015235960173
5319 3.086486636822455
5489 4.359452312635343
5528 5.751312044940294
5539 3.430611827025225
5590 1.4533321977710387
5607 6.9985096422506015
5668 2.955458374416051
5687 4.157057432844953
5802 12.59344816216217
5810 4.513602992462601
5849 6.9985096422506015
5938 5.612215281130711
5966 3.4431615807611875
5983 1.9878743481543455
6003 3.3609234825242154
6057 7.640911623805311
6088 1.2146844599208637
6164 2.6290617897835795
6169 4.8067795842320225
6219 2.298029276458185
6234 2.6290617897835795
6291 5.8998973535824915
6360 3.21432000833234
6387 2.9911764570181303
6411 2.434161450782765
6414 3.1483620405405426
6433 1.030804581586805
6476 4.600614369452231
6508 6.9985096422506015
6583 3.4517790046754495
6691 6.9985096422506015
6718 3.9539872045271784
6721 4.766778250818684
6751 2.5441623459970937
6773 4.600614369452231
6908 0.6707538925195963
6936 5.8998973535824915
7019 4.261950383590038
7068 12.170807253913825
7069 6.305362461690656
7089 6.305362461690656
7155 5.612215281130711
7157 3.8630154263214513
7232 4.433560284789064
7348 4.600614369452231
7385 6.305362461690656
7411 4.8012850649143815
7412 9.027205984925201
7443 4.359452312635343
7462 7.769055347609172
7490 3.414990703794491
7497 0.7014003223166658
7506 3.740413104229119
7552 7.794614540004257
7569 1.0170954309961207
7578 0.5215372793609184
7591 2.0426825846493406
7614 2.5676928434072877
7623 3.3349479961209547
7633 1.8745456628473423
7813 1.0145733615634107
7840 10.984148093073124
7842 2.37353682896633
7906 5.735956939711631
7907 2.6418008155610093
7932 1.8745456628473423
7935 2.335070548138534
7949 2.5441623459970937
7971 3.414990703794491
7991 1.3149298749119196
8060 3.9539872045271784
8146 6.9985096422506015
8220 5.8998973535824915
8439 3.283635627918631
8593 4.165296298194385
8615 2.6944445490464313
8648 2.434161450782765
8660 3.350999326224386
8816 1.7255100836868542
8838 4.513602992462601
8850 1.7153059135126125
8870 3.7026727762462723
8880 1.67063347346102
8886 1.3081501879265407
8993 2.973157951515452
9074 5.612215281130711
9092 11.892631806061807
9098 5.612215281130711
9106 1.0850066366123312
9110 2.035665011990694
9151 3.7761501902141013
9170 1.8348909686638688
9276 2.6944445490464313
9308 3.1698682457615064
9346 7.4960999157610075
9357 4.00277736869661
9365 1.4972514317058743
9384 1.3355491621146554
9429 6.721846965048431
9435 5.206750173022546
9531 10.02380084076612
9554 2.543323789326808
9589 2.6230685718215625
9733 1.0850066366123312
9808 3.009525595686327
9811 3.9074671888922854
9866 4.919068100570765
9892 5.612215281130711
9956 3.47214911763444
9970 1.4513908541342142
10008 2.0568672196412967
10045 4.919068100570765
10114 1.3014161557451966
10119 6.305362461690656
10199 6.977042423366086
10201 5.206750173022546
10326 0.5230769255465112
10329 -0.8403627828383906
10422 1.4175881426832082
10431 0.7218661529089567
10561 1.6003469407328483
10592 5.612215281130711
10601 3.740413104229119
10647 3.5327737394508745
10670 6.17297327364491
10671 4.695924549256556
10696 7.332610264150794
10700 4.165296298194385
10702 4.919068100570765
10722 6.305362461690656
10785 4.00277736869661
10791 4.05407066308416
10844 5.8998973535824915
10868 -2.7804160921777705
10876 5.206750173022546
10911 3.6312138122641273
10923 5.612215281130711
10962 5.258123579567159
10990 17.98656130294223
11034 1.5958322603783217
11042 4.433560284789064
11102 1.9956900423327322
11110 0.8102455191680114
11140 2.15432255579201
11179 6.305362461690656
11218 1.144042369585821
11231 5.612215281130711
11266 2.9041650800285006
11277 3.7796338173824005
11299 -0.5211827618659379
11334 1.994563336305142
11344 3.1483620405405426
11461 2.146479378330984
11474 5.389071729816501
11491 1.8745456628473423
11522 2.555858385760285
11539 13.2217249926526
11597 3.0666840095262753
11673 5.612215281130711
11677 1.7255100836868542
11686 5.8998973535824915
11737 4.919068100570765
11759 5.612215281130711
11853 5.8998973535824915
11943 4.910429719961194
11961 3.3096301881366648
12022 0.8081923650016455
12033 2.5211728277723946
12047 2.883363161102127
12057 4.20133968459938
12081 2.363780654020965
12273 3.7026727762462723
12312 5.587634045719271
12317 5.206750173022546
12345 4.600614369452231
12357 6.5105877148449
12378 3.3349479961209547
12400 2.9209721983448818
12455 -0.2152586658680402
12543 3.5645224377654547
12546 4.359452312635343
12551 5.8998973535824915
12553 1.0715836162801904
12593 4.359452312635343
12636 5.612215281130711
12639 4.165296298194385
12646 4.05407066308416
12647 6.9985096422506015
12674 6.311898571913262
12733 5.389071729816501
12734 10.778143459633002
12781 2.498699971920336
12833 1.9260564194516896
12853 1.152070867192877
12873 5.206750173022546
12878 3.5327737394508745
12968 6.094531847338348
13045 1.886521853894058
13080 0.8123010183501074
13148 5.612215281130711
13149 4.00277736869661
13169 6.669895992241909
13174 9.391849098513111
13282 6.9985096422506015
13289 1.7410142702228197
13354 1.8280256472124494
13384 2.0568672196412967
13440 1.4770487243883548
13459 4.919068100570765
13498 9.391849098513111
13512 10.778143459633002
13525 5.612215281130711
13553 -2.593225319609344
13667 11.861961613581535
13670 2.6164830075767194
13718 4.0275534942922455
13734 1.942263836902293
13752 4.600614369452231
13759 2.955458374416051
13788 5.8998973535824915
13848 5.389071729816501
13867 1.087712998210074
13891 0.6065925288579992
13900 5.612215281130711
13907 4.513602992462601
13919 3.597312260588446
13921 2.1782280766455644
13922 5.695929643279208
13944 11.722401566676856
14044 1.4611753752320646
14104 1.710242611556066
14143 4.05407066308416
14146 4.22592092001082
14168 8.712495240085502
14174 1.7945029551738059
14237 -2.09174504491248
14267 -0.7647387866270302
14308 2.0640357091199095
14309 1.5137127087599462
14327 5.206750173022546
14353 6.9985096422506015
14381 0.2288676653980985
14435 2.3933394562625097
14449 3.21432000833234
14463 1.67063347346102
14468 6.9985096422506015
14470 3.7796338173824005
14486 2.6164830075767194
14500 4.108137884354437
14506 3.740413104229119
14507 5.553045496311444
14558 2.476721065201561
14582 3.7026727762462723
14588 2.0785287164224764
14682 1.5431885268928998
14700 4.00277736869661
14906 1.204091821091849
15068 5.612215281130711
15087 7.559267634764801
15098 4.919068100570765
15116 3.8630154263214513
15150 6.305362461690656
15235 6.305362461690656
15332 -15.523117301456201
15341 0.7959741250626788
15344 4.513602992462601
15348 2.10066984229969
15363 2.555858385760285
15373 0.814360751313118
15413 1.2781978656431896
15418 2.1233123190494494
15517 3.773043707788116
15518 1.880515829833846
15578 3.5890059103476117
15677 4.733923928934947
15685 1.7432809162728324
15702 2.8553749158590684
15704 3.7026727762462723
15709 2.1863252868781835
15712 4.165296298194385
15771 0.023095714794649395
15780 5.052599493195288
