335
45 4.8012850649143815
194 6.159989109275345
209 6.800769102810258
241 8.451209724246983
254 2.498699971920336
344 2.7790019370744945
347 5.8998973535824915
356 5.183580789972696
365 3.414990703794491
446 4.513602992462601
512 4.157057432844953
521 1.8986432144264027
530 2.66777630196427
573 6.305362461690656
583 2.9041650800285006
657 2.0640357091199095
698 4.22592092001082
744 3.3875917296063767
745 11.224430562261421
765 6.9985096422506015
787 6.106995035972082
800 2.434161450782765
827 5.206750173022546
834 5.206750173022546
862 2.344549292093078
879 3.666305132075397
927 6.235586149267429
978 2.298029276458185
995 5.8998973535824915
1013 5.309408440793835
1060 0.06216690641655154
1215 6.9985096422506015
1379 0.5370414658968836
1533 4.108137884354437
1686 2.309930450438483
1750 2.2137308608496604
2017 6.775183459212753
2027 5.587634045719271
2060 3.1483620405405426
2064 3.129575277392723
2070 1.4730567031188173
2356 2.681021528714291
2357 1.1873686492739008
2421 1.5431885268928998
2424 2.219386149139072
2450 -1.832570687110832
2496 5.389071729816501
2519 1.6902419448493964
2584 5.206750173022546
2592 2.938066631704182
2595 2.5211728277723946
2614 4.290459441148391
2625 5.612215281130711
2640 2.735829765209286
2657 3.3609234825242154
2674 1.0272478024601386
2696 4.359452312635343
2705 3.3315816979704644
2819 9.83813620114153
2877 5.8998973535824915
2964 0.900435360084361
2968 3.4431615807611875
3024 6.305362461690656
3036 9.049244775424423
3052 3.2373095265570386
3054 4.513602992462601
3117 3.2373095265570386
3192 1.0095482253607377
3230 2.8876357780772897
3249 2.750014400201242
3259 3.1918471524802814
3386 2.6290617897835795
3394 3.047265923669174
3404 4.93182029819469
3416 5.612215281130711
3449 6.876467377865734
3489 1.942263836902293
3506 1.6411310564000017
3520 2.87137525720551
3563 5.389071729816501
3568 5.612215281130711
3597 2.8876357780772897
3603 5.8998973535824915
3635 4.733923928934947
3654 3.4431615807611875
3759 2.4033897921160112
3774 1.7255100836868542
3886 4.919068100570765
3903 4.433560284789064
3982 2.153862445213571
4081 3.1066893441399746
4116 4.695924549256556
4167 8.285023828373586
4217 3.3096301881366648
4230 2.0149030205422647
4298 5.808330160057001
4302 1.8000126109847754
4304 4.290459441148391
4319 2.049749751872433
4416 1.3637200390813515
4549 2.6418008155610093
4562 3.3096301881366648
4571 5.8998973535824915
4603 5.206750173022546
4645 5.206750173022546
4711 1.9296054400303697
4750 0.33155284982139466
4759 3.21432000833234
4765 1.4150133334689021
4809 2.8088549002241754
4838 2.9461134062376346
4852 1.258716730071367
4862 6.094531847338348
4876 2.2449194511442365
4934 3.7026727762462723
4941 10.693567313296365
4989 1.3355491621146554
5029 3.2373095265570386
5039 2.735829765209286
5065 5.471659530418572
5263 4.22592092001082
5270 4.433560284789064
5309 2.5326015235960173
5438 6.305362461690656
5470 3.740413104229119
5488 4.05407066308416
5528 5.751312044940294
5646 5.612215281130711
5687 4.157057432844953
5802 3.1483620405405426
5809 2.363780654020965
5810 4.513602992462601
5938 5.612215281130711
5983 1.9878743481543455
6026 2.66777630196427
6063 6.9985096422506015
6123 2.288979440938267
6164 2.6290617897835795
6169 4.8067795842320225
6291 5.8998973535824915
6328 3.8630154263214513
6360 3.21432000833234
6364 3.260840023967233
6387 2.9911764570181303
6411 4.86832290156553
6414 3.1483620405405426
6433 0.5154022907934025
6501 5.389071729816501
6507 2.6290617897835795
6536 4.05407066308416
6583 1.7258895023377248
6660 2.7938170228596353
6721 2.383389125409342
6751 2.5441623459970937
6773 4.600614369452231
6908 0.33537694625979814
6936 5.8998973535824915
7019 2.130975191795019
7068 12.170807253913825
7104 -0.6634879166512921
7125 3.8630154263214513
7232 4.433560284789064
7310 4.513602992462601
7311 2.236335707452845
7385 6.305362461690656
7411 4.8012850649143815
7412 9.027205984925201
7462 3.884527673804586
7497 0.7014003223166658
7506 3.740413104229119
7552 5.845960905003192
7569 1.0170954309961207
7578 1.5646118380827554
7588 5.052599493195288
7614 2.5676928434072877
7633 1.8745456628473423
7840 10.984148093073124
7906 1.4339892349279078
7932 1.8745456628473423
7936 4.359452312635343
7962 5.206750173022546
7991 1.3149298749119196
8138 4.8012850649143815
8150 4.433560284789064
8220 5.8998973535824915
8439 0.9381816079767518
8478 3.502002080784121
8736 1.1933746733341126
8816 1.7255100836868542
8850 1.7153059135126125
8880 3.34126694692204
8886 1.3081501879265407
8993 2.973157951515452
9092 11.892631806061807
9110 2.035665011990694
9151 1.258716730071367
9170 0.6116303228879563
9308 3.1698682457615064
9346 4.997399943840672
9355 2.1782280766455644
9365 1.4972514317058743
9429 3.3609234825242154
9531 5.01190042038306
9589 2.6230685718215625
9733 1.0850066366123312
9786 3.1483620405405426
9808 9.02857678705898
9817 1.3183370332335338
9866 4.919068100570765
9892 5.612215281130711
9970 1.4513908541342142
10008 2.0568672196412967
10030 2.413542163580029
10045 4.919068100570765
10058 2.6040604875781623
10114 1.3014161557451966
10201 5.206750173022546
10250 2.9209721983448818
10329 -0.630272087128793
10431 0.7218661529089567
10561 1.6003469407328483
10647 3.5327737394508745
10670 6.17297327364491
10696 10.998915396226192
10702 4.919068100570765
10785 4.00277736869661
10868 -1.8536107281185137
10876 5.206750173022546
10923 5.612215281130711
10962 2.6290617897835795
10974 6.9985096422506015
10990 7.194624521176892
11008 5.206750173022546
11037 4.05407066308416
11218 1.7160635543787315
11287 2.0286963426746007
11299 -0.5211827618659379
11334 1.994563336305142
11344 3.1483620405405426
11421 5.8998973535824915
11461 2.146479378330984
11522 2.555858385760285
11539 13.2217249926526
11677 1.7255100836868542
11686 5.8998973535824915
11759 5.612215281130711
11840 1.6902419448493964
11850 2.455214859980597
11911 3.414990703794491
11969 0.7582337970798316
11984 2.4237986637472186
12022 0.40409618250082274
12033 2.5211728277723946
12047 4.3250447416531905
12057 6.30200952689907
12263 2.579669034454003
12312 2.7938170228596353
12317 5.206750173022546
12357 6.5105877148449
12378 3.3349479961209547
12383 1.2523064517104479
12447 2.8396265588909295
12491 4.22592092001082
12551 5.8998973535824915
12553 1.0715836162801904
12639 4.165296298194385
12674 3.155949285956631
12733 5.389071729816501
12734 10.778143459633002
12781 2.498699971920336
12826 1.2619373447714093
12853 2.304141734385754
12872 5.8998973535824915
12873 10.413500346045092
12968 3.047265923669174
13041 4.513602992462601
13045 1.886521853894058
13080 0.8123010183501074
13169 3.3349479961209547
13174 9.391849098513111
13209 3.6312138122641273
13346 2.9041650800285006
13498 4.695924549256556
13511 5.8998973535824915
13512 5.389071729816501
13538 3.414990703794491
13553 -1.8523037997209602
13572 1.8745456628473423
13644 6.9985096422506015
13667 7.907974409054357
13718 2.6850356628614973
13734 1.942263836902293
13759 5.910916748832102
13838 2.3163784151263815
13848 5.389071729816501
13867 1.087712998210074
13890 2.681021528714291
13904 3.5327737394508745
13907 4.513602992462601
13919 3.597312260588446
13922 7.594572857705611
14044 1.4611753752320646
14104 1.710242611556066
14136 4.4431702373576805
14143 8.10814132616832
14146 4.22592092001082
14168 8.712495240085502
14237 -2.09174504491248
14267 -0.3823693933135151
14309 1.5137127087599462
14381 0.2288676653980985
14435 2.3933394562625097
14449 3.21432000833234
14463 1.67063347346102
14506 3.740413104229119
14507 1.8510151654371483
14582 3.7026727762462723
14682 1.5431885268928998
14700 4.00277736869661
14906 1.204091821091849
15087 7.559267634764801
15098 4.919068100570765
15332 -12.418493841164961
15348 4.20133968459938
15373 0.814360751313118
15413 1.2781978656431896
15418 2.1233123190494494
15424 1.8111238364098463
15518 1.880515829833846
15677 4.733923928934947
15685 0.8716404581364162
15702 2.8553749158590684
15704 3.7026727762462723
15712 4.165296298194385
15771 0.023095714794649395
