286
26 6.305362461690656
53 6.305362461690656
146 6.9985096422506015
209 1.7001922757025645
214 6.9985096422506015
241 1.6902419448493964
302 3.430611827025225
373 2.750014400201242
378 4.8012850649143815
471 6.305362461690656
491 3.1066893441399746
492 3.3609234825242154
493 3.1698682457615064
495 2.8396265588909295
498 3.3349479961209547
500 2.1701959049483
502 2.5676928434072877
512 2.0785287164224764
529 4.695924549256556
596 4.695924549256556
647 5.389071729816501
649 5.8998973535824915
695 2.9911764570181303
707 6.305362461690656
718 5.206750173022546
723 5.8998973535824915
789 6.305362461690656
865 5.042345655544789
867 2.413542163580029
868 2.0286963426746007
893 5.052599493195288
924 6.305362461690656
1060 0.12433381283310307
1094 2.335070548138534
1171 5.8419443966897635
1255 6.9985096422506015
1379 2.685207329484418
1381 2.6547042203969173
1404 1.3708885285599641
1416 4.359452312635343
1462 4.919068100570765
1624 3.7026727762462723
1654 6.9985096422506015
1685 3.2373095265570386
1692 2.1944885975173447
1764 5.612215281130711
1929 2.1081605140288473
2070 1.4730567031188173
2334 1.5879037593638217
2357 1.1873686492739008
2407 4.47267141490569
2450 -0.6108568957036107
2513 1.8280256472124494
2669 9.11179954838386
2705 1.6657908489852322
2709 4.695924549256556
2748 8.00555473739322
2788 3.3096301881366648
2908 4.290459441148391
2913 5.161184949060252
2914 3.4431615807611875
2935 1.2640783890383267
2940 1.6278716141229383
2964 1.800870720168722
3090 6.094531847338348
3132 3.2373095265570386
3329 1.981229805435677
3392 2.20271909665386
3404 2.465910149097345
3640 32.238448328676235
3775 5.612215281130711
3803 4.05407066308416
3811 4.600614369452231
3812 6.760732541662054
3813 5.052599493195288
3823 4.8012850649143815
3942 3.3875917296063767
4016 3.9074671888922854
4047 3.8630154263214513
4106 4.165296298194385
4172 3.414990703794491
4202 12.16221198925248
4366 1.9878743481543455
4500 5.679253117781859
4536 2.70805020110221
4646 1.8686109273275278
4813 6.7090071223585355
4838 1.4730567031188173
4899 3.0666840095262753
4904 5.8998973535824915
4912 1.9296054400303697
5110 1.8452180477528222
5116 3.923114079673944
5181 2.288979440938267
5339 1.1784267118982394
5363 3.0666840095262753
5367 4.290459441148391
5436 2.8876357780772897
5443 2.9041650800285006
5484 1.8928409466523688
5517 3.2464624691328723
5523 5.389071729816501
5707 5.389071729816501
5807 4.00277736869661
5812 3.1698682457615064
5839 2.579669034454003
5889 2.4033897921160112
5891 9.38192589402813
5895 2.4033897921160112
6043 1.5913378707904824
6123 4.577958881876534
6216 2.3933394562625097
6228 1.2947271675944
6270 5.612215281130711
6368 2.5098732725184614
6445 7.332610264150794
6488 3.0666840095262753
6567 2.579669034454003
6657 2.138697237888929
6675 2.5098732725184614
6688 3.7851283367000415
6853 3.260840023967233
6863 4.22592092001082
6931 6.305362461690656
6941 10.891140383227821
6970 2.1863252868781835
7104 -2.6539516666051686
7170 3.237224577420283
7186 5.8998973535824915
7197 5.191954449561819
7201 5.8998973535824915
7309 4.8012850649143815
7418 3.1483620405405426
7445 28.029163909912917
7462 7.769055347609172
7493 5.389071729816501
7497 0.7014003223166658
7713 3.1066893441399746
8114 5.206750173022546
8155 3.1066893441399746
8199 3.009525595686327
8261 4.513602992462601
8318 11.722401566676856
8391 5.11171677152057
8429 4.359452312635343
8454 4.919068100570765
8471 5.587634045719271
8708 1.4810567457858934
8731 2.0286963426746007
8816 8.627550418434272
8829 10.778143459633002
8848 6.133368019052551
8850 5.145917740537838
8880 3.34126694692204
8952 6.9985096422506015
8975 2.3933394562625097
8978 3.2280291589230243
9005 6.9985096422506015
9121 5.052599493195288
9170 0.6116303228879563
9258 3.260840023967233
9282 7.266660988855193
9308 3.1698682457615064
9351 4.695924549256556
9393 1.060973437168175
9399 4.22592092001082
9602 4.560021541911013
9711 1.8686109273275278
9717 3.3875917296063767
9817 1.3183370332335338
10033 6.305362461690656
10054 6.056435457396959
10139 6.775183459212753
10325 1.8925641683500207
10375 3.9539872045271784
10422 2.1263822140248125
10431 4.33119691745374
10443 2.4876501357337513
10445 3.3875917296063767
10514 3.8630154263214513
10906 2.035665011990694
10962 2.6290617897835795
11027 3.834593596929569
11046 7.180018368787529
11089 5.774826126096207
11168 1.2781978656431896
11209 3.666305132075397
11322 3.4431615807611875
11323 3.597312260588446
11358 4.290459441148391
11379 2.0426825846493406
11407 3.1483620405405426
11457 4.22592092001082
11560 3.502002080784121
11576 6.6192603762733295
11625 1.457246097092175
11634 3.3096301881366648
11707 9.711928579671117
11769 3.2933030175490696
11781 2.591790394986348
11783 4.00277736869661
11785 1.9680717208581657
11800 5.052599493195288
11816 1.9296054400303697
11841 2.8396265588909295
11887 3.3349479961209547
12020 6.9985096422506015
12075 2.938066631704182
12098 5.612215281130711
12122 2.3927825337470767
12241 2.579669034454003
12354 5.612215281130711
12383 1.2523064517104479
12553 1.0715836162801904
12721 1.8452180477528222
12740 2.5326015235960173
12759 4.22592092001082
12767 15.928225322381504
12809 2.8088549002241754
12823 2.06986059726431
12826 1.2619373447714093
12833 3.852112838903379
12834 5.389071729816501
12850 3.502002080784121
12960 3.1918471524802814
12978 2.383389125409342
12992 2.3256808077886952
13003 4.433560284789064
13080 2.436903055050322
13088 2.7790019370744945
13102 5.471659530418572
13142 5.052599493195288
13153 13.366950106709618
13183 3.502002080784121
13201 6.305362461690656
13220 3.2849375755462935
13314 2.0286963426746007
13401 2.465910149097345
13418 5.612215281130711
13465 5.389071729816501
13527 2.049749751872433
13547 3.2006938814656967
13602 5.389071729816501
13604 6.9985096422506015
13672 1.5262389685791264
13681 2.498699971920336
13891 0.6065925288579992
14085 3.1698682457615064
14174 1.7945029551738059
14237 -0.6972483483041599
14267 -0.3823693933135151
14308 2.0640357091199095
14328 6.305362461690656
14332 4.22592092001082
14344 5.8998973535824915
14352 0.9464204733261844
14381 1.1443383269904925
14403 7.333898251950181
14416 0.7739512129752414
14431 1.034930298632155
14463 5.01190042038306
14490 3.3096301881366648
14493 3.3096301881366648
14498 3.0282177286984795
14501 8.745301147512734
14588 4.157057432844953
14625 6.305362461690656
14626 2.750014400201242
14637 3.3349479961209547
14963 4.359452312635343
15121 1.5868635903955612
15149 4.93182029819469
15192 1.489121305622624
15332 -18.627740761747443
15341 0.7959741250626788
15418 2.1233123190494494
15471 0.6940608398286201
15587 1.2947271675944
15593 7.194624521176892
15595 5.3283318165526765
15604 14.863186233346145
15650 2.130975191795019
15651 4.5508936751389415
15697 3.7796338173824005
15708 2.9911764570181303
15771 0.11547857397324697
