172
174 3.2464624691328723
194 2.3099959159782544
279 2.6418008155610093
356 2.591790394986348
680 4.433560284789064
800 7.302484352348294
927 4.157057432844953
935 3.740413104229119
2025 4.165296298194385
2027 2.7938170228596353
2047 5.8998973535824915
2060 12.59344816216217
2201 6.106995035972082
2334 0.7939518796819108
2407 2.236335707452845
2450 -2.4434275828144427
2484 1.3149298749119196
2519 1.6902419448493964
2595 2.5211728277723946
2639 5.208120975156325
2660 11.799794707164983
2837 3.086486636822455
3033 17.699692060747473
3071 10.778143459633002
3111 6.9985096422506015
3319 5.206750173022546
3329 1.981229805435677
3449 0.9823524825522477
3489 1.942263836902293
3898 6.094531847338348
3982 3.2307936678203566
3995 1.751485570090115
4063 4.433560284789064
4097 2.955458374416051
4156 3.086486636822455
4167 2.0712559570933964
4546 5.389071729816501
4573 7.480826208458238
4600 5.612215281130711
4750 0.33155284982139466
4852 1.258716730071367
4862 3.047265923669174
4876 2.2449194511442365
4882 2.130975191795019
4914 1.4339892349279078
4985 5.206750173022546
5065 2.735829765209286
5111 3.21432000833234
5181 2.288979440938267
5246 4.513602992462601
5303 6.305362461690656
5309 2.5326015235960173
5339 1.1784267118982394
5369 6.094531847338348
5528 2.875656022470147
5666 3.47214911763444
5668 2.955458374416051
5809 2.363780654020965
5839 2.579669034454003
5901 4.910429719961194
5953 6.9985096422506015
6060 3.7796338173824005
6088 3.644053379762591
6114 3.8630154263214513
6140 2.211017899468555
6156 1.8000126109847754
6235 2.454137038241171
6328 3.8630154263214513
6358 4.290459441148391
6411 2.434161450782765
6414 3.1483620405405426
6455 4.8012850649143815
6479 6.9985096422506015
6640 3.7026727762462723
6853 6.521680047934466
6908 0.33537694625979814
7104 -1.9904637499538764
7170 1.6186122887101415
7218 5.052599493195288
7270 4.919068100570765
7325 5.617709800448351
7353 5.612215281130711
7401 3.773043707788116
7426 6.9985096422506015
7462 1.942263836902293
7477 5.612215281130711
7497 0.7014003223166658
7534 2.485534857327378
7569 1.0170954309961207
7633 1.8745456628473423
7840 7.845820066480802
7842 9.49414731586532
7906 1.4339892349279078
8262 2.0712559570933964
8439 0.4690908039883759
8440 4.00277736869661
8718 2.824122372354964
8809 4.919068100570765
8822 2.2800107709555064
8886 1.3081501879265407
8978 1.6140145794615122
8993 2.973157951515452
9170 2.446521291551825
9384 1.3355491621146554
9554 1.271661894663404
9589 2.6230685718215625
10114 1.3014161557451966
10121 5.206750173022546
10221 2.434161450782765
10329 -0.4201813914191953
10393 3.9492582428086496
10422 1.4175881426832082
10556 3.9539872045271784
10561 1.6003469407328483
10583 4.433560284789064
10734 5.471659530418572
10785 8.00555473739322
10868 -0.9268053640592568
10892 4.8012850649143815
11027 1.2781978656431896
11139 2.87137525720551
11218 0.5720211847929105
11235 3.740413104229119
11334 1.994563336305142
11416 2.1782280766455644
11534 4.359452312635343
11539 2.9381611094783557
11778 2.8553749158590684
11959 6.73475835343271
12022 0.8081923650016455
12047 2.883363161102127
12057 2.10066984229969
12216 2.87137525720551
12357 10.8509795247415
12400 2.9209721983448818
12455 -0.6457759976041206
12547 10.778143459633002
12558 2.4446327506500602
12595 2.344549292093078
12610 2.4237986637472186
12792 3.8204558119026557
12896 3.2373095265570386
12942 3.9539872045271784
13174 4.695924549256556
13227 3.666305132075397
13337 5.8998973535824915
13411 2.8088549002241754
13527 2.049749751872433
13681 2.498699971920336
13718 1.3425178314307487
13759 2.955458374416051
13767 2.6547042203969173
13922 3.7972864288528054
14168 2.9041650800285006
14267 -0.3823693933135151
14309 7.568563543799732
14435 2.3933394562625097
14463 1.67063347346102
14558 2.476721065201561
14582 3.7026727762462723
14620 2.15432255579201
14769 6.9985096422506015
15332 -3.1046234602912404
15348 4.20133968459938
15373 0.814360751313118
15518 9.402579149169231
15672 0.7275212103923018
15677 4.733923928934947
15702 2.8553749158590684
15771 0.023095714794649395
15794 7.7030785302218625
15861 3.597312260588446
