46
279 2.6418008155610093
596 4.695924549256556
1928 2.4876501357337513
2669 1.8223599096767722
2964 0.900435360084361
3503 4.695924549256556
3640 4.029806041084529
3813 5.052599493195288
3814 2.236335707452845
4097 2.955458374416051
5185 5.389071729816501
6112 5.052599493195288
6228 1.2947271675944
6941 2.1782280766455644
7104 -0.6634879166512921
7274 3.0666840095262753
7295 3.7026727762462723
7445 1.8686109273275278
8199 3.009525595686327
8341 5.052599493195288
9258 3.260840023967233
9698 1.9878743481543455
10431 0.7218661529089567
11404 6.9985096422506015
11524 1.5178707189086098
11582 4.359452312635343
11591 2.7218435232345457
11785 1.9680717208581657
12595 2.344549292093078
12721 3.6904360955056443
13088 2.7790019370744945
13153 2.2278250177849364
13395 5.612215281130711
13449 2.6418008155610093
13553 -0.37046075994419203
14044 1.4611753752320646
14122 6.305362461690656
14403 2.4446327506500602
14463 1.67063347346102
14626 2.750014400201242
15024 3.2373095265570386
15332 -1.5523117301456202
15365 5.8998973535824915
15595 1.3320829541381691
15650 2.130975191795019
15771 0.023095714794649395
