312
209 1.7001922757025645
279 2.6418008155610093
378 4.8012850649143815
493 3.1698682457615064
596 4.695924549256556
775 3.7796338173824005
867 2.413542163580029
868 2.0286963426746007
1018 3.7796338173824005
1114 3.9074671888922854
1310 3.7796338173824005
1379 5.907456124865719
1381 2.6547042203969173
1404 2.7417770571199283
1409 6.9985096422506015
1515 3.740413104229119
1782 2.7218435232345457
1797 5.8998973535824915
1803 6.9985096422506015
1809 6.9985096422506015
1810 6.9985096422506015
1901 6.9985096422506015
1928 4.9753002714675025
1967 6.305362461690656
2026 2.681021528714291
2031 6.305362461690656
2233 3.260840023967233
2240 1.65617539028579
2247 6.6581584474172155
2329 4.433560284789064
2357 2.3747372985478017
2407 11.181678537264226
2488 3.7796338173824005
2536 1.7835738846416156
2620 5.612215281130711
2638 2.130975191795019
2640 2.735829765209286
2669 5.467079729030317
2705 1.6657908489852322
2708 4.05407066308416
2739 5.389071729816501
2748 4.00277736869661
2836 6.9985096422506015
2837 3.086486636822455
2854 6.305362461690656
2914 3.4431615807611875
2920 0.6795415285041667
2963 4.05407066308416
2964 0.900435360084361
2977 3.47214911763444
3090 3.047265923669174
3120 1.6048820958982397
3192 1.0095482253607377
3378 5.8998973535824915
3425 6.9985096422506015
3632 3.47214911763444
3640 48.35767249301435
3658 2.938066631704182
3774 1.7255100836868542
3812 2.2535775138873513
3820 3.5780469788183606
3840 1.2980660688599148
3850 3.9074671888922854
3970 4.05407066308416
3972 4.919068100570765
4014 5.206750173022546
4016 3.9074671888922854
4036 5.612215281130711
4080 5.052599493195288
4202 4.05407066308416
4205 3.666305132075397
4241 2.4033897921160112
4261 2.262311193856106
4376 4.433560284789064
4378 4.695924549256556
4433 5.389071729816501
4459 3.2849375755462935
4467 8.45184184002164
4500 2.8396265588909295
4536 2.70805020110221
4537 2.039247754698959
4625 1.8452180477528222
4692 6.305362461690656
4750 1.3262113992855786
4751 3.414990703794491
4794 3.6312138122641273
4813 4.47267141490569
4838 1.4730567031188173
4909 2.9381611094783557
4989 1.3355491621146554
5032 5.8998973535824915
5074 6.305362461690656
5116 1.961557039836972
5119 7.180018368787529
5185 5.389071729816501
5363 6.133368019052551
5369 3.047265923669174
5436 2.8876357780772897
5443 2.9041650800285006
5478 4.433560284789064
5484 1.8928409466523688
5517 1.6232312345664361
5533 3.7026727762462723
5534 3.3875917296063767
5666 6.94429823526888
5834 1.65617539028579
5895 4.8067795842320225
5900 2.8553749158590684
5982 4.919068100570765
5986 3.3609234825242154
6043 3.182675741580965
6087 5.052599493195288
6088 1.2146844599208637
6123 2.288979440938267
6126 5.052599493195288
6212 6.305362461690656
6228 2.5894543351888
6242 2.9041650800285006
6285 6.9985096422506015
6320 6.9985096422506015
6360 3.21432000833234
6414 3.1483620405405426
6433 0.5154022907934025
6445 3.666305132075397
6614 3.009525595686327
6654 6.9985096422506015
6703 4.433560284789064
6804 6.305362461690656
6819 1.7153059135126125
6825 5.389071729816501
6836 6.305362461690656
6853 3.260840023967233
6863 4.22592092001082
6872 2.6095550068958033
6970 2.1863252868781835
7019 2.130975191795019
7104 -2.6539516666051686
7125 3.8630154263214513
7181 3.260840023967233
7197 1.730651483187273
7204 5.612215281130711
7321 3.3875917296063767
7325 2.8088549002241754
7445 16.81749834594775
7462 1.942263836902293
7464 6.9985096422506015
7569 1.0170954309961207
7624 4.433560284789064
7667 5.8998973535824915
7740 3.5327737394508745
7776 5.8998973535824915
7813 1.0145733615634107
7876 6.9985096422506015
7917 3.414990703794491
8199 6.019051191372654
8261 4.513602992462601
8318 3.9074671888922854
8429 4.359452312635343
8471 2.7938170228596353
8660 1.675499663112193
8680 4.00277736869661
8723 1.5262389685791264
8736 1.1933746733341126
8784 2.146479378330984
8816 6.902040334747417
8848 6.133368019052551
8850 1.7153059135126125
8873 5.052599493195288
8880 1.67063347346102
8890 2.2800107709555064
8928 1.3355491621146554
8946 2.7218435232345457
8961 6.9985096422506015
9122 1.3744921360632627
9170 1.2232606457759125
9221 5.052599493195288
9258 3.260840023967233
9282 4.359996593313117
9292 2.5441623459970937
9298 6.305362461690656
9351 4.695924549256556
9470 6.9985096422506015
9621 4.513602992462601
9651 3.3875917296063767
9698 5.963623044463036
9717 6.775183459212753
10221 7.302484352348294
10393 3.9492582428086496
10422 2.8351762853664164
10431 2.16559845872687
10514 3.8630154263214513
10561 1.6003469407328483
10788 4.108137884354437
10825 2.0149030205422647
10868 -0.18536107281185138
10889 3.086486636822455
10906 4.071330023981388
10967 3.6312138122641273
11027 2.556395731286379
11046 4.786678912525019
11052 3.740413104229119
11062 3.6312138122641273
11072 4.290459441148391
11089 3.4648956756577247
11095 5.206750173022546
11102 0.6652300141109108
11167 4.108137884354437
11168 1.2781978656431896
11317 3.0666840095262753
11359 5.206750173022546
11402 4.433560284789064
11481 1.6186122887101415
11491 1.8745456628473423
11500 5.206750173022546
11546 3.9539872045271784
11572 5.389071729816501
11769 1.6466515087745348
11772 4.108137884354437
11778 2.8553749158590684
11785 3.9361434417163315
11799 6.9985096422506015
11816 1.9296054400303697
11841 2.8396265588909295
11922 5.206750173022546
11950 4.433560284789064
11969 0.7582337970798316
11984 2.4237986637472186
12022 0.40409618250082274
12054 3.8204558119026557
12081 2.363780654020965
12122 1.1963912668735384
12241 2.579669034454003
12273 3.7026727762462723
12341 2.8088549002241754
12429 5.206750173022546
12536 6.305362461690656
12553 3.214750848840571
12595 2.344549292093078
12679 1.5958322603783217
12701 5.206750173022546
12740 5.065203047192035
12759 4.22592092001082
12781 2.498699971920336
12809 2.8088549002241754
12810 6.9985096422506015
12823 1.034930298632155
12832 3.3096301881366648
12896 3.2373095265570386
12960 3.1918471524802814
12992 2.3256808077886952
13077 3.047265923669174
13102 2.735829765209286
13201 6.305362461690656
13208 1.3115342859107813
13220 3.2849375755462935
13224 6.9985096422506015
13310 3.666305132075397
13314 2.0286963426746007
13338 2.5211728277723946
13371 3.7026727762462723
13372 5.206750173022546
13403 3.502002080784121
13527 2.049749751872433
13637 4.108137884354437
13681 4.997399943840672
13723 3.597312260588446
13747 4.433560284789064
13751 4.108137884354437
13766 4.8012850649143815
13776 5.8998973535824915
13938 4.290459441148391
14030 6.305362461690656
14165 2.8088549002241754
14174 1.7945029551738059
14267 -2.2942163598810907
14308 4.128071418239819
14357 2.476721065201561
14381 1.3732059923885909
14399 3.502002080784121
14403 2.4446327506500602
14435 2.3933394562625097
14463 1.67063347346102
14466 3.7796338173824005
14498 9.084653186095439
14501 2.1863252868781835
14563 2.6418008155610093
14581 4.8012850649143815
14682 1.5431885268928998
14700 4.00277736869661
14790 6.9985096422506015
14816 5.389071729816501
14830 2.7790019370744945
14941 4.919068100570765
14981 5.206750173022546
15121 3.1737271807911225
15149 2.465910149097345
15192 1.489121305622624
15332 -32.598546333058025
15341 0.7959741250626788
15358 2.579669034454003
15415 5.648244744709928
15418 2.1233123190494494
15471 0.6940608398286201
15528 3.666305132075397
15548 5.206750173022546
15587 1.2947271675944
15595 1.3320829541381691
15604 4.246624638098899
15651 2.2754468375694707
15685 0.8716404581364162
15708 2.9911764570181303
15771 0.11547857397324697
