362
194 1.5399972773188362
241 1.6902419448493964
254 2.498699971920336
344 2.7790019370744945
356 2.591790394986348
365 3.414990703794491
378 4.8012850649143815
512 2.0785287164224764
521 1.8986432144264027
638 3.502002080784121
698 4.22592092001082
744 3.3875917296063767
862 2.344549292093078
899 4.22592092001082
927 2.0785287164224764
974 5.8998973535824915
1010 6.305362461690656
1013 5.309408440793835
1060 0.7460028769986184
1094 2.335070548138534
1171 2.9209721983448818
1375 4.8012850649143815
1379 0.5370414658968836
1404 2.7417770571199283
1507 3.8630154263214513
1750 2.2137308608496604
1764 5.612215281130711
1801 6.9985096422506015
1896 1.7835738846416156
1923 4.42203579893711
1929 2.1081605140288473
1999 3.5327737394508745
2026 8.043064586142872
2049 2.37353682896633
2060 3.1483620405405426
2064 1.5647876386963615
2078 6.305362461690656
2201 4.071330023981388
2220 5.8998973535824915
2264 4.359452312635343
2332 5.612215281130711
2357 1.1873686492739008
2407 2.236335707452845
2450 -1.2217137914072214
2459 2.938066631704182
2484 3.944789624735759
2513 1.8280256472124494
2837 3.086486636822455
2888 5.8998973535824915
2910 3.740413104229119
2920 0.6795415285041667
2940 1.6278716141229383
2964 1.800870720168722
2973 4.919068100570765
3005 3.6312138122641273
3036 2.262311193856106
3095 4.695924549256556
3110 5.775271556154579
3117 3.2373095265570386
3192 3.028644676082213
3205 3.1273086313427103
3240 3.5645224377654547
3327 6.9985096422506015
3407 2.085854756514549
3449 4.911762412761239
3461 3.3609234825242154
3484 4.8012850649143815
3489 3.884527673804586
3563 5.389071729816501
3690 1.4972514317058743
3767 9.83813620114153
3875 5.8998973535824915
3898 3.047265923669174
3901 4.72756130804193
3982 3.2307936678203566
3990 2.6290617897835795
4008 3.21432000833234
4012 6.305362461690656
4026 2.8876357780772897
4050 4.919068100570765
4070 1.1068654304248302
4081 6.213378688279949
4167 2.0712559570933964
4226 3.3609234825242154
4259 3.8630154263214513
4269 10.413500346045092
4277 3.7026727762462723
4298 2.9041650800285006
4341 2.6547042203969173
4385 9.38192589402813
4405 2.6920409239639014
4423 3.8630154263214513
4481 2.146479378330984
4500 2.8396265588909295
4522 0.2603571476546441
4549 5.283601631122019
4573 3.740413104229119
4655 5.8998973535824915
4660 7.814934377784571
4663 3.8630154263214513
4668 6.721846965048431
4711 1.9296054400303697
4750 0.33155284982139466
4765 1.4150133334689021
4809 2.8088549002241754
4838 4.419170109356452
4852 1.258716730071367
4941 3.5645224377654547
5029 3.2373095265570386
5046 2.236335707452845
5065 5.471659530418572
5309 7.5978045707880515
5350 2.955458374416051
5369 3.047265923669174
5392 2.130975191795019
5397 8.45184184002164
5418 4.00277736869661
5426 4.8012850649143815
5427 4.290459441148391
5489 8.718904625270685
5528 10.064796078645514
5541 8.580918882296782
5590 4.359996593313117
5687 2.0785287164224764
5739 5.775271556154579
5802 6.296724081081085
5834 1.65617539028579
5839 2.579669034454003
5852 2.4876501357337513
5960 3.6312138122641273
5973 2.9540974487767095
6012 3.740413104229119
6026 2.66777630196427
6043 4.774013612371447
6088 1.2146844599208637
6101 4.165296298194385
6115 6.9985096422506015
6122 7.004004161568242
6123 6.866938322814802
6158 2.455214859980597
6328 3.8630154263214513
6331 4.22592092001082
6335 2.476721065201561
6364 3.260840023967233
6376 3.0666840095262753
6411 2.434161450782765
6433 1.030804581586805
6467 2.2535775138873513
6477 5.612215281130711
6501 5.389071729816501
6583 4.314723755844312
6586 4.577958881876534
6595 2.4237986637472186
6676 17.699692060747473
6773 4.600614369452231
6816 3.3875917296063767
6908 0.6707538925195963
6965 6.9985096422506015
6970 2.1863252868781835
7028 2.764403137653342
7068 2.434161450782765
7104 -0.6634879166512921
7170 3.237224577420283
7312 4.632756830252763
7346 3.5645224377654547
7374 5.389071729816501
7401 1.886521853894058
7439 5.389071729816501
7490 3.414990703794491
7497 0.7014003223166658
7534 1.242767428663689
7560 4.433560284789064
7569 1.0170954309961207
7614 2.5676928434072877
7633 1.8745456628473423
7761 6.9985096422506015
7769 6.9985096422506015
7840 7.845820066480802
7842 2.37353682896633
7854 3.3609234825242154
7906 1.4339892349279078
7937 4.433560284789064
7954 4.22592092001082
8032 0.5108256237659907
8086 3.3096301881366648
8139 6.9985096422506015
8177 6.9985096422506015
8439 0.4690908039883759
8453 6.9985096422506015
8471 2.7938170228596353
8483 4.165296298194385
8567 9.602570129828763
8578 3.1066893441399746
8736 1.1933746733341126
8818 6.9985096422506015
8822 2.2800107709555064
8850 5.145917740537838
8886 1.3081501879265407
8977 2.6290617897835795
9092 2.973157951515452
9151 2.517433460142734
9154 2.465910149097345
9170 4.281412260215694
9355 2.1782280766455644
9364 6.9985096422506015
9384 1.3355491621146554
9481 3.5455259370747996
9531 1.67063347346102
9602 2.2800107709555064
9630 6.9985096422506015
9668 5.8998973535824915
9765 3.567147769283231
9786 3.1483620405405426
9970 0.4837969513780714
9983 3.1066893441399746
10030 2.413542163580029
10031 2.498699971920336
10221 2.434161450782765
10223 4.05407066308416
10258 1.8000126109847754
10329 -0.21009069570959765
10422 1.4175881426832082
10578 6.9985096422506015
10670 3.086486636822455
10702 4.919068100570765
10713 3.5645224377654547
10723 4.513602992462601
10734 2.735829765209286
10746 6.9985096422506015
10749 1.1754637467675824
10754 3.1698682457615064
10770 2.4876501357337513
10843 6.9985096422506015
10868 -1.1121664368711084
10876 5.206750173022546
10892 4.8012850649143815
10906 2.035665011990694
10971 3.502002080784121
10993 4.22592092001082
11023 1.2880826248757316
11087 6.9985096422506015
11102 0.6652300141109108
11110 0.8102455191680114
11132 3.7796338173824005
11218 0.5720211847929105
11233 6.9985096422506015
11277 3.7796338173824005
11312 3.3096301881366648
11322 3.4431615807611875
11353 2.8088549002241754
11357 6.9985096422506015
11491 1.8745456628473423
11524 1.5178707189086098
11539 2.9381611094783557
11625 1.457246097092175
11664 5.206750173022546
11712 9.201228738904462
11739 4.600614369452231
11769 1.6466515087745348
11959 2.2449194511442365
11969 0.7582337970798316
11982 3.9074671888922854
12022 0.40409618250082274
12033 2.5211728277723946
12047 2.883363161102127
12049 2.5676928434072877
12057 2.10066984229969
12241 2.579669034454003
12246 4.290459441148391
12309 3.5645224377654547
12310 6.9985096422506015
12357 4.3403918098966
12375 3.260840023967233
12510 8.10814132616832
12553 6.429501697681142
12558 7.333898251950181
12610 24.237986637472186
12612 6.9985096422506015
12621 4.290459441148391
12623 4.290459441148391
12660 2.035665011990694
12878 3.5327737394508745
12900 4.165296298194385
12921 3.740413104229119
12961 6.9985096422506015
12968 3.047265923669174
13001 2.9461134062376346
13077 3.047265923669174
13080 0.8123010183501074
13088 2.7790019370744945
13104 3.2373095265570386
13169 3.3349479961209547
13172 6.9985096422506015
13175 4.695924549256556
13247 6.9985096422506015
13289 1.7410142702228197
13319 14.444422330883127
13337 5.8998973535824915
13438 2.555858385760285
13498 4.695924549256556
13508 1.7255100836868542
13511 5.8998973535824915
13527 2.049749751872433
13547 1.6003469407328483
13553 -0.37046075994419203
13613 1.8111238364098463
13670 2.6164830075767194
13681 2.498699971920336
13693 3.666305132075397
13718 1.3425178314307487
13724 4.433560284789064
13745 5.206750173022546
13759 2.955458374416051
13767 18.582929542778423
13839 4.22592092001082
13871 12.610724923381312
13887 4.433560284789064
13890 2.681021528714291
13891 0.6065925288579992
13918 2.8396265588909295
13919 3.597312260588446
13921 2.1782280766455644
13947 6.9985096422506015
14044 2.9223507504641293
14107 2.4237986637472186
14124 5.612215281130711
14237 -3.4862417415207996
14267 -1.1471081799405454
14268 4.290459441148391
14309 1.5137127087599462
14335 5.206750173022546
14349 5.8998973535824915
14435 2.3933394562625097
14463 1.67063347346102
14527 2.938066631704182
14558 4.953442130403122
14571 3.2373095265570386
14682 1.5431885268928998
14754 3.8204558119026557
14906 0.4013639403639497
15155 0.6904112007410705
15187 3.989126672610284
15224 2.9041650800285006
15242 3.414990703794491
15288 3.21432000833234
15302 6.721846965048431
15332 -15.523117301456201
15341 0.7959741250626788
15348 4.20133968459938
15418 4.246624638098899
15514 5.612215281130711
15517 1.886521853894058
15518 1.880515829833846
15578 3.5890059103476117
15631 5.8998973535824915
15677 1.5779746429783155
15694 2.938066631704182
15702 2.8553749158590684
15719 3.597312260588446
15771 0.023095714794649395
15817 5.206750173022546
15820 4.165296298194385
