147
194 0.7699986386594181
365 3.414990703794491
592 2.4446327506500602
613 5.612215281130711
730 2.298029276458185
787 2.035665011990694
800 2.434161450782765
927 2.0785287164224764
1013 2.6547042203969173
1816 5.8998973535824915
1819 6.9985096422506015
1822 2.383389125409342
1833 6.9985096422506015
1928 2.4876501357337513
2025 4.165296298194385
2027 5.587634045719271
2056 4.22592092001082
2195 6.9985096422506015
2278 6.9985096422506015
2357 1.1873686492739008
2450 -1.832570687110832
2538 1.422560539104285
3036 6.786933581568317
3192 1.0095482253607377
3409 4.00277736869661
3449 1.9647049651044954
3489 1.942263836902293
3578 1.2031599740689096
3759 2.4033897921160112
3901 2.363780654020965
3982 1.0769312226067855
4070 1.1068654304248302
4076 3.4431615807611875
4167 2.0712559570933964
4319 2.049749751872433
4385 3.1273086313427103
4405 2.6920409239639014
4522 0.2603571476546441
4765 1.4150133334689021
4838 4.419170109356452
4852 1.258716730071367
4862 3.047265923669174
4894 4.600614369452231
5029 3.2373095265570386
5181 2.288979440938267
5339 1.1784267118982394
5528 4.313484033705221
5590 2.9066643955420775
5802 9.445086121621628
5809 2.363780654020965
5973 1.4770487243883548
6088 1.2146844599208637
6140 4.42203579893711
6205 2.955458374416051
6364 3.260840023967233
6375 4.919068100570765
6507 2.6290617897835795
6609 3.1918471524802814
6640 7.405345552492545
6820 10.413500346045092
6997 4.600614369452231
6998 4.8012850649143815
7012 6.9985096422506015
7025 1.0095482253607377
7028 2.764403137653342
7068 2.434161450782765
7104 -0.6634879166512921
7170 1.6186122887101415
7224 4.22592092001082
7325 2.8088549002241754
7418 3.1483620405405426
7462 3.884527673804586
7497 1.4028006446333317
7527 2.681021528714291
7552 1.9486536350010641
7569 1.0170954309961207
7614 2.5676928434072877
7770 4.165296298194385
7840 6.276656053184642
8439 0.4690908039883759
8788 2.146479378330984
8870 3.7026727762462723
8886 3.9244505637796223
9170 1.8348909686638688
9481 1.7727629685373998
9554 1.271661894663404
9791 2.344549292093078
10008 2.0568672196412967
10114 1.3014161557451966
10221 2.434161450782765
10258 1.8000126109847754
10561 1.6003469407328483
10734 2.735829765209286
10868 -0.18536107281185138
11032 1.087712998210074
11287 2.0286963426746007
11534 4.359452312635343
11539 5.8763222189567115
11769 1.6466515087745348
11840 1.6902419448493964
11959 2.2449194511442365
12047 4.3250447416531905
12081 2.363780654020965
12175 5.910916748832102
12216 2.87137525720551
12357 2.1701959049483
12433 5.206750173022546
12455 -0.4305173317360804
12610 2.4237986637472186
12833 0.9630282097258448
12960 3.1918471524802814
12962 6.9985096422506015
13077 3.047265923669174
13102 2.735829765209286
13169 3.3349479961209547
13316 6.094531847338348
13319 1.8055527913603908
13346 2.9041650800285006
13354 1.8280256472124494
13468 6.305362461690656
13553 -0.37046075994419203
13681 2.498699971920336
13759 2.955458374416051
13767 2.6547042203969173
13921 2.1782280766455644
13922 1.8986432144264027
14103 4.05407066308416
14104 3.420485223112132
14237 -2.7889933932166397
14267 -2.2942163598810907
14416 0.7739512129752414
14435 2.3933394562625097
14455 3.274434953082352
14461 3.740413104229119
14507 3.7020303308742966
14558 2.476721065201561
14571 3.2373095265570386
15332 -6.209246920582481
15348 2.10066984229969
15518 1.880515829833846
15528 3.666305132075397
15631 5.8998973535824915
15672 1.4550424207846036
15685 0.8716404581364162
15702 2.8553749158590684
15771 0.023095714794649395
15794 7.7030785302218625
