120
174 1.6232312345664361
344 2.7790019370744945
492 3.3609234825242154
867 2.413542163580029
868 2.0286963426746007
1922 1.6952047341915255
1967 6.305362461690656
1976 4.695924549256556
2271 0.6835662361444191
2406 2.9209721983448818
2407 6.7090071223585355
2536 1.7835738846416156
2667 3.9074671888922854
2669 1.8223599096767722
2788 3.3096301881366648
2935 0.6320391945191633
2964 0.900435360084361
3523 4.8012850649143815
3631 4.05407066308416
3640 4.029806041084529
3813 5.052599493195288
3898 6.094531847338348
3942 3.3875917296063767
4106 4.165296298194385
4309 2.681021528714291
4314 2.764403137653342
4416 1.3637200390813515
4536 2.70805020110221
4537 1.0196238773494795
4866 2.5211728277723946
4909 1.4690805547391779
4938 3.4431615807611875
5037 6.9985096422506015
5110 1.8452180477528222
5119 2.3933394562625097
5369 3.047265923669174
5418 4.00277736869661
5436 2.8876357780772897
5666 3.47214911763444
5897 3.6312138122641273
5973 1.4770487243883548
6087 5.052599493195288
6123 2.288979440938267
6228 2.5894543351888
6283 3.5327737394508745
6402 1.4112609838503516
6622 2.579669034454003
6657 2.138697237888929
6846 6.9985096422506015
7028 2.764403137653342
7029 8.216275768708874
7104 -1.3269758333025843
7180 6.9985096422506015
7197 1.730651483187273
7201 5.8998973535824915
7445 1.8686109273275278
7497 0.7014003223166658
7613 4.290459441148391
8003 4.108137884354437
8197 15.620250519067639
8199 6.019051191372654
8886 1.3081501879265407
8946 2.7218435232345457
8978 1.6140145794615122
9170 0.6116303228879563
9221 5.052599493195288
9258 3.260840023967233
9278 4.359452312635343
9376 3.5645224377654547
9622 5.612215281130711
9698 1.9878743481543455
9845 5.8998973535824915
10114 2.6028323114903933
10258 1.8000126109847754
10431 0.7218661529089567
10443 2.4876501357337513
10882 4.359452312635343
10886 2.87137525720551
11046 2.3933394562625097
11152 5.8998973535824915
11168 1.2781978656431896
11209 7.332610264150794
11305 2.0640357091199095
11576 3.3096301881366648
11785 1.9680717208581657
11798 5.052599493195288
11975 2.9209721983448818
12043 2.498699971920336
12165 6.9985096422506015
12241 2.579669034454003
12629 3.3096301881366648
12833 0.9630282097258448
12974 6.305362461690656
12992 2.3256808077886952
13001 1.4730567031188173
13153 2.2278250177849364
13681 2.498699971920336
13750 2.162227735299123
13772 5.206750173022546
13964 6.305362461690656
14044 1.4611753752320646
14107 2.4237986637472186
14124 5.612215281130711
14153 2.4876501357337513
14165 8.426564700672525
14267 -1.9118469665675755
14308 2.0640357091199095
14381 0.457735330796197
14431 1.034930298632155
14455 1.637217476541176
14493 3.3096301881366648
14514 6.9985096422506015
14637 3.3349479961209547
15001 5.8998973535824915
15332 -15.523117301456201
15480 4.359452312635343
15650 2.130975191795019
15651 1.1377234187847354
15685 1.7432809162728324
15771 0.04619142958929879
