147
174 4.869693703699308
327 2.20271909665386
1839 2.093234863812172
1964 3.260840023967233
1997 3.009525595686327
2240 1.65617539028579
2357 1.1873686492739008
2450 -0.6108568957036107
2513 1.8280256472124494
2679 3.414990703794491
2787 3.1918471524802814
2935 1.2640783890383267
2959 2.3747372985478017
2964 1.800870720168722
3374 3.9361434417163315
3658 2.938066631704182
3737 1.8055527913603908
3759 2.4033897921160112
3785 2.87137525720551
3820 1.7890234894091803
4205 3.666305132075397
4230 2.0149030205422647
4282 2.8553749158590684
4405 1.3460204619819507
4416 1.3637200390813515
4445 5.8998973535824915
4591 4.22592092001082
4613 2.211017899468555
4625 1.8452180477528222
4750 0.6631056996427893
4866 2.5211728277723946
4898 4.919068100570765
4909 1.4690805547391779
4938 3.4431615807611875
4963 2.3933394562625097
5033 2.1233123190494494
5046 2.236335707452845
5103 3.414990703794491
5110 1.8452180477528222
5119 2.3933394562625097
5126 5.389071729816501
5369 3.047265923669174
5409 3.502002080784121
5518 1.5868635903955612
5554 2.1081605140288473
5630 0.11915383779016203
5812 3.1698682457615064
5839 2.579669034454003
5944 3.8204558119026557
6122 3.502002080784121
6447 1.2880826248757316
6555 2.9911764570181303
7042 3.8630154263214513
7076 2.434161450782765
7104 -1.3269758333025843
7118 3.1273086313427103
7172 6.305362461690656
7197 1.730651483187273
7424 3.3609234825242154
7482 3.6111055827207816
7846 2.7218435232345457
7932 1.8745456628473423
7968 3.047265923669174
7983 6.9985096422506015
7991 1.3149298749119196
8007 1.904759441443839
8230 4.74707365793266
8514 2.008077055471865
8523 3.628163178522168
8660 1.675499663112193
8710 0.551203779709388
8731 2.0286963426746007
8928 1.3355491621146554
9057 8.10814132616832
9061 3.6312138122641273
9106 1.0850066366123312
9110 2.035665011990694
9151 1.258716730071367
9170 1.8348909686638688
9229 2.3933394562625097
9365 2.9945028634117485
9559 -0.7487904946947653
10001 6.192107127359728
10069 3.4431615807611875
10272 4.108137884354437
10326 0.5230769255465112
10329 -0.21009069570959765
10403 6.305362461690656
10422 0.7087940713416041
10446 3.1483620405405426
10593 6.9985096422506015
10742 3.5780469788183606
10751 1.5879037593638217
10825 2.0149030205422647
10868 -0.18536107281185138
11106 2.021775899830027
11110 0.8102455191680114
11132 3.7796338173824005
11168 1.2781978656431896
11218 0.5720211847929105
11299 -1.0423655237318759
11344 3.1483620405405426
11484 7.262427624528255
11584 4.433560284789064
11929 4.600614369452231
12022 0.40409618250082274
12122 1.1963912668735384
12129 3.3349479961209547
12143 4.165296298194385
12377 1.3460204619819507
12450 3.1483620405405426
12455 -0.2152586658680402
12508 2.262311193856106
12595 2.344549292093078
12785 2.8088549002241754
12801 7.643653228072869
12803 2.727440078162703
12818 3.1483620405405426
13075 3.9539872045271784
13169 3.3349479961209547
13189 3.7490913256946845
13284 4.919068100570765
13338 2.5211728277723946
13353 1.961557039836972
13553 -0.7409215198883841
13750 2.162227735299123
13891 0.6065925288579992
13986 3.47214911763444
14267 -0.3823693933135151
14309 1.5137127087599462
14381 0.2288676653980985
14416 1.5479024259504828
14455 3.274434953082352
14590 1.8337236683270872
14597 3.2849375755462935
14682 1.5431885268928998
15155 0.6904112007410705
15209 2.579669034454003
15292 2.211017899468555
15332 -4.656935190436861
15373 0.814360751313118
15458 2.8088549002241754
15471 0.6940608398286201
15694 2.938066631704182
15771 0.023095714794649395
15794 2.5676928434072877
15828 2.1862955883920616
