44
194 0.7699986386594181
327 2.20271909665386
613 5.612215281130711
854 4.290459441148391
922 5.8998973535824915
1938 2.66777630196427
2450 -1.2217137914072214
3192 1.0095482253607377
3379 3.1918471524802814
4522 0.2603571476546441
4812 3.9539872045271784
4928 4.359452312635343
5326 3.1483620405405426
5528 1.4378280112350734
7104 -1.3269758333025843
7286 1.4112609838503516
7813 1.0145733615634107
7840 1.5691640132961604
7842 2.37353682896633
7991 1.3149298749119196
8439 0.4690908039883759
9170 0.6116303228879563
9355 2.1782280766455644
9537 0.6546292081242703
9554 1.271661894663404
10325 1.8925641683500207
10329 -0.21009069570959765
10868 -0.37072214562370276
11034 1.5958322603783217
11057 2.555858385760285
11840 1.6902419448493964
11908 1.5346778372249912
12047 4.3250447416531905
12404 1.485080896085619
12455 -0.2152586658680402
12674 1.5779746429783155
12781 4.997399943840672
13391 3.740413104229119
13553 -0.37046075994419203
14104 1.710242611556066
14906 0.4013639403639497
15187 1.994563336305142
15283 2.236335707452845
15677 1.5779746429783155
