249
194 1.5399972773188362
327 2.20271909665386
344 2.7790019370744945
613 5.612215281130711
657 2.0640357091199095
800 2.434161450782765
927 2.0785287164224764
1013 2.6547042203969173
1019 5.8998973535824915
2027 2.7938170228596353
2060 15.741810202702712
2064 3.129575277392723
2201 4.071330023981388
2233 3.260840023967233
2269 1.8686109273275278
2348 4.05407066308416
2357 2.3747372985478017
2406 2.9209721983448818
2450 -3.665141374221664
2484 1.3149298749119196
2577 3.5327737394508745
2595 5.042345655544789
2674 1.0272478024601386
2705 1.6657908489852322
2862 1.4690805547391779
2920 0.6795415285041667
2964 0.900435360084361
3110 5.775271556154579
3192 1.0095482253607377
3354 3.2373095265570386
3379 3.1918471524802814
3394 3.047265923669174
3449 10.805877308074725
3506 0.8205655282000008
3516 2.0785287164224764
3597 2.8876357780772897
3654 3.4431615807611875
3700 1.2947271675944
3780 2.465910149097345
3799 6.305362461690656
3819 6.9985096422506015
3898 3.047265923669174
3901 9.45512261608386
3982 2.153862445213571
4070 1.1068654304248302
4167 12.427535742560378
4298 5.808330160057001
4302 1.8000126109847754
4304 4.290459441148391
4385 6.254617262685421
4405 1.3460204619819507
4522 0.2603571476546441
4646 1.8686109273275278
4750 0.33155284982139466
4765 1.4150133334689021
4815 2.7218435232345457
4838 2.9461134062376346
4840 2.938066631704182
4852 1.258716730071367
5033 2.1233123190494494
5065 2.735829765209286
5083 4.720678874307596
5116 1.961557039836972
5181 2.288979440938267
5326 3.1483620405405426
5339 1.1784267118982394
5465 3.3349479961209547
5517 3.2464624691328723
5528 4.313484033705221
5739 2.8876357780772897
5834 1.65617539028579
5932 5.612215281130711
5933 2.955458374416051
5943 11.799794707164983
6026 2.66777630196427
6078 2.555858385760285
6088 2.4293689198417274
6129 12.610724923381312
6140 4.42203579893711
6156 1.8000126109847754
6166 6.9985096422506015
6328 3.8630154263214513
6335 2.476721065201561
6460 4.8012850649143815
6516 4.919068100570765
6583 4.314723755844312
6586 2.288979440938267
6590 7.640911623805311
6595 2.4237986637472186
6754 2.4049037829704587
6774 6.305362461690656
6815 6.9985096422506015
6998 4.8012850649143815
7019 4.261950383590038
7068 4.86832290156553
7104 -1.9904637499538764
7155 11.224430562261421
7170 1.6186122887101415
7197 1.730651483187273
7286 1.4112609838503516
7482 1.8055527913603908
7490 3.414990703794491
7497 1.4028006446333317
7534 1.242767428663689
7552 1.9486536350010641
7569 2.0341908619922413
7578 0.5215372793609184
7840 6.276656053184642
7864 3.502002080784121
7892 1.5517722705842913
7906 1.4339892349279078
7932 1.8745456628473423
7936 4.359452312635343
8176 17.699692060747473
8230 4.74707365793266
8237 12.610724923381312
8439 0.9381816079767518
8488 4.05407066308416
8643 4.002594736972972
8660 1.675499663112193
8741 6.17297327364491
8794 6.9985096422506015
8795 3.502002080784121
8816 6.902040334747417
8840 3.1698682457615064
8880 1.67063347346102
8886 2.6163003758530814
8977 2.6290617897835795
8978 1.6140145794615122
9092 2.973157951515452
9110 2.035665011990694
9170 3.6697819373277376
9181 17.699692060747473
9269 4.600614369452231
9292 2.5441623459970937
9384 1.3355491621146554
9423 5.775271556154579
9429 3.3609234825242154
9554 1.271661894663404
9602 2.2800107709555064
9892 5.612215281130711
9952 12.610724923381312
9970 0.9675939027561428
10006 2.6944445490464313
10008 4.113734439282593
10031 2.498699971920336
10196 5.042345655544789
10325 3.7851283367000415
10329 -0.21009069570959765
10422 0.7087940713416041
10561 1.6003469407328483
10647 3.5327737394508745
10670 3.086486636822455
10671 4.695924549256556
10734 2.735829765209286
10737 12.610724923381312
10752 4.513602992462601
10868 -0.37072214562370276
10923 5.612215281130711
10971 3.502002080784121
10981 3.086486636822455
11139 2.87137525720551
11210 3.21432000833234
11218 0.5720211847929105
11270 4.05407066308416
11281 6.305362461690656
11287 2.0286963426746007
11299 -0.5211827618659379
11433 4.513602992462601
11491 1.8745456628473423
11539 5.8763222189567115
11790 2.2449194511442365
11840 3.3804838896987928
11878 6.9985096422506015
11908 3.0693556744499824
11943 2.455214859980597
11959 2.2449194511442365
11960 4.695924549256556
11969 0.7582337970798316
12022 0.40409618250082274
12033 2.5211728277723946
12047 2.883363161102127
12057 4.20133968459938
12089 2.8088549002241754
12122 4.7855650674941534
12286 12.610724923381312
12400 2.9209721983448818
12435 3.8204558119026557
12440 9.602570129828763
12447 2.8396265588909295
12455 -2.7983626562845227
12553 1.0715836162801904
12610 16.96659064623053
12674 1.5779746429783155
12708 1.5958322603783217
12781 4.997399943840672
12818 3.1483620405405426
12826 1.2619373447714093
12833 0.9630282097258448
13149 4.00277736869661
13208 1.3115342859107813
13216 3.6312138122641273
13547 1.6003469407328483
13553 -1.111382279832576
13670 2.6164830075767194
13672 1.5262389685791264
13681 2.498699971920336
13718 4.0275534942922455
13719 3.9074671888922854
13760 7.559267634764801
13767 5.309408440793835
13867 1.087712998210074
13895 6.9985096422506015
13918 2.8396265588909295
13921 2.1782280766455644
13946 11.224430562261421
13998 9.602570129828763
14047 4.919068100570765
14103 8.10814132616832
14104 3.420485223112132
14125 12.610724923381312
14148 4.359452312635343
14151 4.359452312635343
14152 4.695924549256556
14168 2.9041650800285006
14220 6.9985096422506015
14237 -6.275235134737439
14267 -0.3823693933135151
14525 4.22592092001082
14558 2.476721065201561
14619 12.610724923381312
14700 4.00277736869661
14799 6.305362461690656
14906 0.4013639403639497
14918 3.5327737394508745
14955 5.389071729816501
15079 3.666305132075397
15155 0.6904112007410705
15212 3.7796338173824005
15283 6.7090071223585355
15288 3.21432000833234
15332 -12.418493841164961
15424 1.8111238364098463
15484 2.9911764570181303
15578 1.7945029551738059
15622 2.363780654020965
15680 6.9985096422506015
15685 0.8716404581364162
15719 7.194624521176892
