232
209 1.7001922757025645
373 2.750014400201242
384 6.9985096422506015
461 4.05407066308416
463 4.919068100570765
480 4.359452312635343
533 9.391849098513111
569 3.0282177286984795
646 2.219386149139072
695 2.9911764570181303
1906 3.597312260588446
1931 4.8012850649143815
1933 4.05407066308416
2019 4.689098584186156
2033 6.7412146528352554
2311 4.8012850649143815
2320 2.973157951515452
2327 7.814934377784571
2334 0.7939518796819108
2407 2.236335707452845
2450 -0.6108568957036107
2526 6.9985096422506015
2631 0.21292199724267172
2668 3.502002080784121
2669 1.8223599096767722
2745 7.726030852642903
2768 4.8012850649143815
2788 19.857781128819987
2803 20.210397972781152
2878 6.9985096422506015
2910 3.740413104229119
2920 1.3590830570083334
2935 1.2640783890383267
3048 2.5098732725184614
3057 2.236335707452845
3185 5.8998973535824915
3232 12.610724923381312
3397 6.9985096422506015
3426 6.9985096422506015
3444 5.612215281130711
3494 4.695924549256556
3534 10.105198986390576
3578 0.6015799870344548
3627 6.9985096422506015
3658 5.876133263408364
3727 6.9985096422506015
3812 4.507155027774703
3813 5.052599493195288
3893 5.206750173022546
3923 3.1273086313427103
4008 9.64296002499702
4031 10.22343354304114
4106 4.165296298194385
4174 3.3875917296063767
4527 5.052599493195288
4686 8.216275768708874
4764 6.9985096422506015
4812 7.907974409054357
4814 5.206750173022546
4876 2.2449194511442365
4909 4.407241664217533
4912 1.9296054400303697
4914 11.471913879423262
4988 3.7796338173824005
5116 1.961557039836972
5119 2.3933394562625097
5130 17.699692060747473
5327 12.610724923381312
5474 6.9985096422506015
5518 1.5868635903955612
5668 2.955458374416051
5773 2.735829765209286
5973 1.4770487243883548
5981 2.8553749158590684
6087 10.105198986390576
6113 4.695924549256556
6228 5.1789086703776
6368 2.5098732725184614
6416 13.801843108356692
6525 3.1483620405405426
6572 4.695924549256556
6665 6.9985096422506015
6688 3.7851283367000415
6777 6.9985096422506015
6801 8.867120569578129
6962 3.8630154263214513
7016 3.0666840095262753
7025 4.038192901442951
7104 -0.6634879166512921
7152 11.461367435707967
7181 3.260840023967233
7286 2.822521967700703
7344 3.2650672544574997
7534 1.242767428663689
7555 7.480826208458238
7586 4.433560284789064
7854 3.3609234825242154
7861 6.9985096422506015
7862 6.9985096422506015
7875 6.305362461690656
7941 3.740413104229119
8129 3.9539872045271784
8132 5.052599493195288
8151 5.206750173022546
8230 4.74707365793266
8315 2.764403137653342
8464 6.9985096422506015
8708 1.4810567457858934
8710 0.551203779709388
8713 9.83813620114153
8723 1.5262389685791264
8731 4.0573926853492015
8787 6.9985096422506015
8821 5.612215281130711
8850 3.430611827025225
8851 6.9985096422506015
8895 7.907974409054357
8978 1.6140145794615122
8979 1.7890234894091803
8987 4.42203579893711
9048 11.799794707164983
9049 6.9985096422506015
9257 2.8396265588909295
9262 6.9985096422506015
9265 5.8998973535824915
9282 7.266660988855193
9376 3.5645224377654547
9384 2.6710983242293107
9428 2.498699971920336
9448 8.580918882296782
9504 3.5327737394508745
9595 4.108137884354437
9870 6.9985096422506015
9970 1.4513908541342142
10085 6.9985096422506015
10102 5.052599493195288
10112 4.359452312635343
10221 4.86832290156553
10229 6.305362461690656
10324 8.00555473739322
10329 -0.21009069570959765
10337 4.919068100570765
10348 6.305362461690656
10431 2.16559845872687
10443 4.9753002714675025
10794 2.938066631704182
10906 2.035665011990694
11017 16.167215189449504
11023 1.2880826248757316
11027 2.556395731286379
11046 7.180018368787529
11047 6.9985096422506015
11089 3.4648956756577247
11287 4.0573926853492015
11364 6.9985096422506015
11375 2.681021528714291
11546 3.9539872045271784
11655 2.66777630196427
11660 4.359452312635343
11679 8.867120569578129
11740 26.03375086511273
11816 3.8592108800607394
11836 2.37353682896633
11918 4.433560284789064
12081 2.363780654020965
12093 1.6803896484063847
12111 3.989126672610284
12140 4.108137884354437
12303 3.666305132075397
12311 6.9985096422506015
12341 2.8088549002241754
12383 1.2523064517104479
12452 5.389071729816501
12455 -0.4305173317360804
12494 5.206750173022546
12553 2.1431672325603808
12629 9.928890564409993
12677 7.907974409054357
12687 6.305362461690656
12800 12.610724923381312
12833 1.9260564194516896
12889 6.9985096422506015
12900 4.165296298194385
12904 3.4431615807611875
13159 6.305362461690656
13235 6.305362461690656
13354 3.656051294424899
13390 2.236335707452845
13449 15.850804893366057
13538 3.414990703794491
13589 12.610724923381312
13633 10.778143459633002
13832 4.290459441148391
13867 2.175425996420148
13878 29.51440860342459
13949 10.413500346045092
14019 15.620250519067639
14041 5.052599493195288
14054 10.778143459633002
14104 8.55121305778033
14105 6.305362461690656
14165 2.8088549002241754
14237 -0.6972483483041599
14267 -0.3823693933135151
14357 2.476721065201561
14381 1.1443383269904925
14403 4.8892655013001205
14416 0.7739512129752414
14419 3.597312260588446
14453 3.414990703794491
14455 1.637217476541176
14486 2.6164830075767194
14493 3.3096301881366648
14501 2.1863252868781835
14587 5.052599493195288
14809 6.9985096422506015
14908 4.953442130403122
15121 1.5868635903955612
15217 6.9985096422506015
15247 2.498699971920336
15283 6.7090071223585355
15332 -3.1046234602912404
15341 0.7959741250626788
15570 2.7218435232345457
15595 3.9962488624145074
15604 2.1233123190494494
15651 2.2754468375694707
15685 0.8716404581364162
15771 0.04619142958929879
15791 6.9985096422506015
15805 2.008077055471865
15815 6.9985096422506015
