23
194 0.7699986386594181
327 2.20271909665386
613 5.612215281130711
2450 -0.6108568957036107
3192 1.0095482253607377
4812 3.9539872045271784
5528 1.4378280112350734
7104 -0.6634879166512921
7286 1.4112609838503516
7840 1.5691640132961604
7842 2.37353682896633
7991 1.3149298749119196
8439 0.4690908039883759
9170 0.6116303228879563
10329 -0.21009069570959765
10868 -0.37072214562370276
11840 1.6902419448493964
12047 1.4416815805510634
12455 -0.2152586658680402
12674 1.5779746429783155
14104 1.710242611556066
15155 0.6904112007410705
15187 1.994563336305142
