264
185 5.612215281130711
194 0.7699986386594181
241 1.6902419448493964
478 4.22592092001082
486 5.41610040220442
646 2.219386149139072
702 3.7796338173824005
800 2.434161450782765
819 3.8204558119026557
879 7.332610264150794
927 4.157057432844953
935 3.740413104229119
978 2.298029276458185
1060 0.12433381283310307
1107 5.206750173022546
1367 4.433560284789064
1390 3.260840023967233
1431 6.305362461690656
1686 2.309930450438483
1957 1.8223599096767722
2030 3.3349479961209547
2087 5.775271556154579
2154 10.105198986390576
2166 2.6418008155610093
2172 4.359452312635343
2217 2.4876501357337513
2247 2.219386149139072
2269 3.7372218546550555
2289 6.305362461690656
2328 2.9911764570181303
2353 4.108137884354437
2424 2.219386149139072
2446 2.5326015235960173
2447 5.612215281130711
2449 6.305362461690656
2538 1.422560539104285
2552 5.612215281130711
2585 3.9074671888922854
2594 3.5645224377654547
2631 0.21292199724267172
2645 2.591790394986348
2647 4.513602992462601
2924 2.0286963426746007
2935 0.6320391945191633
2963 4.05407066308416
2964 0.900435360084361
3215 0.589980851191103
3242 5.052599493195288
3354 3.2373095265570386
3521 5.389071729816501
3598 1.1666271649670843
3614 1.4378280112350734
3647 2.1081605140288473
3700 1.2947271675944
3840 2.5961321377198296
3867 6.474619053114077
3896 1.403798262648762
4016 3.9074671888922854
4167 2.0712559570933964
4183 4.359452312635343
4188 4.359452312635343
4222 2.3256808077886952
4319 2.049749751872433
4366 1.9878743481543455
4448 4.695924549256556
4481 10.73239689165492
4522 0.5207142953092883
4537 2.039247754698959
4581 5.052599493195288
4632 5.206750173022546
4646 1.8686109273275278
4721 4.8012850649143815
4795 6.305362461690656
4838 1.4730567031188173
4863 4.05407066308416
4866 2.5211728277723946
4873 5.8998973535824915
4878 1.3672978604292356
4963 2.3933394562625097
4976 2.288979440938267
4995 6.305362461690656
5181 2.288979440938267
5221 6.305362461690656
5264 5.052599493195288
5326 3.1483620405405426
5388 3.47214911763444
5409 3.502002080784121
5410 4.513602992462601
5430 2.750014400201242
5457 5.8998973535824915
5517 1.6232312345664361
5522 3.8630154263214513
5554 4.216321028057695
5555 2.4033897921160112
5556 4.433560284789064
5630 0.11915383779016203
5773 2.735829765209286
5812 3.1698682457615064
5901 2.455214859980597
5964 6.254617262685421
5996 4.00277736869661
6041 5.389071729816501
6043 1.5913378707904824
6131 4.359452312635343
6164 2.6290617897835795
6307 3.2373095265570386
6335 2.476721065201561
6411 2.434161450782765
6433 0.5154022907934025
6447 1.2880826248757316
6604 5.052599493195288
6620 2.9995735385769677
6702 36.338612744381756
6908 0.6707538925195963
6959 4.165296298194385
7053 3.9074671888922854
7123 4.513602992462601
7321 3.3875917296063767
7462 1.942263836902293
7505 3.740413104229119
7534 3.7283022859910666
7569 2.0341908619922413
7632 6.305362461690656
7731 2.001297368486486
7759 4.359452312635343
7775 4.22592092001082
7827 3.414990703794491
7885 7.907974409054357
7904 4.42203579893711
7959 4.00277736869661
7991 1.3149298749119196
8061 4.165296298194385
8168 1.9746291214043248
8301 2.413542163580029
8400 3.597312260588446
8430 5.206750173022546
8439 0.4690908039883759
8615 2.6944445490464313
8667 3.8630154263214513
8668 5.612215281130711
8672 2.8876357780772897
8710 0.551203779709388
8736 1.1933746733341126
8737 5.206750173022546
8759 6.305362461690656
8837 6.339736491523013
8840 3.1698682457615064
8890 2.2800107709555064
8928 2.6710983242293107
9170 1.8348909686638688
9189 6.305362461690656
9229 2.3933394562625097
9276 2.6944445490464313
9384 1.3355491621146554
9428 2.498699971920336
9537 0.6546292081242703
9554 1.271661894663404
9634 5.8998973535824915
9729 2.9863562126364767
9862 5.612215281130711
9867 6.305362461690656
10008 2.0568672196412967
10037 5.612215281130711
10233 3.4431615807611875
10326 1.5692307766395337
10562 5.612215281130711
10567 6.305362461690656
10661 3.3349479961209547
10736 5.389071729816501
10751 0.7939518796819108
10788 4.108137884354437
10810 5.052599493195288
10818 4.359452312635343
10868 -0.18536107281185138
10872 6.419528383592959
10901 4.290459441148391
10908 6.305362461690656
10914 9.54604027356946
10920 6.60815728996158
11021 6.305362461690656
11023 1.2880826248757316
11049 6.305362461690656
11085 5.8998973535824915
11106 2.021775899830027
11110 0.8102455191680114
11114 3.047265923669174
11143 4.8012850649143815
11218 0.5720211847929105
11299 -3.1270965711956276
11403 5.8998973535824915
11438 3.3349479961209547
11461 2.146479378330984
11625 1.457246097092175
11677 3.4510201673737084
11693 4.695924549256556
11764 6.305362461690656
11796 11.461367435707967
11813 5.206750173022546
11836 2.37353682896633
11850 2.455214859980597
11952 1.5958322603783217
12054 3.8204558119026557
12122 3.589173800620615
12138 6.305362461690656
12155 5.612215281130711
12263 2.579669034454003
12377 2.6920409239639014
12383 1.2523064517104479
12390 4.05407066308416
12553 1.0715836162801904
12578 4.847597327494437
12711 5.389071729816501
12853 1.152070867192877
12944 4.695924549256556
12983 4.22592092001082
12991 3.1066893441399746
13066 6.305362461690656
13343 2.973157951515452
13390 2.236335707452845
13411 2.8088549002241754
13470 5.389071729816501
13471 2.6040604875781623
13553 -0.37046075994419203
13575 4.165296298194385
13579 4.919068100570765
13661 3.7026727762462723
13670 2.6164830075767194
13719 3.9074671888922854
13876 5.612215281130711
13891 1.2131850577159984
13897 2.7218435232345457
13906 8.216275768708874
13918 2.8396265588909295
13968 3.3349479961209547
14047 4.919068100570765
14051 5.052599493195288
14153 2.4876501357337513
14237 -1.3944966966083199
14267 -0.3823693933135151
14272 5.612215281130711
14309 1.5137127087599462
14431 2.06986059726431
14432 8.216275768708874
14433 4.22592092001082
14463 3.34126694692204
14486 2.6164830075767194
14527 2.938066631704182
14682 1.5431885268928998
14780 4.513602992462601
15195 3.0282177286984795
15241 1.7462362142039713
15279 3.21432000833234
15306 0.7199882180847567
15332 -3.1046234602912404
15341 0.7959741250626788
15461 4.290459441148391
15484 2.9911764570181303
15551 1.1578679848772029
15595 1.3320829541381691
15672 0.7275212103923018
15771 0.04619142958929879
15814 2.262311193856106
15817 5.206750173022546
15820 4.165296298194385
