80
194 1.5399972773188362
241 1.6902419448493964
327 2.20271909665386
702 3.7796338173824005
743 5.206750173022546
787 2.035665011990694
927 2.0785287164224764
1015 5.206750173022546
1379 0.5370414658968836
2026 2.681021528714291
2201 2.035665011990694
2251 5.8998973535824915
2357 2.3747372985478017
2450 -0.6108568957036107
2484 1.3149298749119196
2519 1.6902419448493964
3036 2.262311193856106
3192 1.0095482253607377
3213 4.433560284789064
3404 4.93182029819469
3449 0.9823524825522477
3642 3.47214911763444
4076 3.4431615807611875
4167 2.0712559570933964
4302 1.8000126109847754
4466 3.9539872045271784
4612 4.05407066308416
4838 1.4730567031188173
4996 4.290459441148391
5065 2.735829765209286
5122 5.587634045719271
5181 2.288979440938267
5528 1.4378280112350734
5739 2.8876357780772897
5802 3.1483620405405426
6079 7.004004161568242
6140 2.211017899468555
6583 0.8629447511688624
6816 3.3875917296063767
6866 5.8998973535824915
7068 2.434161450782765
7311 4.47267141490569
7497 0.7014003223166658
7569 1.0170954309961207
7578 0.5215372793609184
7731 2.001297368486486
7840 1.5691640132961604
7842 2.37353682896633
8731 2.0286963426746007
8886 1.3081501879265407
9269 4.600614369452231
9393 1.060973437168175
9808 3.009525595686327
9856 9.83813620114153
10868 -0.37072214562370276
11218 0.5720211847929105
11491 1.8745456628473423
11539 1.4690805547391779
11684 5.8998973535824915
11840 1.6902419448493964
11945 1.9550845253313545
12047 1.4416815805510634
12057 2.10066984229969
12357 4.3403918098966
12553 1.0715836162801904
12558 2.4446327506500602
12968 3.047265923669174
13087 9.83813620114153
13289 6.964057080891279
13547 1.6003469407328483
13553 -0.37046075994419203
13825 2.7218435232345457
13867 2.175425996420148
14237 -0.6972483483041599
14507 1.8510151654371483
14558 2.476721065201561
14582 3.7026727762462723
14906 0.4013639403639497
15288 3.21432000833234
15332 -3.1046234602912404
