120
194 2.3099959159782544
241 1.6902419448493964
302 1.7153059135126125
327 4.40543819330772
512 2.0785287164224764
702 3.7796338173824005
743 5.206750173022546
744 3.3875917296063767
764 3.502002080784121
787 6.106995035972082
810 2.8396265588909295
862 4.689098584186156
927 4.157057432844953
1013 7.964112661190752
1015 5.206750173022546
1379 0.5370414658968836
2026 2.681021528714291
2027 2.7938170228596353
2060 3.1483620405405426
2201 4.071330023981388
2251 5.8998973535824915
2357 2.3747372985478017
2406 2.9209721983448818
2450 -0.6108568957036107
2484 2.629859749823839
2519 1.6902419448493964
3036 4.524622387712212
3091 6.305362461690656
3192 2.0190964507214755
3213 4.433560284789064
3404 4.93182029819469
3449 0.9823524825522477
3566 4.695924549256556
3635 3.155949285956631
3642 3.47214911763444
3774 1.7255100836868542
4076 3.4431615807611875
4156 3.086486636822455
4167 2.0712559570933964
4217 3.3096301881366648
4302 1.8000126109847754
4466 3.9539872045271784
4612 4.05407066308416
4838 1.4730567031188173
4852 1.258716730071367
4941 3.5645224377654547
4996 4.290459441148391
5065 2.735829765209286
5083 1.5735596247691985
5122 5.587634045719271
5181 2.288979440938267
5528 1.4378280112350734
5739 2.8876357780772897
5802 9.445086121621628
5928 4.919068100570765
6079 7.004004161568242
6140 2.211017899468555
6583 3.4517790046754495
6816 3.3875917296063767
6866 5.8998973535824915
6908 0.33537694625979814
7068 7.302484352348294
7104 -1.3269758333025843
7311 4.47267141490569
7462 3.884527673804586
7497 1.4028006446333317
7506 3.740413104229119
7569 1.0170954309961207
7578 0.5215372793609184
7731 2.001297368486486
7840 3.138328026592321
7841 6.305362461690656
7842 2.37353682896633
8731 2.0286963426746007
8886 1.3081501879265407
9092 8.919473854546355
9269 4.600614369452231
9393 1.060973437168175
9435 5.206750173022546
9531 1.67063347346102
9808 3.009525595686327
9856 14.757204301712296
10329 -0.21009069570959765
10431 0.7218661529089567
10868 -1.1121664368711084
11218 0.5720211847929105
11491 3.7490913256946845
11539 4.407241664217533
11684 5.8998973535824915
11704 3.1483620405405426
11769 1.6466515087745348
11840 3.3804838896987928
11945 1.9550845253313545
12022 0.40409618250082274
12047 2.883363161102127
12057 2.10066984229969
12357 6.5105877148449
12400 2.9209721983448818
12553 1.0715836162801904
12558 2.4446327506500602
12735 5.052599493195288
12968 3.047265923669174
13016 6.305362461690656
13087 9.83813620114153
13169 3.3349479961209547
13289 6.964057080891279
13547 1.6003469407328483
13553 -0.7409215198883841
13825 2.7218435232345457
13867 3.263138994630222
14143 4.05407066308416
14237 -1.3944966966083199
14435 2.3933394562625097
14507 1.8510151654371483
14558 2.476721065201561
14582 7.405345552492545
14906 0.4013639403639497
15288 3.21432000833234
15332 -4.656935190436861
15643 10.778143459633002
