239
194 5.389990470615927
209 1.7001922757025645
241 3.3804838896987928
302 1.7153059135126125
327 4.40543819330772
344 2.7790019370744945
512 6.235586149267429
530 2.66777630196427
646 2.219386149139072
698 4.22592092001082
702 3.7796338173824005
703 3.7026727762462723
743 5.206750173022546
744 3.3875917296063767
764 3.502002080784121
787 6.106995035972082
810 5.679253117781859
819 3.8204558119026557
862 4.689098584186156
927 4.157057432844953
1013 7.964112661190752
1015 5.206750173022546
1060 0.12433381283310307
1310 3.7796338173824005
1379 0.5370414658968836
1404 1.3708885285599641
1690 2.455214859980597
1750 1.1068654304248302
1968 4.165296298194385
1993 5.8998973535824915
2026 2.681021528714291
2027 2.7938170228596353
2060 3.1483620405405426
2201 4.071330023981388
2233 3.260840023967233
2240 1.65617539028579
2251 5.8998973535824915
2357 2.3747372985478017
2406 2.9209721983448818
2450 -1.832570687110832
2484 2.629859749823839
2519 1.6902419448493964
2597 2.1157077196642304
2674 1.0272478024601386
2862 1.4690805547391779
2935 0.6320391945191633
2968 3.4431615807611875
3036 9.049244775424423
3067 6.305362461690656
3090 3.047265923669174
3091 6.305362461690656
3192 3.028644676082213
3213 4.433560284789064
3249 2.750014400201242
3359 3.8630154263214513
3374 1.9680717208581657
3404 4.93182029819469
3449 1.9647049651044954
3489 3.884527673804586
3505 4.00277736869661
3566 4.695924549256556
3635 3.155949285956631
3642 3.47214911763444
3647 2.1081605140288473
3654 3.4431615807611875
3690 1.4972514317058743
3774 3.4510201673737084
3901 2.363780654020965
3982 1.0769312226067855
4014 5.206750173022546
4076 3.4431615807611875
4156 3.086486636822455
4167 2.0712559570933964
4211 5.052599493195288
4214 2.465910149097345
4217 3.3096301881366648
4298 2.9041650800285006
4302 1.8000126109847754
4341 2.6547042203969173
4381 2.0149030205422647
4466 3.9539872045271784
4562 3.3096301881366648
4608 1.4075226617397445
4612 4.05407066308416
4750 0.994658549464184
4838 1.4730567031188173
4852 3.7761501902141013
4862 3.047265923669174
4941 3.5645224377654547
4996 4.290459441148391
5039 2.735829765209286
5065 2.735829765209286
5083 1.5735596247691985
5122 5.587634045719271
5181 2.288979440938267
5272 3.597312260588446
5273 9.64296002499702
5426 4.8012850649143815
5427 4.290459441148391
5451 4.695924549256556
5518 1.5868635903955612
5525 3.3096301881366648
5528 1.4378280112350734
5541 4.290459441148391
5687 4.157057432844953
5739 2.8876357780772897
5802 12.59344816216217
5852 2.4876501357337513
5928 4.919068100570765
6057 3.8204558119026557
6079 7.004004161568242
6140 2.211017899468555
6235 1.2270685191205855
6335 2.476721065201561
6337 3.2373095265570386
6411 4.86832290156553
6414 3.1483620405405426
6433 0.5154022907934025
6583 4.314723755844312
6816 3.3875917296063767
6866 5.8998973535824915
6908 0.33537694625979814
7068 12.170807253913825
7104 -1.3269758333025843
7224 4.22592092001082
7232 4.433560284789064
7235 5.8998973535824915
7311 4.47267141490569
7418 3.1483620405405426
7462 5.8267915107068795
7490 3.414990703794491
7497 2.1042009669499975
7506 3.740413104229119
7534 1.242767428663689
7569 1.0170954309961207
7578 2.0861491174436737
7731 2.001297368486486
7840 4.707492039888481
7841 6.305362461690656
7842 2.37353682896633
7845 2.4237986637472186
7906 1.4339892349279078
8190 4.433560284789064
8560 11.224430562261421
8731 2.0286963426746007
8886 2.6163003758530814
8993 2.973157951515452
9092 8.919473854546355
9170 1.2232606457759125
9204 2.5098732725184614
9269 4.600614369452231
9357 4.00277736869661
9393 1.060973437168175
9435 5.206750173022546
9531 3.34126694692204
9589 2.6230685718215625
9765 1.7835738846416156
9808 3.009525595686327
9856 14.757204301712296
9866 4.919068100570765
9970 0.4837969513780714
10258 1.8000126109847754
10329 -0.4201813914191953
10431 0.7218661529089567
10670 3.086486636822455
10696 3.666305132075397
10713 3.5645224377654547
10749 1.1754637467675824
10868 -1.482888582494811
11218 0.5720211847929105
11305 2.0640357091199095
11491 3.7490913256946845
11494 6.9985096422506015
11539 8.814483328435067
11684 5.8998973535824915
11704 3.1483620405405426
11769 1.6466515087745348
11840 5.070725834548189
11881 2.70805020110221
11900 2.049749751872433
11908 1.5346778372249912
11945 1.9550845253313545
12022 0.40409618250082274
12033 5.042345655544789
12047 2.883363161102127
12049 2.5676928434072877
12057 2.10066984229969
12081 4.72756130804193
12231 4.359452312635343
12357 8.6807836197932
12400 2.9209721983448818
12553 1.0715836162801904
12558 2.4446327506500602
12674 1.5779746429783155
12735 5.052599493195288
12853 1.152070867192877
12873 10.413500346045092
12968 6.094531847338348
13016 6.305362461690656
13080 1.6246020367002147
13087 9.83813620114153
13169 3.3349479961209547
13267 5.052599493195288
13289 6.964057080891279
13547 1.6003469407328483
13553 -2.222764559665152
13672 1.5262389685791264
13718 1.3425178314307487
13759 5.910916748832102
13775 3.2849375755462935
13825 2.7218435232345457
13843 2.1782280766455644
13867 3.263138994630222
13919 3.597312260588446
13922 3.7972864288528054
14107 2.4237986637472186
14143 8.10814132616832
14191 4.8012850649143815
14237 -2.09174504491248
14309 3.0274254175198925
14431 1.034930298632155
14435 7.180018368787529
14470 3.7796338173824005
14507 5.553045496311444
14556 2.8876357780772897
14558 2.476721065201561
14582 7.405345552492545
14633 2.6547042203969173
14906 0.4013639403639497
15212 3.7796338173824005
15288 3.21432000833234
15329 5.8998973535824915
15332 -9.313870380873722
15348 2.10066984229969
15358 5.159338068908006
15424 3.6222476728196926
15643 10.778143459633002
15677 3.155949285956631
15771 0.023095714794649395
