324
3 3.0666840095262753
194 1.5399972773188362
208 5.8998973535824915
209 1.7001922757025645
241 1.6902419448493964
302 1.7153059135126125
356 2.591790394986348
358 5.8998973535824915
365 3.414990703794491
404 5.389071729816501
446 4.513602992462601
521 1.8986432144264027
530 2.66777630196427
630 5.206750173022546
657 2.0640357091199095
695 2.9911764570181303
703 3.7026727762462723
744 3.3875917296063767
787 4.071330023981388
798 5.389071729816501
800 2.434161450782765
827 5.206750173022546
862 2.344549292093078
927 2.0785287164224764
978 2.298029276458185
1013 2.6547042203969173
1379 0.5370414658968836
1637 4.600614369452231
1690 4.910429719961194
1692 2.1944885975173447
1750 2.2137308608496604
1850 3.0666840095262753
1884 1.9486536350010641
1999 3.5327737394508745
2027 5.587634045719271
2053 4.165296298194385
2064 1.5647876386963615
2070 2.9461134062376346
2087 2.8876357780772897
2090 5.8998973535824915
2096 10.778143459633002
2351 1.5647876386963615
2357 1.1873686492739008
2412 4.108137884354437
2450 -2.4434275828144427
2484 2.629859749823839
2584 5.206750173022546
2595 2.5211728277723946
2614 4.290459441148391
2657 3.3609234825242154
2661 5.206750173022546
2758 5.206750173022546
2818 5.8998973535824915
2861 4.919068100570765
2911 4.05407066308416
2925 3.4431615807611875
2940 1.6278716141229383
2968 3.4431615807611875
3028 5.8998973535824915
3030 5.389071729816501
3036 18.098489550848846
3054 4.513602992462601
3117 3.2373095265570386
3192 3.028644676082213
3213 4.433560284789064
3407 4.171709513029098
3449 4.911762412761239
3484 4.8012850649143815
3489 1.942263836902293
3561 5.389071729816501
3597 2.8876357780772897
3647 2.1081605140288473
3665 4.359452312635343
3690 1.4972514317058743
3691 7.405345552492545
3704 3.8630154263214513
3759 2.4033897921160112
3774 1.7255100836868542
3840 2.5961321377198296
3901 2.363780654020965
3906 2.973157951515452
3920 5.612215281130711
3982 3.2307936678203566
4081 6.213378688279949
4167 4.142511914186793
4223 2.1863252868781835
4230 2.0149030205422647
4261 2.262311193856106
4262 3.1698682457615064
4319 2.049749751872433
4329 5.389071729816501
4391 3.260840023967233
4493 5.612215281130711
4554 5.052599493195288
4608 1.4075226617397445
4616 1.8925641683500207
4636 2.955458374416051
4663 3.8630154263214513
4711 1.9296054400303697
4750 0.33155284982139466
4765 2.8300266669378042
4809 2.8088549002241754
4838 4.419170109356452
4852 1.258716730071367
4862 3.047265923669174
4938 3.4431615807611875
4996 4.290459441148391
5036 4.695924549256556
5039 2.735829765209286
5043 3.502002080784121
5065 2.735829765209286
5067 2.2278250177849364
5122 5.587634045719271
5222 5.389071729816501
5319 6.17297327364491
5339 1.1784267118982394
5427 4.290459441148391
5484 0.9464204733261844
5488 4.05407066308416
5525 3.3096301881366648
5528 2.875656022470147
5636 2.973157951515452
5802 3.1483620405405426
5809 2.363780654020965
5834 1.65617539028579
5895 2.4033897921160112
5902 4.05407066308416
6026 2.66777630196427
6057 3.8204558119026557
6066 5.206750173022546
6079 3.502002080784121
6088 1.2146844599208637
6295 5.8998973535824915
6328 3.8630154263214513
6335 2.476721065201561
6337 3.2373095265570386
6364 3.260840023967233
6411 4.86832290156553
6414 3.1483620405405426
6428 5.612215281130711
6433 0.5154022907934025
6447 1.2880826248757316
6548 2.0785287164224764
6583 2.588834253506587
6787 2.288979440938267
6816 3.3875917296063767
6819 1.7153059135126125
6908 0.33537694625979814
7068 4.86832290156553
7232 4.433560284789064
7235 5.8998973535824915
7311 2.236335707452845
7312 2.3163784151263815
7344 1.6325336272287498
7451 5.8998973535824915
7490 3.414990703794491
7497 2.1042009669499975
7578 1.5646118380827554
7634 4.359452312635343
7638 3.7026727762462723
7840 6.276656053184642
7842 9.49414731586532
7932 1.8745456628473423
7946 4.290459441148391
7962 5.206750173022546
7991 1.3149298749119196
8129 3.9539872045271784
8142 2.9041650800285006
8157 5.8998973535824915
8168 3.9492582428086496
8190 4.433560284789064
8216 4.00277736869661
8325 5.052599493195288
8439 1.4072724119651276
8478 3.502002080784121
8601 5.8998973535824915
8615 2.6944445490464313
8648 2.434161450782765
8672 2.8876357780772897
8698 5.8998973535824915
8839 5.612215281130711
8843 6.9985096422506015
8850 1.7153059135126125
8886 1.3081501879265407
9092 2.973157951515452
9094 5.8998973535824915
9106 1.0850066366123312
9127 4.22592092001082
9151 1.258716730071367
9170 3.0581516144397813
9269 4.600614369452231
9285 3.047265923669174
9393 1.060973437168175
9531 3.34126694692204
9554 1.271661894663404
9589 3.9346028577323438
9590 3.3096301881366648
9602 2.2800107709555064
9667 3.7796338173824005
9712 4.433560284789064
9765 1.7835738846416156
9770 6.9985096422506015
9806 4.513602992462601
9817 1.3183370332335338
9895 2.288979440938267
9933 5.389071729816501
9945 4.919068100570765
9956 6.94429823526888
10008 2.0568672196412967
10069 3.4431615807611875
10201 5.206750173022546
10209 4.290459441148391
10325 5.677692505050063
10326 0.5230769255465112
10329 -0.21009069570959765
10431 0.7218661529089567
10437 1.3672978604292356
10696 7.332610264150794
10713 3.5645224377654547
10749 1.1754637467675824
10751 0.7939518796819108
10868 -1.2975275096829597
10987 5.389071729816501
10990 3.597312260588446
11023 3.8642478746271944
11034 3.1916645207566434
11057 2.555858385760285
11077 6.305362461690656
11101 5.052599493195288
11102 0.6652300141109108
11154 4.433560284789064
11167 4.108137884354437
11218 0.5720211847929105
11251 6.305362461690656
11287 2.0286963426746007
11299 -0.5211827618659379
11334 1.994563336305142
11353 2.8088549002241754
11520 3.1066893441399746
11539 5.8763222189567115
11769 1.6466515087745348
11850 2.455214859980597
11870 3.5645224377654547
11900 2.049749751872433
11959 6.73475835343271
12022 1.2122885475024683
12033 2.5211728277723946
12047 5.766726322204254
12049 5.135385686814575
12057 2.10066984229969
12081 2.363780654020965
12263 2.579669034454003
12357 6.5105877148449
12375 3.260840023967233
12393 5.052599493195288
12404 1.485080896085619
12431 11.799794707164983
12553 1.0715836162801904
12781 4.997399943840672
12793 2.87137525720551
12833 0.9630282097258448
12904 3.4431615807611875
12921 3.740413104229119
12968 3.047265923669174
13020 5.8998973535824915
13029 1.6609715625492831
13080 1.6246020367002147
13104 3.2373095265570386
13106 4.670141096277068
13219 4.8012850649143815
13251 4.290459441148391
13289 3.4820285404456395
13346 5.808330160057001
13357 3.3875917296063767
13553 -1.4818430397767681
13681 2.498699971920336
13718 2.6850356628614973
13725 5.8998973535824915
13734 1.942263836902293
13740 4.359452312635343
13759 2.955458374416051
13867 5.43856499105037
13890 5.362043057428582
13921 2.1782280766455644
13922 1.8986432144264027
13976 4.108137884354437
14032 4.8012850649143815
14044 1.4611753752320646
14103 4.05407066308416
14126 6.305362461690656
14143 12.16221198925248
14168 2.9041650800285006
14180 4.165296298194385
14191 4.8012850649143815
14237 -1.3944966966083199
14267 -0.3823693933135151
14309 4.541138126279838
14430 3.3096301881366648
14486 2.6164830075767194
14507 3.7020303308742966
14556 2.8876357780772897
14582 3.7026727762462723
14620 2.15432255579201
14679 3.7796338173824005
14754 3.8204558119026557
14880 4.22592092001082
14906 0.4013639403639497
15019 4.8012850649143815
15084 5.8998973535824915
15087 3.7796338173824005
15288 3.21432000833234
15329 5.8998973535824915
15332 -13.970805571310581
15349 5.052599493195288
15358 2.579669034454003
15403 4.165296298194385
15411 4.8012850649143815
15424 1.8111238364098463
15518 1.880515829833846
15648 2.5676928434072877
15677 3.155949285956631
15685 0.8716404581364162
15702 2.8553749158590684
15708 2.9911764570181303
