223
194 0.7699986386594181
364 6.9985096422506015
500 2.1701959049483
521 1.8986432144264027
592 2.4446327506500602
662 6.9985096422506015
702 3.7796338173824005
1171 2.9209721983448818
1210 6.9985096422506015
1379 1.0740829317937672
1404 1.3708885285599641
1481 6.9985096422506015
1513 4.433560284789064
1616 5.8998973535824915
1685 6.474619053114077
1686 1.1549652252192415
1687 2.413542163580029
1691 4.108137884354437
1752 5.612215281130711
1820 3.3875917296063767
1889 3.414990703794491
1902 2.0149030205422647
1909 2.8876357780772897
1935 4.433560284789064
1968 4.165296298194385
1997 3.009525595686327
2036 1.9486536350010641
2049 2.37353682896633
2103 2.4446327506500602
2271 0.34178311807220957
2351 1.5647876386963615
2358 3.1273086313427103
2407 2.236335707452845
2450 -2.4434275828144427
2534 3.2373095265570386
2591 3.8630154263214513
2631 1.0646099862133587
2920 1.3590830570083334
3436 4.695924549256556
3484 4.8012850649143815
3506 5.743958697400005
3578 1.2031599740689096
3598 2.3332543299341686
3737 1.8055527913603908
3820 3.5780469788183606
3836 12.495888894583157
3837 5.052599493195288
3877 3.1698682457615064
4008 6.42864001666468
4012 6.305362461690656
4021 1.5054481989100525
4053 -0.07476007520910928
4214 2.465910149097345
4261 2.262311193856106
4276 6.9985096422506015
4286 2.130975191795019
4309 2.681021528714291
4405 1.3460204619819507
4410 5.052599493195288
4516 5.389071729816501
4592 3.0282177286984795
4646 1.8686109273275278
4750 0.6631056996427893
4765 1.4150133334689021
4809 2.8088549002241754
4857 8.285023828373586
4878 1.3672978604292356
4904 5.8998973535824915
4964 0.563963123463148
4978 6.9985096422506015
5006 3.086486636822455
5014 4.708237486218457
5020 3.21432000833234
5025 10.105198986390576
5101 3.414990703794491
5110 1.8452180477528222
5151 2.555858385760285
5156 2.211017899468555
5249 3.3096301881366648
5266 6.9985096422506015
5316 2.236335707452845
5318 3.1066893441399746
5339 1.1784267118982394
5581 3.0666840095262753
5683 17.699692060747473
5687 2.0785287164224764
5705 4.695924549256556
5719 6.9985096422506015
5737 3.740413104229119
5779 3.21432000833234
5929 3.3096301881366648
5930 20.210397972781152
5954 4.8012850649143815
6049 8.142660047962776
6059 6.9985096422506015
6123 2.288979440938267
6151 1.4075226617397445
6200 5.389071729816501
6250 1.7727629685373998
6305 7.907974409054357
6331 4.22592092001082
6360 3.21432000833234
6390 9.141797771007521
6467 2.2535775138873513
6576 3.666305132075397
6583 0.8629447511688624
6595 2.4237986637472186
6776 1.942263836902293
6816 10.16277518881913
6887 19.585204742278908
6898 2.162227735299123
6919 1.422560539104285
7104 -1.9904637499538764
7170 1.6186122887101415
7188 5.612215281130711
7197 1.730651483187273
7366 5.206750173022546
7425 4.513602992462601
7578 0.5215372793609184
7719 4.8012850649143815
7809 6.9985096422506015
7887 2.973157951515452
7936 4.359452312635343
7948 5.389071729816501
7968 3.047265923669174
7970 4.290459441148391
8041 7.194624521176892
8043 1.730651483187273
8096 5.813328791084155
8153 2.8396265588909295
8444 1.7890234894091803
8710 0.551203779709388
8723 3.052477937158253
8732 4.05407066308416
8784 2.146479378330984
9154 2.465910149097345
9284 3.9074671888922854
9292 2.5441623459970937
9354 7.640911623805311
9559 -0.16639788770994784
9649 11.224430562261421
9651 13.550366918425507
10025 4.513602992462601
10029 2.4237986637472186
10139 3.3875917296063767
10299 4.359452312635343
10326 0.5230769255465112
10329 -0.21009069570959765
10422 0.7087940713416041
10447 0.6099482367049713
10532 2.9209721983448818
10564 6.9985096422506015
10655 3.8204558119026557
10749 1.1754637467675824
10801 4.433560284789064
10906 8.142660047962776
10911 3.6312138122641273
10979 3.1066893441399746
11032 2.175425996420148
11089 2.309930450438483
11110 0.8102455191680114
11157 4.600614369452231
11218 0.5720211847929105
11287 2.0286963426746007
11299 -1.5635482855978138
11305 2.0640357091199095
11379 4.085365169298681
11570 2.3867493466682252
11803 6.9985096422506015
11816 1.9296054400303697
12022 0.40409618250082274
12034 4.662007760734267
12075 2.938066631704182
12078 1.3637200390813515
12093 1.6803896484063847
12095 3.502002080784121
12228 3.047265923669174
12383 1.2523064517104479
12404 2.970161792171238
12407 0.83519483821596
12539 16.836645843392134
12553 3.214750848840571
12610 7.271395991241656
12736 3.414990703794491
12803 1.3637200390813515
12853 1.152070867192877
13072 5.389071729816501
13077 3.047265923669174
13189 1.8745456628473423
13293 6.9985096422506015
13338 2.5211728277723946
13384 4.113734439282593
13527 6.149249255617299
13670 5.232966015153439
13710 7.262427624528255
13711 4.600614369452231
13767 2.6547042203969173
13843 2.1782280766455644
13867 1.087712998210074
13891 0.6065925288579992
14012 3.8630154263214513
14160 5.612215281130711
14208 2.3747372985478017
14237 -4.18349008982496
14267 -0.3823693933135151
14362 4.290459441148391
14588 6.235586149267429
14597 3.2849375755462935
14612 2.1863252868781835
14656 1.1405764877671418
14682 1.5431885268928998
15181 1.751485570090115
15259 1.3320829541381691
15332 -7.761558650728101
15338 4.290459441148391
15468 1.1549652252192415
15471 1.3881216796572402
15551 1.1578679848772029
15609 4.8012850649143815
15634 22.448861124522843
15731 2.9911764570181303
15735 2.938066631704182
15828 2.1862955883920616
