177
194 1.5399972773188362
251 6.9985096422506015
344 2.7790019370744945
365 3.414990703794491
446 4.513602992462601
739 6.9985096422506015
751 4.22592092001082
862 2.344549292093078
1013 2.6547042203969173
1533 4.108137884354437
1596 6.9985096422506015
1637 4.600614369452231
1686 1.1549652252192415
1730 6.9985096422506015
1750 3.320596291274491
1782 2.7218435232345457
1902 2.0149030205422647
1948 5.612215281130711
1968 4.165296298194385
2060 6.296724081081085
2331 3.6312138122641273
2334 0.7939518796819108
2357 2.3747372985478017
2450 -0.6108568957036107
2534 3.2373095265570386
2538 1.422560539104285
2570 6.9985096422506015
2639 2.6040604875781623
2674 3.081743407380416
2705 3.3315816979704644
2820 2.4446327506500602
2837 3.086486636822455
2920 0.6795415285041667
3036 2.262311193856106
3067 6.305362461690656
3110 2.8876357780772897
3117 3.2373095265570386
3143 4.438772298278144
3449 4.911762412761239
3450 5.389071729816501
3461 3.3609234825242154
3578 0.6015799870344548
3594 5.8998973535824915
3635 1.5779746429783155
3741 5.8998973535824915
3859 4.600614369452231
3985 2.5098732725184614
4014 5.206750173022546
4026 2.8876357780772897
4070 1.1068654304248302
4167 4.142511914186793
4211 5.052599493195288
4258 3.3096301881366648
4298 2.9041650800285006
4307 2.824122372354964
4319 2.049749751872433
4381 2.0149030205422647
4385 3.1273086313427103
4467 4.22592092001082
4573 18.702065521145595
4576 2.085854756514549
4711 1.9296054400303697
4750 0.33155284982139466
4838 1.4730567031188173
4852 2.517433460142734
4862 3.047265923669174
4912 1.9296054400303697
5082 6.9985096422506015
5528 7.189140056175367
5590 2.9066643955420775
5736 2.8088549002241754
5739 2.8876357780772897
5785 5.052599493195288
5802 3.1483620405405426
5809 7.091341962062895
5839 2.579669034454003
5895 2.4033897921160112
6060 3.7796338173824005
6228 1.2947271675944
6328 3.8630154263214513
6466 6.305362461690656
6536 4.05407066308416
6660 2.7938170228596353
6908 1.0061308387793944
7068 4.86832290156553
7104 -1.3269758333025843
7170 1.6186122887101415
7196 6.9985096422506015
7232 4.433560284789064
7310 4.513602992462601
7497 0.7014003223166658
7534 1.242767428663689
7569 2.0341908619922413
7840 3.138328026592321
7892 1.5517722705842913
8060 3.9539872045271784
8439 0.4690908039883759
8736 1.1933746733341126
8822 4.560021541911013
8870 3.7026727762462723
8904 2.1863252868781835
8978 1.6140145794615122
9095 4.513602992462601
9154 2.465910149097345
9170 1.2232606457759125
9177 4.359452312635343
9269 4.600614369452231
9355 2.1782280766455644
9365 1.4972514317058743
9429 3.3609234825242154
9537 0.6546292081242703
9589 2.6230685718215625
9821 4.600614369452231
9872 4.165296298194385
10031 4.997399943840672
10326 1.0461538510930224
10329 -0.4201813914191953
10437 1.3672978604292356
10487 1.981229805435677
10696 3.666305132075397
10713 7.1290448755309095
10749 1.1754637467675824
10785 8.00555473739322
10868 -1.6682496553066624
11102 0.6652300141109108
11132 3.7796338173824005
11256 5.612215281130711
11353 2.8088549002241754
11491 1.8745456628473423
11539 2.9381611094783557
11769 1.6466515087745348
11784 3.47214911763444
12047 5.766726322204254
12057 6.30200952689907
12273 3.7026727762462723
12357 6.5105877148449
12400 2.9209721983448818
12553 1.0715836162801904
12853 1.152070867192877
12873 5.206750173022546
13088 2.7790019370744945
13119 6.9985096422506015
13149 8.00555473739322
13204 5.612215281130711
13390 2.236335707452845
13391 3.740413104229119
13530 7.907974409054357
13553 -1.8523037997209602
13637 4.108137884354437
13759 5.910916748832102
13761 2.6040604875781623
13921 2.1782280766455644
13922 1.8986432144264027
14085 3.1698682457615064
14115 2.973157951515452
14237 -1.3944966966083199
14242 2.5326015235960173
14267 -0.7647387866270302
14309 3.0274254175198925
14435 2.3933394562625097
14472 4.513602992462601
14507 1.8510151654371483
14523 2.8553749158590684
14556 2.8876357780772897
14558 12.383605326007805
15037 2.3163784151263815
15039 4.513602992462601
15049 5.389071729816501
15085 17.699692060747473
15121 1.5868635903955612
15129 2.8876357780772897
15187 1.994563336305142
15332 -7.761558650728101
15348 2.10066984229969
15677 1.5779746429783155
15708 2.9911764570181303
15771 0.023095714794649395
