392
3 3.0666840095262753
194 7.699986386594181
208 5.8998973535824915
209 1.7001922757025645
241 5.070725834548189
302 1.7153059135126125
318 4.919068100570765
344 2.7790019370744945
356 2.591790394986348
358 5.8998973535824915
365 6.829981407588982
404 5.389071729816501
446 4.513602992462601
521 5.695929643279208
630 5.206750173022546
656 10.413500346045092
657 4.128071418239819
695 2.9911764570181303
744 6.775183459212753
787 4.071330023981388
798 5.389071729816501
800 2.434161450782765
808 6.305362461690656
810 2.8396265588909295
827 5.206750173022546
862 4.689098584186156
927 2.0785287164224764
978 2.298029276458185
1013 2.6547042203969173
1060 0.24866762566620615
1171 2.9209721983448818
1306 6.305362461690656
1379 0.5370414658968836
1507 3.8630154263214513
1513 4.433560284789064
1624 7.405345552492545
1690 4.910429719961194
1692 2.1944885975173447
1850 3.0666840095262753
1884 1.9486536350010641
1896 1.7835738846416156
1929 4.216321028057695
1999 3.5327737394508745
2017 3.3875917296063767
2027 5.587634045719271
2053 4.165296298194385
2064 3.129575277392723
2070 4.419170109356452
2087 2.8876357780772897
2090 5.8998973535824915
2096 5.389071729816501
2201 4.071330023981388
2233 3.260840023967233
2291 3.5327737394508745
2340 4.695924549256556
2351 1.5647876386963615
2357 1.1873686492739008
2407 2.236335707452845
2412 4.108137884354437
2424 2.219386149139072
2450 -1.832570687110832
2452 2.1782280766455644
2484 3.944789624735759
2584 5.206750173022546
2595 2.5211728277723946
2614 8.580918882296782
2657 3.3609234825242154
2661 5.206750173022546
2705 1.6657908489852322
2735 3.9074671888922854
2758 5.206750173022546
2818 5.8998973535824915
2861 9.83813620114153
2862 1.4690805547391779
2911 4.05407066308416
2925 3.4431615807611875
2935 1.2640783890383267
3028 5.8998973535824915
3030 5.389071729816501
3036 24.885423132417163
3054 9.027205984925201
3117 3.2373095265570386
3192 2.0190964507214755
3365 5.8998973535824915
3449 3.929409930208991
3484 4.8012850649143815
3489 5.8267915107068795
3597 2.8876357780772897
3665 4.359452312635343
3691 7.405345552492545
3704 3.8630154263214513
3759 2.4033897921160112
3774 1.7255100836868542
3807 2.3256808077886952
3825 3.3609234825242154
3840 3.8941982065797447
3896 2.807596525297524
3901 7.091341962062895
3906 2.973157951515452
3914 4.919068100570765
3920 5.612215281130711
3982 3.2307936678203566
4047 3.8630154263214513
4167 2.0712559570933964
4208 1.5220460903190904
4223 2.1863252868781835
4230 2.0149030205422647
4261 2.262311193856106
4262 3.1698682457615064
4309 5.362043057428582
4319 2.049749751872433
4326 3.9539872045271784
4329 5.389071729816501
4391 3.260840023967233
4412 3.086486636822455
4493 5.612215281130711
4507 2.298029276458185
4554 5.052599493195288
4636 2.955458374416051
4646 1.8686109273275278
4663 3.8630154263214513
4668 3.3609234825242154
4750 0.6631056996427893
4765 2.8300266669378042
4838 5.892226812475269
4852 2.517433460142734
4862 3.047265923669174
4886 3.009525595686327
4938 3.4431615807611875
4996 4.290459441148391
5017 3.260840023967233
5036 4.695924549256556
5043 3.502002080784121
5065 2.735829765209286
5067 2.2278250177849364
5083 1.5735596247691985
5122 5.587634045719271
5181 2.288979440938267
5222 5.389071729816501
5319 6.17297327364491
5342 3.6312138122641273
5484 0.9464204733261844
5528 4.313484033705221
5590 1.4533321977710387
5687 2.0785287164224764
5802 6.296724081081085
5852 2.4876501357337513
5895 2.4033897921160112
5968 5.8998973535824915
5973 1.4770487243883548
5983 1.9878743481543455
6026 2.66777630196427
6066 5.206750173022546
6079 3.502002080784121
6088 1.2146844599208637
6151 1.4075226617397445
6189 4.919068100570765
6219 4.59605855291637
6235 1.2270685191205855
6250 1.7727629685373998
6295 5.8998973535824915
6328 3.8630154263214513
6402 1.4112609838503516
6411 7.302484352348294
6428 5.612215281130711
6433 1.030804581586805
6447 3.8642478746271944
6548 4.157057432844953
6553 7.640911623805311
6583 2.588834253506587
6633 2.8088549002241754
6787 2.288979440938267
6801 4.433560284789064
6816 6.775183459212753
6819 3.430611827025225
6908 1.3415077850391925
7068 12.170807253913825
7104 -0.6634879166512921
7226 5.389071729816501
7232 4.433560284789064
7311 2.236335707452845
7344 1.6325336272287498
7418 3.1483620405405426
7443 4.359452312635343
7451 5.8998973535824915
7490 6.829981407588982
7497 2.1042009669499975
7552 1.9486536350010641
7569 2.0341908619922413
7578 0.5215372793609184
7813 1.0145733615634107
7840 9.414984079776962
7842 16.61475780276431
7906 1.4339892349279078
7932 1.8745456628473423
7946 4.290459441148391
7991 1.3149298749119196
8157 5.8998973535824915
8168 3.9492582428086496
8216 4.00277736869661
8412 5.612215281130711
8439 1.4072724119651276
8457 4.600614369452231
8478 3.502002080784121
8551 5.8998973535824915
8601 5.8998973535824915
8615 2.6944445490464313
8648 2.434161450782765
8672 2.8876357780772897
8698 5.8998973535824915
8710 0.551203779709388
8741 3.086486636822455
8839 5.612215281130711
9017 4.00277736869661
9080 5.389071729816501
9092 2.973157951515452
9094 5.8998973535824915
9105 14.757204301712296
9106 1.0850066366123312
9127 4.22592092001082
9151 2.517433460142734
9170 1.8348909686638688
9204 2.5098732725184614
9269 4.600614369452231
9285 3.047265923669174
9292 2.5441623459970937
9365 1.4972514317058743
9374 5.8998973535824915
9393 1.060973437168175
9531 5.01190042038306
9554 1.271661894663404
9589 7.8692057154646875
9590 3.3096301881366648
9602 2.2800107709555064
9667 3.7796338173824005
9709 1.082307579643166
9711 1.8686109273275278
9712 4.433560284789064
9765 1.7835738846416156
9791 4.689098584186156
9806 4.513602992462601
9817 1.3183370332335338
9895 2.288979440938267
9933 5.389071729816501
9945 4.919068100570765
9956 6.94429823526888
9970 0.4837969513780714
9983 3.1066893441399746
10008 2.0568672196412967
10069 3.4431615807611875
10201 5.206750173022546
10202 2.591790394986348
10209 4.290459441148391
10217 2.15432255579201
10258 3.6000252219695508
10325 9.462820841750103
10329 -0.8403627828383906
10422 1.4175881426832082
10431 0.7218661529089567
10437 1.3672978604292356
10477 4.05407066308416
10696 3.666305132075397
10713 7.1290448755309095
10749 1.1754637467675824
10751 0.7939518796819108
10753 2.7790019370744945
10785 12.008332106089831
10868 -1.2975275096829597
10954 6.9985096422506015
10987 5.389071729816501
10990 3.597312260588446
11023 2.576165249751463
11034 1.5958322603783217
11057 2.555858385760285
11102 0.6652300141109108
11106 2.021775899830027
11154 4.433560284789064
11167 4.108137884354437
11168 1.2781978656431896
11209 3.666305132075397
11218 0.5720211847929105
11287 2.0286963426746007
11299 -0.5211827618659379
11322 3.4431615807611875
11334 3.989126672610284
11353 2.8088549002241754
11491 1.8745456628473423
11493 5.206750173022546
11520 3.1066893441399746
11524 1.5178707189086098
11539 11.752644437913423
11769 3.2933030175490696
11840 1.6902419448493964
11850 2.455214859980597
11870 3.5645224377654547
11900 2.049749751872433
11938 4.919068100570765
11959 6.73475835343271
11961 3.3096301881366648
11969 0.7582337970798316
12022 1.616384730003291
12033 2.5211728277723946
12047 8.650089483306381
12049 7.7030785302218625
12057 2.10066984229969
12081 2.363780654020965
12241 2.579669034454003
12357 10.8509795247415
12375 3.260840023967233
12393 5.052599493195288
12400 2.9209721983448818
12404 1.485080896085619
12455 -0.2152586658680402
12553 1.0715836162801904
12674 3.155949285956631
12781 4.997399943840672
12793 2.87137525720551
12833 0.9630282097258448
12853 2.304141734385754
12921 3.740413104229119
12960 3.1918471524802814
12968 3.047265923669174
13020 5.8998973535824915
13021 3.6312138122641273
13029 1.6609715625492831
13080 2.436903055050322
13097 5.206750173022546
13104 3.2373095265570386
13106 7.005211644415603
13208 1.3115342859107813
13219 4.8012850649143815
13251 4.290459441148391
13289 5.223042810668459
13346 5.808330160057001
13357 3.3875917296063767
13384 2.0568672196412967
13412 2.5098732725184614
13508 1.7255100836868542
13553 -1.8523037997209602
13667 3.9539872045271784
13718 2.6850356628614973
13722 3.5327737394508745
13734 1.942263836902293
13740 4.359452312635343
13839 4.22592092001082
13867 5.43856499105037
13890 5.362043057428582
13921 4.356456153291129
13922 1.8986432144264027
13976 4.108137884354437
14032 4.8012850649143815
14044 1.4611753752320646
14103 4.05407066308416
14143 8.10814132616832
14168 5.808330160057001
14180 4.165296298194385
14237 -4.18349008982496
14309 4.541138126279838
14381 0.2288676653980985
14420 5.8998973535824915
14430 3.3096301881366648
14435 9.573357825050039
14463 1.67063347346102
14470 3.7796338173824005
14486 2.6164830075767194
14498 3.0282177286984795
14507 3.7020303308742966
14556 2.8876357780772897
14558 2.476721065201561
14582 3.7026727762462723
14620 4.30864511158402
14679 3.7796338173824005
14855 5.612215281130711
14880 4.22592092001082
14906 0.4013639403639497
14955 5.389071729816501
15084 5.8998973535824915
15087 7.559267634764801
15163 5.389071729816501
15187 3.989126672610284
15288 3.21432000833234
15332 -32.598546333058025
15349 5.052599493195288
15424 1.8111238364098463
15446 3.5327737394508745
15518 1.880515829833846
15597 3.5327737394508745
15677 3.155949285956631
15685 0.8716404581364162
15701 6.9985096422506015
15702 2.8553749158590684
15708 2.9911764570181303
