166
174 1.6232312345664361
194 4.619991831956509
209 3.400384551405129
279 2.6418008155610093
302 1.7153059135126125
521 1.8986432144264027
530 2.66777630196427
607 2.5211728277723946
657 2.0640357091199095
683 3.3609234825242154
800 4.86832290156553
1938 2.66777630196427
2027 2.7938170228596353
2060 3.1483620405405426
2064 1.5647876386963615
2233 3.260840023967233
2296 4.290459441148391
2450 -4.8868551656288854
2519 5.070725834548189
2595 2.5211728277723946
2874 3.047265923669174
2920 0.6795415285041667
2973 19.67627240228306
3036 9.049244775424423
3071 10.778143459633002
3230 2.8876357780772897
3489 3.884527673804586
3635 1.5779746429783155
3700 1.2947271675944
3898 6.094531847338348
3901 7.091341962062895
3982 2.153862445213571
4097 2.955458374416051
4217 3.3096301881366648
4300 6.9985096422506015
4319 2.049749751872433
4573 3.740413104229119
4663 3.8630154263214513
4750 0.994658549464184
4809 2.8088549002241754
4838 1.4730567031188173
4846 2.021775899830027
4852 2.517433460142734
4876 2.2449194511442365
4967 10.778143459633002
5028 5.052599493195288
5043 3.502002080784121
5083 3.147119249538397
5154 2.4446327506500602
5309 5.065203047192035
5394 4.919068100570765
5409 3.502002080784121
5528 1.4378280112350734
5590 2.9066643955420775
5687 2.0785287164224764
5701 4.919068100570765
5743 6.305362461690656
5809 2.363780654020965
5973 1.4770487243883548
6064 2.138697237888929
6228 1.2947271675944
6273 6.9985096422506015
6411 4.86832290156553
6518 4.695924549256556
6576 3.666305132075397
6583 0.8629447511688624
6728 6.9985096422506015
6754 1.2024518914852294
6819 1.7153059135126125
6908 0.6707538925195963
7104 -1.9904637499538764
7224 4.22592092001082
7462 1.942263836902293
7497 0.7014003223166658
7534 1.242767428663689
7552 5.845960905003192
7569 2.0341908619922413
7633 1.8745456628473423
7650 2.1081605140288473
7840 3.138328026592321
7842 9.49414731586532
7906 4.301967704783723
7907 2.6418008155610093
8217 6.9985096422506015
8262 2.0712559570933964
8591 6.9985096422506015
8736 1.1933746733341126
8741 3.086486636822455
8756 6.9985096422506015
8838 4.513602992462601
8886 1.3081501879265407
9110 2.035665011990694
9127 4.22592092001082
9170 1.2232606457759125
9355 6.534684229936693
9487 5.052599493195288
9674 3.6312138122641273
10154 3.3609234825242154
10258 1.8000126109847754
10329 -0.4201813914191953
10422 1.4175881426832082
10431 1.4437323058179135
10432 5.052599493195288
10437 2.7345957208584712
10868 -0.7414442912474055
10884 7.004004161568242
11270 4.05407066308416
11344 3.1483620405405426
11461 2.146479378330984
11491 5.623636988542026
11539 7.34540277369589
11681 22.448861124522843
11769 1.6466515087745348
11959 4.489838902288473
12022 0.8081923650016455
12047 4.3250447416531905
12122 1.1963912668735384
12216 2.87137525720551
12357 4.3403918098966
12400 5.8419443966897635
12455 -1.076293329340201
12547 10.778143459633002
12595 2.344549292093078
12781 2.498699971920336
12820 3.3349479961209547
12960 3.1918471524802814
13080 0.8123010183501074
13146 5.8998973535824915
13169 3.3349479961209547
13289 1.7410142702228197
13586 5.612215281130711
13681 2.498699971920336
13715 4.05407066308416
13843 2.1782280766455644
13907 9.027205984925201
13908 4.290459441148391
13921 4.356456153291129
13922 9.493216072132014
14104 1.710242611556066
14191 4.8012850649143815
14237 -3.4862417415207996
14267 -0.3823693933135151
14308 2.0640357091199095
14309 1.5137127087599462
14416 0.7739512129752414
14435 2.3933394562625097
14449 3.21432000833234
14463 3.34126694692204
14490 3.3096301881366648
14507 3.7020303308742966
14523 2.8553749158590684
14558 2.476721065201561
14561 6.9985096422506015
14571 3.2373095265570386
14588 2.0785287164224764
14620 2.15432255579201
14805 4.22592092001082
15041 6.9985096422506015
15121 1.5868635903955612
15332 -4.656935190436861
15424 5.433371509229539
15518 3.761031659667692
15677 3.155949285956631
15702 2.8553749158590684
15771 0.023095714794649395
15861 3.597312260588446
