21
866 4.40543819330772
868 2.0286963426746007
2033 3.3706073264176277
2320 2.973157951515452
2524 4.108137884354437
2669 1.8223599096767722
2705 1.6657908489852322
3132 3.2373095265570386
3812 2.2535775138873513
4031 2.555858385760285
4650 4.695924549256556
4912 1.9296054400303697
6572 4.695924549256556
6941 2.1782280766455644
10431 0.7218661529089567
12850 3.502002080784121
13153 2.2278250177849364
13867 1.087712998210074
14165 2.8088549002241754
14403 2.4446327506500602
15651 1.1377234187847354
