289
194 0.7699986386594181
365 3.414990703794491
512 2.0785287164224764
639 5.8998973535824915
822 4.05407066308416
1060 0.12433381283310307
1094 2.335070548138534
1134 5.8998973535824915
1250 5.8998973535824915
1379 1.0740829317937672
1404 1.3708885285599641
1556 6.305362461690656
1624 3.7026727762462723
1685 3.2373095265570386
1686 1.1549652252192415
1690 2.455214859980597
1750 1.1068654304248302
1772 5.052599493195288
1850 9.200052028578826
1933 4.05407066308416
2026 2.681021528714291
2032 17.699692060747473
2049 2.37353682896633
2064 1.5647876386963615
2201 2.035665011990694
2296 12.871378323445173
2334 0.7939518796819108
2357 1.1873686492739008
2358 3.1273086313427103
2404 4.165296298194385
2519 3.3804838896987928
2538 1.422560539104285
2813 4.108137884354437
2892 6.9985096422506015
2908 12.871378323445173
2920 1.3590830570083334
2939 5.612215281130711
2940 4.883614842368815
2943 3.4431615807611875
3088 5.8998973535824915
3107 12.610724923381312
3150 3.5327737394508745
3154 6.9985096422506015
3192 2.0190964507214755
3321 6.305362461690656
3342 5.389071729816501
3374 3.9361434417163315
3404 2.465910149097345
3407 6.257564269543647
3461 3.3609234825242154
3471 4.8012850649143815
3489 1.942263836902293
3578 1.2031599740689096
3736 3.086486636822455
3741 5.8998973535824915
3982 1.0769312226067855
3997 5.389071729816501
4167 4.142511914186793
4298 2.9041650800285006
4522 0.2603571476546441
4562 3.3096301881366648
4573 3.740413104229119
4612 4.05407066308416
4703 5.8998973535824915
4711 3.8592108800607394
4719 6.9985096422506015
4750 0.6631056996427893
4794 7.262427624528255
4838 2.9461134062376346
4941 10.693567313296365
5083 3.147119249538397
5111 12.85728003332936
5116 1.961557039836972
5166 4.695924549256556
5309 40.52162437753628
5475 12.610724923381312
5498 4.108137884354437
5528 5.751312044940294
5563 3.1066893441399746
5636 2.973157951515452
5809 2.363780654020965
5847 5.8998973535824915
6022 6.305362461690656
6043 1.5913378707904824
6066 5.206750173022546
6078 2.555858385760285
6079 3.502002080784121
6088 1.2146844599208637
6123 2.288979440938267
6169 2.4033897921160112
6219 2.298029276458185
6228 1.2947271675944
6237 5.389071729816501
6242 2.9041650800285006
6321 6.9985096422506015
6328 3.8630154263214513
6360 3.21432000833234
6364 3.260840023967233
6437 6.9985096422506015
6446 6.305362461690656
6583 0.8629447511688624
6609 3.1918471524802814
6729 2.1944885975173447
6764 6.9985096422506015
6790 6.9985096422506015
6816 3.3875917296063767
6819 3.430611827025225
6876 5.206750173022546
6949 5.206750173022546
6959 4.165296298194385
6998 4.8012850649143815
7019 2.130975191795019
7170 6.474449154840566
7178 5.8998973535824915
7255 3.9074671888922854
7286 1.4112609838503516
7325 5.617709800448351
7487 1.8167260919585162
7497 2.1042009669499975
7534 1.242767428663689
7552 7.794614540004257
7569 3.0512862929883617
7578 2.0861491174436737
7588 5.052599493195288
7614 5.135385686814575
7634 4.359452312635343
7638 3.7026727762462723
7645 5.612215281130711
7650 6.3244815420865415
7717 6.9985096422506015
7805 4.600614369452231
7840 1.5691640132961604
7892 1.5517722705842913
7949 2.5441623459970937
7954 4.22592092001082
8107 5.206750173022546
8150 4.433560284789064
8190 8.867120569578129
8242 4.071330023981388
8473 5.389071729816501
8475 6.9985096422506015
8593 4.165296298194385
8643 2.001297368486486
8741 15.432433184112275
8822 2.2800107709555064
8823 6.213378688279949
8842 5.389071729816501
8869 2.1782280766455644
8886 1.3081501879265407
8928 2.6710983242293107
8983 4.22592092001082
9044 15.452061705285805
9060 9.201228738904462
9100 6.9985096422506015
9119 5.389071729816501
9122 2.7489842721265254
9127 4.22592092001082
9137 46.95924549256556
9151 3.7761501902141013
9154 2.465910149097345
9355 2.1782280766455644
9393 1.060973437168175
9481 1.7727629685373998
9537 1.3092584162485406
9765 1.7835738846416156
9791 11.72274646046539
9811 3.9074671888922854
9817 1.3183370332335338
10050 5.612215281130711
10141 6.9985096422506015
10302 2.6290617897835795
10310 4.695924549256556
10315 6.9985096422506015
10393 1.9746291214043248
10422 5.670352570732833
10432 5.052599493195288
10437 1.3672978604292356
10501 12.610724923381312
10640 6.9985096422506015
10749 1.1754637467675824
10770 2.4876501357337513
10791 4.05407066308416
10851 5.612215281130711
10868 -0.18536107281185138
10884 3.502002080784121
10889 3.086486636822455
10972 5.389071729816501
10990 3.597312260588446
11165 2.1863252868781835
11210 3.21432000833234
11287 2.0286963426746007
11524 1.5178707189086098
11539 1.4690805547391779
11672 6.9985096422506015
11676 5.612215281130711
11769 6.586606035098139
11784 3.47214911763444
11794 5.206750173022546
11977 3.7026727762462723
11984 2.4237986637472186
12017 8.33059259638877
12047 1.4416815805510634
12057 2.10066984229969
12068 4.600614369452231
12116 6.9985096422506015
12186 4.108137884354437
12312 2.7938170228596353
12357 6.5105877148449
12375 3.260840023967233
12400 2.9209721983448818
12448 6.9985096422506015
12473 6.9985096422506015
12558 4.8892655013001205
12575 6.9985096422506015
12583 5.389071729816501
12621 4.290459441148391
12660 2.035665011990694
12674 1.5779746429783155
12833 0.9630282097258448
12900 4.165296298194385
12942 3.9539872045271784
12945 6.305362461690656
12968 3.047265923669174
12987 5.8998973535824915
13029 1.6609715625492831
13080 2.436903055050322
13094 3.1918471524802814
13098 19.205140259657526
13149 4.00277736869661
13197 3.2849375755462935
13208 2.6230685718215625
13286 17.699692060747473
13289 8.705071351114098
13319 3.6111055827207816
13369 7.814934377784571
13429 6.9985096422506015
13650 6.9985096422506015
13664 5.206750173022546
13681 2.498699971920336
13724 4.433560284789064
13750 2.162227735299123
13760 3.7796338173824005
13867 4.350851992840296
13890 2.681021528714291
13907 13.540808977387801
13908 8.580918882296782
13909 5.8998973535824915
13913 2.8396265588909295
13958 5.206750173022546
14007 6.9985096422506015
14029 4.600614369452231
14104 1.710242611556066
14199 6.305362461690656
14237 -3.4862417415207996
14267 -1.5294775732540604
14274 6.305362461690656
14308 2.0640357091199095
14361 5.8998973535824915
14381 0.2288676653980985
14391 6.9985096422506015
14392 3.7796338173824005
14431 2.06986059726431
14450 8.33059259638877
14472 4.513602992462601
14490 3.3096301881366648
14527 2.938066631704182
14558 4.953442130403122
14582 3.7026727762462723
14588 4.157057432844953
14592 6.9985096422506015
14682 1.5431885268928998
15039 4.513602992462601
15187 3.989126672610284
15270 5.389071729816501
15288 3.21432000833234
15302 6.721846965048431
15332 -20.18005249189306
15341 3.1838965002507154
15363 2.555858385760285
15415 5.648244744709928
15424 1.8111238364098463
15514 5.612215281130711
15618 6.305362461690656
15648 7.7030785302218625
15672 0.7275212103923018
15694 8.814199895112546
15708 2.9911764570181303
15771 0.023095714794649395
15814 2.262311193856106
