131
174 3.2464624691328723
194 0.7699986386594181
551 3.9074671888922854
610 6.9985096422506015
680 4.433560284789064
743 5.206750173022546
862 2.344549292093078
1822 4.766778250818684
1839 2.093234863812172
2064 1.5647876386963615
2201 6.106995035972082
2240 3.31235078057158
2357 1.1873686492739008
2450 -1.832570687110832
2519 1.6902419448493964
2538 1.422560539104285
2619 6.9985096422506015
2964 0.900435360084361
3036 4.524622387712212
3090 3.047265923669174
3192 1.0095482253607377
3205 3.1273086313427103
3380 7.062356229327685
3449 1.9647049651044954
3578 0.6015799870344548
3863 6.9985096422506015
3896 1.403798262648762
3982 2.153862445213571
4026 2.8876357780772897
4063 4.433560284789064
4750 1.3262113992855786
4765 1.4150133334689021
4852 1.258716730071367
4862 3.047265923669174
4956 2.413542163580029
4992 3.260840023967233
5528 2.875656022470147
5973 2.9540974487767095
6088 1.2146844599208637
6123 2.288979440938267
6205 2.955458374416051
6228 1.2947271675944
6235 1.2270685191205855
6328 3.8630154263214513
6364 6.521680047934466
6411 2.434161450782765
6819 1.7153059135126125
6820 10.413500346045092
6972 3.9539872045271784
7001 4.290459441148391
7104 -0.6634879166512921
7197 1.730651483187273
7312 2.3163784151263815
7497 0.7014003223166658
7534 1.242767428663689
7536 6.9985096422506015
7552 3.8973072700021283
7569 1.0170954309961207
7731 2.001297368486486
7840 4.707492039888481
7842 2.37353682896633
7962 5.206750173022546
8444 3.5780469788183606
8643 2.001297368486486
8660 1.675499663112193
8736 1.1933746733341126
8816 3.4510201673737084
8869 2.1782280766455644
8880 1.67063347346102
8886 2.6163003758530814
8904 2.1863252868781835
8928 1.3355491621146554
8978 3.2280291589230243
9110 2.035665011990694
9170 0.6116303228879563
9297 5.389071729816501
10258 1.8000126109847754
10421 12.610724923381312
10422 0.7087940713416041
10561 1.6003469407328483
10569 6.9985096422506015
10610 3.6312138122641273
10734 2.735829765209286
10868 -0.7414442912474055
11025 6.9985096422506015
11080 3.8630154263214513
11102 0.6652300141109108
11491 1.8745456628473423
11539 1.4690805547391779
11785 1.9680717208581657
11825 2.9041650800285006
11969 0.7582337970798316
12022 0.40409618250082274
12047 2.883363161102127
12049 5.135385686814575
12175 5.910916748832102
12357 2.1701959049483
12455 -0.4305173317360804
12558 7.333898251950181
12674 3.155949285956631
12955 4.290459441148391
13106 2.335070548138534
13219 4.8012850649143815
13270 5.612215281130711
13391 3.740413104229119
13499 4.108137884354437
13612 6.305362461690656
13825 2.7218435232345457
13890 2.681021528714291
13921 2.1782280766455644
13922 3.7972864288528054
14104 3.420485223112132
14237 -4.18349008982496
14267 -2.6765857531946056
14309 3.0274254175198925
14381 0.2288676653980985
14416 1.5479024259504828
14463 1.67063347346102
14523 5.710749831718137
14558 2.476721065201561
14682 3.0863770537857995
14766 6.305362461690656
14924 6.305362461690656
15332 -7.761558650728101
15341 0.7959741250626788
15363 2.555858385760285
15424 1.8111238364098463
15456 3.1273086313427103
15650 2.130975191795019
15672 0.7275212103923018
15677 1.5779746429783155
