128
194 1.5399972773188362
365 3.414990703794491
521 1.8986432144264027
630 5.206750173022546
730 2.298029276458185
743 5.206750173022546
862 2.344549292093078
927 2.0785287164224764
1013 2.6547042203969173
2017 10.16277518881913
2027 2.7938170228596353
2070 1.4730567031188173
2201 6.106995035972082
2221 6.056435457396959
2406 2.9209721983448818
2450 -2.4434275828144427
2484 2.629859749823839
2513 1.8280256472124494
2538 1.422560539104285
2705 3.3315816979704644
2964 1.800870720168722
2977 3.47214911763444
3035 6.9985096422506015
3449 0.9823524825522477
3690 1.4972514317058743
4230 4.029806041084529
4298 2.9041650800285006
4405 1.3460204619819507
4600 5.612215281130711
4663 3.8630154263214513
4750 0.6631056996427893
4765 2.8300266669378042
4840 2.938066631704182
5029 3.2373095265570386
5039 2.735829765209286
5065 5.471659530418572
5116 1.961557039836972
5181 2.288979440938267
5528 1.4378280112350734
5590 2.9066643955420775
5628 5.389071729816501
5666 3.47214911763444
6005 3.666305132075397
6060 3.7796338173824005
6088 1.2146844599208637
6114 7.726030852642903
6235 3.681205557361756
6250 1.7727629685373998
6721 2.383389125409342
6872 1.3047775034479017
7036 5.389071729816501
7226 5.389071729816501
7462 1.942263836902293
7497 1.4028006446333317
7534 3.7283022859910666
7552 1.9486536350010641
7578 0.5215372793609184
7591 2.0426825846493406
7840 3.138328026592321
7907 2.6418008155610093
7932 1.8745456628473423
8439 0.4690908039883759
8660 1.675499663112193
8880 1.67063347346102
8886 1.3081501879265407
9092 5.946315903030904
9106 1.0850066366123312
9151 1.258716730071367
9170 1.8348909686638688
9276 2.6944445490464313
9554 1.271661894663404
9765 1.7835738846416156
9811 3.9074671888922854
10001 4.128071418239819
10329 -0.21009069570959765
10422 0.7087940713416041
10431 0.7218661529089567
10541 6.9985096422506015
10561 1.6003469407328483
10659 3.4431615807611875
10791 4.05407066308416
10868 -0.7414442912474055
10990 3.597312260588446
11168 1.2781978656431896
11539 5.8763222189567115
11580 2.5441623459970937
11769 1.6466515087745348
11785 1.9680717208581657
12047 5.766726322204254
12049 2.5676928434072877
12245 4.290459441148391
12303 7.332610264150794
12357 2.1701959049483
12383 1.2523064517104479
12450 3.1483620405405426
12595 2.344549292093078
12657 6.9985096422506015
12674 1.5779746429783155
12968 3.047265923669174
13080 0.8123010183501074
13596 3.502002080784121
13718 2.6850356628614973
13752 4.600614369452231
13922 3.7972864288528054
14104 1.710242611556066
14168 2.9041650800285006
14237 -1.3944966966083199
14267 -0.3823693933135151
14309 1.5137127087599462
14381 0.2288676653980985
14416 1.5479024259504828
14455 1.637217476541176
14507 3.7020303308742966
14558 2.476721065201561
14571 3.2373095265570386
14582 3.7026727762462723
14878 4.513602992462601
14914 3.3096301881366648
15116 3.8630154263214513
15155 1.380822401482141
15187 1.994563336305142
15224 2.9041650800285006
15256 3.3349479961209547
15332 -1.5523117301456202
15358 2.579669034454003
15648 5.135385686814575
15685 0.8716404581364162
15861 7.194624521176892
