26
57 3.7796338173824005
194 0.7699986386594181
978 2.298029276458185
2064 1.5647876386963615
2081 5.612215281130711
2538 1.422560539104285
3690 1.4972514317058743
4412 3.086486636822455
5181 2.288979440938267
5590 1.4533321977710387
6088 1.2146844599208637
6908 0.33537694625979814
7840 3.138328026592321
8736 1.1933746733341126
9554 1.271661894663404
9709 1.082307579643166
9765 1.7835738846416156
11841 2.8396265588909295
11959 2.2449194511442365
12078 1.3637200390813515
12841 6.9985096422506015
13890 5.362043057428582
14104 1.710242611556066
14267 -0.3823693933135151
14416 0.7739512129752414
15413 1.2781978656431896
