38
1957 1.8223599096767722
2092 6.305362461690656
2935 0.6320391945191633
3506 0.8205655282000008
3578 0.6015799870344548
3774 1.7255100836868542
3877 3.1698682457615064
3990 2.6290617897835795
4053 -0.07476007520910928
4417 3.1918471524802814
5101 3.414990703794491
6043 1.5913378707904824
6234 2.6290617897835795
6618 2.0568672196412967
7104 -0.6634879166512921
8690 2.7938170228596353
8736 1.1933746733341126
9106 1.0850066366123312
9201 3.5645224377654547
10326 0.5230769255465112
10729 3.0588716320484384
10854 3.6312138122641273
11168 1.2781978656431896
11299 -1.0423655237318759
11304 1.2054960338664575
11384 3.3609234825242154
11816 1.9296054400303697
11880 6.9985096422506015
12122 1.1963912668735384
12173 3.962459610871354
12723 2.288979440938267
13029 1.6609715625492831
13080 0.8123010183501074
13553 -0.37046075994419203
14416 0.7739512129752414
14853 6.305362461690656
14906 0.4013639403639497
15181 1.751485570090115
