28
665 4.600614369452231
866 4.40543819330772
868 2.0286963426746007
2033 3.3706073264176277
2271 0.34178311807220957
2320 2.973157951515452
2528 6.9985096422506015
2669 1.8223599096767722
4031 2.555858385760285
5652 3.3096301881366648
6567 2.579669034454003
6941 2.1782280766455644
10431 0.7218661529089567
10443 2.4876501357337513
10973 2.7938170228596353
12850 3.502002080784121
13153 2.2278250177849364
13449 2.6418008155610093
13538 3.414990703794491
13862 3.7796338173824005
14165 2.8088549002241754
14267 -0.3823693933135151
14403 2.4446327506500602
14455 1.637217476541176
14501 2.1863252868781835
15192 1.489121305622624
15332 -1.5523117301456202
15595 1.3320829541381691
