333
194 2.3099959159782544
241 1.6902419448493964
254 4.997399943840672
279 2.6418008155610093
302 1.7153059135126125
350 6.305362461690656
382 6.9985096422506015
457 6.305362461690656
463 4.919068100570765
468 5.206750173022546
473 3.1273086313427103
485 3.8630154263214513
487 6.9985096422506015
488 3.6312138122641273
491 3.1066893441399746
500 2.1701959049483
502 5.135385686814575
730 2.298029276458185
861 3.5645224377654547
959 6.9985096422506015
962 6.9985096422506015
1052 6.9985096422506015
1062 2.591790394986348
1171 2.9209721983448818
1176 5.389071729816501
1310 3.7796338173824005
1356 2.363780654020965
1686 4.619860900876966
1687 2.413542163580029
1688 4.919068100570765
1755 3.47214911763444
1757 3.9539872045271784
1805 5.206750173022546
1885 3.009525595686327
1893 5.270287881572877
1976 4.695924549256556
1990 8.33059259638877
1991 6.305362461690656
2036 1.9486536350010641
2041 3.5645224377654547
2049 4.74707365793266
2064 3.129575277392723
2217 4.9753002714675025
2221 3.0282177286984795
2247 2.219386149139072
2334 2.3818556390457326
2357 1.1873686492739008
2398 3.740413104229119
2411 4.359452312635343
2424 6.6581584474172155
2426 6.305362461690656
2450 -1.832570687110832
2494 3.9074671888922854
2536 1.7835738846416156
2597 2.1157077196642304
2645 10.367161579945392
2650 4.00277736869661
2667 3.9074671888922854
2829 5.617709800448351
2920 0.6795415285041667
2924 2.0286963426746007
2935 0.6320391945191633
2940 1.6278716141229383
2948 4.695924549256556
3052 3.2373095265570386
3057 4.47267141490569
3062 2.8396265588909295
3180 2.7938170228596353
3314 5.206750173022546
3329 1.981229805435677
3338 8.580918882296782
3419 4.22592092001082
3449 1.9647049651044954
3556 5.389071729816501
3575 6.521680047934466
3578 0.6015799870344548
3635 1.5779746429783155
3646 5.135385686814575
3700 1.2947271675944
3820 1.7890234894091803
3840 1.2980660688599148
3949 2.7790019370744945
3972 4.919068100570765
3985 2.5098732725184614
4031 5.11171677152057
4145 6.0242311664155945
4181 4.8012850649143815
4219 1.7567626271909589
4222 2.3256808077886952
4237 3.1918471524802814
4302 1.8000126109847754
4340 3.5645224377654547
4366 1.9878743481543455
4397 3.666305132075397
4425 3.7473499690270438
4472 3.7026727762462723
4520 3.1273086313427103
4522 0.5207142953092883
4537 3.0588716320484384
4538 11.799794707164983
4586 3.009525595686327
4613 2.211017899468555
4616 5.677692505050063
4625 3.6904360955056443
4759 3.21432000833234
4760 5.389071729816501
4783 2.1782280766455644
4852 6.293583650356835
4860 5.612215281130711
4866 2.5211728277723946
4871 2.4876501357337513
4912 3.8592108800607394
4914 2.8679784698558155
4924 3.2849375755462935
4926 5.389071729816501
4989 5.342196648458621
5097 5.612215281130711
5111 3.21432000833234
5273 3.21432000833234
5339 1.1784267118982394
5340 3.3349479961209547
5388 3.47214911763444
5392 2.130975191795019
5484 0.9464204733261844
5489 4.359452312635343
5517 3.2464624691328723
5518 1.5868635903955612
5522 3.8630154263214513
5651 9.201228738904462
5835 6.254617262685421
5875 2.750014400201242
5891 3.1273086313427103
5955 17.039130155479356
6015 3.1918471524802814
6043 1.5913378707904824
6047 3.009525595686327
6049 2.035665011990694
6151 2.815045323479489
6167 4.8012850649143815
6223 2.8088549002241754
6283 3.5327737394508745
6433 0.5154022907934025
6507 2.6290617897835795
6548 4.157057432844953
6704 4.695924549256556
6776 1.942263836902293
6819 1.7153059135126125
6872 1.3047775034479017
6898 2.162227735299123
6978 3.9539872045271784
6993 4.05407066308416
7011 6.9985096422506015
7025 5.047741126803689
7030 4.695924549256556
7044 1.880515829833846
7076 4.86832290156553
7104 -5.307903333210337
7189 3.8630154263214513
7281 3.2373095265570386
7311 2.236335707452845
7401 1.886521853894058
7430 3.3096301881366648
7587 6.9985096422506015
7597 4.372650573756367
7731 2.001297368486486
7767 3.414990703794491
7781 5.208120975156325
7794 6.9985096422506015
7813 2.0291467231268214
7905 4.919068100570765
7914 10.73239689165492
7917 3.414990703794491
7927 6.9985096422506015
7949 2.5441623459970937
8007 1.904759441443839
8070 3.1483620405405426
8294 3.666305132075397
8301 4.827084327160058
8337 7.820338101325418
8338 12.67776276003246
8399 3.9539872045271784
8401 3.8204558119026557
8431 4.695924549256556
8439 0.4690908039883759
8446 6.9985096422506015
8578 3.1066893441399746
8660 1.675499663112193
8690 5.587634045719271
8693 6.305362461690656
8695 3.910169050662709
8745 5.088324691994187
8783 6.305362461690656
8816 5.176530251060562
8823 3.1066893441399746
8850 1.7153059135126125
8854 4.165296298194385
8908 3.6312138122641273
8911 6.9985096422506015
8927 4.919068100570765
8928 2.6710983242293107
8989 5.206750173022546
9169 3.4431615807611875
9170 1.2232606457759125
9307 4.108137884354437
9328 12.610724923381312
9384 1.3355491621146554
9393 1.060973437168175
9399 8.45184184002164
9709 1.082307579643166
9884 3.2373095265570386
9950 6.305362461690656
10008 4.113734439282593
10029 2.4237986637472186
10055 3.009525595686327
10064 3.3349479961209547
10189 4.433560284789064
10191 4.433560284789064
10221 2.434161450782765
10233 3.4431615807611875
10307 2.5676928434072877
10323 4.108137884354437
10326 0.5230769255465112
10543 9.602570129828763
10585 6.9985096422506015
10603 3.9074671888922854
10739 2.37353682896633
10748 24.72941617615612
10794 2.938066631704182
10853 10.105198986390576
10854 10.893641436792382
10868 -0.18536107281185138
10872 1.6048820958982397
11102 0.6652300141109108
11104 4.290459441148391
11132 3.7796338173824005
11139 5.74275051441102
11299 -0.5211827618659379
11347 13.396837128888395
11379 2.0426825846493406
11394 4.165296298194385
11406 2.6418008155610093
11408 5.052599493195288
11444 2.434161450782765
11450 2.262311193856106
11457 4.22592092001082
11503 2.8876357780772897
11504 6.305362461690656
11714 4.290459441148391
11816 1.9296054400303697
11836 4.74707365793266
11922 15.620250519067639
11952 6.383329041513287
11969 0.7582337970798316
12028 2.591790394986348
12040 7.1290448755309095
12057 4.20133968459938
12066 3.7796338173824005
12078 2.727440078162703
12106 6.9985096422506015
12205 4.513602992462601
12227 6.339736491523013
12240 6.305362461690656
12247 3.8630154263214513
12250 2.498699971920336
12377 1.3460204619819507
12383 2.5046129034208957
12455 -0.6457759976041206
12503 2.2278250177849364
12571 4.00277736869661
12654 5.052599493195288
12717 1.1998294154307871
12790 6.038287664375659
12823 1.034930298632155
12833 1.9260564194516896
12853 1.152070867192877
12971 5.8998973535824915
12992 2.3256808077886952
13080 1.6246020367002147
13121 5.389071729816501
13151 8.45184184002164
13314 4.0573926853492015
13327 5.612215281130711
13411 2.8088549002241754
13440 1.4770487243883548
13449 2.6418008155610093
13538 3.414990703794491
13553 -3.7046075994419203
13565 1.9878743481543455
13617 4.919068100570765
13647 5.612215281130711
13661 3.7026727762462723
13672 1.5262389685791264
13680 2.2449194511442365
13718 1.3425178314307487
13759 2.955458374416051
13769 3.1273086313427103
13845 2.001297368486486
13897 2.7218435232345457
13916 3.1066893441399746
13930 1.3601549729168554
13969 4.695924549256556
14008 18.011676316378374
14100 4.359452312635343
14123 4.22592092001082
14136 1.4810567457858934
14208 21.372635686930217
14237 -2.09174504491248
14240 5.389071729816501
14267 -1.1471081799405454
14309 1.5137127087599462
14356 5.389071729816501
14381 0.915470661592394
14493 3.3096301881366648
14515 3.0666840095262753
14590 1.8337236683270872
14725 4.359452312635343
14906 0.4013639403639497
15037 2.3163784151263815
15054 6.9985096422506015
15187 5.983690008915426
15190 6.9985096422506015
15213 4.695924549256556
15240 3.414990703794491
15332 -12.418493841164961
15341 0.7959741250626788
15403 4.165296298194385
15415 2.824122372354964
15471 1.3881216796572402
15517 1.886521853894058
15650 2.130975191795019
15660 3.8204558119026557
15771 0.09238285917859758
15820 4.165296298194385
