368
194 9.239983663913018
203 6.9985096422506015
209 3.400384551405129
241 8.451209724246983
318 4.919068100570765
344 2.7790019370744945
356 2.591790394986348
365 3.414990703794491
373 2.750014400201242
404 5.389071729816501
410 6.9985096422506015
446 4.513602992462601
521 3.7972864288528054
530 2.66777630196427
630 5.206750173022546
656 5.206750173022546
657 8.256142836479638
702 3.7796338173824005
787 2.035665011990694
798 5.389071729816501
800 2.434161450782765
810 2.8396265588909295
827 5.206750173022546
862 7.033647876279234
955 5.612215281130711
978 2.298029276458185
989 4.433560284789064
1013 5.309408440793835
1060 0.1865007192496546
1306 6.305362461690656
1379 0.5370414658968836
1507 3.8630154263214513
1513 4.433560284789064
1624 7.405345552492545
1686 1.1549652252192415
1690 4.910429719961194
1692 2.1944885975173447
1750 1.1068654304248302
1896 1.7835738846416156
1929 4.216321028057695
2017 3.3875917296063767
2027 2.7938170228596353
2053 4.165296298194385
2064 1.5647876386963615
2201 8.142660047962776
2233 6.521680047934466
2264 4.359452312635343
2291 3.5327737394508745
2334 0.7939518796819108
2340 4.695924549256556
2357 1.1873686492739008
2407 2.236335707452845
2424 4.438772298278144
2450 -1.832570687110832
2452 2.1782280766455644
2484 2.629859749823839
2538 1.422560539104285
2584 5.206750173022546
2592 2.938066631704182
2614 4.290459441148391
2630 4.22592092001082
2657 3.3609234825242154
2661 5.206750173022546
2674 3.081743407380416
2705 1.6657908489852322
2735 7.814934377784571
2758 5.206750173022546
2819 4.919068100570765
2837 3.086486636822455
2861 4.919068100570765
2862 1.4690805547391779
2911 4.05407066308416
2925 3.4431615807611875
2930 5.206750173022546
2931 6.9985096422506015
2943 3.4431615807611875
2964 0.900435360084361
3030 5.389071729816501
3036 13.573867163136635
3054 4.513602992462601
3088 5.8998973535824915
3117 3.2373095265570386
3141 5.612215281130711
3143 2.219386149139072
3165 3.7796338173824005
3192 4.038192901442951
3365 5.8998973535824915
3404 2.465910149097345
3416 5.612215281130711
3461 3.3609234825242154
3489 5.8267915107068795
3593 3.666305132075397
3597 2.8876357780772897
3690 1.4972514317058743
3825 3.3609234825242154
3840 1.2980660688599148
3867 3.2373095265570386
3896 1.403798262648762
3914 4.919068100570765
3920 5.612215281130711
3973 4.919068100570765
3982 2.153862445213571
4014 5.206750173022546
4021 1.5054481989100525
4208 1.5220460903190904
4230 2.0149030205422647
4298 2.9041650800285006
4319 2.049749751872433
4326 3.9539872045271784
4329 5.389071729816501
4412 3.086486636822455
4468 4.05407066308416
4493 5.612215281130711
4554 5.052599493195288
4573 3.740413104229119
4646 3.7372218546550555
4656 5.8998973535824915
4661 5.8998973535824915
4663 3.8630154263214513
4711 1.9296054400303697
4742 5.389071729816501
4750 0.6631056996427893
4765 1.4150133334689021
4809 2.8088549002241754
4838 7.365283515594086
4852 3.7761501902141013
4862 3.047265923669174
4886 3.009525595686327
5017 3.260840023967233
5043 7.004004161568242
5067 2.2278250177849364
5083 1.5735596247691985
5122 5.587634045719271
5222 5.389071729816501
5309 2.5326015235960173
5319 12.34594654728982
5350 2.955458374416051
5392 2.130975191795019
5436 5.775271556154579
5470 3.740413104229119
5525 3.3096301881366648
5528 2.875656022470147
5541 4.290459441148391
5590 1.4533321977710387
5687 2.0785287164224764
5706 4.919068100570765
5802 3.1483620405405426
5809 2.363780654020965
5852 7.462950407201253
5901 2.455214859980597
5960 7.262427624528255
5968 5.8998973535824915
5973 1.4770487243883548
5982 4.919068100570765
6043 1.5913378707904824
6088 1.2146844599208637
6122 3.502002080784121
6151 1.4075226617397445
6169 2.4033897921160112
6219 4.59605855291637
6235 1.2270685191205855
6242 2.9041650800285006
6250 1.7727629685373998
6411 2.434161450782765
6428 5.612215281130711
6447 1.2880826248757316
6536 4.05407066308416
6548 4.157057432844953
6583 2.588834253506587
6633 2.8088549002241754
6729 2.1944885975173447
6754 1.2024518914852294
6816 6.775183459212753
6819 3.430611827025225
6908 0.6707538925195963
7068 17.039130155479356
7104 -0.6634879166512921
7170 1.6186122887101415
7226 5.389071729816501
7232 4.433560284789064
7286 1.4112609838503516
7306 2.4876501357337513
7310 9.027205984925201
7418 9.445086121621628
7487 1.8167260919585162
7490 3.414990703794491
7497 2.1042009669499975
7534 1.242767428663689
7552 1.9486536350010641
7569 4.068381723984483
7578 1.0430745587218369
7650 2.1081605140288473
7692 2.2449194511442365
7788 6.9985096422506015
7840 7.845820066480802
7842 11.86768414483165
7904 2.211017899468555
7906 1.4339892349279078
7932 1.8745456628473423
8261 4.513602992462601
8412 5.612215281130711
8439 0.9381816079767518
8448 5.8998973535824915
8578 3.1066893441399746
8648 2.434161450782765
8708 1.4810567457858934
8723 1.5262389685791264
8816 3.4510201673737084
8839 5.612215281130711
8854 4.165296298194385
8906 3.047265923669174
8928 1.3355491621146554
9080 5.389071729816501
9092 2.973157951515452
9095 9.027205984925201
9105 9.83813620114153
9106 1.0850066366123312
9127 4.22592092001082
9151 5.034866920285468
9170 1.8348909686638688
9269 4.600614369452231
9276 2.6944445490464313
9292 2.5441623459970937
9355 2.1782280766455644
9406 5.052599493195288
9531 5.01190042038306
9589 7.8692057154646875
9667 3.7796338173824005
9709 2.164615159286332
9719 4.290459441148391
9765 1.7835738846416156
9791 4.689098584186156
9806 9.027205984925201
9815 5.612215281130711
9817 1.3183370332335338
9895 2.288979440938267
9945 4.919068100570765
9956 3.47214911763444
9970 0.9675939027561428
9983 3.1066893441399746
10045 4.919068100570765
10069 3.4431615807611875
10201 5.206750173022546
10258 3.6000252219695508
10329 -0.630272087128793
10422 2.1263822140248125
10431 0.7218661529089567
10667 3.9539872045271784
10670 3.086486636822455
10696 10.998915396226192
10749 1.1754637467675824
10753 2.7790019370744945
10785 8.00555473739322
10868 -1.2975275096829597
10981 3.086486636822455
10987 5.389071729816501
11023 2.576165249751463
11041 3.47214911763444
11101 5.052599493195288
11154 4.433560284789064
11167 4.108137884354437
11168 1.2781978656431896
11206 6.305362461690656
11210 3.21432000833234
11218 0.5720211847929105
11334 3.989126672610284
11409 3.502002080784121
11493 5.206750173022546
11516 5.612215281130711
11524 1.5178707189086098
11539 11.752644437913423
11551 5.389071729816501
11597 3.0666840095262753
11769 4.939954526323604
11836 2.37353682896633
11870 3.5645224377654547
11900 2.049749751872433
11952 1.5958322603783217
11984 4.847597327494437
12022 0.40409618250082274
12033 2.5211728277723946
12047 7.208407902755317
12049 12.838464217036439
12081 2.363780654020965
12241 2.579669034454003
12266 6.9985096422506015
12357 19.5317631445347
12400 2.9209721983448818
12455 -0.4305173317360804
12676 5.052599493195288
12732 5.8998973535824915
12833 0.9630282097258448
12968 6.094531847338348
12997 3.502002080784121
13045 3.773043707788116
13080 3.2492040734004295
13102 2.735829765209286
13104 3.2373095265570386
13106 2.335070548138534
13202 3.6312138122641273
13208 1.3115342859107813
13219 4.8012850649143815
13220 3.2849375755462935
13251 12.871378323445173
13289 5.223042810668459
13333 3.666305132075397
13357 3.3875917296063767
13384 2.0568672196412967
13412 2.5098732725184614
13508 1.7255100836868542
13553 -1.8523037997209602
13718 1.3425178314307487
13734 1.942263836902293
13740 4.359452312635343
13752 4.600614369452231
13759 2.955458374416051
13761 2.6040604875781623
13867 4.350851992840296
13873 3.740413104229119
13890 2.681021528714291
13922 1.8986432144264027
13978 4.00277736869661
13979 3.666305132075397
14044 2.9223507504641293
14104 1.710242611556066
14143 4.05407066308416
14168 5.808330160057001
14237 -2.09174504491248
14309 1.5137127087599462
14420 5.8998973535824915
14435 11.966697281312548
14461 7.480826208458238
14463 1.67063347346102
14486 2.6164830075767194
14498 3.0282177286984795
14507 7.404060661748593
14523 2.8553749158590684
14558 2.476721065201561
14582 3.7026727762462723
14679 3.7796338173824005
14700 4.00277736869661
14754 3.8204558119026557
14805 4.22592092001082
14855 5.612215281130711
14880 4.22592092001082
14906 0.8027278807278994
14955 5.389071729816501
14966 5.206750173022546
14974 4.8012850649143815
15039 4.513602992462601
15082 6.9985096422506015
15087 7.559267634764801
15110 5.052599493195288
15163 5.389071729816501
15187 1.994563336305142
15256 3.3349479961209547
15332 -23.2846759521843
15363 2.555858385760285
15424 3.6222476728196926
15446 7.065547478901749
15518 3.761031659667692
15570 2.7218435232345457
15573 5.052599493195288
15648 2.5676928434072877
15677 4.733923928934947
15708 2.9911764570181303
15771 0.023095714794649395
15814 2.262311193856106
