191
241 1.6902419448493964
302 1.7153059135126125
646 2.219386149139072
744 6.775183459212753
800 2.434161450782765
822 4.05407066308416
1060 0.3108345320827577
1331 6.9985096422506015
1408 6.9985096422506015
1624 3.7026727762462723
1639 4.600614369452231
2036 1.9486536350010641
2201 2.035665011990694
2340 14.087773647769666
2357 2.3747372985478017
2452 4.356456153291129
2519 1.6902419448493964
2597 2.1157077196642304
2705 1.6657908489852322
2925 3.4431615807611875
3143 2.219386149139072
3192 1.0095482253607377
3240 3.5645224377654547
3449 0.9823524825522477
3489 1.942263836902293
3690 1.4972514317058743
3719 6.9985096422506015
3741 5.8998973535824915
3825 3.3609234825242154
3867 3.2373095265570386
3896 1.403798262648762
3901 9.45512261608386
3914 4.919068100570765
3982 2.153862445213571
3995 1.751485570090115
4298 2.9041650800285006
4459 3.2849375755462935
4472 3.7026727762462723
4533 3.086486636822455
4576 2.085854756514549
4648 6.9985096422506015
4661 5.8998973535824915
4750 0.994658549464184
4852 1.258716730071367
4862 3.047265923669174
5083 1.5735596247691985
5122 5.587634045719271
5181 2.288979440938267
5319 6.17297327364491
5339 1.1784267118982394
5436 5.775271556154579
5518 1.5868635903955612
5528 2.875656022470147
5955 2.434161450782765
5960 3.6312138122641273
6043 1.5913378707904824
6112 5.052599493195288
6223 2.8088549002241754
6228 1.2947271675944
6328 3.8630154263214513
6411 2.434161450782765
6548 2.0785287164224764
6553 3.8204558119026557
6804 6.305362461690656
6816 6.775183459212753
6819 1.7153059135126125
6853 3.260840023967233
7019 2.130975191795019
7068 2.434161450782765
7310 4.513602992462601
7312 2.3163784151263815
7344 1.6325336272287498
7373 5.8998973535824915
7443 4.359452312635343
7489 4.108137884354437
7497 0.7014003223166658
7569 5.0854771549806035
7692 2.2449194511442365
7731 2.001297368486486
7764 1.7052048175261088
7840 4.707492039888481
8078 1.9359146092236343
8412 5.612215281130711
8569 3.7026727762462723
8628 3.9074671888922854
8710 0.551203779709388
8731 2.0286963426746007
8816 1.7255100836868542
8880 1.67063347346102
8906 6.094531847338348
9080 10.778143459633002
9110 2.035665011990694
9127 4.22592092001082
9151 2.517433460142734
9170 0.6116303228879563
9204 5.019746545036923
9229 2.3933394562625097
9269 4.600614369452231
9345 2.66777630196427
9806 4.513602992462601
9815 5.612215281130711
9956 3.47214911763444
9983 3.1066893441399746
10114 1.3014161557451966
10326 0.5230769255465112
10422 2.1263822140248125
10631 6.9985096422506015
10713 3.5645224377654547
10749 1.1754637467675824
10751 0.7939518796819108
10785 4.00277736869661
10868 -0.18536107281185138
10892 4.8012850649143815
10894 6.9985096422506015
10981 3.086486636822455
11027 1.2781978656431896
11041 3.47214911763444
11110 0.8102455191680114
11201 5.8998973535824915
11206 6.305362461690656
11235 3.740413104229119
11305 2.0640357091199095
11375 2.681021528714291
11491 5.623636988542026
11539 1.4690805547391779
11679 4.433560284789064
11680 6.9985096422506015
11769 1.6466515087745348
11881 2.70805020110221
11900 2.049749751872433
11943 2.455214859980597
11952 1.5958322603783217
11959 2.2449194511442365
11962 4.695924549256556
11984 4.847597327494437
12022 0.40409618250082274
12033 2.5211728277723946
12047 4.3250447416531905
12049 5.135385686814575
12081 2.363780654020965
12292 2.5211728277723946
12357 6.5105877148449
12455 -0.4305173317360804
12643 6.305362461690656
12921 7.480826208458238
12997 3.502002080784121
13029 1.6609715625492831
13045 1.886521853894058
13057 3.8204558119026557
13128 6.9985096422506015
13149 4.00277736869661
13202 3.6312138122641273
13208 1.3115342859107813
13220 3.2849375755462935
13251 4.290459441148391
13289 6.964057080891279
13314 2.0286963426746007
13384 2.0568672196412967
13553 -0.37046075994419203
13718 2.6850356628614973
13724 4.433560284789064
13759 5.910916748832102
13867 1.087712998210074
13921 2.1782280766455644
13922 1.8986432144264027
13945 5.389071729816501
13993 3.3609234825242154
14103 8.10814132616832
14237 -2.09174504491248
14267 -0.7647387866270302
14381 0.2288676653980985
14431 1.034930298632155
14480 6.9985096422506015
14486 2.6164830075767194
14507 1.8510151654371483
14520 5.612215281130711
14523 2.8553749158590684
14700 4.00277736869661
14754 3.8204558119026557
14955 5.389071729816501
14966 5.206750173022546
14974 4.8012850649143815
15256 3.3349479961209547
15288 9.64296002499702
15332 -17.07542903160182
15405 5.389071729816501
15424 3.6222476728196926
15446 3.5327737394508745
15518 1.880515829833846
15677 1.5779746429783155
15771 0.023095714794649395
