215
194 0.7699986386594181
365 3.414990703794491
404 5.389071729816501
521 1.8986432144264027
592 2.4446327506500602
657 2.0640357091199095
702 3.7796338173824005
775 3.7796338173824005
874 3.2849375755462935
1013 2.6547042203969173
1060 0.06216690641655154
1750 2.2137308608496604
1839 2.093234863812172
1850 6.133368019052551
2064 1.5647876386963615
2070 7.365283515594086
2201 4.071330023981388
2235 3.2849375755462935
2264 4.359452312635343
2484 1.3149298749119196
2519 1.6902419448493964
2661 10.413500346045092
2735 11.722401566676856
2758 10.413500346045092
2813 4.108137884354437
2862 1.4690805547391779
2925 3.4431615807611875
2930 5.206750173022546
2935 1.2640783890383267
3036 4.524622387712212
3088 5.8998973535824915
3141 5.612215281130711
3150 3.5327737394508745
3192 1.0095482253607377
3249 2.750014400201242
3275 3.666305132075397
3329 1.981229805435677
3449 6.876467377865734
3578 0.6015799870344548
3657 2.6164830075767194
3700 1.2947271675944
3867 6.474619053114077
3887 6.9985096422506015
3973 4.919068100570765
3991 2.8088549002241754
4052 6.9985096422506015
4081 3.1066893441399746
4167 2.0712559570933964
4230 2.0149030205422647
4298 17.424990480171004
4331 3.3875917296063767
4391 3.260840023967233
4468 4.05407066308416
4549 2.6418008155610093
4562 3.3096301881366648
4580 4.600614369452231
4612 4.05407066308416
4660 3.9074671888922854
4663 3.8630154263214513
4668 10.082770447572646
4711 3.8592108800607394
4742 10.778143459633002
4750 0.33155284982139466
4784 6.305362461690656
4809 5.617709800448351
4852 1.258716730071367
4934 3.7026727762462723
5083 1.5735596247691985
5122 5.587634045719271
5201 4.359452312635343
5350 2.955458374416051
5416 4.108137884354437
5470 7.480826208458238
5484 1.8928409466523688
5488 4.05407066308416
5541 4.290459441148391
5802 3.1483620405405426
5814 9.83813620114153
5900 2.8553749158590684
6026 2.66777630196427
6060 3.7796338173824005
6228 1.2947271675944
6364 6.521680047934466
6402 1.4112609838503516
6414 3.1483620405405426
6433 2.5770114539670126
6583 0.8629447511688624
6727 6.9985096422506015
6729 2.1944885975173447
6799 5.612215281130711
6819 1.7153059135126125
6843 6.9985096422506015
6993 4.05407066308416
7170 3.237224577420283
7226 5.389071729816501
7286 5.645043935401406
7310 4.513602992462601
7311 2.236335707452845
7312 6.949135245379145
7412 4.513602992462601
7418 3.1483620405405426
7462 1.942263836902293
7487 7.266904367834065
7534 1.242767428663689
7552 1.9486536350010641
7569 4.068381723984483
7650 2.1081605140288473
7840 1.5691640132961604
7877 5.052599493195288
8060 3.9539872045271784
8174 6.9985096422506015
8262 2.0712559570933964
8578 3.1066893441399746
8660 1.675499663112193
8715 4.919068100570765
8723 1.5262389685791264
8816 1.7255100836868542
8822 2.2800107709555064
8906 3.047265923669174
9095 4.513602992462601
9106 1.0850066366123312
9151 2.517433460142734
9165 6.9985096422506015
9170 0.6116303228879563
9355 2.1782280766455644
9393 4.2438937486727
9429 6.721846965048431
9531 3.34126694692204
9698 1.9878743481543455
9791 7.033647876279234
9806 4.513602992462601
9817 1.3183370332335338
9818 3.21432000833234
9866 4.919068100570765
9933 5.389071729816501
9945 19.67627240228306
10006 2.6944445490464313
10114 1.3014161557451966
10422 0.7087940713416041
10437 1.3672978604292356
10667 3.9539872045271784
10670 3.086486636822455
10749 1.1754637467675824
10770 2.4876501357337513
10782 4.433560284789064
10832 6.9985096422506015
11077 6.305362461690656
11080 3.8630154263214513
11101 5.052599493195288
11102 1.9956900423327322
11491 3.7490913256946845
11493 5.206750173022546
11499 4.513602992462601
11516 5.612215281130711
11539 4.407241664217533
11696 6.474619053114077
11739 4.600614369452231
11934 4.05407066308416
11943 2.455214859980597
11959 2.2449194511442365
12047 2.883363161102127
12049 5.135385686814575
12357 2.1701959049483
12450 3.1483620405405426
12526 6.305362461690656
12558 2.4446327506500602
12642 5.612215281130711
12674 1.5779746429783155
12833 0.9630282097258448
12955 4.290459441148391
13045 1.886521853894058
13057 7.640911623805311
13080 0.8123010183501074
13384 2.0568672196412967
13390 4.47267141490569
13412 2.5098732725184614
13451 3.4431615807611875
13672 3.052477937158253
13718 1.3425178314307487
13761 5.208120975156325
13867 3.263138994630222
13873 3.740413104229119
13922 3.7972864288528054
14044 2.9223507504641293
14104 1.710242611556066
14237 -5.5779867864332795
14267 -0.3823693933135151
14307 11.799794707164983
14308 2.0640357091199095
14378 5.389071729816501
14381 0.2288676653980985
14461 7.480826208458238
14507 1.8510151654371483
14558 4.953442130403122
14620 2.15432255579201
14621 18.783698197026222
14673 6.9985096422506015
14700 4.00277736869661
14906 0.8027278807278994
15009 6.9985096422506015
15288 3.21432000833234
15332 -7.761558650728101
15363 5.11171677152057
15424 1.8111238364098463
15446 3.5327737394508745
15457 4.359452312635343
15518 1.880515829833846
15573 5.052599493195288
15574 4.8012850649143815
15648 7.7030785302218625
15672 1.4550424207846036
15677 3.155949285956631
15702 2.8553749158590684
15712 4.165296298194385
15814 2.262311193856106
