49
194 0.7699986386594181
209 1.7001922757025645
521 1.8986432144264027
787 2.035665011990694
882 6.305362461690656
2064 1.5647876386963615
2574 3.666305132075397
2674 1.0272478024601386
2820 4.8892655013001205
2837 3.086486636822455
3063 5.389071729816501
3192 1.0095482253607377
3578 0.6015799870344548
3774 1.7255100836868542
4014 5.206750173022546
4711 1.9296054400303697
4852 1.258716730071367
5067 2.2278250177849364
5181 2.288979440938267
5528 1.4378280112350734
5901 2.455214859980597
5960 3.6312138122641273
6235 2.454137038241171
6583 0.8629447511688624
7068 2.434161450782765
7104 -0.6634879166512921
7170 1.6186122887101415
7534 1.242767428663689
7840 3.138328026592321
7991 1.3149298749119196
8898 3.3875917296063767
9276 5.3888890980928625
11539 1.4690805547391779
11769 1.6466515087745348
12042 2.6418008155610093
12263 2.579669034454003
12357 2.1701959049483
12455 -0.2152586658680402
12676 5.052599493195288
13080 0.8123010183501074
13333 3.666305132075397
13553 -0.37046075994419203
13867 1.087712998210074
13922 1.8986432144264027
14237 -0.6972483483041599
14435 2.3933394562625097
14461 3.740413104229119
15518 1.880515829833846
15685 0.8716404581364162
