283
173 4.513602992462601
209 1.7001922757025645
730 2.298029276458185
764 3.502002080784121
787 4.071330023981388
815 6.305362461690656
882 6.305362461690656
927 2.0785287164224764
1013 2.6547042203969173
1839 4.186469727624344
1938 2.66777630196427
1999 7.065547478901749
2027 5.587634045719271
2036 7.794614540004257
2055 6.9985096422506015
2064 10.95351347087453
2176 2.383389125409342
2240 4.96852617085737
2269 1.8686109273275278
2291 3.5327737394508745
2334 0.7939518796819108
2339 12.610724923381312
2424 2.219386149139072
2450 -7.330282748443328
2484 5.259719499647678
2513 1.8280256472124494
2538 1.422560539104285
2576 4.22592092001082
2614 4.290459441148391
2674 2.054495604920277
2690 3.1483620405405426
2755 3.260840023967233
2820 4.8892655013001205
2920 1.3590830570083334
2946 5.8998973535824915
3036 2.262311193856106
3062 5.679253117781859
3117 9.711928579671117
3192 1.0095482253607377
3233 5.8998973535824915
3249 2.750014400201242
3279 4.600614369452231
3407 2.085854756514549
3461 3.3609234825242154
3489 1.942263836902293
3612 3.1918471524802814
3633 4.165296298194385
3759 4.8067795842320225
3774 3.4510201673737084
3778 6.9985096422506015
3780 2.465910149097345
3785 2.87137525720551
3788 2.750014400201242
3896 1.403798262648762
3901 2.363780654020965
3982 2.153862445213571
3991 2.8088549002241754
4063 4.433560284789064
4070 1.1068654304248302
4230 4.029806041084529
4286 2.130975191795019
4405 1.3460204619819507
4412 3.086486636822455
4440 4.8012850649143815
4487 3.1066893441399746
4522 2.343214328891797
4573 3.740413104229119
4635 5.052599493195288
4714 5.052599493195288
4750 0.994658549464184
4852 1.258716730071367
4862 3.047265923669174
4866 2.5211728277723946
4934 7.405345552492545
4941 7.1290448755309095
4947 3.414990703794491
5039 2.735829765209286
5065 8.207489295627859
5067 4.455650035569873
5181 2.288979440938267
5272 3.597312260588446
5326 6.296724081081085
5484 0.9464204733261844
5517 3.2464624691328723
5528 12.94045210111566
5587 2.5326015235960173
5590 4.359996593313117
5668 2.955458374416051
5802 3.1483620405405426
5809 4.72756130804193
5895 2.4033897921160112
5901 2.455214859980597
5980 3.8630154263214513
5981 2.8553749158590684
5983 1.9878743481543455
6060 3.7796338173824005
6072 4.22592092001082
6088 1.2146844599208637
6155 4.359452312635343
6156 1.8000126109847754
6164 2.6290617897835795
6185 5.612215281130711
6219 2.298029276458185
6233 3.1918471524802814
6234 2.6290617897835795
6235 1.2270685191205855
6328 3.8630154263214513
6411 9.73664580313106
6433 0.5154022907934025
6583 1.7258895023377248
6660 2.7938170228596353
6816 3.3875917296063767
7019 4.261950383590038
7044 1.880515829833846
7068 4.86832290156553
7104 -2.6539516666051686
7234 6.9985096422506015
7284 6.9985096422506015
7306 2.4876501357337513
7418 3.1483620405405426
7462 7.769055347609172
7497 3.507001611583329
7506 3.740413104229119
7516 4.8012850649143815
7534 1.242767428663689
7563 2.335070548138534
7569 1.0170954309961207
7578 1.5646118380827554
7633 5.623636988542026
7646 5.206750173022546
7731 4.002594736972972
7768 3.3096301881366648
7813 2.0291467231268214
7840 7.845820066480802
7842 4.74707365793266
7904 2.211017899468555
7991 3.944789624735759
8262 2.0712559570933964
8403 5.389071729816501
8412 5.612215281130711
8465 6.305362461690656
8592 3.740413104229119
8643 2.001297368486486
8648 4.86832290156553
8723 1.5262389685791264
8856 2.3163784151263815
8873 5.052599493195288
8890 2.2800107709555064
8898 3.3875917296063767
8904 4.372650573756367
8928 1.3355491621146554
8942 4.919068100570765
8946 2.7218435232345457
8979 3.5780469788183606
9106 1.0850066366123312
9154 2.465910149097345
9170 0.6116303228879563
9229 2.3933394562625097
9276 10.777778196185725
9292 2.5441623459970937
9306 3.8630154263214513
9346 2.498699971920336
9355 4.356456153291129
9365 1.4972514317058743
9487 5.052599493195288
9537 0.6546292081242703
9589 5.246137143643125
9602 2.2800107709555064
9660 5.206750173022546
9709 1.082307579643166
9807 6.339736491523013
9817 1.3183370332335338
9970 0.4837969513780714
9983 3.1066893441399746
10114 3.9042484672355897
10244 5.612215281130711
10258 1.8000126109847754
10329 -0.4201813914191953
10420 4.290459441148391
10431 0.7218661529089567
10437 2.7345957208584712
10629 3.7026727762462723
10696 3.666305132075397
10702 4.919068100570765
10769 12.610724923381312
10785 4.00277736869661
10868 -1.2975275096829597
11023 2.576165249751463
11034 1.5958322603783217
11041 3.47214911763444
11218 0.5720211847929105
11287 2.0286963426746007
11322 3.4431615807611875
11334 1.994563336305142
11353 5.617709800448351
11409 3.502002080784121
11461 10.73239689165492
11506 3.8630154263214513
11539 2.9381611094783557
11739 9.201228738904462
11840 1.6902419448493964
11908 1.5346778372249912
11959 8.979677804576946
11975 2.9209721983448818
11984 2.4237986637472186
12022 0.8081923650016455
12033 5.042345655544789
12042 2.6418008155610093
12047 4.3250447416531905
12057 2.10066984229969
12089 2.8088549002241754
12180 4.919068100570765
12216 2.87137525720551
12263 2.579669034454003
12357 2.1701959049483
12455 -0.6457759976041206
12571 4.00277736869661
12595 2.344549292093078
12610 4.847597327494437
12682 4.600614369452231
12714 3.7796338173824005
12723 4.577958881876534
12833 0.9630282097258448
12853 2.304141734385754
12891 3.7796338173824005
12921 3.740413104229119
12939 12.610724923381312
12972 2.8553749158590684
12978 4.766778250818684
12982 5.612215281130711
13080 0.8123010183501074
13093 6.9985096422506015
13208 1.3115342859107813
13353 1.961557039836972
13384 2.0568672196412967
13411 2.8088549002241754
13443 7.004004161568242
13501 7.563518483317184
13553 -1.111382279832576
13613 1.8111238364098463
13759 5.910916748832102
13761 2.6040604875781623
13922 3.7972864288528054
13930 1.3601549729168554
14044 2.9223507504641293
14083 5.8998973535824915
14104 1.710242611556066
14168 2.9041650800285006
14174 5.383508865521417
14178 6.9985096422506015
14237 -2.7889933932166397
14257 4.695924549256556
14267 -0.7647387866270302
14309 4.541138126279838
14330 6.9985096422506015
14381 0.2288676653980985
14431 1.034930298632155
14435 2.3933394562625097
14439 3.1273086313427103
14507 1.8510151654371483
14519 3.086486636822455
14582 3.7026727762462723
15032 6.305362461690656
15039 4.513602992462601
15087 3.7796338173824005
15116 3.8630154263214513
15129 2.8876357780772897
15155 1.380822401482141
15187 5.983690008915426
15257 13.078356937906028
15283 6.7090071223585355
15332 -7.761558650728101
15395 6.305362461690656
15397 2.001297368486486
15413 2.556395731286379
15424 1.8111238364098463
15433 12.610724923381312
15518 3.761031659667692
15672 1.4550424207846036
15677 3.155949285956631
15685 3.486561832545665
15702 5.710749831718137
15764 6.9985096422506015
