90
584 4.8012850649143815
665 4.600614369452231
866 4.40543819330772
868 2.0286963426746007
2033 8.426518316044069
2271 0.6835662361444191
2320 2.973157951515452
2527 5.8998973535824915
2668 3.502002080784121
2669 5.467079729030317
2867 4.00277736869661
2893 2.5098732725184614
2913 3.440789966040168
3640 2.0149030205422647
3749 5.052599493195288
3788 2.750014400201242
4031 7.667575157280854
4314 2.764403137653342
4750 0.33155284982139466
4909 1.4690805547391779
4912 3.8592108800607394
5110 1.8452180477528222
5331 3.2373095265570386
5363 6.133368019052551
5889 4.8067795842320225
6156 3.6000252219695508
6211 6.9985096422506015
6525 3.1483620405405426
6688 5.677692505050063
6872 2.6095550068958033
6941 4.356456153291129
7104 -1.3269758333025843
7418 3.1483620405405426
7569 1.0170954309961207
7768 6.6192603762733295
7813 1.0145733615634107
8199 3.009525595686327
8258 6.9985096422506015
8880 1.67063347346102
9122 2.7489842721265254
9282 2.9066643955420775
9365 1.4972514317058743
9376 3.5645224377654547
9393 1.060973437168175
10049 4.513602992462601
10302 2.6290617897835795
10431 1.4437323058179135
10629 3.7026727762462723
10971 3.502002080784121
11027 1.2781978656431896
11165 2.1863252868781835
11560 3.502002080784121
11778 2.8553749158590684
11785 3.9361434417163315
12721 3.6904360955056443
12809 2.8088549002241754
12833 0.9630282097258448
12850 3.502002080784121
13088 2.7790019370744945
13102 2.735829765209286
13125 3.3096301881366648
13153 4.455650035569873
13294 4.290459441148391
13390 2.236335707452845
13538 3.414990703794491
13553 -0.37046075994419203
13693 3.666305132075397
13750 4.324455470598246
13827 4.695924549256556
13960 5.206750173022546
14165 5.617709800448351
14267 -0.7647387866270302
14381 0.2288676653980985
14403 4.8892655013001205
14416 2.3218536389257243
14439 3.1273086313427103
14501 4.372650573756367
14906 0.4013639403639497
15149 2.465910149097345
15155 1.380822401482141
15192 1.489121305622624
15332 -12.418493841164961
15471 1.3881216796572402
15587 1.2947271675944
15595 3.9962488624145074
15604 2.1233123190494494
15650 4.261950383590038
15651 2.2754468375694707
15662 6.9985096422506015
15809 6.9985096422506015
