56
194 1.5399972773188362
209 1.7001922757025645
318 4.919068100570765
521 1.8986432144264027
787 2.035665011990694
814 6.9985096422506015
874 3.2849375755462935
2201 2.035665011990694
2450 -0.6108568957036107
2574 3.666305132075397
2674 1.0272478024601386
2820 4.8892655013001205
3036 4.524622387712212
3062 2.8396265588909295
3205 3.1273086313427103
3782 3.7026727762462723
3982 2.153862445213571
4261 2.262311193856106
4405 1.3460204619819507
4852 1.258716730071367
4862 3.047265923669174
5039 2.735829765209286
5065 2.735829765209286
5067 2.2278250177849364
5181 2.288979440938267
5326 3.1483620405405426
5528 2.875656022470147
5668 2.955458374416051
5852 2.4876501357337513
6235 1.2270685191205855
6583 0.8629447511688624
7068 2.434161450782765
7569 1.0170954309961207
7840 4.707492039888481
8439 0.4690908039883759
8898 3.3875917296063767
9170 0.6116303228879563
9791 2.344549292093078
10868 -0.5560832184355542
11491 1.8745456628473423
11908 1.5346778372249912
12022 0.8081923650016455
12047 2.883363161102127
12127 5.8998973535824915
12216 2.87137525720551
12455 -0.4305173317360804
12723 2.288979440938267
12848 6.9985096422506015
13553 -0.37046075994419203
13867 1.087712998210074
14435 2.3933394562625097
15332 -1.5523117301456202
15363 2.555858385760285
15677 1.5779746429783155
15685 0.8716404581364162
15702 2.8553749158590684
