257
237 4.359452312635343
278 4.359452312635343
401 3.1698682457615064
491 3.1066893441399746
492 3.3609234825242154
521 1.8986432144264027
532 3.4431615807611875
569 3.0282177286984795
584 4.8012850649143815
638 3.502002080784121
646 2.219386149139072
657 4.128071418239819
659 6.9985096422506015
671 4.00277736869661
866 4.40543819330772
868 2.0286963426746007
1060 0.3730014384993092
1319 5.389071729816501
1356 2.363780654020965
1379 2.685207329484418
1381 2.6547042203969173
1404 2.7417770571199283
1498 3.7796338173824005
1686 1.1549652252192415
1692 2.1944885975173447
1750 1.1068654304248302
1782 2.7218435232345457
2030 3.3349479961209547
2033 30.33546593775865
2034 6.9985096422506015
2247 2.219386149139072
2320 2.973157951515452
2334 0.7939518796819108
2357 3.5621059478217028
2405 4.600614369452231
2421 1.5431885268928998
2446 2.5326015235960173
2450 -1.832570687110832
2524 4.108137884354437
2538 1.422560539104285
2592 2.938066631704182
2669 5.467079729030317
2743 6.9985096422506015
2789 6.9985096422506015
2837 3.086486636822455
2867 12.008332106089831
2870 6.9985096422506015
2913 1.720394983020084
2914 3.4431615807611875
2920 2.0386245855125003
2923 12.610724923381312
2935 0.6320391945191633
2964 0.900435360084361
3085 4.919068100570765
3099 6.9985096422506015
3163 6.9985096422506015
3251 6.9985096422506015
3252 5.052599493195288
3305 5.206750173022546
3392 2.20271909665386
3449 0.9823524825522477
3654 3.4431615807611875
3658 2.938066631704182
3759 4.8067795842320225
3812 6.760732541662054
4031 10.22343354304114
4086 4.22592092001082
4106 4.165296298194385
4172 3.414990703794491
4199 3.8630154263214513
4350 6.9985096422506015
4416 1.3637200390813515
4535 11.224430562261421
4703 5.8998973535824915
4750 0.33155284982139466
4783 2.1782280766455644
4938 3.4431615807611875
5110 1.8452180477528222
5149 6.305362461690656
5278 3.9074671888922854
5284 3.5645224377654547
5331 3.2373095265570386
5339 3.5352801356947183
5482 6.9985096422506015
5518 1.5868635903955612
5534 6.775183459212753
5562 12.610724923381312
5752 3.9539872045271784
5812 3.1698682457615064
5826 4.919068100570765
5929 3.3096301881366648
5950 4.00277736869661
5981 5.710749831718137
6055 3.7796338173824005
6088 1.2146844599208637
6131 4.359452312635343
6151 1.4075226617397445
6158 2.455214859980597
6169 2.4033897921160112
6228 2.5894543351888
6231 5.389071729816501
6283 3.5327737394508745
6433 0.5154022907934025
6471 6.305362461690656
6537 12.610724923381312
6567 2.579669034454003
6688 3.7851283367000415
6710 6.9985096422506015
6754 2.4049037829704587
6802 3.47214911763444
6807 17.699692060747473
6819 1.7153059135126125
6941 15.247596536518952
6970 2.1863252868781835
7092 4.165296298194385
7104 -2.6539516666051686
7197 1.730651483187273
7228 4.359452312635343
7387 4.600614369452231
7459 4.388977195034689
7462 1.942263836902293
7563 4.670141096277068
7569 1.0170954309961207
7764 1.7052048175261088
7772 4.165296298194385
7777 6.305362461690656
7781 2.6040604875781623
7828 4.05407066308416
7907 2.6418008155610093
7991 2.629859749823839
8115 5.612215281130711
8158 4.8012850649143815
8230 2.37353682896633
8234 4.8012850649143815
8256 3.3607792968127694
8262 2.0712559570933964
8396 5.052599493195288
8546 3.7026727762462723
8660 3.350999326224386
8760 6.9985096422506015
8786 6.9985096422506015
8869 2.1782280766455644
8880 1.67063347346102
8890 4.560021541911013
8892 4.919068100570765
8928 1.3355491621146554
9096 4.359452312635343
9106 1.0850066366123312
9122 5.497968544253051
9151 1.258716730071367
9195 3.7026727762462723
9229 2.3933394562625097
9281 6.9985096422506015
9282 1.4533321977710387
9330 10.105198986390576
9376 3.5645224377654547
9393 2.12194687433635
9532 6.305362461690656
9633 6.9985096422506015
9733 1.0850066366123312
9817 1.3183370332335338
9983 3.1066893441399746
10006 2.6944445490464313
10065 6.9985096422506015
10154 3.3609234825242154
10198 3.8204558119026557
10422 0.7087940713416041
10431 3.609330764544784
10443 2.4876501357337513
10658 2.9041650800285006
10739 2.37353682896633
10749 1.1754637467675824
10794 2.938066631704182
10967 3.6312138122641273
10971 3.502002080784121
11027 2.556395731286379
11089 1.1549652252192415
11184 6.9985096422506015
11218 0.5720211847929105
11236 3.5645224377654547
11327 3.5645224377654547
11353 2.8088549002241754
11409 3.502002080784121
11524 1.5178707189086098
11655 2.66777630196427
11719 6.9985096422506015
11769 3.2933030175490696
11785 1.9680717208581657
11822 5.389071729816501
11887 3.3349479961209547
12028 2.591790394986348
12081 2.363780654020965
12111 1.994563336305142
12122 1.1963912668735384
12213 3.047265923669174
12231 8.718904625270685
12291 5.8998973535824915
12325 6.9985096422506015
12383 1.2523064517104479
12451 2.6290617897835795
12455 -0.4305173317360804
12753 5.8998973535824915
12767 2.6547042203969173
12955 4.290459441148391
12978 2.383389125409342
12992 2.3256808077886952
13001 2.9461134062376346
13045 1.886521853894058
13080 1.6246020367002147
13138 4.600614369452231
13141 5.052599493195288
13153 15.594775124494554
13205 5.206750173022546
13213 6.305362461690656
13220 3.2849375755462935
13264 11.799794707164983
13332 6.9985096422506015
13427 6.9985096422506015
13547 3.2006938814656967
13601 6.9985096422506015
13619 6.9985096422506015
13761 2.6040604875781623
13867 2.175425996420148
13955 5.612215281130711
13972 5.389071729816501
14041 5.052599493195288
14165 11.235419600896702
14237 -2.09174504491248
14267 -1.9118469665675755
14295 6.9985096422506015
14340 4.108137884354437
14357 2.476721065201561
14399 3.502002080784121
14403 22.001694755850544
14416 0.7739512129752414
14431 1.034930298632155
14496 6.305362461690656
14501 6.5589758606345505
14622 6.305362461690656
14682 4.629565580678699
14933 3.7026727762462723
15121 1.5868635903955612
15155 1.380822401482141
15332 -7.761558650728101
15341 1.5919482501253577
15456 3.1273086313427103
15522 5.8998973535824915
15579 17.699692060747473
15593 3.597312260588446
15595 7.992497724829015
15651 9.101787350277883
15672 1.4550424207846036
15685 0.8716404581364162
15708 2.9911764570181303
15763 6.9985096422506015
15771 0.16167000356254577
15816 3.9539872045271784
