235
106 6.305362461690656
200 6.305362461690656
254 2.498699971920336
327 2.20271909665386
398 6.305362461690656
769 3.9539872045271784
1060 0.12433381283310307
1379 1.0740829317937672
1390 3.260840023967233
1475 6.305362461690656
1692 2.1944885975173447
1838 6.829981407588982
1902 2.0149030205422647
1909 2.8876357780772897
1924 4.577958881876534
2201 2.035665011990694
2224 7.924919221742708
2302 3.009525595686327
2334 1.5879037593638217
2450 -1.832570687110832
2536 1.7835738846416156
2585 3.9074671888922854
2597 2.1157077196642304
2675 3.6312138122641273
2679 6.829981407588982
2757 3.2849375755462935
2796 2.335070548138534
2932 5.206750173022546
2959 1.1873686492739008
3143 4.438772298278144
3301 6.305362461690656
3449 0.9823524825522477
3774 1.7255100836868542
3807 2.3256808077886952
3827 3.2849375755462935
3902 4.8012850649143815
4076 3.4431615807611875
4084 5.612215281130711
4110 5.528806275306684
4167 2.0712559570933964
4282 2.8553749158590684
4283 4.8012850649143815
4331 3.3875917296063767
4371 4.433560284789064
4412 3.086486636822455
4416 5.454880156325406
4427 3.597312260588446
4481 2.146479378330984
4502 2.8088549002241754
4522 0.5207142953092883
4586 3.009525595686327
4613 2.211017899468555
4616 3.7851283367000415
4631 3.9539872045271784
4909 4.407241664217533
4964 1.127926246926296
4970 1.9746291214043248
4992 6.521680047934466
5000 5.052599493195288
5017 3.260840023967233
5033 2.1233123190494494
5083 1.5735596247691985
5154 2.4446327506500602
5213 4.513602992462601
5293 3.4431615807611875
5331 3.2373095265570386
5439 3.7796338173824005
5484 0.9464204733261844
5546 5.389071729816501
5590 1.4533321977710387
5630 0.23830767558032406
5635 2.20271909665386
5839 2.579669034454003
5872 2.5441623459970937
6005 3.666305132075397
6015 9.575541457440844
6043 1.5913378707904824
6088 1.2146844599208637
6122 3.502002080784121
6151 7.037613308698722
6219 2.298029276458185
6433 1.030804581586805
6467 2.2535775138873513
6583 0.8629447511688624
6657 2.138697237888929
6675 2.5098732725184614
6908 0.6707538925195963
6950 4.433560284789064
7031 6.305362461690656
7104 -2.6539516666051686
7118 6.254617262685421
7286 1.4112609838503516
7397 2.87137525720551
7497 0.7014003223166658
7591 2.0426825846493406
7813 1.0145733615634107
7846 5.443687046469091
7857 4.8012850649143815
7904 4.42203579893711
7968 3.047265923669174
7991 1.3149298749119196
8061 4.165296298194385
8337 1.9550845253313545
8504 5.612215281130711
8523 4.353795814226602
8660 1.675499663112193
8710 1.6536113391281642
8723 1.5262389685791264
8731 2.0286963426746007
8739 3.8204558119026557
8743 4.433560284789064
8751 3.8630154263214513
8788 2.146479378330984
8880 1.67063347346102
8904 2.1863252868781835
8978 1.6140145794615122
9006 4.108137884354437
9106 1.0850066366123312
9122 1.3744921360632627
9154 2.465910149097345
9234 4.22592092001082
9276 5.3888890980928625
9353 2.476721065201561
9384 1.3355491621146554
9525 4.695924549256556
9559 -1.247984157824609
9567 4.290459441148391
9728 3.21432000833234
9733 1.0850066366123312
9816 5.8998973535824915
10044 5.052599493195288
10056 4.359452312635343
10069 3.4431615807611875
10301 4.22592092001082
10447 1.829844710114914
10471 5.612215281130711
10583 4.433560284789064
10742 3.5780469788183606
10751 5.5576631577733755
11027 1.2781978656431896
11032 1.087712998210074
11057 2.555858385760285
11102 1.9956900423327322
11110 3.2409820766720454
11114 3.047265923669174
11165 2.1863252868781835
11168 1.2781978656431896
11170 5.135385686814575
11218 2.8601059239645528
11270 4.05407066308416
11287 2.0286963426746007
11296 2.764403137653342
11299 -2.0847310474637517
11304 2.410992067732915
11305 2.0640357091199095
11362 8.00555473739322
11426 3.8630154263214513
11443 3.260840023967233
11446 3.597312260588446
11453 1.3637200390813515
11471 5.612215281130711
11580 2.5441623459970937
11644 3.5327737394508745
11677 1.7255100836868542
11889 5.558003874148989
11907 4.86832290156553
11937 5.389071729816501
11969 2.274701391239495
12022 0.40409618250082274
12033 5.042345655544789
12059 4.919068100570765
12081 2.363780654020965
12102 7.907974409054357
12218 2.6547042203969173
12292 2.5211728277723946
12377 2.6920409239639014
12383 1.2523064517104479
12429 5.206750173022546
12679 1.5958322603783217
12783 1.8986432144264027
12803 4.091160117244055
12805 1.8568460857479414
12879 8.867120569578129
13030 4.290459441148391
13052 3.260840023967233
13080 0.8123010183501074
13189 1.8745456628473423
13209 3.6312138122641273
13272 5.558003874148989
13383 5.8998973535824915
13399 3.086486636822455
13408 4.8012850649143815
13411 2.8088549002241754
13492 4.8012850649143815
13508 5.176530251060562
13553 -1.111382279832576
13577 5.8998973535824915
13683 3.0666840095262753
13750 2.162227735299123
13775 3.2849375755462935
13812 4.165296298194385
13921 2.1782280766455644
13933 3.7796338173824005
13961 4.00277736869661
14136 1.4810567457858934
14172 4.8012850649143815
14237 -0.6972483483041599
14352 0.9464204733261844
14381 0.2288676653980985
14422 2.1233123190494494
14431 1.034930298632155
14597 3.2849375755462935
14626 2.750014400201242
14628 6.305362461690656
14692 2.8396265588909295
14744 3.4431615807611875
14749 5.8998973535824915
14842 5.8998973535824915
14920 6.305362461690656
14983 6.305362461690656
15154 5.052599493195288
15155 0.6904112007410705
15192 4.467363916867872
15242 3.414990703794491
15256 3.3349479961209547
15292 2.211017899468555
15306 0.7199882180847567
15326 3.2373095265570386
15332 -1.5523117301456202
15373 1.628721502626236
15685 0.8716404581364162
15771 0.023095714794649395
15828 5.465738970980154
15841 5.206750173022546
15862 3.9074671888922854
