351
194 0.7699986386594181
209 1.7001922757025645
302 1.7153059135126125
433 5.389071729816501
584 4.8012850649143815
619 3.666305132075397
665 9.201228738904462
769 3.9539872045271784
866 4.40543819330772
868 2.0286963426746007
1171 2.9209721983448818
1176 5.389071729816501
1207 6.9985096422506015
1304 6.305362461690656
1310 3.7796338173824005
1379 2.1481658635875345
1404 6.854442642799821
1430 5.8998973535824915
1635 6.9985096422506015
1703 4.00277736869661
1750 1.1068654304248302
1811 5.612215281130711
1838 3.414990703794491
1839 4.186469727624344
1865 4.8012850649143815
1996 6.9985096422506015
2030 3.3349479961209547
2033 47.18850256984679
2070 1.4730567031188173
2247 4.438772298278144
2255 4.8012850649143815
2320 2.973157951515452
2329 4.433560284789064
2334 1.5879037593638217
2407 2.236335707452845
2442 2.7938170228596353
2524 4.108137884354437
2548 5.612215281130711
2564 5.612215281130711
2627 5.8998973535824915
2640 5.471659530418572
2659 3.4431615807611875
2669 3.6447198193535444
2703 4.513602992462601
2705 1.6657908489852322
2867 4.00277736869661
2893 2.5098732725184614
2919 2.1944885975173447
2920 1.3590830570083334
2935 1.2640783890383267
2964 0.900435360084361
3048 2.5098732725184614
3118 6.305362461690656
3148 5.612215281130711
3165 3.7796338173824005
3259 3.1918471524802814
3263 6.305362461690656
3341 5.389071729816501
3392 2.20271909665386
3408 6.305362461690656
3409 4.00277736869661
3431 4.359452312635343
3498 2.87137525720551
3518 6.9985096422506015
3597 2.8876357780772897
3613 2.8553749158590684
3658 2.938066631704182
3785 5.74275051441102
3850 3.9074671888922854
3934 6.9985096422506015
3949 2.7790019370744945
3958 6.305362461690656
4031 35.78201740064399
4106 4.165296298194385
4261 2.262311193856106
4284 3.9074671888922854
4302 1.8000126109847754
4378 4.695924549256556
4405 2.6920409239639014
4459 3.2849375755462935
4517 6.9985096422506015
4534 4.433560284789064
4537 4.078495509397918
4572 4.8012850649143815
4625 1.8452180477528222
4646 1.8686109273275278
4711 1.9296054400303697
4750 1.3262113992855786
4846 2.021775899830027
4871 2.4876501357337513
4887 6.305362461690656
4894 4.600614369452231
4924 6.569875151092587
4956 2.413542163580029
5046 2.236335707452845
5055 2.2278250177849364
5110 3.6904360955056443
5119 2.3933394562625097
5180 6.9985096422506015
5243 3.6312138122641273
5269 4.8012850649143815
5397 4.22592092001082
5405 4.8012850649143815
5418 4.00277736869661
5436 2.8876357780772897
5517 1.6232312345664361
5518 1.5868635903955612
5654 4.919068100570765
5701 9.83813620114153
5716 4.695924549256556
5744 4.433560284789064
5775 5.389071729816501
5809 2.363780654020965
5828 2.5676928434072877
5839 2.579669034454003
5895 2.4033897921160112
6003 3.3609234825242154
6026 10.67110520785708
6043 1.5913378707904824
6088 4.858737839683455
6089 3.8630154263214513
6156 3.6000252219695508
6169 2.4033897921160112
6216 4.786678912525019
6228 2.5894543351888
6338 2.413542163580029
6349 6.305362461690656
6389 6.254617262685421
6445 3.666305132075397
6572 9.391849098513111
6577 4.05407066308416
6586 2.288979440938267
6595 2.4237986637472186
6609 3.1918471524802814
6649 6.305362461690656
6688 1.8925641683500207
6805 6.9985096422506015
6872 1.3047775034479017
6875 6.9985096422506015
6941 4.356456153291129
6983 3.414990703794491
7016 3.0666840095262753
7029 4.108137884354437
7091 6.9985096422506015
7104 -3.980927499907753
7170 1.6186122887101415
7181 3.260840023967233
7206 6.9985096422506015
7215 2.344549292093078
7222 4.695924549256556
7309 4.8012850649143815
7384 4.919068100570765
7430 6.6192603762733295
7462 1.942263836902293
7497 0.7014003223166658
7560 4.433560284789064
7563 2.335070548138534
7569 2.0341908619922413
7588 5.052599493195288
7613 4.290459441148391
7626 5.8998973535824915
7634 4.359452312635343
7636 11.224430562261421
7722 3.5327737394508745
7736 6.305362461690656
7750 6.9985096422506015
7764 5.115614452578326
7932 1.8745456628473423
7969 10.598321218352623
8021 6.9985096422506015
8096 1.4533321977710387
8342 3.1066893441399746
8429 4.359452312635343
8471 2.7938170228596353
8566 2.5098732725184614
8660 1.675499663112193
8670 5.206750173022546
8741 6.17297327364491
8816 1.7255100836868542
8850 1.7153059135126125
8928 1.3355491621146554
8931 6.9985096422506015
8954 3.5645224377654547
9032 4.8012850649143815
9106 1.0850066366123312
9122 1.3744921360632627
9151 2.517433460142734
9229 2.3933394562625097
9282 1.4533321977710387
9292 2.5441623459970937
9399 4.22592092001082
9438 4.290459441148391
9461 6.305362461690656
9531 1.67063347346102
9573 6.6192603762733295
9602 2.2800107709555064
9698 1.9878743481543455
9733 3.2550199098369936
9771 6.9985096422506015
9791 7.033647876279234
9887 5.612215281130711
10008 2.0568672196412967
10048 5.389071729816501
10049 4.513602992462601
10054 3.0282177286984795
10114 2.6028323114903933
10140 6.305362461690656
10219 6.305362461690656
10221 2.434161450782765
10258 1.8000126109847754
10298 4.05407066308416
10388 6.305362461690656
10422 1.4175881426832082
10431 2.887464611635827
10561 1.6003469407328483
10709 7.332610264150794
10749 2.3509274935351647
10794 2.938066631704182
10889 3.086486636822455
10906 2.035665011990694
10910 4.695924549256556
10919 6.9985096422506015
10971 7.004004161568242
10973 2.7938170228596353
11023 1.2880826248757316
11027 2.556395731286379
11046 4.786678912525019
11080 3.8630154263214513
11089 4.619860900876966
11165 2.1863252868781835
11210 3.21432000833234
11287 2.0286963426746007
11294 4.600614369452231
11308 2.5098732725184614
11344 3.1483620405405426
11413 4.919068100570765
11491 1.8745456628473423
11522 2.555858385760285
11566 5.612215281130711
11576 6.6192603762733295
11655 5.33555260392854
11677 1.7255100836868542
11769 3.2933030175490696
11774 3.0282177286984795
11778 5.710749831718137
11914 4.290459441148391
11975 2.9209721983448818
12022 0.40409618250082274
12122 2.3927825337470767
12155 11.224430562261421
12263 2.579669034454003
12293 3.7026727762462723
12345 9.201228738904462
12455 -0.6457759976041206
12536 6.305362461690656
12595 2.344549292093078
12598 2.5098732725184614
12640 6.9985096422506015
12688 4.165296298194385
12695 6.305362461690656
12736 3.414990703794491
12767 2.6547042203969173
12785 2.8088549002241754
12832 3.3096301881366648
12833 0.9630282097258448
12891 3.7796338173824005
12921 3.740413104229119
12992 2.3256808077886952
13028 4.8012850649143815
13029 1.6609715625492831
13077 3.047265923669174
13080 0.8123010183501074
13102 8.207489295627859
13108 4.560021541911013
13121 5.389071729816501
13130 7.907974409054357
13138 4.600614369452231
13140 4.919068100570765
13153 4.455650035569873
13220 6.569875151092587
13239 4.600614369452231
13244 4.919068100570765
13265 6.9985096422506015
13314 2.0286963426746007
13316 6.094531847338348
13384 2.0568672196412967
13401 4.93182029819469
13402 6.9985096422506015
13403 3.502002080784121
13423 7.907974409054357
13449 2.6418008155610093
13465 5.389071729816501
13499 4.108137884354437
13527 4.099499503744866
13542 5.052599493195288
13547 1.6003469407328483
13599 4.290459441148391
13723 3.597312260588446
13750 4.324455470598246
13867 4.350851992840296
13870 11.799794707164983
13993 3.3609234825242154
14041 5.052599493195288
14053 12.610724923381312
14107 2.4237986637472186
14145 5.612215281130711
14165 11.235419600896702
14237 -2.7889933932166397
14256 6.305362461690656
14267 -1.9118469665675755
14308 2.0640357091199095
14332 4.22592092001082
14335 5.206750173022546
14381 0.6866029961942954
14400 6.9985096422506015
14403 7.333898251950181
14498 3.0282177286984795
14501 2.1863252868781835
14529 2.8088549002241754
14573 3.260840023967233
14588 2.0785287164224764
14622 6.305362461690656
14682 1.5431885268928998
14731 5.206750173022546
14872 6.305362461690656
14879 3.9539872045271784
15024 3.2373095265570386
15102 5.206750173022546
15121 4.760590771186684
15126 5.612215281130711
15155 0.6904112007410705
15192 1.489121305622624
15256 3.3349479961209547
15332 -41.91241671393175
15341 2.3879223751880367
15415 2.824122372354964
15418 2.1233123190494494
15456 3.1273086313427103
15471 2.08218251948586
15571 6.9985096422506015
15595 1.3320829541381691
15604 2.1233123190494494
15612 4.165296298194385
15622 2.363780654020965
15651 4.5508936751389415
15672 1.4550424207846036
15693 4.919068100570765
15713 6.9985096422506015
15771 0.16167000356254577
15796 3.666305132075397
15814 2.262311193856106
