520
3 3.0666840095262753
5 4.513602992462601
19 4.165296298194385
21 4.695924549256556
35 5.052599493195288
46 6.305362461690656
57 3.7796338173824005
59 4.433560284789064
194 5.389990470615927
209 1.7001922757025645
373 2.750014400201242
396 5.612215281130711
422 2.66777630196427
461 4.05407066308416
488 3.6312138122641273
493 3.1698682457615064
500 2.1701959049483
521 5.695929643279208
569 3.0282177286984795
646 2.219386149139072
657 2.0640357091199095
666 6.521680047934466
717 2.8396265588909295
787 2.035665011990694
810 2.8396265588909295
960 4.695924549256556
1060 0.3108345320827577
1171 2.9209721983448818
1404 5.4835541142398565
1450 6.305362461690656
1657 5.612215281130711
1685 3.2373095265570386
1686 1.1549652252192415
1690 2.455214859980597
1793 6.9985096422506015
1931 4.8012850649143815
1946 5.612215281130711
1957 9.11179954838386
2038 3.761031659667692
2049 2.37353682896633
2064 1.5647876386963615
2247 2.219386149139072
2291 3.5327737394508745
2334 2.3818556390457326
2351 4.6943629160890845
2357 2.3747372985478017
2358 6.254617262685421
2402 4.513602992462601
2417 6.9985096422506015
2433 44.038692484882894
2442 2.7938170228596353
2444 3.666305132075397
2506 3.1483620405405426
2513 1.8280256472124494
2532 5.389071729816501
2538 2.84512107820857
2539 6.9985096422506015
2597 4.231415439328461
2600 6.9985096422506015
2640 2.735829765209286
2643 5.8998973535824915
2645 15.550742369918089
2705 1.6657908489852322
2706 3.6312138122641273
2709 4.695924549256556
2786 5.612215281130711
2821 6.9985096422506015
2919 2.1944885975173447
2920 0.6795415285041667
2935 1.2640783890383267
2940 6.511486456491753
2944 9.602570129828763
2964 2.701306080253083
3027 35.368196452367016
3046 2.9911764570181303
3057 8.94534282981138
3143 2.219386149139072
3237 6.9985096422506015
3368 6.305362461690656
3395 4.695924549256556
3407 2.085854756514549
3422 12.610724923381312
3448 3.1273086313427103
3482 3.3096301881366648
3506 2.4616965846000025
3516 4.157057432844953
3520 2.87137525720551
3578 0.6015799870344548
3583 5.052599493195288
3598 3.4998814949012527
3614 1.4378280112350734
3700 10.3578173407552
3702 6.9985096422506015
3804 2.750014400201242
3820 1.7890234894091803
3836 8.33059259638877
3840 2.5961321377198296
3862 3.0666840095262753
3901 2.363780654020965
3973 4.919068100570765
4021 3.010896397820105
4029 34.84998096034201
4039 8.33059259638877
4047 7.726030852642903
4053 -1.869001880227732
4063 13.300680854367194
4070 4.427461721699321
4175 6.9985096422506015
4225 4.600614369452231
4237 12.767388609921126
4245 3.597312260588446
4256 10.778143459633002
4261 2.262311193856106
4262 3.1698682457615064
4277 3.7026727762462723
4307 5.648244744709928
4335 11.752266526816728
4341 10.61881688158767
4366 1.9878743481543455
4391 13.043360095868932
4412 6.17297327364491
4417 6.383694304960563
4425 6.24558328171174
4427 3.597312260588446
4437 2.4033897921160112
4504 7.262427624528255
4505 6.9985096422506015
4522 0.7810714429639324
4549 2.6418008155610093
4613 2.211017899468555
4695 5.74275051441102
4698 6.9985096422506015
4710 6.305362461690656
4750 1.3262113992855786
4759 3.21432000833234
4803 5.612215281130711
4829 5.612215281130711
4865 3.0282177286984795
4876 6.73475835343271
4878 5.4691914417169425
4886 6.019051191372654
4906 3.9074671888922854
4912 1.9296054400303697
4964 1.127926246926296
4976 2.288979440938267
4989 10.684393296917243
5006 6.17297327364491
5033 4.246624638098899
5046 4.47267141490569
5116 3.923114079673944
5154 2.4446327506500602
5155 3.3096301881366648
5208 2.5676928434072877
5275 4.8012850649143815
5280 4.919068100570765
5392 4.261950383590038
5443 8.712495240085502
5510 4.108137884354437
5587 2.5326015235960173
5590 1.4533321977710387
5615 2.049749751872433
5687 2.0785287164224764
5737 3.740413104229119
5807 4.00277736869661
5850 3.047265923669174
5883 4.290459441148391
5891 3.1273086313427103
5901 2.455214859980597
5934 2.8876357780772897
5955 4.86832290156553
5983 1.9878743481543455
6004 3.1066893441399746
6049 4.071330023981388
6068 3.1273086313427103
6078 5.11171677152057
6082 12.610724923381312
6088 2.4293689198417274
6122 3.502002080784121
6136 4.371738291276525
6151 2.815045323479489
6154 14.757204301712296
6167 28.80771038948629
6168 4.290459441148391
6205 2.955458374416051
6228 1.2947271675944
6234 5.258123579567159
6262 3.4431615807611875
6263 6.9985096422506015
6275 5.8998973535824915
6335 2.476721065201561
6390 3.047265923669174
6402 5.645043935401406
6433 0.5154022907934025
6461 9.83813620114153
6467 2.2535775138873513
6539 9.73664580313106
6583 0.8629447511688624
6586 9.155917763753068
6618 4.113734439282593
6622 2.579669034454003
6675 2.5098732725184614
6709 6.305362461690656
6754 3.607355674455688
6776 3.884527673804586
6813 6.305362461690656
6887 1.152070867192877
6908 4.024523355117577
6953 21.448172229714327
7025 2.0190964507214755
7028 2.764403137653342
7104 -3.3174395832564607
7170 1.6186122887101415
7181 3.260840023967233
7197 1.730651483187273
7222 4.695924549256556
7228 4.359452312635343
7254 5.389071729816501
7286 5.645043935401406
7330 5.206750173022546
7401 3.773043707788116
7431 18.228423413047135
7497 0.7014003223166658
7534 2.485534857327378
7569 5.0854771549806035
7578 8.344596469774695
7590 4.22592092001082
7602 4.695924549256556
7633 1.8745456628473423
7645 5.612215281130711
7650 10.540802570144237
7688 3.086486636822455
7692 2.2449194511442365
7703 4.8012850649143815
7775 8.45184184002164
7787 6.9985096422506015
7797 6.094531847338348
7813 1.0145733615634107
7826 6.254617262685421
7846 2.7218435232345457
7887 2.973157951515452
7892 4.655316811752874
7924 3.2849375755462935
7932 1.8745456628473423
7981 2.0426825846493406
8007 3.809518882887678
8032 2.043302495063963
8043 1.730651483187273
8096 2.9066643955420775
8102 4.359452312635343
8129 3.9539872045271784
8155 6.213378688279949
8244 31.240501038135278
8247 12.610724923381312
8256 1.6803896484063847
8260 4.22592092001082
8262 2.0712559570933964
8315 8.293209412960024
8337 17.59576072798219
8382 6.9985096422506015
8400 3.597312260588446
8401 3.8204558119026557
8444 1.7890234894091803
8471 2.7938170228596353
8483 4.165296298194385
8660 5.026498989336579
8683 3.3607792968127694
8695 35.19152145596438
8745 5.088324691994187
8784 4.292958756661968
8792 5.052599493195288
8799 3.502002080784121
8850 1.7153059135126125
8869 10.891140383227821
8880 1.67063347346102
8896 2.938066631704182
8898 3.3875917296063767
8901 5.052599493195288
8902 6.9985096422506015
8928 1.3355491621146554
8954 7.1290448755309095
8993 2.973157951515452
9047 4.8012850649143815
9066 5.612215281130711
9151 1.258716730071367
9162 4.8012850649143815
9170 1.8348909686638688
9190 4.290459441148391
9201 3.5645224377654547
9210 5.612215281130711
9229 2.3933394562625097
9255 12.610724923381312
9276 2.6944445490464313
9285 3.047265923669174
9292 2.5441623459970937
9302 12.610724923381312
9384 1.3355491621146554
9393 1.060973437168175
9400 3.1273086313427103
9408 4.165296298194385
9413 4.433560284789064
9428 2.498699971920336
9454 3.1698682457615064
9484 7.907974409054357
9547 2.6418008155610093
9554 1.271661894663404
9557 4.290459441148391
9588 4.359452312635343
9648 6.9985096422506015
9711 1.8686109273275278
9717 3.3875917296063767
9733 5.425033183061656
9814 6.9985096422506015
9911 4.165296298194385
9970 0.4837969513780714
9974 3.8630154263214513
10008 6.17060165892389
10101 6.305362461690656
10114 2.6028323114903933
10133 6.9985096422506015
10215 4.695924549256556
10219 6.305362461690656
10221 2.434161450782765
10226 5.612215281130711
10233 3.4431615807611875
10258 1.8000126109847754
10294 5.41610040220442
10307 2.5676928434072877
10310 4.695924549256556
10325 1.8925641683500207
10326 6.800000032104646
10329 -3.3614511313535624
10385 6.305362461690656
10422 2.8351762853664164
10446 3.1483620405405426
10473 5.334461451516829
10532 2.9209721983448818
10579 5.052599493195288
10655 3.8204558119026557
10658 2.9041650800285006
10729 42.82420284867814
10754 6.339736491523013
10759 3.0666840095262753
10765 4.513602992462601
10770 7.462950407201253
10818 4.359452312635343
10868 -1.482888582494811
10872 1.6048820958982397
10906 2.035665011990694
10962 5.258123579567159
11023 2.576165249751463
11027 3.834593596929569
11050 3.9539872045271784
11114 3.047265923669174
11165 2.1863252868781835
11168 1.2781978656431896
11202 2.9209721983448818
11210 3.21432000833234
11218 1.7160635543787315
11263 9.391849098513111
11299 -6.254193142391255
11304 3.616488101599373
11305 2.0640357091199095
11327 3.5645224377654547
11328 6.9985096422506015
11344 3.1483620405405426
11347 0.8373023205555247
11384 3.3609234825242154
11386 10.578538598321153
11397 8.45184184002164
11402 4.433560284789064
11406 2.6418008155610093
11438 3.3349479961209547
11444 2.434161450782765
11445 3.740413104229119
11481 1.6186122887101415
11484 3.6312138122641273
11488 5.8998973535824915
11522 5.11171677152057
11570 1.1933746733341126
11589 7.559267634764801
11597 3.0666840095262753
11634 3.3096301881366648
11696 3.2373095265570386
11704 3.1483620405405426
11713 12.871378323445173
11725 4.359452312635343
11769 1.6466515087745348
11774 3.0282177286984795
11778 2.8553749158590684
11780 4.8012850649143815
11784 3.47214911763444
11816 1.9296054400303697
11817 5.206750173022546
11820 16.836645843392134
11828 5.910916748832102
11836 2.37353682896633
11943 4.910429719961194
11952 1.5958322603783217
11955 5.206750173022546
11969 1.5164675941596633
11975 2.9209721983448818
12010 3.6312138122641273
12028 10.367161579945392
12029 5.8998973535824915
12034 0.9324015521468534
12042 7.925402446683028
12043 2.498699971920336
12046 6.9985096422506015
12070 2.87137525720551
12093 3.3607792968127694
12122 1.1963912668735384
12137 7.4960999157610075
12170 5.8998973535824915
12173 7.924919221742708
12277 3.1273086313427103
12283 2.6040604875781623
12292 5.042345655544789
12305 4.433560284789064
12312 2.7938170228596353
12341 2.8088549002241754
12343 6.9985096422506015
12377 1.3460204619819507
12400 5.8419443966897635
12455 -0.8610346634721608
12578 2.4237986637472186
12598 2.5098732725184614
12653 6.305362461690656
12654 5.052599493195288
12674 3.155949285956631
12717 0.5999147077153936
12723 4.577958881876534
12773 4.413087583837837
12781 2.498699971920336
12790 7.547859580469574
12793 2.87137525720551
12823 1.034930298632155
12826 1.2619373447714093
12853 1.152070867192877
12921 11.221239312687356
13001 1.4730567031188173
13029 1.6609715625492831
13045 3.773043707788116
13046 3.47214911763444
13080 1.6246020367002147
13088 2.7790019370744945
13184 12.610724923381312
13314 2.0286963426746007
13343 5.946315903030904
13346 2.9041650800285006
13399 3.086486636822455
13440 1.4770487243883548
13454 5.052599493195288
13501 5.042345655544789
13506 5.052599493195288
13508 1.7255100836868542
13530 3.9539872045271784
13536 5.612215281130711
13547 1.6003469407328483
13579 4.919068100570765
13588 3.5327737394508745
13599 4.290459441148391
13613 1.8111238364098463
13636 6.305362461690656
13716 6.9985096422506015
13730 5.052599493195288
13801 3.6312138122641273
13825 2.7218435232345457
13891 1.2131850577159984
13893 4.05407066308416
14008 2.001297368486486
14093 2.973157951515452
14094 6.9985096422506015
14174 3.5890059103476117
14208 2.3747372985478017
14237 -5.5779867864332795
14267 -0.7647387866270302
14308 4.128071418239819
14309 1.5137127087599462
14381 1.3732059923885909
14431 1.034930298632155
14439 3.1273086313427103
14486 5.232966015153439
14516 2.1782280766455644
14519 3.086486636822455
14563 2.6418008155610093
14626 2.750014400201242
14682 1.5431885268928998
14728 3.740413104229119
14744 6.886323161522375
14864 4.8012850649143815
14913 6.9985096422506015
14917 6.9985096422506015
14933 3.7026727762462723
14950 6.9985096422506015
14969 6.9985096422506015
15013 6.9985096422506015
15063 3.2373095265570386
15113 3.7796338173824005
15240 6.829981407588982
15250 3.7796338173824005
15332 -43.464728444077366
15348 4.20133968459938
15358 2.579669034454003
15371 4.8012850649143815
15413 1.2781978656431896
15466 4.919068100570765
15550 6.9985096422506015
15551 18.525887758035246
15572 5.8998973535824915
15578 1.7945029551738059
15587 1.2947271675944
15622 2.363780654020965
15647 5.389071729816501
15650 2.130975191795019
15651 1.1377234187847354
15669 4.324455470598246
15672 6.547690893530716
15712 4.165296298194385
15771 0.06928714438394819
15805 2.008077055471865
