123
194 1.5399972773188362
209 3.400384551405129
241 1.6902419448493964
327 2.20271909665386
425 5.612215281130711
666 3.260840023967233
717 2.8396265588909295
762 5.612215281130711
787 2.035665011990694
862 2.344549292093078
927 2.0785287164224764
948 6.305362461690656
1002 6.305362461690656
1686 2.309930450438483
1690 2.455214859980597
1940 2.6944445490464313
2450 -1.2217137914072214
2484 2.629859749823839
2487 4.108137884354437
2701 2.7218435232345457
2893 2.5098732725184614
2935 0.6320391945191633
3143 2.219386149139072
3192 2.0190964507214755
3449 0.9823524825522477
3489 3.884527673804586
3578 0.6015799870344548
3635 3.155949285956631
3901 2.363780654020965
3982 1.0769312226067855
4016 3.9074671888922854
4164 2.6418008155610093
4261 2.262311193856106
4522 0.2603571476546441
4646 1.8686109273275278
4765 4.245040000406706
4840 2.938066631704182
4985 5.206750173022546
4989 1.3355491621146554
5039 2.735829765209286
5122 2.7938170228596353
5161 3.047265923669174
5231 6.9985096422506015
5392 2.130975191795019
5478 4.433560284789064
5528 2.875656022470147
5615 2.049749751872433
5803 6.305362461690656
5839 2.579669034454003
6048 5.612215281130711
6365 7.814934377784571
6447 1.2880826248757316
6530 3.3609234825242154
6786 3.7026727762462723
7005 5.612215281130711
7049 6.305362461690656
7170 1.6186122887101415
7306 2.4876501357337513
7427 3.9074671888922854
7497 1.4028006446333317
7534 1.242767428663689
7647 3.3096301881366648
7879 5.206750173022546
7906 1.4339892349279078
8096 1.4533321977710387
8155 3.1066893441399746
8439 0.4690908039883759
8566 2.5098732725184614
8621 2.6418008155610093
8758 4.433560284789064
8886 1.3081501879265407
8904 4.372650573756367
8979 1.7890234894091803
9026 5.8998973535824915
9092 2.973157951515452
9170 0.6116303228879563
9345 2.66777630196427
9349 4.600614369452231
9531 1.67063347346102
9554 2.543323789326808
9808 3.009525595686327
9970 0.4837969513780714
10031 2.498699971920336
10302 2.6290617897835795
10329 -0.21009069570959765
10422 0.7087940713416041
10868 -0.5560832184355542
11102 0.6652300141109108
11139 2.87137525720551
11299 -0.5211827618659379
11481 1.6186122887101415
11539 1.4690805547391779
11646 2.3541187431092285
12057 2.10066984229969
12073 6.305362461690656
12134 6.9985096422506015
12455 -0.2152586658680402
12488 3.8718292184472687
12489 3.2373095265570386
12503 2.2278250177849364
12529 3.502002080784121
12604 6.9985096422506015
12642 5.612215281130711
12929 3.7026727762462723
12968 3.047265923669174
13000 4.165296298194385
13080 0.8123010183501074
13197 3.2849375755462935
13817 3.5645224377654547
13838 2.3163784151263815
13867 1.087712998210074
14118 3.8630154263214513
14309 1.5137127087599462
14633 2.6547042203969173
15187 1.994563336305142
15302 3.3609234825242154
15383 5.389071729816501
15471 0.6940608398286201
15517 1.886521853894058
15672 2.1825636311769054
15677 1.5779746429783155
15702 2.8553749158590684
15861 3.597312260588446
