118
174 1.6232312345664361
194 0.7699986386594181
407 4.695924549256556
521 1.8986432144264027
530 2.66777630196427
2064 1.5647876386963615
2357 1.1873686492739008
2407 2.236335707452845
2429 9.602570129828763
2450 -2.4434275828144427
2519 1.6902419448493964
2538 2.84512107820857
2735 3.9074671888922854
2964 0.900435360084361
3005 3.6312138122641273
3036 2.262311193856106
3259 3.1918471524802814
3382 4.433560284789064
3407 2.085854756514549
3449 1.9647049651044954
3578 0.6015799870344548
3782 3.7026727762462723
3814 2.236335707452845
3995 1.751485570090115
4021 1.5054481989100525
4172 3.414990703794491
4326 3.9539872045271784
4405 1.3460204619819507
4522 0.2603571476546441
4580 4.600614369452231
4838 1.4730567031188173
4846 2.021775899830027
5065 2.735829765209286
5122 2.7938170228596353
5181 4.577958881876534
5432 3.4431615807611875
5525 3.3096301881366648
5528 2.875656022470147
5590 1.4533321977710387
5687 2.0785287164224764
5809 2.363780654020965
5889 2.4033897921160112
6140 2.211017899468555
6235 1.2270685191205855
6548 2.0785287164224764
6583 0.8629447511688624
6816 6.775183459212753
6908 0.33537694625979814
6983 3.414990703794491
7104 -0.6634879166512921
7164 4.290459441148391
7462 1.942263836902293
7497 1.4028006446333317
7506 3.740413104229119
7534 1.242767428663689
7545 5.389071729816501
7552 1.9486536350010641
7569 1.0170954309961207
7692 2.2449194511442365
7840 3.138328026592321
7842 2.37353682896633
7904 2.211017899468555
7991 1.3149298749119196
8261 4.513602992462601
8439 0.4690908039883759
8578 3.1066893441399746
8736 1.1933746733341126
8795 3.502002080784121
8880 1.67063347346102
9044 3.8630154263214513
9357 4.00277736869661
9602 2.2800107709555064
9604 4.513602992462601
9641 2.6418008155610093
9711 1.8686109273275278
10114 1.3014161557451966
10629 3.7026727762462723
10734 8.207489295627859
10770 2.4876501357337513
10868 -0.5560832184355542
11344 3.1483620405405426
11539 1.4690805547391779
11790 2.2449194511442365
11840 1.6902419448493964
11969 0.7582337970798316
11972 3.21432000833234
12047 2.883363161102127
12049 5.135385686814575
12263 2.579669034454003
12357 2.1701959049483
12375 3.260840023967233
12571 4.00277736869661
12610 2.4237986637472186
12649 6.9985096422506015
13080 0.8123010183501074
13220 3.2849375755462935
13314 2.0286963426746007
13553 -0.37046075994419203
13681 4.997399943840672
13718 1.3425178314307487
13922 1.8986432144264027
14237 -0.6972483483041599
14267 -0.7647387866270302
14309 1.5137127087599462
14463 1.67063347346102
14558 4.953442130403122
14582 3.7026727762462723
15187 1.994563336305142
15224 5.808330160057001
15332 -4.656935190436861
15648 2.5676928434072877
15672 0.7275212103923018
15677 1.5779746429783155
15685 0.8716404581364162
15702 2.8553749158590684
15719 3.597312260588446
15730 6.9985096422506015
15814 2.262311193856106
