91
55 4.695924549256556
476 3.8630154263214513
1567 4.22592092001082
1686 1.1549652252192415
1762 5.612215281130711
1893 1.7567626271909589
1909 2.8876357780772897
1923 2.211017899468555
1929 2.1081605140288473
1935 4.433560284789064
1957 1.8223599096767722
2049 2.37353682896633
2334 2.3818556390457326
2495 6.9985096422506015
2645 2.591790394986348
2674 2.054495604920277
2940 1.6278716141229383
3506 5.743958697400005
3700 1.2947271675944
3840 1.2980660688599148
4053 -0.2990403008364371
4381 4.029806041084529
4405 1.3460204619819507
4413 5.389071729816501
4504 3.6312138122641273
4876 2.2449194511442365
4878 1.3672978604292356
4964 0.563963123463148
4979 3.9074671888922854
4989 1.3355491621146554
5878 4.919068100570765
5917 5.612215281130711
5992 8.718904625270685
6151 1.4075226617397445
6229 6.9985096422506015
6234 5.258123579567159
6341 22.448861124522843
6468 3.1483620405405426
6618 2.0568672196412967
6659 6.9985096422506015
6941 2.1782280766455644
6953 5.362043057428582
7104 -2.6539516666051686
7578 1.5646118380827554
7817 3.9074671888922854
7846 2.7218435232345457
7889 4.919068100570765
8096 1.4533321977710387
8129 3.9539872045271784
8331 4.00277736869661
8337 1.9550845253313545
8695 11.730507151988126
8745 2.5441623459970937
8886 1.3081501879265407
9106 1.0850066366123312
9122 1.3744921360632627
9201 3.5645224377654547
9554 1.271661894663404
9709 1.082307579643166
10431 0.7218661529089567
10456 5.710749831718137
10473 1.7781538171722764
10729 5.098119386747397
10751 0.7939518796819108
10754 3.1698682457615064
11023 1.2880826248757316
11165 2.1863252868781835
11168 1.2781978656431896
11263 14.087773647769666
11291 6.305362461690656
11296 2.764403137653342
11299 -2.6059138093296896
11305 4.128071418239819
11524 1.5178707189086098
11570 3.580124020002338
11589 3.7796338173824005
12022 0.40409618250082274
12142 5.612215281130711
12173 7.924919221742708
12708 3.1916645207566434
13440 1.4770487243883548
13547 1.6003469407328483
13975 6.305362461690656
13979 3.666305132075397
14093 2.973157951515452
14237 -0.6972483483041599
14357 2.476721065201561
14874 4.8012850649143815
15332 -3.1046234602912404
15450 4.290459441148391
15551 3.4736039546316086
