52
2157 5.8998973535824915
2479 5.206750173022546
2534 3.2373095265570386
3506 1.6411310564000017
3575 3.260840023967233
3840 1.2980660688599148
3877 3.1698682457615064
4053 -0.07476007520910928
4621 2.7218435232345457
4846 2.021775899830027
5101 3.414990703794491
5330 4.05407066308416
5426 4.8012850649143815
5484 0.9464204733261844
5735 3.502002080784121
6151 1.4075226617397445
6433 0.5154022907934025
6660 2.7938170228596353
7104 -0.6634879166512921
7578 0.5215372793609184
7813 1.0145733615634107
7826 3.1273086313427103
8791 6.9985096422506015
8798 5.8998973535824915
9201 3.5645224377654547
10341 6.339736491523013
10393 1.9746291214043248
10431 0.7218661529089567
10729 2.039247754698959
11106 2.021775899830027
11218 0.5720211847929105
11291 6.305362461690656
11299 -2.0847310474637517
11304 1.2054960338664575
11344 3.1483620405405426
11394 4.165296298194385
11524 1.5178707189086098
11895 5.052599493195288
12028 2.591790394986348
12142 5.612215281130711
12173 3.962459610871354
12455 -0.2152586658680402
14085 3.1698682457615064
14381 0.2288676653980985
14455 1.637217476541176
14588 2.0785287164224764
14682 1.5431885268928998
14850 6.9985096422506015
15181 1.751485570090115
15551 1.1578679848772029
15584 6.9985096422506015
15708 2.9911764570181303
