247
174 1.6232312345664361
194 3.8499931932970903
365 3.414990703794491
607 2.5211728277723946
657 2.0640357091199095
695 2.9911764570181303
744 6.775183459212753
787 2.035665011990694
799 5.206750173022546
800 2.434161450782765
810 2.8396265588909295
874 3.2849375755462935
1019 5.8998973535824915
1038 6.9985096422506015
1884 1.9486536350010641
1928 7.462950407201253
1964 3.260840023967233
2070 1.4730567031188173
2201 6.106995035972082
2221 6.056435457396959
2247 2.219386149139072
2271 0.34178311807220957
2334 0.7939518796819108
2450 -4.8868551656288854
2705 1.6657908489852322
2874 3.047265923669174
2925 3.4431615807611875
2935 0.6320391945191633
3025 5.612215281130711
3036 9.049244775424423
3192 1.0095482253607377
3205 6.254617262685421
3215 0.589980851191103
3380 2.3541187431092285
3404 2.465910149097345
3449 2.9470574476567433
3737 1.8055527913603908
3759 2.4033897921160112
3767 4.919068100570765
3814 2.236335707452845
3901 2.363780654020965
3929 6.9985096422506015
3982 3.2307936678203566
4051 4.919068100570765
4060 5.8998973535824915
4063 4.433560284789064
4075 3.597312260588446
4081 3.1066893441399746
4167 2.0712559570933964
4302 1.8000126109847754
4412 3.086486636822455
4507 2.298029276458185
4522 0.2603571476546441
4600 5.612215281130711
4632 5.206750173022546
4636 5.910916748832102
4660 3.9074671888922854
4750 1.3262113992855786
4765 1.4150133334689021
4783 2.1782280766455644
4838 1.4730567031188173
5039 8.207489295627859
5043 3.502002080784121
5065 10.943319060837144
5083 1.5735596247691985
5110 1.8452180477528222
5119 7.180018368787529
5181 2.288979440938267
5309 5.065203047192035
5318 3.1066893441399746
5339 2.356853423796479
5392 2.130975191795019
5420 6.9985096422506015
5525 3.3096301881366648
5528 2.875656022470147
5563 3.1066893441399746
5590 2.9066643955420775
5802 3.1483620405405426
5809 7.091341962062895
5895 2.4033897921160112
5902 4.05407066308416
5929 3.3096301881366648
5973 1.4770487243883548
6005 3.666305132075397
6060 3.7796338173824005
6078 2.555858385760285
6088 1.2146844599208637
6123 4.577958881876534
6140 2.211017899468555
6205 2.955458374416051
6228 1.2947271675944
6235 1.2270685191205855
6328 3.8630154263214513
6447 1.2880826248757316
6476 4.600614369452231
6536 4.05407066308416
6586 2.288979440938267
6622 2.579669034454003
6640 3.7026727762462723
6660 2.7938170228596353
6853 3.260840023967233
6908 0.33537694625979814
7009 6.9985096422506015
7019 2.130975191795019
7025 1.0095482253607377
7104 -0.6634879166512921
7181 3.260840023967233
7189 3.8630154263214513
7197 3.461302966374546
7224 4.22592092001082
7311 2.236335707452845
7412 9.027205984925201
7462 1.942263836902293
7482 3.6111055827207816
7490 3.414990703794491
7506 3.740413104229119
7534 3.7283022859910666
7552 1.9486536350010641
7578 0.5215372793609184
7622 2.764403137653342
7633 1.8745456628473423
7828 4.05407066308416
7840 4.707492039888481
7906 1.4339892349279078
8242 2.035665011990694
8283 2.8876357780772897
8439 0.9381816079767518
8592 3.740413104229119
8645 3.5327737394508745
8660 1.675499663112193
8669 6.305362461690656
8723 1.5262389685791264
8736 1.1933746733341126
8816 3.4510201673737084
8822 2.2800107709555064
8869 2.1782280766455644
8886 1.3081501879265407
8890 2.2800107709555064
8977 7.887185369350739
8979 1.7890234894091803
8993 2.973157951515452
9092 2.973157951515452
9106 2.1700132732246624
9127 4.22592092001082
9151 1.258716730071367
9170 1.8348909686638688
9229 4.786678912525019
9309 5.8998973535824915
9355 2.1782280766455644
9589 1.3115342859107813
9604 4.513602992462601
9698 1.9878743481543455
9791 7.033647876279234
9817 2.6366740664670676
9831 5.052599493195288
9946 10.778143459633002
9970 0.9675939027561428
10001 4.128071418239819
10006 2.6944445490464313
10031 4.997399943840672
10258 1.8000126109847754
10329 -0.21009069570959765
10422 3.5439703567080203
10437 1.3672978604292356
10529 5.206750173022546
10713 3.5645224377654547
10750 6.305362461690656
10868 -0.5560832184355542
10886 2.87137525720551
10979 6.213378688279949
10990 3.597312260588446
11008 5.206750173022546
11023 1.2880826248757316
11168 1.2781978656431896
11235 3.740413104229119
11334 1.994563336305142
11534 4.359452312635343
11539 5.8763222189567115
11625 1.457246097092175
11696 3.2373095265570386
11850 4.910429719961194
11959 2.2449194511442365
11977 3.7026727762462723
12022 0.40409618250082274
12047 5.766726322204254
12049 2.5676928434072877
12057 4.20133968459938
12107 12.610724923381312
12246 4.290459441148391
12303 7.332610264150794
12341 2.8088549002241754
12357 4.3403918098966
12383 1.2523064517104479
12455 -0.6457759976041206
12558 4.8892655013001205
12595 4.689098584186156
12648 4.108137884354437
12833 0.9630282097258448
13001 1.4730567031188173
13032 12.610724923381312
13043 3.4431615807611875
13080 0.8123010183501074
13130 3.9539872045271784
13181 4.695924549256556
13197 6.569875151092587
13312 2.955458374416051
13319 5.416658374081172
13527 2.049749751872433
13670 2.6164830075767194
13681 4.997399943840672
13759 2.955458374416051
13760 7.559267634764801
13767 2.6547042203969173
13835 8.00555473739322
13921 2.1782280766455644
14104 1.710242611556066
14153 2.4876501357337513
14237 -2.09174504491248
14267 -1.5294775732540604
14309 4.541138126279838
14363 6.305362461690656
14416 0.7739512129752414
14455 6.548869906164704
14486 2.6164830075767194
14507 5.553045496311444
14558 2.476721065201561
14581 4.8012850649143815
14692 2.8396265588909295
14730 6.9985096422506015
14906 0.4013639403639497
15069 4.359452312635343
15116 3.8630154263214513
15155 0.6904112007410705
15187 1.994563336305142
15212 3.7796338173824005
15224 2.9041650800285006
15302 3.3609234825242154
15332 -3.1046234602912404
15418 2.1233123190494494
15424 3.6222476728196926
15435 2.750014400201242
15471 0.6940608398286201
15518 1.880515829833846
15669 4.324455470598246
15677 3.155949285956631
15771 0.023095714794649395
15814 2.262311193856106
