220
500 4.3403918098966
578 3.740413104229119
927 2.0785287164224764
1060 0.24866762566620615
1119 5.612215281130711
1147 5.052599493195288
1187 6.9985096422506015
1273 6.305362461690656
1404 1.3708885285599641
1478 6.9985096422506015
1685 3.2373095265570386
1748 4.359452312635343
1761 6.305362461690656
1900 4.290459441148391
1938 2.66777630196427
1986 4.847597327494437
2004 5.052599493195288
2019 4.689098584186156
2038 11.283094979003076
2104 26.945358649082504
2247 2.219386149139072
2269 1.8686109273275278
2291 3.5327737394508745
2351 1.5647876386963615
2433 3.3875917296063767
2450 -1.2217137914072214
2492 3.047265923669174
2494 3.9074671888922854
2631 0.42584399448534344
2657 3.3609234825242154
2674 1.0272478024601386
2702 6.9985096422506015
2862 1.4690805547391779
2920 1.3590830570083334
2964 0.900435360084361
2974 5.206750173022546
3068 1.3460204619819507
3120 1.6048820958982397
3215 1.179961702382206
3578 0.6015799870344548
3690 1.4972514317058743
3700 5.1789086703776
3814 2.236335707452845
3840 1.2980660688599148
3974 3.3875917296063767
3980 6.305362461690656
3995 1.751485570090115
4021 1.5054481989100525
4039 12.495888894583157
4158 0.030600440448717042
4191 4.108137884354437
4263 5.206750173022546
4264 11.799794707164983
4310 8.580918882296782
4325 3.21432000833234
4361 3.8630154263214513
4381 2.0149030205422647
4504 3.6312138122641273
4522 0.2603571476546441
4537 2.039247754698959
4592 3.0282177286984795
4789 6.9985096422506015
4791 5.389071729816501
4878 2.7345957208584712
4912 9.648027200151848
4976 2.288979440938267
4992 3.260840023967233
5022 4.22592092001082
5155 3.3096301881366648
5192 4.8012850649143815
5273 3.21432000833234
5311 6.9985096422506015
5312 2.8553749158590684
5316 4.47267141490569
5392 2.130975191795019
5465 6.669895992241909
5484 1.8928409466523688
5518 1.5868635903955612
5539 3.430611827025225
5590 1.4533321977710387
5680 3.182675741580965
5731 2.8876357780772897
5831 5.389071729816501
5905 5.350721653924847
5934 5.775271556154579
5964 3.1273086313427103
5983 3.975748696308691
5999 2.5098732725184614
6083 3.3349479961209547
6136 2.91449219418435
6140 2.211017899468555
6144 10.778143459633002
6151 1.4075226617397445
6221 2.8553749158590684
6235 1.2270685191205855
6402 1.4112609838503516
6447 1.2880826248757316
6467 2.2535775138873513
6618 2.0568672196412967
6622 2.579669034454003
6657 2.138697237888929
6908 1.0061308387793944
7104 -0.6634879166512921
7170 1.6186122887101415
7397 2.87137525720551
7740 3.5327737394508745
7764 1.7052048175261088
7813 3.043720084690232
7997 26.74319068331859
8007 1.904759441443839
8032 1.0216512475319814
8096 2.9066643955420775
8301 14.481252981480175
8353 6.9985096422506015
8405 3.3096301881366648
8406 11.799794707164983
8439 0.4690908039883759
8582 1.3781087765334512
8683 5.041168945219154
8695 13.685591677319481
8708 1.4810567457858934
8736 1.1933746733341126
8745 10.176649383988375
8769 4.433560284789064
9106 2.1700132732246624
9122 1.3744921360632627
9168 4.165296298194385
9458 3.6312138122641273
9606 29.51440860342459
9653 5.206750173022546
9683 5.052599493195288
9686 7.262427624528255
9709 4.329230318572664
9935 10.105198986390576
10008 2.0568672196412967
10298 4.05407066308416
10311 6.9985096422506015
10325 1.8925641683500207
10329 -0.21009069570959765
10422 0.7087940713416041
10441 11.108018328738817
10463 6.9985096422506015
10503 2.413542163580029
10610 10.893641436792382
10635 26.945358649082504
10749 1.1754637467675824
10868 -0.18536107281185138
10913 6.9985096422506015
11168 1.2781978656431896
11254 4.695924549256556
11258 4.00277736869661
11296 2.764403137653342
11386 4.231415439328461
11398 6.019051191372654
11443 3.260840023967233
11444 7.302484352348294
11461 2.146479378330984
11570 2.3867493466682252
11720 6.9985096422506015
11774 3.0282177286984795
12028 2.591790394986348
12043 4.997399943840672
12135 3.740413104229119
12175 2.955458374416051
12336 4.919068100570765
12377 10.768163695855606
12442 6.9985096422506015
12455 -0.4305173317360804
12466 5.612215281130711
12508 2.262311193856106
12510 28.37849464158912
12549 6.305362461690656
12550 4.290459441148391
12554 3.3219431250985663
12707 4.455650035569873
13052 3.260840023967233
13078 4.919068100570765
13108 2.2800107709555064
13180 3.666305132075397
13284 4.919068100570765
13338 2.5211728277723946
13565 9.939371740771728
13667 3.9539872045271784
13750 2.162227735299123
13896 4.359452312635343
13897 2.7218435232345457
13930 6.800774864584277
14044 2.9223507504641293
14072 3.3609234825242154
14195 3.5563076343445528
14202 7.332610264150794
14237 -3.4862417415207996
14267 -0.3823693933135151
14309 1.5137127087599462
14315 6.019051191372654
14381 0.2288676653980985
14431 1.034930298632155
14484 4.290459441148391
14515 3.0666840095262753
14543 5.206750173022546
14588 2.0785287164224764
14590 1.8337236683270872
14722 6.9985096422506015
14824 4.359452312635343
14908 4.953442130403122
15057 1.152070867192877
15071 6.9985096422506015
15116 3.8630154263214513
15155 0.6904112007410705
15192 1.489121305622624
15240 3.414990703794491
15241 3.4924724284079427
15332 -6.209246920582481
15397 2.001297368486486
15626 4.22592092001082
15709 2.1863252868781835
15728 3.009525595686327
15731 2.9911764570181303
15754 6.9985096422506015
15783 0.48083836933832624
