74
194 0.7699986386594181
521 1.8986432144264027
2036 1.9486536350010641
2340 4.695924549256556
2450 -0.6108568957036107
2484 1.3149298749119196
2614 4.290459441148391
2705 1.6657908489852322
2920 0.6795415285041667
2946 5.8998973535824915
3000 6.9985096422506015
3143 2.219386149139072
3329 1.981229805435677
3461 3.3609234825242154
3563 5.389071729816501
3914 4.919068100570765
3916 6.9985096422506015
4214 2.465910149097345
4298 2.9041650800285006
4522 0.2603571476546441
5122 2.7938170228596353
5181 2.288979440938267
5309 2.5326015235960173
5528 1.4378280112350734
5668 2.955458374416051
5735 3.502002080784121
5852 2.4876501357337513
5929 3.3096301881366648
6389 3.1273086313427103
6411 4.86832290156553
6467 2.2535775138873513
6583 0.8629447511688624
7068 2.434161450782765
7161 4.513602992462601
7181 3.260840023967233
7840 1.5691640132961604
7842 2.37353682896633
8256 1.6803896484063847
8439 0.4690908039883759
8742 6.9985096422506015
8788 2.146479378330984
9151 1.258716730071367
9357 4.00277736869661
9589 1.3115342859107813
9709 1.082307579643166
9970 0.4837969513780714
10264 4.8012850649143815
10868 -0.37072214562370276
10906 4.071330023981388
11287 2.0286963426746007
11334 1.994563336305142
11539 1.4690805547391779
11769 1.6466515087745348
11943 2.455214859980597
11959 2.2449194511442365
12022 0.40409618250082274
12047 1.4416815805510634
12455 -0.2152586658680402
12929 3.7026727762462723
12942 3.9539872045271784
12946 0.5932811842197597
13390 2.236335707452845
13667 3.9539872045271784
14267 -0.3823693933135151
14498 3.0282177286984795
14507 1.8510151654371483
14529 2.8088549002241754
14558 4.953442130403122
15087 7.559267634764801
15283 2.236335707452845
15302 3.3609234825242154
15341 0.7959741250626788
15518 1.880515829833846
15528 3.666305132075397
