56
2036 1.9486536350010641
2201 4.071330023981388
2240 1.65617539028579
2296 8.580918882296782
2334 0.7939518796819108
2450 -1.2217137914072214
2538 1.422560539104285
3005 3.6312138122641273
3205 6.254617262685421
3380 2.3541187431092285
3404 2.465910149097345
3489 1.942263836902293
4156 3.086486636822455
4358 3.5645224377654547
4750 0.33155284982139466
4838 1.4730567031188173
4840 2.938066631704182
5083 1.5735596247691985
6060 3.7796338173824005
6140 2.211017899468555
6235 1.2270685191205855
6583 0.8629447511688624
7534 1.242767428663689
7840 1.5691640132961604
8664 2.7938170228596353
8736 1.1933746733341126
8838 4.513602992462601
9017 4.00277736869661
9384 1.3355491621146554
9791 2.344549292093078
10114 1.3014161557451966
10299 4.359452312635343
10868 -0.18536107281185138
10884 3.502002080784121
11539 1.4690805547391779
12022 0.40409618250082274
12047 2.883363161102127
12049 2.5676928434072877
12127 5.8998973535824915
12197 5.612215281130711
12357 4.3403918098966
12455 -0.2152586658680402
13681 2.498699971920336
13907 4.513602992462601
13922 1.8986432144264027
14104 1.710242611556066
14237 -2.09174504491248
14267 -0.3823693933135151
14431 1.034930298632155
14453 3.414990703794491
14463 1.67063347346102
15283 2.236335707452845
15332 -3.1046234602912404
15413 1.2781978656431896
15677 1.5779746429783155
15771 0.023095714794649395
