63
1884 1.9486536350010641
1924 2.288979440938267
1964 3.260840023967233
2049 2.37353682896633
2450 -1.2217137914072214
2577 3.5327737394508745
2935 0.6320391945191633
3090 3.047265923669174
4361 3.8630154263214513
4522 0.2603571476546441
4750 0.33155284982139466
4909 1.4690805547391779
4956 2.413542163580029
4963 2.3933394562625097
5116 3.923114079673944
5418 4.00277736869661
5630 0.11915383779016203
5722 3.3609234825242154
6151 1.4075226617397445
6872 1.3047775034479017
7104 -0.6634879166512921
7197 1.730651483187273
7939 6.9985096422506015
8523 0.7256326357044336
8620 5.8998973535824915
8723 1.5262389685791264
8880 1.67063347346102
9384 1.3355491621146554
9559 -0.08319894385497392
10272 4.108137884354437
10295 4.433560284789064
10326 1.0461538510930224
10742 7.156093957636721
10868 -0.18536107281185138
11110 2.430736557504034
11299 -1.0423655237318759
11304 1.2054960338664575
11524 1.5178707189086098
11783 4.00277736869661
11784 3.47214911763444
11969 0.7582337970798316
12553 1.0715836162801904
12797 2.7218435232345457
13189 1.8745456628473423
13316 3.047265923669174
13401 2.465910149097345
13683 3.0666840095262753
13913 2.8396265588909295
13986 3.47214911763444
14153 2.4876501357337513
14267 -0.3823693933135151
14309 1.5137127087599462
14352 0.9464204733261844
14416 0.7739512129752414
14422 2.1233123190494494
15292 2.211017899468555
15317 3.0666840095262753
15332 -1.5523117301456202
15351 3.5645224377654547
15672 0.7275212103923018
15794 2.5676928434072877
15828 1.0931477941960308
15829 3.7796338173824005
