140
473 3.1273086313427103
1997 3.009525595686327
2271 0.34178311807220957
2351 1.5647876386963615
2357 1.1873686492739008
2638 2.130975191795019
2935 1.2640783890383267
3064 4.695924549256556
3404 2.465910149097345
3506 4.102827641000005
3598 2.3332543299341686
3700 1.2947271675944
3840 1.2980660688599148
4053 -0.5980806016728742
4214 2.465910149097345
4237 3.1918471524802814
4334 3.1698682457615064
4341 5.309408440793835
4363 3.7796338173824005
4366 1.9878743481543455
4405 1.3460204619819507
4417 3.1918471524802814
4616 1.8925641683500207
4625 5.5356541432584665
4750 0.33155284982139466
4815 5.443687046469091
4878 8.203787162575413
4964 1.127926246926296
5019 4.290459441148391
5326 3.1483620405405426
5342 7.262427624528255
5416 4.108137884354437
5430 2.750014400201242
5443 2.9041650800285006
5517 1.6232312345664361
5851 4.00277736869661
5874 2.579669034454003
5883 4.290459441148391
5955 2.434161450782765
5964 3.1273086313427103
6003 3.3609234825242154
6043 1.5913378707904824
6219 2.298029276458185
6228 1.2947271675944
6233 3.1918471524802814
6234 5.258123579567159
6618 2.0568672196412967
6657 2.138697237888929
6682 11.224430562261421
6819 1.7153059135126125
6953 5.362043057428582
7104 -2.6539516666051686
7431 2.6040604875781623
7569 2.0341908619922413
7578 1.5646118380827554
7591 2.0426825846493406
7633 1.8745456628473423
7756 6.305362461690656
7813 1.0145733615634107
7816 5.612215281130711
7854 3.3609234825242154
7917 3.414990703794491
7968 3.047265923669174
8032 1.0216512475319814
8040 6.9985096422506015
8256 1.6803896484063847
8585 3.47214911763444
8710 0.551203779709388
8736 1.1933746733341126
8745 2.5441623459970937
8869 2.1782280766455644
8886 1.3081501879265407
9106 1.0850066366123312
9229 2.3933394562625097
9317 5.206750173022546
9326 5.8998973535824915
9345 2.66777630196427
9554 1.271661894663404
9602 2.2800107709555064
9795 3.9074671888922854
10008 2.0568672196412967
10322 6.9985096422506015
10326 0.5230769255465112
10329 -0.21009069570959765
10422 0.7087940713416041
10446 3.1483620405405426
10556 3.9539872045271784
10628 8.33059259638877
10729 8.156991018795836
10751 0.7939518796819108
10906 4.071330023981388
11089 1.1549652252192415
11110 0.8102455191680114
11168 2.556395731286379
11218 0.5720211847929105
11228 3.3096301881366648
11297 4.600614369452231
11299 -3.6482793330615655
11304 1.2054960338664575
11347 0.8373023205555247
11356 4.8012850649143815
11450 2.262311193856106
11781 2.591790394986348
11889 2.7790019370744945
12022 1.2122885475024683
12034 1.8648031042937068
12173 9.906149027178385
12277 3.1273086313427103
12283 2.6040604875781623
12455 -0.8610346634721608
12578 2.4237986637472186
12679 1.5958322603783217
12773 1.7652350335351346
12790 1.5095719160939147
13553 -0.37046075994419203
13613 1.8111238364098463
13683 3.0666840095262753
13825 2.7218435232345457
13828 3.3349479961209547
13926 3.260840023967233
14044 1.4611753752320646
14093 2.973157951515452
14111 3.7026727762462723
14174 1.7945029551738059
14237 -1.3944966966083199
14267 -0.3823693933135151
14431 1.034930298632155
14573 3.260840023967233
14590 1.8337236683270872
14606 3.6312138122641273
14626 2.750014400201242
14696 5.052599493195288
14906 0.4013639403639497
15283 4.47267141490569
15332 -6.209246920582481
15424 1.8111238364098463
15551 4.6314719395088115
15578 1.7945029551738059
15734 4.919068100570765
15771 0.04619142958929879
