71
194 1.5399972773188362
254 2.498699971920336
530 2.66777630196427
2201 2.035665011990694
2334 0.7939518796819108
2357 1.1873686492739008
2755 3.260840023967233
2901 3.3349479961209547
2920 0.6795415285041667
3192 1.0095482253607377
3205 6.254617262685421
3413 5.052599493195288
4914 1.4339892349279078
5083 1.5735596247691985
5427 4.290459441148391
5470 3.740413104229119
5528 1.4378280112350734
6043 1.5913378707904824
6177 6.9985096422506015
6235 1.2270685191205855
6389 3.1273086313427103
6411 2.434161450782765
6583 0.8629447511688624
6729 2.1944885975173447
6776 1.942263836902293
6908 0.33537694625979814
7068 7.302484352348294
7104 -1.9904637499538764
7487 1.8167260919585162
7534 1.242767428663689
7840 1.5691640132961604
7842 2.37353682896633
7906 1.4339892349279078
8007 1.904759441443839
8660 1.675499663112193
8880 1.67063347346102
9017 4.00277736869661
9106 1.0850066366123312
9170 0.6116303228879563
9355 2.1782280766455644
9589 1.3115342859107813
9709 2.164615159286332
10868 -0.5560832184355542
11795 6.9985096422506015
11959 4.489838902288473
12047 4.3250447416531905
12357 2.1701959049483
12455 -1.076293329340201
12526 6.305362461690656
12558 2.4446327506500602
12737 6.9985096422506015
12929 3.7026727762462723
12942 3.9539872045271784
12946 0.5932811842197597
13390 2.236335707452845
13553 -0.37046075994419203
13759 2.955458374416051
13838 2.3163784151263815
13890 2.681021528714291
13922 1.8986432144264027
14237 -0.6972483483041599
14453 3.414990703794491
14529 2.8088549002241754
14560 5.206750173022546
15012 4.108137884354437
15332 -1.5523117301456202
15383 5.389071729816501
15424 1.8111238364098463
15677 3.155949285956631
15685 0.8716404581364162
15771 0.023095714794649395
