344
6 6.9985096422506015
7 6.9985096422506015
9 6.305362461690656
19 4.165296298194385
57 11.338901452147201
194 3.0799945546376724
241 1.6902419448493964
302 1.7153059135126125
356 5.183580789972696
373 2.750014400201242
389 1.6419233675785887
521 3.7972864288528054
530 5.33555260392854
596 4.695924549256556
646 2.219386149139072
654 6.9985096422506015
702 3.7796338173824005
708 6.9985096422506015
717 2.8396265588909295
787 4.071330023981388
862 4.689098584186156
927 2.0785287164224764
983 6.9985096422506015
1002 6.305362461690656
1013 2.6547042203969173
1060 0.24866762566620615
1114 3.9074671888922854
1379 1.6111243976906509
1404 1.3708885285599641
1686 1.1549652252192415
1687 2.413542163580029
1696 6.305362461690656
1750 2.2137308608496604
1893 1.7567626271909589
1909 2.8876357780772897
1937 5.8998973535824915
2036 1.9486536350010641
2053 4.165296298194385
2060 3.1483620405405426
2062 6.9985096422506015
2064 6.259150554785446
2191 3.086486636822455
2201 2.035665011990694
2215 6.9985096422506015
2233 6.521680047934466
2284 6.9985096422506015
2351 1.5647876386963615
2424 2.219386149139072
2450 -1.832570687110832
2595 2.5211728277723946
2614 4.290459441148391
2735 19.537335944461425
2781 12.610724923381312
2817 6.9985096422506015
2861 9.83813620114153
2865 4.8012850649143815
2925 3.4431615807611875
2940 3.2557432282458767
2964 0.900435360084361
3005 3.6312138122641273
3030 5.389071729816501
3036 13.573867163136635
3054 4.513602992462601
3062 8.518879676672789
3122 5.206750173022546
3150 3.5327737394508745
3192 8.076385802885902
3205 3.1273086313427103
3249 2.750014400201242
3379 3.1918471524802814
3404 7.3977304472920355
3407 2.085854756514549
3449 4.911762412761239
3461 3.3609234825242154
3527 6.9985096422506015
3578 0.6015799870344548
3631 4.05407066308416
3646 2.5676928434072877
3700 2.5894543351888
3709 2.9041650800285006
3737 1.8055527913603908
3774 3.4510201673737084
3808 4.108137884354437
3898 3.047265923669174
3991 2.8088549002241754
4002 5.8998973535824915
4081 3.1066893441399746
4167 4.142511914186793
4208 1.5220460903190904
4216 4.695924549256556
4258 3.3096301881366648
4326 3.9539872045271784
4356 5.612215281130711
4366 1.9878743481543455
4522 0.5207142953092883
4549 2.6418008155610093
4562 3.3096301881366648
4564 6.305362461690656
4565 6.9985096422506015
4573 7.480826208458238
4600 5.612215281130711
4601 6.9985096422506015
4602 12.610724923381312
4718 6.9985096422506015
4750 0.6631056996427893
4751 3.414990703794491
4765 4.245040000406706
4770 12.610724923381312
4838 2.9461134062376346
4941 3.5645224377654547
5033 2.1233123190494494
5083 3.147119249538397
5181 6.866938322814802
5201 4.359452312635343
5272 3.597312260588446
5309 2.5326015235960173
5342 7.262427624528255
5496 4.600614369452231
5528 2.875656022470147
5540 3.1698682457615064
5554 2.1081605140288473
5590 2.9066643955420775
5668 2.955458374416051
5687 4.157057432844953
5739 2.8876357780772897
5758 3.666305132075397
5770 3.4431615807611875
5802 3.1483620405405426
5809 4.72756130804193
5852 4.9753002714675025
5895 2.4033897921160112
5999 2.5098732725184614
6043 4.774013612371447
6151 2.815045323479489
6158 2.455214859980597
6205 2.955458374416051
6219 2.298029276458185
6235 1.2270685191205855
6250 5.318288905612199
6402 5.645043935401406
6411 2.434161450782765
6433 0.5154022907934025
6447 2.576165249751463
6467 2.2535775138873513
6577 4.05407066308416
6583 1.7258895023377248
6640 7.405345552492545
6692 3.7026727762462723
6754 2.4049037829704587
6798 6.9985096422506015
6819 1.7153059135126125
6908 0.6707538925195963
6953 2.681021528714291
6997 4.600614369452231
7002 5.8998973535824915
7025 1.0095482253607377
7068 7.302484352348294
7104 -0.6634879166512921
7164 4.290459441148391
7170 1.6186122887101415
7203 3.1066893441399746
7319 6.305362461690656
7321 3.3875917296063767
7325 2.8088549002241754
7401 3.773043707788116
7441 6.9985096422506015
7443 13.078356937906028
7489 4.108137884354437
7534 3.7283022859910666
7552 3.8973072700021283
7569 3.0512862929883617
7591 2.0426825846493406
7600 5.612215281130711
7638 3.7026727762462723
7712 6.9985096422506015
7731 2.001297368486486
7768 3.3096301881366648
7813 1.0145733615634107
7840 10.984148093073124
7842 4.74707365793266
7864 3.502002080784121
7969 3.5327737394508745
7991 1.3149298749119196
8150 4.433560284789064
8240 6.9985096422506015
8242 2.035665011990694
8357 6.9985096422506015
8439 1.4072724119651276
8440 4.00277736869661
8578 6.213378688279949
8634 11.224430562261421
8643 2.001297368486486
8816 1.7255100836868542
8823 6.213378688279949
8886 1.3081501879265407
8890 2.2800107709555064
8906 3.047265923669174
8917 10.413500346045092
8922 22.448861124522843
8928 1.3355491621146554
8977 5.258123579567159
9026 5.8998973535824915
9092 5.946315903030904
9106 2.1700132732246624
9154 2.465910149097345
9170 2.446521291551825
9230 3.3096301881366648
9355 2.1782280766455644
9440 6.9985096422506015
9531 1.67063347346102
9554 5.086647578653616
9589 5.246137143643125
9597 3.1273086313427103
9604 9.027205984925201
9605 5.206750173022546
9664 6.9985096422506015
9709 8.658460637145328
9791 7.033647876279234
9815 5.612215281130711
9818 3.21432000833234
9886 6.9985096422506015
9970 0.4837969513780714
10114 1.3014161557451966
10196 5.042345655544789
10217 2.15432255579201
10264 9.602570129828763
10266 12.610724923381312
10325 1.8925641683500207
10329 -0.630272087128793
10422 0.7087940713416041
10492 6.9985096422506015
10561 3.2006938814656967
10702 4.919068100570765
10758 4.600614369452231
10868 -0.7414442912474055
11023 6.440413124378658
11106 2.021775899830027
11210 3.21432000833234
11287 2.0286963426746007
11334 5.983690008915426
11353 2.8088549002241754
11379 2.0426825846493406
11386 2.1157077196642304
11394 4.165296298194385
11457 4.22592092001082
11524 3.0357414378172196
11534 26.156713875812056
11539 7.34540277369589
11584 4.433560284789064
11675 12.610724923381312
11717 2.938066631704182
11723 6.9985096422506015
11778 2.8553749158590684
11911 3.414990703794491
11943 7.365644579941792
11945 1.9550845253313545
11959 2.2449194511442365
12022 0.8081923650016455
12028 2.591790394986348
12047 4.3250447416531905
12049 2.5676928434072877
12057 2.10066984229969
12070 2.87137525720551
12075 2.938066631704182
12078 1.3637200390813515
12231 4.359452312635343
12246 4.290459441148391
12375 3.260840023967233
12383 1.2523064517104479
12400 2.9209721983448818
12500 6.9985096422506015
12522 6.9985096422506015
12528 6.9985096422506015
12543 3.5645224377654547
12591 6.9985096422506015
12708 1.5958322603783217
12717 0.5999147077153936
12730 6.9985096422506015
12763 6.9985096422506015
12781 2.498699971920336
12887 17.699692060747473
12896 3.2373095265570386
12921 3.740413104229119
13071 3.086486636822455
13080 0.8123010183501074
13088 2.7790019370744945
13091 6.9985096422506015
13106 2.335070548138534
13220 3.2849375755462935
13289 1.7410142702228197
13295 5.206750173022546
13346 2.9041650800285006
13357 3.3875917296063767
13498 9.391849098513111
13527 2.049749751872433
13547 1.6003469407328483
13553 -1.4818430397767681
13658 5.612215281130711
13672 1.5262389685791264
13718 1.3425178314307487
13724 4.433560284789064
13862 3.7796338173824005
13867 1.087712998210074
13890 5.362043057428582
13921 4.356456153291129
13922 5.695929643279208
13976 4.108137884354437
14085 3.1698682457615064
14102 4.600614369452231
14104 1.710242611556066
14107 2.4237986637472186
14148 4.359452312635343
14168 2.9041650800285006
14224 9.83813620114153
14225 12.610724923381312
14237 -0.6972483483041599
14267 -0.3823693933135151
14431 1.034930298632155
14449 3.21432000833234
14463 1.67063347346102
14486 2.6164830075767194
14498 3.0282177286984795
14519 6.17297327364491
14577 4.433560284789064
14582 3.7026727762462723
14626 2.750014400201242
14633 7.964112661190752
14906 0.8027278807278994
14921 4.600614369452231
15087 11.338901452147201
15155 0.6904112007410705
15187 3.989126672610284
15302 3.3609234825242154
15332 -23.2846759521843
15395 6.305362461690656
15456 3.1273086313427103
15478 4.359452312635343
15518 3.761031659667692
15651 1.1377234187847354
15655 11.861961613581535
15672 2.1825636311769054
15677 3.155949285956631
15712 4.165296298194385
15771 0.023095714794649395
