276
17 6.305362461690656
194 0.7699986386594181
389 1.6419233675785887
473 3.1273086313427103
1094 2.335070548138534
1171 2.9209721983448818
1351 6.9985096422506015
1379 4.296331727175069
1404 2.7417770571199283
1513 4.433560284789064
1535 6.305362461690656
1615 6.305362461690656
1692 2.1944885975173447
1750 1.1068654304248302
1782 2.7218435232345457
1884 9.743268175005321
1929 6.3244815420865415
2049 2.37353682896633
2334 2.3818556390457326
2419 6.9985096422506015
2450 -1.2217137914072214
2492 3.047265923669174
2502 5.052599493195288
2506 3.1483620405405426
2567 1.7153059135126125
2645 5.183580789972696
2674 1.0272478024601386
2810 7.194624521176892
2833 3.666305132075397
2873 4.22592092001082
2913 1.720394983020084
2924 2.0286963426746007
2935 0.6320391945191633
3057 2.236335707452845
3449 0.9823524825522477
3506 1.6411310564000017
3578 1.2031599740689096
3637 3.260840023967233
3687 5.8998973535824915
3700 1.2947271675944
3803 12.16221198925248
3817 6.305362461690656
3840 2.5961321377198296
3906 2.973157951515452
3939 4.359452312635343
3942 3.3875917296063767
3976 5.8998973535824915
4026 2.8876357780772897
4053 -1.0466410529275298
4138 3.3875917296063767
4214 2.465910149097345
4223 2.1863252868781835
4225 4.600614369452231
4241 2.4033897921160112
4263 10.413500346045092
4309 2.681021528714291
4319 2.049749751872433
4333 2.9302403070461622
4334 3.1698682457615064
4341 2.6547042203969173
4366 1.9878743481543455
4373 6.305362461690656
4381 2.0149030205422647
4412 6.17297327364491
4416 1.3637200390813515
4417 6.383694304960563
4504 3.6312138122641273
4613 2.211017899468555
4625 3.6904360955056443
4737 6.9985096422506015
4738 6.305362461690656
4741 6.9985096422506015
4753 3.9074671888922854
4802 4.513602992462601
4846 2.021775899830027
4878 6.836489302146179
4912 1.9296054400303697
4964 1.127926246926296
4979 3.9074671888922854
5046 2.236335707452845
5101 3.414990703794491
5192 4.8012850649143815
5208 10.27077137362915
5326 3.1483620405405426
5339 2.356853423796479
5484 2.8392614199785533
5534 3.3875917296063767
5587 2.5326015235960173
5630 0.23830767558032406
5676 3.502002080784121
5737 3.740413104229119
5859 5.052599493195288
5878 4.919068100570765
5883 4.290459441148391
5901 2.455214859980597
5926 4.695924549256556
5933 2.955458374416051
5964 3.1273086313427103
5973 1.4770487243883548
5980 3.8630154263214513
6003 3.3609234825242154
6049 2.035665011990694
6083 3.3349479961209547
6088 1.2146844599208637
6161 12.610724923381312
6327 6.9985096422506015
6330 6.9985096422506015
6382 5.612215281130711
6402 1.4112609838503516
6539 2.434161450782765
6618 4.113734439282593
6657 2.138697237888929
6754 1.2024518914852294
6781 5.8998973535824915
6802 41.665789411613275
6872 1.3047775034479017
6953 5.362043057428582
7038 6.305362461690656
7065 2.6040604875781623
7104 -2.6539516666051686
7152 3.8204558119026557
7197 1.730651483187273
7430 3.3096301881366648
7431 2.6040604875781623
7555 3.740413104229119
7569 2.0341908619922413
7578 2.0861491174436737
7650 2.1081605140288473
7780 6.9985096422506015
7813 2.0291467231268214
7817 3.9074671888922854
7836 6.9985096422506015
7971 3.414990703794491
8032 1.0216512475319814
8050 4.165296298194385
8096 2.9066643955420775
8129 3.9539872045271784
8256 3.3607792968127694
8337 1.9550845253313545
8457 4.600614369452231
8585 3.47214911763444
8611 6.305362461690656
8643 2.001297368486486
8658 4.695924549256556
8690 2.7938170228596353
8710 1.102407559418776
8745 2.5441623459970937
8749 3.0666840095262753
8761 4.919068100570765
8784 2.146479378330984
8788 2.146479378330984
8886 1.3081501879265407
8946 2.7218435232345457
8980 13.540808977387801
9108 4.359452312635343
9122 1.3744921360632627
9201 7.1290448755309095
9295 9.602570129828763
9317 10.413500346045092
9365 1.4972514317058743
9413 4.433560284789064
9422 3.8630154263214513
9554 1.271661894663404
9597 3.1273086313427103
9709 3.246922738929498
9711 5.605832781982583
9795 7.814934377784571
9831 10.105198986390576
10258 1.8000126109847754
10326 2.092307702186045
10341 3.1698682457615064
10393 3.9492582428086496
10422 1.4175881426832082
10441 14.81069110498509
10446 3.1483620405405426
10575 5.389071729816501
10665 4.433560284789064
10729 13.255110405543233
10749 1.1754637467675824
10751 0.7939518796819108
10754 3.1698682457615064
10967 3.6312138122641273
11032 1.087712998210074
11046 2.3933394562625097
11051 2.9209721983448818
11110 1.6204910383360227
11165 2.1863252868781835
11218 0.5720211847929105
11299 -6.775375904257193
11304 1.2054960338664575
11353 2.8088549002241754
11356 4.8012850649143815
11391 6.305362461690656
11402 4.433560284789064
11450 2.262311193856106
11570 1.1933746733341126
11580 2.5441623459970937
11589 3.7796338173824005
11613 5.612215281130711
11634 3.3096301881366648
11900 4.099499503744866
12001 2.5676928434072877
12022 0.40409618250082274
12034 1.8648031042937068
12092 16.432551537417748
12135 3.740413104229119
12173 15.849838443485416
12277 3.1273086313427103
12377 1.3460204619819507
12402 6.9985096422506015
12433 5.206750173022546
12455 -0.2152586658680402
12569 5.612215281130711
12599 4.695924549256556
12772 11.319131123364349
12773 6.178322617372971
12793 2.87137525720551
12832 3.3096301881366648
13001 1.4730567031188173
13071 3.086486636822455
13278 6.305362461690656
13279 13.078356937906028
13281 5.612215281130711
13314 2.0286963426746007
13354 1.8280256472124494
13380 4.05407066308416
13384 2.0568672196412967
13392 2.764403137653342
13423 3.9539872045271784
13438 5.11171677152057
13547 3.2006938814656967
13565 1.9878743481543455
13683 3.0666840095262753
13692 6.305362461690656
13843 4.356456153291129
13867 1.087712998210074
13891 0.6065925288579992
13979 3.666305132075397
13986 6.94429823526888
14012 7.726030852642903
14044 1.4611753752320646
14093 5.946315903030904
14136 1.4810567457858934
14174 1.7945029551738059
14188 3.597312260588446
14237 -2.09174504491248
14267 -1.1471081799405454
14381 0.457735330796197
14399 3.502002080784121
14431 1.034930298632155
14439 3.1273086313427103
14507 1.8510151654371483
14516 4.356456153291129
14518 4.513602992462601
14540 5.052599493195288
14546 2.8876357780772897
14587 5.052599493195288
14588 2.0785287164224764
14626 5.500028800402484
14944 5.8998973535824915
15017 5.8998973535824915
15121 1.5868635903955612
15155 0.6904112007410705
15196 6.9985096422506015
15240 3.414990703794491
15306 0.7199882180847567
15332 -13.970805571310581
15350 5.389071729816501
15471 0.6940608398286201
15551 4.6314719395088115
15578 3.5890059103476117
15669 2.162227735299123
15672 0.7275212103923018
15771 0.06928714438394819
15776 6.9985096422506015
15805 2.008077055471865
