62
278 4.359452312635343
1068 6.9985096422506015
1071 6.9985096422506015
1080 6.9985096422506015
1084 6.9985096422506015
1085 6.9985096422506015
3062 2.8396265588909295
3506 0.8205655282000008
3843 5.206750173022546
3877 3.1698682457615064
3985 2.5098732725184614
4053 -0.07476007520910928
4230 2.0149030205422647
4253 4.22592092001082
4333 1.4651201535230811
4334 3.1698682457615064
4551 3.9074671888922854
4750 0.6631056996427893
5101 3.414990703794491
5208 2.5676928434072877
5326 3.1483620405405426
5443 2.9041650800285006
5722 3.3609234825242154
5735 3.502002080784121
6075 6.9985096422506015
6234 2.6290617897835795
6433 0.5154022907934025
6618 2.0568672196412967
6908 0.33537694625979814
7025 1.0095482253607377
7286 1.4112609838503516
7578 0.5215372793609184
7904 2.211017899468555
8096 1.4533321977710387
8710 0.551203779709388
9201 3.5645224377654547
9356 4.290459441148391
9709 1.082307579643166
9970 0.4837969513780714
10021 6.9985096422506015
10326 0.5230769255465112
10327 5.052599493195288
10546 4.8012850649143815
10729 1.0196238773494795
11294 4.600614369452231
11299 -1.5635482855978138
11438 3.3349479961209547
11961 3.3096301881366648
12142 5.612215281130711
12173 1.981229805435677
12783 1.8986432144264027
12826 1.2619373447714093
12896 3.2373095265570386
13271 3.3875917296063767
13411 2.8088549002241754
13553 -0.37046075994419203
13710 3.6312138122641273
13806 5.612215281130711
14085 3.1698682457615064
14093 2.973157951515452
15181 1.751485570090115
15551 1.1578679848772029
