83
327 2.20271909665386
444 6.305362461690656
512 2.0785287164224764
530 2.66777630196427
810 2.8396265588909295
927 2.0785287164224764
1015 5.206750173022546
1884 1.9486536350010641
1922 1.6952047341915255
2060 3.1483620405405426
2064 3.129575277392723
2070 1.4730567031188173
2334 0.7939518796819108
2356 2.681021528714291
2572 6.9985096422506015
3117 3.2373095265570386
3380 2.3541187431092285
3536 5.8998973535824915
3635 1.5779746429783155
3690 1.4972514317058743
4186 3.8204558119026557
4217 3.3096301881366648
4221 4.290459441148391
4302 1.8000126109847754
4368 4.22592092001082
4516 5.389071729816501
4522 0.5207142953092883
4533 3.086486636822455
4587 5.389071729816501
4750 0.33155284982139466
4941 7.1290448755309095
4976 2.288979440938267
5065 2.735829765209286
5528 4.313484033705221
6433 0.5154022907934025
6488 3.0666840095262753
6583 0.8629447511688624
6872 1.3047775034479017
7068 2.434161450782765
7224 4.22592092001082
7401 1.886521853894058
7462 1.942263836902293
7623 3.3349479961209547
7840 10.984148093073124
7842 2.37353682896633
8195 6.9985096422506015
8439 0.4690908039883759
8615 2.6944445490464313
8723 1.5262389685791264
8920 4.433560284789064
8954 3.5645224377654547
9285 3.047265923669174
9709 1.082307579643166
9943 6.9985096422506015
10325 3.7851283367000415
10329 -0.4201813914191953
10670 9.259459910467365
10671 9.391849098513111
10757 6.305362461690656
11034 6.383329041513287
11538 6.9985096422506015
11539 1.4690805547391779
11717 2.938066631704182
11744 6.9985096422506015
11908 1.5346778372249912
11959 6.73475835343271
12228 3.047265923669174
12455 -0.2152586658680402
13080 0.8123010183501074
13553 -0.37046075994419203
13759 2.955458374416051
14168 2.9041650800285006
14267 -0.3823693933135151
14309 1.5137127087599462
14449 3.21432000833234
14556 2.8876357780772897
14656 1.1405764877671418
14682 1.5431885268928998
15187 1.994563336305142
15215 6.9985096422506015
15332 -7.761558650728101
15373 0.814360751313118
15672 0.7275212103923018
