296
5 4.513602992462601
45 4.8012850649143815
194 0.7699986386594181
473 3.1273086313427103
486 2.70805020110221
500 2.1701959049483
512 2.0785287164224764
607 2.5211728277723946
744 3.3875917296063767
978 2.298029276458185
1060 0.3108345320827577
1375 4.8012850649143815
1379 0.5370414658968836
1383 6.305362461690656
1404 1.3708885285599641
1486 6.9985096422506015
1673 6.9985096422506015
1766 6.9985096422506015
1884 1.9486536350010641
1890 5.389071729816501
1896 1.7835738846416156
1902 2.0149030205422647
1922 1.6952047341915255
1986 2.4237986637472186
2166 5.283601631122019
2217 7.462950407201253
2224 1.981229805435677
2374 6.305362461690656
2421 6.172754107571599
2446 2.5326015235960173
2450 -3.0542844785180536
2513 3.656051294424899
2515 6.305362461690656
2536 1.7835738846416156
2597 4.231415439328461
2645 2.591790394986348
2705 3.3315816979704644
2811 6.9985096422506015
2820 2.4446327506500602
2935 0.6320391945191633
3100 2.7938170228596353
3105 5.389071729816501
3180 2.7938170228596353
3354 12.949238106228155
3403 6.9985096422506015
3404 2.465910149097345
3598 1.1666271649670843
3614 5.751312044940294
3615 4.165296298194385
3704 3.8630154263214513
3709 2.9041650800285006
3827 3.2849375755462935
3840 2.5961321377198296
3896 2.807596525297524
3999 6.305362461690656
4219 1.7567626271909589
4261 2.262311193856106
4275 4.165296298194385
4333 4.395360460569243
4334 3.1698682457615064
4335 8.814199895112546
4358 3.5645224377654547
4375 3.5645224377654547
4381 2.0149030205422647
4412 3.086486636822455
4416 1.3637200390813515
4441 4.05407066308416
4481 4.292958756661968
4502 2.8088549002241754
4522 0.5207142953092883
4537 4.078495509397918
4592 3.0282177286984795
4616 3.7851283367000415
4631 3.9539872045271784
4636 2.955458374416051
4662 5.612215281130711
4688 5.389071729816501
4695 2.87137525720551
4765 2.8300266669378042
4834 7.405345552492545
4846 6.06532769949008
4963 2.3933394562625097
5033 2.1233123190494494
5167 6.9985096422506015
5173 7.405345552492545
5232 3.3096301881366648
5263 4.22592092001082
5268 5.206750173022546
5273 3.21432000833234
5326 3.1483620405405426
5339 2.356853423796479
5556 4.433560284789064
5630 0.8340768645311343
5635 2.20271909665386
5739 2.8876357780772897
5778 5.612215281130711
5820 5.612215281130711
5891 3.1273086313427103
5925 4.433560284789064
5943 5.8998973535824915
5986 3.3609234825242154
6015 3.1918471524802814
6043 3.182675741580965
6078 2.555858385760285
6130 6.133368019052551
6136 1.457246097092175
6140 2.211017899468555
6178 5.389071729816501
6233 3.1918471524802814
6234 5.258123579567159
6242 2.9041650800285006
6300 3.7026727762462723
6335 2.476721065201561
6536 4.05407066308416
6539 2.434161450782765
6542 5.8998973535824915
6586 2.288979440938267
6595 2.4237986637472186
6597 6.9985096422506015
6618 2.0568672196412967
6620 2.9995735385769677
6633 2.8088549002241754
6686 26.945358649082504
6754 2.4049037829704587
6908 0.33537694625979814
6937 6.9985096422506015
6959 4.165296298194385
7006 4.05407066308416
7025 1.0095482253607377
7042 3.8630154263214513
7053 3.9074671888922854
7104 -4.644415416559045
7170 1.6186122887101415
7378 5.8998973535824915
7459 2.1944885975173447
7616 6.9985096422506015
7713 3.1066893441399746
7715 4.513602992462601
7830 16.167215189449504
7838 2.1081605140288473
7845 2.4237986637472186
7882 4.359452312635343
7887 5.946315903030904
7935 2.335070548138534
7949 2.5441623459970937
7986 3.597312260588446
8032 1.5324768712979722
8043 3.461302966374546
8060 7.907974409054357
8064 4.165296298194385
8275 3.9539872045271784
8283 2.8876357780772897
8301 4.827084327160058
8306 3.7026727762462723
8307 4.433560284789064
8430 5.206750173022546
8566 2.5098732725184614
8621 2.6418008155610093
8660 1.675499663112193
8673 3.740413104229119
8690 5.587634045719271
8706 6.9985096422506015
8710 0.551203779709388
8731 4.0573926853492015
8788 2.146479378330984
8823 3.1066893441399746
8850 1.7153059135126125
8869 2.1782280766455644
8906 3.047265923669174
8978 1.6140145794615122
9085 5.8998973535824915
9151 1.258716730071367
9164 3.597312260588446
9170 1.2232606457759125
9175 3.597312260588446
9310 3.4431615807611875
9365 1.4972514317058743
9384 1.3355491621146554
9448 4.290459441148391
9537 1.3092584162485406
9554 1.271661894663404
9589 1.3115342859107813
9681 3.8204558119026557
9709 1.082307579643166
9711 1.8686109273275278
9729 22.397671594773573
9752 7.065547478901749
9920 6.9985096422506015
9970 0.9675939027561428
10015 3.5645224377654547
10307 2.5676928434072877
10325 1.8925641683500207
10326 0.5230769255465112
10370 14.757204301712296
10422 0.7087940713416041
10443 2.4876501357337513
10447 0.6099482367049713
10699 2.298029276458185
10751 2.3818556390457326
10838 4.600614369452231
10864 5.8998973535824915
10868 -0.18536107281185138
10886 2.87137525720551
10914 6.818600195406757
10920 8.81087638661544
11027 1.2781978656431896
11032 1.087712998210074
11080 3.8630154263214513
11110 1.6204910383360227
11168 2.556395731286379
11218 0.5720211847929105
11299 -2.0847310474637517
11304 1.2054960338664575
11312 3.3096301881366648
11327 3.5645224377654547
11386 4.231415439328461
11408 5.052599493195288
11416 2.1782280766455644
11481 3.237224577420283
11524 1.5178707189086098
11704 3.1483620405405426
11754 3.1918471524802814
11881 2.70805020110221
11952 1.5958322603783217
12022 0.40409618250082274
12041 5.612215281130711
12089 2.8088549002241754
12120 3.5327737394508745
12129 6.669895992241909
12137 4.997399943840672
12447 2.8396265588909295
12578 2.4237986637472186
12595 2.344549292093078
12599 4.695924549256556
12639 4.165296298194385
12717 0.5999147077153936
12759 4.22592092001082
12797 2.7218435232345457
12833 1.9260564194516896
12869 4.05407066308416
13001 4.419170109356452
13005 3.8630154263214513
13183 3.502002080784121
13334 6.9985096422506015
13341 5.8998973535824915
13343 2.973157951515452
13390 2.236335707452845
13473 4.00277736869661
13547 1.6003469407328483
13553 -0.37046075994419203
13558 5.389071729816501
13588 3.5327737394508745
13600 4.919068100570765
13613 1.8111238364098463
13767 2.6547042203969173
13811 6.9985096422506015
13890 2.681021528714291
13891 0.6065925288579992
13897 5.443687046469091
13913 2.8396265588909295
13930 1.3601549729168554
13933 3.7796338173824005
13993 3.3609234825242154
14040 5.389071729816501
14074 18.898169086912002
14089 5.612215281130711
14174 1.7945029551738059
14188 3.597312260588446
14237 -2.09174504491248
14242 2.5326015235960173
14252 3.502002080784121
14308 2.0640357091199095
14403 2.4446327506500602
14463 5.01190042038306
14470 3.7796338173824005
14645 6.9985096422506015
14740 10.105198986390576
14914 3.3096301881366648
14992 6.305362461690656
15011 4.695924549256556
15037 2.3163784151263815
15089 3.3349479961209547
15139 6.9985096422506015
15191 4.359452312635343
15195 33.31039501568328
15241 1.7462362142039713
15279 3.21432000833234
15306 1.4399764361695133
15313 1.917105277266138
15332 -18.627740761747443
15333 6.9985096422506015
15471 2.08218251948586
15528 3.666305132075397
15551 1.1578679848772029
15580 3.8630154263214513
15771 0.06928714438394819
