289
13 11.799794707164983
57 7.559267634764801
194 6.159989109275345
241 1.6902419448493964
254 4.997399943840672
327 2.20271909665386
356 2.591790394986348
365 3.414990703794491
373 2.750014400201242
378 4.8012850649143815
444 6.305362461690656
512 2.0785287164224764
521 3.7972864288528054
530 2.66777630196427
646 4.438772298278144
666 3.260840023967233
699 6.9985096422506015
717 2.8396265588909295
744 3.3875917296063767
763 6.9985096422506015
787 4.071330023981388
810 2.8396265588909295
840 6.9985096422506015
862 4.689098584186156
986 3.9539872045271784
1013 2.6547042203969173
1040 5.612215281130711
1060 0.06216690641655154
1379 2.1481658635875345
1541 6.9985096422506015
1686 2.309930450438483
1692 2.1944885975173447
1757 3.9539872045271784
1828 5.389071729816501
1884 1.9486536350010641
1900 4.290459441148391
1909 2.8876357780772897
2027 2.7938170228596353
2060 3.1483620405405426
2064 4.6943629160890845
2070 1.4730567031188173
2201 6.106995035972082
2271 0.34178311807220957
2334 0.7939518796819108
2340 14.087773647769666
2406 2.9209721983448818
2424 2.219386149139072
2450 -0.6108568957036107
2484 2.629859749823839
2519 1.6902419448493964
2538 1.422560539104285
2592 5.876133263408364
2597 2.1157077196642304
2640 2.735829765209286
2874 3.047265923669174
2940 1.6278716141229383
3036 9.049244775424423
3062 2.8396265588909295
3117 9.711928579671117
3192 2.0190964507214755
3380 2.3541187431092285
3407 2.085854756514549
3449 1.9647049651044954
3536 5.8998973535824915
3633 4.165296298194385
3635 1.5779746429783155
3665 4.359452312635343
3717 3.8204558119026557
3736 6.17297327364491
3774 1.7255100836868542
3896 1.403798262648762
3981 3.3609234825242154
3982 1.0769312226067855
4021 1.5054481989100525
4167 2.0712559570933964
4174 3.3875917296063767
4186 3.8204558119026557
4217 3.3096301881366648
4298 5.808330160057001
4363 3.7796338173824005
4405 1.3460204619819507
4437 2.4033897921160112
4507 4.59605855291637
4522 0.7810714429639324
4573 3.740413104229119
4587 5.389071729816501
4604 6.9985096422506015
4612 4.05407066308416
4636 11.821833497664205
4668 6.721846965048431
4750 0.33155284982139466
4765 2.8300266669378042
4838 5.892226812475269
4852 2.517433460142734
4862 6.094531847338348
4914 2.8679784698558155
4936 5.8998973535824915
4941 7.1290448755309095
4976 4.577958881876534
5041 6.9985096422506015
5065 2.735829765209286
5083 1.5735596247691985
5120 3.8630154263214513
5122 5.587634045719271
5465 3.3349479961209547
5473 6.305362461690656
5496 4.600614369452231
5528 5.751312044940294
5680 1.5913378707904824
5687 4.157057432844953
5802 3.1483620405405426
5809 9.45512261608386
5852 12.438250678668757
5983 1.9878743481543455
6088 1.2146844599208637
6140 2.211017899468555
6151 1.4075226617397445
6158 2.455214859980597
6176 10.413500346045092
6185 5.612215281130711
6205 5.910916748832102
6206 4.22592092001082
6228 1.2947271675944
6328 3.8630154263214513
6433 0.5154022907934025
6447 2.576165249751463
6488 3.0666840095262753
6583 0.8629447511688624
6586 2.288979440938267
6656 5.612215281130711
6776 1.942263836902293
6794 3.9074671888922854
6872 2.6095550068958033
6886 4.919068100570765
6908 0.6707538925195963
6949 10.413500346045092
6970 2.1863252868781835
6997 4.600614369452231
7001 4.290459441148391
7019 4.261950383590038
7068 9.73664580313106
7232 4.433560284789064
7276 5.8998973535824915
7312 4.632756830252763
7325 5.617709800448351
7401 3.773043707788116
7421 3.2373095265570386
7462 1.942263836902293
7497 0.7014003223166658
7534 2.485534857327378
7552 1.9486536350010641
7569 1.0170954309961207
7578 1.0430745587218369
7805 4.600614369452231
7813 1.0145733615634107
7827 3.414990703794491
7840 12.553312106369283
7842 4.74707365793266
7899 5.052599493195288
7906 4.301967704783723
7907 2.6418008155610093
7991 1.3149298749119196
8262 2.0712559570933964
8413 22.448861124522843
8615 8.083333647139295
8672 2.8876357780772897
8869 2.1782280766455644
8896 2.938066631704182
8946 2.7218435232345457
9092 2.973157951515452
9095 4.513602992462601
9106 1.0850066366123312
9110 2.035665011990694
9170 1.2232606457759125
9276 5.3888890980928625
9319 6.9985096422506015
9355 2.1782280766455644
9365 1.4972514317058743
9554 3.814985683990212
9589 5.246137143643125
9590 3.3096301881366648
9709 1.082307579643166
9733 1.0850066366123312
9765 1.7835738846416156
9791 2.344549292093078
9817 1.3183370332335338
9933 5.389071729816501
9953 6.9985096422506015
10114 1.3014161557451966
10258 1.8000126109847754
10325 5.677692505050063
10329 -0.8403627828383906
10422 1.4175881426832082
10437 2.7345957208584712
10514 3.8630154263214513
10561 1.6003469407328483
10629 3.7026727762462723
10670 12.34594654728982
10671 9.391849098513111
10696 3.666305132075397
10734 2.735829765209286
10757 6.305362461690656
10868 -0.5560832184355542
10906 2.035665011990694
10993 4.22592092001082
11034 9.574993562269931
11057 2.555858385760285
11139 2.87137525720551
11210 3.21432000833234
11305 2.0640357091199095
11375 2.681021528714291
11491 3.7490913256946845
11511 5.612215281130711
11539 4.407241664217533
11704 3.1483620405405426
11717 2.938066631704182
11728 6.9985096422506015
11850 12.276074299902985
11908 1.5346778372249912
11959 8.979677804576946
11969 0.7582337970798316
11984 4.847597327494437
12009 3.502002080784121
12022 0.40409618250082274
12047 1.4416815805510634
12049 2.5676928434072877
12075 2.938066631704182
12216 2.87137525720551
12228 6.094531847338348
12263 2.579669034454003
12357 2.1701959049483
12375 9.782520071901699
12435 3.8204558119026557
12455 -0.2152586658680402
12552 6.9985096422506015
12674 3.155949285956631
12785 2.8088549002241754
12820 3.3349479961209547
12833 0.9630282097258448
12853 1.152070867192877
12997 7.004004161568242
13045 1.886521853894058
13080 0.8123010183501074
13130 3.9539872045271784
13149 4.00277736869661
13169 3.3349479961209547
13270 5.612215281130711
13273 3.3096301881366648
13289 3.4820285404456395
13312 2.955458374416051
13440 2.9540974487767095
13547 4.801040822198545
13553 -1.4818430397767681
13559 3.5645224377654547
13669 5.8998973535824915
13726 4.513602992462601
13826 6.9985096422506015
13838 2.3163784151263815
13922 7.594572857705611
14085 3.1698682457615064
14136 1.4810567457858934
14168 5.808330160057001
14188 7.194624521176892
14237 -2.09174504491248
14267 -0.3823693933135151
14308 2.0640357091199095
14352 0.9464204733261844
14381 0.2288676653980985
14431 2.06986059726431
14435 4.786678912525019
14449 3.21432000833234
14507 5.553045496311444
14523 5.710749831718137
14556 2.8876357780772897
14558 4.953442130403122
14571 3.2373095265570386
14656 7.984035414369993
14682 3.0863770537857995
14906 0.4013639403639497
15187 1.994563336305142
15332 -18.627740761747443
15373 0.814360751313118
15424 3.6222476728196926
15468 1.1549652252192415
15518 1.880515829833846
15677 3.155949285956631
15694 2.938066631704182
15719 7.194624521176892
15736 6.9985096422506015
