109
236 6.305362461690656
286 6.9985096422506015
378 4.8012850649143815
954 5.8998973535824915
2058 11.799794707164983
2064 1.5647876386963615
2087 2.8876357780772897
2201 8.142660047962776
2257 6.9985096422506015
2314 5.389071729816501
2357 2.3747372985478017
2450 -3.0542844785180536
2484 2.629859749823839
2538 2.84512107820857
2735 3.9074671888922854
2757 3.2849375755462935
3117 3.2373095265570386
3192 1.0095482253607377
3205 3.1273086313427103
3380 2.3541187431092285
3407 2.085854756514549
3489 1.942263836902293
3578 0.6015799870344548
3717 3.8204558119026557
3814 2.236335707452845
3982 1.0769312226067855
4021 1.5054481989100525
4047 3.8630154263214513
4097 2.955458374416051
4261 2.262311193856106
4405 2.6920409239639014
4487 3.1066893441399746
4507 2.298029276458185
4646 1.8686109273275278
4750 0.33155284982139466
4765 1.4150133334689021
4838 1.4730567031188173
4852 1.258716730071367
4866 2.5211728277723946
4888 6.9985096422506015
4941 3.5645224377654547
5039 2.735829765209286
5065 2.735829765209286
5181 2.288979440938267
5222 5.389071729816501
5518 1.5868635903955612
5528 2.875656022470147
5590 1.4533321977710387
6005 3.666305132075397
6060 3.7796338173824005
6235 3.681205557361756
6390 3.047265923669174
6411 2.434161450782765
6794 3.9074671888922854
6819 1.7153059135126125
6872 1.3047775034479017
7104 -1.9904637499538764
7459 2.1944885975173447
7534 1.242767428663689
7559 4.108137884354437
7840 3.138328026592321
7991 2.629859749823839
8375 12.610724923381312
8723 1.5262389685791264
9151 1.258716730071367
9170 2.446521291551825
9357 4.00277736869661
9741 5.612215281130711
9781 4.00277736869661
9890 4.919068100570765
9938 12.610724923381312
10670 3.086486636822455
10868 -0.18536107281185138
11034 1.5958322603783217
11491 3.7490913256946845
11539 1.4690805547391779
11840 1.6902419448493964
11943 2.455214859980597
12022 0.40409618250082274
12047 7.208407902755317
12357 4.3403918098966
12358 6.9985096422506015
12407 0.83519483821596
12674 1.5779746429783155
13181 4.695924549256556
13289 1.7410142702228197
13456 5.206750173022546
13922 5.695929643279208
13998 4.8012850649143815
14067 6.9985096422506015
14104 5.130727834668198
14148 4.359452312635343
14168 2.9041650800285006
14237 -1.3944966966083199
14267 -1.9118469665675755
14309 1.5137127087599462
14416 1.5479024259504828
14435 2.3933394562625097
14507 1.8510151654371483
14542 6.9985096422506015
14889 6.9985096422506015
15155 0.6904112007410705
15332 -3.1046234602912404
15424 1.8111238364098463
15471 0.6940608398286201
15648 5.135385686814575
15672 0.7275212103923018
15677 3.155949285956631
15814 2.262311193856106
