117
174 3.2464624691328723
500 2.1701959049483
1822 4.766778250818684
1942 1.691553895092994
2036 1.9486536350010641
2051 2.66777630196427
2135 12.610724923381312
2271 2.0506987084332575
2357 1.1873686492739008
2358 3.1273086313427103
2365 3.7026727762462723
2421 1.5431885268928998
2536 1.7835738846416156
2631 1.2775319834560304
2659 3.4431615807611875
2674 1.0272478024601386
3068 4.038061385945852
3215 1.7699425535733089
3612 3.1918471524802814
3763 3.597312260588446
3964 10.598321218352623
4010 3.1918471524802814
4021 1.5054481989100525
4026 2.8876357780772897
4158 0.061200880897434085
4230 2.0149030205422647
4307 2.824122372354964
4366 1.9878743481543455
4441 4.05407066308416
4476 3.740413104229119
4533 3.086486636822455
4750 0.33155284982139466
5046 2.236335707452845
5154 2.4446327506500602
5156 2.211017899468555
5680 3.182675741580965
5900 2.8553749158590684
6136 11.6579687767374
6228 1.2947271675944
6557 3.1483620405405426
6636 4.600614369452231
6754 1.2024518914852294
6872 1.3047775034479017
6908 0.33537694625979814
7104 -0.6634879166512921
7197 1.730651483187273
7688 3.086486636822455
7772 4.165296298194385
7932 1.8745456628473423
7997 3.8204558119026557
8102 4.359452312635343
8256 3.3607792968127694
8405 3.3096301881366648
8406 5.8998973535824915
8582 4.134326329600354
8710 0.551203779709388
8718 2.824122372354964
8736 1.1933746733341126
8886 1.3081501879265407
8987 2.211017899468555
9151 2.517433460142734
9400 3.1273086313427103
9423 11.550543112309159
9686 3.6312138122641273
9733 1.0850066366123312
9765 1.7835738846416156
9935 5.052599493195288
9970 0.4837969513780714
9990 0.5671785603171224
10221 2.434161450782765
10329 -0.630272087128793
10456 2.8553749158590684
10487 1.981229805435677
10503 2.413542163580029
10753 2.7790019370744945
10867 5.813328791084155
11032 1.087712998210074
11062 7.262427624528255
11148 2.356853423796479
11461 2.146479378330984
11570 5.966873366670563
11671 2.2535775138873513
11816 1.9296054400303697
11894 1.5178707189086098
12093 1.6803896484063847
12267 4.359452312635343
12455 -0.8610346634721608
12559 6.9985096422506015
12946 1.7798435526592793
13353 1.961557039836972
13392 5.528806275306684
14196 2.511906961666574
14200 3.47214911763444
14237 -2.7889933932166397
14240 5.389071729816501
14267 -0.3823693933135151
14313 3.2933030175490696
14431 3.104790895896465
14455 1.637217476541176
14590 1.8337236683270872
14744 3.4431615807611875
14832 4.600614369452231
15039 4.513602992462601
15057 2.304141734385754
15259 1.3320829541381691
15332 -7.761558650728101
15397 6.003892105459458
15400 6.9985096422506015
15407 4.542243647076521
15450 4.290459441148391
15493 6.9985096422506015
15523 4.165296298194385
15771 0.023095714794649395
15783 1.923353477353305
15786 0.8981906902305371
15805 2.008077055471865
15857 6.133368019052551
