248
59 4.433560284789064
194 0.7699986386594181
254 2.498699971920336
327 2.20271909665386
405 4.8012850649143815
592 4.8892655013001205
843 5.052599493195288
1060 0.3108345320827577
1146 6.305362461690656
1284 5.612215281130711
1750 2.2137308608496604
1786 6.9985096422506015
1802 5.8998973535824915
1839 2.093234863812172
1864 3.047265923669174
1922 1.6952047341915255
2068 3.3609234825242154
2217 2.4876501357337513
2224 1.981229805435677
2434 2.413542163580029
2445 4.513602992462601
2638 2.130975191795019
2679 3.414990703794491
2745 7.726030852642903
2787 3.1918471524802814
2940 1.6278716141229383
2959 1.1873686492739008
3110 2.8876357780772897
3143 2.219386149139072
3160 4.513602992462601
3329 1.981229805435677
3374 3.9361434417163315
3392 2.20271909665386
3418 4.919068100570765
3489 1.942263836902293
3578 0.6015799870344548
3597 2.8876357780772897
3598 1.1666271649670843
3705 5.8998973535824915
3814 2.236335707452845
3827 3.2849375755462935
3840 1.2980660688599148
3991 2.8088549002241754
4016 3.9074671888922854
4250 4.695924549256556
4282 5.710749831718137
4309 2.681021528714291
4319 2.049749751872433
4321 5.710749831718137
4355 5.8998973535824915
4381 2.0149030205422647
4400 2.938066631704182
4416 1.3637200390813515
4522 0.5207142953092883
4613 2.211017899468555
4631 3.9539872045271784
4846 2.021775899830027
4866 5.042345655544789
4909 2.9381611094783557
4917 5.389071729816501
4938 3.4431615807611875
4956 9.654168654320117
4963 2.3933394562625097
4964 1.127926246926296
4976 2.288979440938267
5065 2.735829765209286
5119 2.3933394562625097
5146 12.32441365306331
5195 6.9985096422506015
5196 6.305362461690656
5293 10.329484742283562
5347 4.600614369452231
5384 4.05407066308416
5517 1.6232312345664361
5554 2.1081605140288473
5555 2.4033897921160112
5556 4.433560284789064
5590 1.4533321977710387
5630 0.3574615133704861
5677 5.612215281130711
5757 6.305362461690656
5861 2.750014400201242
5864 4.290459441148391
5874 2.579669034454003
5949 3.5645224377654547
5973 1.4770487243883548
5983 1.9878743481543455
6043 3.182675741580965
6088 1.2146844599208637
6130 3.0666840095262753
6402 1.4112609838503516
6433 1.5462068723802074
6447 2.576165249751463
6467 4.507155027774703
6567 2.579669034454003
6583 0.8629447511688624
6633 2.8088549002241754
6908 3.0183925163381833
7025 2.0190964507214755
7104 -2.6539516666051686
7118 3.1273086313427103
7286 1.4112609838503516
7334 5.612215281130711
7544 5.206750173022546
7578 0.5215372793609184
7605 5.389071729816501
7622 2.764403137653342
7623 3.3349479961209547
7764 1.7052048175261088
7767 3.414990703794491
7797 3.047265923669174
7813 1.0145733615634107
7838 2.1081605140288473
7846 5.443687046469091
7850 5.612215281130711
7889 4.919068100570765
7905 4.919068100570765
7991 1.3149298749119196
8086 6.6192603762733295
8096 1.4533321977710387
8140 5.8998973535824915
8262 2.0712559570933964
8523 8.707591628453203
8683 1.6803896484063847
8690 2.7938170228596353
8708 1.4810567457858934
8710 1.6536113391281642
8731 2.0286963426746007
8745 2.5441623459970937
8788 2.146479378330984
8822 6.840032312866519
8869 2.1782280766455644
8880 1.67063347346102
8928 1.3355491621146554
8975 2.3933394562625097
9110 2.035665011990694
9122 1.3744921360632627
9154 2.465910149097345
9170 0.6116303228879563
9229 4.786678912525019
9343 3.8630154263214513
9525 4.695924549256556
9554 1.271661894663404
9559 -1.247984157824609
9567 8.580918882296782
9589 5.246137143643125
9620 6.305362461690656
9670 5.8998973535824915
9709 1.082307579643166
9727 4.165296298194385
9728 3.21432000833234
9970 0.9675939027561428
10182 5.206750173022546
10209 4.290459441148391
10326 1.0461538510930224
10393 1.9746291214043248
10447 1.829844710114914
10522 2.9911764570181303
10538 4.8012850649143815
10550 5.8998973535824915
10742 7.156093957636721
10749 2.3509274935351647
10751 1.5879037593638217
10752 4.513602992462601
10825 2.0149030205422647
10868 -0.18536107281185138
11022 6.305362461690656
11023 1.2880826248757316
11057 2.555858385760285
11105 4.22592092001082
11110 0.8102455191680114
11168 1.2781978656431896
11202 2.9209721983448818
11218 1.144042369585821
11299 -2.6059138093296896
11304 1.2054960338664575
11334 3.989126672610284
11362 8.00555473739322
11416 2.1782280766455644
11419 3.1273086313427103
11444 2.434161450782765
11503 5.775271556154579
11524 1.5178707189086098
11969 0.7582337970798316
12010 3.6312138122641273
12033 10.084691311089578
12097 5.389071729816501
12122 1.1963912668735384
12143 4.165296298194385
12216 2.87137525720551
12377 1.3460204619819507
12383 1.2523064517104479
12455 -0.2152586658680402
12508 11.31155596928053
12553 1.0715836162801904
12566 5.8998973535824915
12608 4.8012850649143815
12629 3.3096301881366648
12723 4.577958881876534
12796 5.8419443966897635
12803 4.091160117244055
12805 3.713692171495883
12832 3.3096301881366648
12978 2.383389125409342
13001 1.4730567031188173
13189 3.7490913256946845
13209 3.6312138122641273
13272 2.7790019370744945
13380 4.05407066308416
13438 2.555858385760285
13547 1.6003469407328483
13553 -0.7409215198883841
13775 3.2849375755462935
13867 3.263138994630222
13916 3.1066893441399746
13954 10.105198986390576
14085 3.1698682457615064
14086 6.9985096422506015
14104 1.710242611556066
14237 -1.3944966966083199
14299 6.305362461690656
14422 2.1233123190494494
14463 1.67063347346102
14588 2.0785287164224764
14597 6.569875151092587
14901 2.5326015235960173
14906 0.4013639403639497
15020 3.086486636822455
15024 3.2373095265570386
15037 2.3163784151263815
15123 5.389071729816501
15192 1.489121305622624
15241 1.7462362142039713
15292 2.211017899468555
15295 4.165296298194385
15306 0.7199882180847567
15309 6.305362461690656
15332 -3.1046234602912404
15373 1.628721502626236
15413 1.2781978656431896
15517 1.886521853894058
15518 3.761031659667692
15577 5.052599493195288
15602 5.052599493195288
15771 0.04619142958929879
15827 5.732739921054652
15828 8.745182353568246
15862 3.9074671888922854
