120
194 1.5399972773188362
254 4.997399943840672
592 2.4446327506500602
862 2.344549292093078
1822 4.766778250818684
2046 10.105198986390576
2201 4.071330023981388
2240 1.65617539028579
2247 2.219386149139072
2296 4.290459441148391
2357 1.1873686492739008
2406 2.9209721983448818
2450 -1.832570687110832
2935 0.6320391945191633
3036 2.262311193856106
3192 2.0190964507214755
3274 4.919068100570765
3374 1.9680717208581657
3461 3.3609234825242154
3489 1.942263836902293
3578 0.6015799870344548
3814 2.236335707452845
3901 2.363780654020965
3923 6.254617262685421
3982 1.0769312226067855
3995 1.751485570090115
4319 4.099499503744866
4321 2.8553749158590684
4405 1.3460204619819507
4625 1.8452180477528222
4794 3.6312138122641273
4868 6.305362461690656
4878 4.101893581287706
4914 1.4339892349279078
5083 1.5735596247691985
5111 3.21432000833234
5119 2.3933394562625097
5210 4.695924549256556
5309 2.5326015235960173
5318 3.1066893441399746
5528 2.875656022470147
5590 1.4533321977710387
5891 3.1273086313427103
5895 4.8067795842320225
5905 1.7835738846416156
6043 1.5913378707904824
6088 3.644053379762591
6235 2.454137038241171
6433 0.5154022907934025
6583 0.8629447511688624
6820 10.413500346045092
7019 2.130975191795019
7028 2.764403137653342
7104 -1.3269758333025843
7312 2.3163784151263815
7497 0.7014003223166658
7552 1.9486536350010641
7569 2.0341908619922413
7840 4.707492039888481
7842 4.74707365793266
7904 2.211017899468555
8043 1.730651483187273
8444 1.7890234894091803
8723 1.5262389685791264
8736 1.1933746733341126
8741 6.17297327364491
8819 6.9985096422506015
8886 3.9244505637796223
8993 2.973157951515452
9106 1.0850066366123312
9151 1.258716730071367
9170 1.2232606457759125
9355 2.1782280766455644
9589 1.3115342859107813
9602 4.560021541911013
9703 6.9985096422506015
10868 -0.7414442912474055
10998 4.8012850649143815
11052 3.740413104229119
11580 2.5441623459970937
11783 4.00277736869661
11840 3.3804838896987928
11900 2.049749751872433
11953 6.9985096422506015
12047 2.883363161102127
12049 2.5676928434072877
12175 5.910916748832102
12218 2.6547042203969173
12357 2.1701959049483
12407 0.83519483821596
12455 -0.2152586658680402
12558 7.333898251950181
12674 1.5779746429783155
12720 6.9985096422506015
12968 3.047265923669174
13014 5.206750173022546
13080 0.8123010183501074
13088 2.7790019370744945
13106 2.335070548138534
13312 2.955458374416051
13314 2.0286963426746007
13921 2.1782280766455644
14104 1.710242611556066
14237 -4.18349008982496
14242 2.5326015235960173
14267 -2.2942163598810907
14308 2.0640357091199095
14309 3.0274254175198925
14381 0.6866029961942954
14416 3.0958048519009655
14442 6.305362461690656
14455 1.637217476541176
14558 2.476721065201561
15155 0.6904112007410705
15332 -1.5523117301456202
15341 0.7959741250626788
15424 5.433371509229539
15479 4.433560284789064
15677 1.5779746429783155
15814 2.262311193856106
