252
57 3.7796338173824005
174 3.2464624691328723
194 0.7699986386594181
254 4.997399943840672
646 2.219386149139072
717 2.8396265588909295
787 2.035665011990694
954 5.8998973535824915
1009 6.9985096422506015
1884 1.9486536350010641
1928 2.4876501357337513
1964 3.260840023967233
2027 2.7938170228596353
2064 1.5647876386963615
2201 2.035665011990694
2221 6.056435457396959
2247 2.219386149139072
2271 0.6835662361444191
2296 4.290459441148391
2328 2.9911764570181303
2450 -1.832570687110832
2469 6.305362461690656
2484 2.629859749823839
2538 1.422560539104285
2564 5.612215281130711
2631 0.21292199724267172
2772 12.610724923381312
2816 5.052599493195288
2920 0.6795415285041667
2925 6.886323161522375
3036 6.786933581568317
3048 2.5098732725184614
3062 2.8396265588909295
3117 6.474619053114077
3274 4.919068100570765
3335 5.389071729816501
3449 2.9470574476567433
3468 6.305362461690656
3498 2.87137525720551
3635 1.5779746429783155
3665 4.359452312635343
3774 1.7255100836868542
3843 5.206750173022546
3896 1.403798262648762
3898 3.047265923669174
3923 3.1273086313427103
3925 6.9985096422506015
3961 2.6290617897835795
3982 1.0769312226067855
4081 3.1066893441399746
4167 6.213767871280189
4271 6.9985096422506015
4302 1.8000126109847754
4378 4.695924549256556
4412 3.086486636822455
4500 2.8396265588909295
4522 0.2603571476546441
4562 3.3096301881366648
4621 2.7218435232345457
4663 3.8630154263214513
4759 3.21432000833234
4765 1.4150133334689021
4783 2.1782280766455644
4809 2.8088549002241754
4838 1.4730567031188173
4852 1.258716730071367
4914 1.4339892349279078
4924 3.2849375755462935
4967 5.389071729816501
5017 3.260840023967233
5029 3.2373095265570386
5065 8.207489295627859
5110 1.8452180477528222
5181 2.288979440938267
5309 7.5978045707880515
5350 2.955458374416051
5419 3.8630154263214513
5484 0.9464204733261844
5528 5.751312044940294
5533 3.7026727762462723
5541 4.290459441148391
5900 5.710749831718137
6049 2.035665011990694
6078 2.555858385760285
6088 2.4293689198417274
6140 2.211017899468555
6156 3.6000252219695508
6169 2.4033897921160112
6235 3.681205557361756
6364 3.260840023967233
6411 7.302484352348294
6414 3.1483620405405426
6609 3.1918471524802814
6640 3.7026727762462723
6690 4.600614369452231
6692 3.7026727762462723
6908 0.33537694625979814
6922 4.22592092001082
7001 4.290459441148391
7019 2.130975191795019
7025 2.0190964507214755
7028 5.528806275306684
7104 -0.6634879166512921
7170 4.855836866130424
7316 3.1273086313427103
7401 1.886521853894058
7462 1.942263836902293
7482 1.8055527913603908
7489 4.108137884354437
7497 0.7014003223166658
7512 4.22592092001082
7552 1.9486536350010641
7563 4.670141096277068
7569 1.0170954309961207
7637 4.600614369452231
7724 3.597312260588446
7768 6.6192603762733295
7828 4.05407066308416
7840 7.845820066480802
7842 4.74707365793266
7879 5.206750173022546
8444 10.734140936455082
8445 6.305362461690656
8457 4.600614369452231
8532 6.9985096422506015
8592 3.740413104229119
8710 0.551203779709388
8788 10.73239689165492
8798 11.799794707164983
8838 4.513602992462601
8850 1.7153059135126125
8869 2.1782280766455644
8880 1.67063347346102
8886 2.6163003758530814
8960 3.8630154263214513
8977 2.6290617897835795
9092 2.973157951515452
9099 6.9985096422506015
9106 1.0850066366123312
9110 2.035665011990694
9357 4.00277736869661
9384 1.3355491621146554
9698 1.9878743481543455
9791 2.344549292093078
9811 3.9074671888922854
9831 5.052599493195288
10001 4.128071418239819
10393 1.9746291214043248
10422 0.7087940713416041
10431 0.7218661529089567
10437 2.7345957208584712
10550 5.8998973535824915
10561 3.2006938814656967
10668 6.9985096422506015
10670 3.086486636822455
10749 2.3509274935351647
10791 4.05407066308416
10868 -0.37072214562370276
10884 3.502002080784121
11034 1.5958322603783217
11132 3.7796338173824005
11139 2.87137525720551
11210 6.42864001666468
11235 3.740413104229119
11243 3.8630154263214513
11266 2.9041650800285006
11287 2.0286963426746007
11308 2.5098732725184614
11446 3.597312260588446
11491 1.8745456628473423
11534 4.359452312635343
11539 4.407241664217533
11542 6.9985096422506015
11592 6.9985096422506015
11769 3.2933030175490696
11784 6.94429823526888
11785 3.9361434417163315
11959 4.489838902288473
11975 2.9209721983448818
11976 6.305362461690656
12022 0.40409618250082274
12049 5.135385686814575
12173 1.981229805435677
12228 3.047265923669174
12231 4.359452312635343
12303 7.332610264150794
12312 8.381451068578906
12357 4.3403918098966
12379 4.8012850649143815
12383 1.2523064517104479
12447 2.8396265588909295
12455 -0.4305173317360804
12515 6.9985096422506015
12543 3.5645224377654547
12558 4.8892655013001205
12596 6.9985096422506015
12674 1.5779746429783155
12793 2.87137525720551
12830 6.9985096422506015
12853 1.152070867192877
12933 6.9985096422506015
12942 3.9539872045271784
12983 4.22592092001082
13104 3.2373095265570386
13202 3.6312138122641273
13208 1.3115342859107813
13424 5.8998973535824915
13455 12.610724923381312
13460 2.955458374416051
13496 12.610724923381312
13497 6.9985096422506015
13508 1.7255100836868542
13547 4.801040822198545
13553 -0.37046075994419203
13681 2.498699971920336
13734 1.942263836902293
13761 2.6040604875781623
13766 4.8012850649143815
13834 4.00277736869661
13890 2.681021528714291
13908 4.290459441148391
13922 3.7972864288528054
14153 2.4876501357337513
14168 5.808330160057001
14237 -0.6972483483041599
14267 -2.6765857531946056
14309 1.5137127087599462
14416 2.3218536389257243
14435 2.3933394562625097
14442 6.305362461690656
14449 3.21432000833234
14455 8.18608738270588
14507 1.8510151654371483
14558 4.953442130403122
14633 2.6547042203969173
14698 5.206750173022546
15155 0.6904112007410705
15187 5.983690008915426
15224 2.9041650800285006
15271 6.305362461690656
15302 3.3609234825242154
15332 -15.523117301456201
15363 2.555858385760285
15415 2.824122372354964
15418 2.1233123190494494
15424 9.05561918204923
15613 4.108137884354437
15648 2.5676928434072877
15669 4.324455470598246
15685 0.8716404581364162
15814 2.262311193856106
15861 3.597312260588446
