146
3 3.0666840095262753
5 4.513602992462601
57 7.559267634764801
194 3.0799945546376724
254 4.997399943840672
521 1.8986432144264027
744 3.3875917296063767
862 2.344549292093078
1094 2.335070548138534
1122 3.1698682457615064
1335 5.8998973535824915
1379 1.0740829317937672
1639 4.600614369452231
2025 4.165296298194385
2036 7.794614540004257
2049 2.37353682896633
2064 1.5647876386963615
2240 1.65617539028579
2271 0.34178311807220957
2443 4.00277736869661
2450 -0.6108568957036107
2603 3.3609234825242154
2614 4.290459441148391
2862 1.4690805547391779
2873 4.22592092001082
3054 4.513602992462601
3117 6.474619053114077
3192 1.0095482253607377
3506 4.102827641000005
3578 1.2031599740689096
3690 2.9945028634117485
3732 5.052599493195288
3985 2.5098732725184614
3986 6.305362461690656
4070 1.1068654304248302
4167 2.0712559570933964
4286 2.130975191795019
4304 4.290459441148391
4334 3.1698682457615064
4391 3.260840023967233
4405 1.3460204619819507
4423 7.726030852642903
4507 2.298029276458185
4522 0.5207142953092883
4625 1.8452180477528222
4751 3.414990703794491
4852 1.258716730071367
4906 3.9074671888922854
4914 1.4339892349279078
4992 3.260840023967233
5055 2.2278250177849364
5067 4.455650035569873
5083 1.5735596247691985
5150 9.391849098513111
5181 2.288979440938267
5208 2.5676928434072877
5272 10.791936781765338
5528 1.4378280112350734
5590 1.4533321977710387
5601 6.9985096422506015
5687 2.0785287164224764
5852 4.9753002714675025
5999 2.5098732725184614
6228 1.2947271675944
6351 2.8088549002241754
6411 2.434161450782765
6633 2.8088549002241754
6754 2.4049037829704587
6819 1.7153059135126125
6872 1.3047775034479017
6908 0.33537694625979814
6915 6.9985096422506015
7104 -1.9904637499538764
7813 1.0145733615634107
7840 9.414984079776962
7906 1.4339892349279078
7991 2.629859749823839
8020 6.9985096422506015
8096 1.4533321977710387
8103 4.600614369452231
8439 0.4690908039883759
8456 8.867120569578129
8710 1.102407559418776
8736 1.1933746733341126
8886 1.3081501879265407
8978 1.6140145794615122
8979 3.5780469788183606
9106 1.0850066366123312
9170 0.6116303228879563
9537 0.6546292081242703
9554 3.814985683990212
9589 3.9346028577323438
9709 1.082307579643166
9711 1.8686109273275278
9970 0.9675939027561428
10217 2.15432255579201
10329 -0.21009069570959765
10749 2.3509274935351647
10868 -0.37072214562370276
10906 2.035665011990694
10980 6.9985096422506015
11034 4.787496781134966
11041 6.94429823526888
11057 2.555858385760285
11106 2.021775899830027
11287 2.0286963426746007
11299 -1.0423655237318759
11334 3.989126672610284
11461 2.146479378330984
11511 11.224430562261421
11539 1.4690805547391779
11731 5.389071729816501
11769 1.6466515087745348
11785 1.9680717208581657
11918 4.433560284789064
11945 1.9550845253313545
11959 11.224597255721182
12034 0.9324015521468534
12078 1.3637200390813515
12216 2.87137525720551
12781 7.4960999157610075
12818 3.1483620405405426
12826 1.2619373447714093
12832 3.3096301881366648
12921 7.480826208458238
13553 -1.111382279832576
13565 1.9878743481543455
13890 8.043064586142872
14064 3.7026727762462723
14104 1.710242611556066
14135 2.3541187431092285
14309 1.5137127087599462
14381 0.2288676653980985
14416 0.7739512129752414
14435 2.3933394562625097
14656 2.2811529755342836
14906 1.204091821091849
15051 6.305362461690656
15087 7.559267634764801
15332 -9.313870380873722
15413 1.2781978656431896
15424 7.244495345639385
15468 1.1549652252192415
15672 0.7275212103923018
15685 0.8716404581364162
15704 3.7026727762462723
