237
57 3.7796338173824005
253 5.612215281130711
302 1.7153059135126125
308 6.9985096422506015
327 2.20271909665386
673 5.8998973535824915
879 3.666305132075397
910 6.9985096422506015
927 2.0785287164224764
1013 2.6547042203969173
1060 0.3730014384993092
1122 3.1698682457615064
1171 2.9209721983448818
1279 4.695924549256556
1690 2.455214859980597
1782 5.443687046469091
1834 6.9985096422506015
1850 3.0666840095262753
2048 6.9985096422506015
2060 3.1483620405405426
2064 6.259150554785446
2070 1.4730567031188173
2201 6.106995035972082
2271 0.34178311807220957
2296 4.290459441148391
2334 0.7939518796819108
2450 -2.4434275828144427
2484 2.629859749823839
2519 1.6902419448493964
2538 2.84512107820857
2837 3.086486636822455
2848 6.9985096422506015
2859 4.22592092001082
2956 5.8998973535824915
3036 6.786933581568317
3090 3.047265923669174
3117 3.2373095265570386
3192 3.028644676082213
3205 6.254617262685421
3374 1.9680717208581657
3380 7.062356229327685
3381 5.389071729816501
3404 2.465910149097345
3449 0.9823524825522477
3536 5.8998973535824915
3635 1.5779746429783155
3736 3.086486636822455
3828 4.919068100570765
3843 5.206750173022546
3896 1.403798262648762
3960 5.612215281130711
3982 3.2307936678203566
4127 6.9985096422506015
4174 3.3875917296063767
4217 3.3096301881366648
4261 2.262311193856106
4298 2.9041650800285006
4318 5.206750173022546
4438 6.94429823526888
4468 4.05407066308416
4522 0.2603571476546441
4536 2.70805020110221
4576 2.085854756514549
4663 3.8630154263214513
4711 1.9296054400303697
4750 0.6631056996427893
4838 1.4730567031188173
4862 3.047265923669174
4868 6.305362461690656
4941 3.5645224377654547
5181 2.288979440938267
5272 3.597312260588446
5319 3.086486636822455
5473 6.305362461690656
5528 2.875656022470147
5530 6.9985096422506015
5590 2.9066643955420775
5615 2.049749751872433
5680 1.5913378707904824
5687 6.235586149267429
5802 3.1483620405405426
5809 4.72756130804193
6060 3.7796338173824005
6088 1.2146844599208637
6185 5.612215281130711
6279 5.8998973535824915
6364 3.260840023967233
6379 6.305362461690656
6433 0.5154022907934025
6488 3.0666840095262753
6548 4.157057432844953
6583 0.8629447511688624
6872 3.914332510343705
6886 4.919068100570765
7019 2.130975191795019
7025 5.047741126803689
7068 4.86832290156553
7104 -0.6634879166512921
7164 4.290459441148391
7170 1.6186122887101415
7274 3.0666840095262753
7458 3.502002080784121
7497 0.7014003223166658
7534 2.485534857327378
7569 1.0170954309961207
7578 1.0430745587218369
7743 5.052599493195288
7813 1.0145733615634107
7840 1.5691640132961604
7842 4.74707365793266
7991 2.629859749823839
8262 2.0712559570933964
8278 12.610724923381312
8439 0.9381816079767518
8560 5.612215281130711
8578 3.1066893441399746
8615 2.6944445490464313
8628 3.9074671888922854
8710 0.551203779709388
8736 1.1933746733341126
8741 6.17297327364491
8816 1.7255100836868542
8869 4.356456153291129
8886 1.3081501879265407
8896 2.938066631704182
8904 4.372650573756367
8906 3.047265923669174
9092 2.973157951515452
9106 1.0850066366123312
9110 2.035665011990694
9154 2.465910149097345
9170 0.6116303228879563
9311 6.305362461690656
9504 3.5327737394508745
9554 1.271661894663404
9604 4.513602992462601
9698 3.975748696308691
9791 2.344549292093078
9827 6.305362461690656
9859 6.9985096422506015
9968 6.9985096422506015
9992 6.9985096422506015
10102 5.052599493195288
10136 6.9985096422506015
10299 4.359452312635343
10325 1.8925641683500207
10422 1.4175881426832082
10561 1.6003469407328483
10670 3.086486636822455
10722 6.305362461690656
10749 1.1754637467675824
10750 6.305362461690656
10868 -0.37072214562370276
10973 2.7938170228596353
10982 6.9985096422506015
11034 4.787496781134966
11057 2.555858385760285
11080 3.8630154263214513
11089 1.1549652252192415
11101 5.052599493195288
11230 6.9985096422506015
11386 2.1157077196642304
11393 3.2849375755462935
11491 3.7490913256946845
11511 5.612215281130711
11539 1.4690805547391779
11712 4.600614369452231
11717 2.938066631704182
11769 1.6466515087745348
11816 1.9296054400303697
11908 1.5346778372249912
11959 11.224597255721182
12047 5.766726322204254
12049 5.135385686814575
12057 2.10066984229969
12202 6.9985096422506015
12228 3.047265923669174
12241 2.579669034454003
12293 3.7026727762462723
12357 4.3403918098966
12375 9.782520071901699
12455 -0.2152586658680402
12488 1.9359146092236343
12491 4.22592092001082
12674 3.155949285956631
12946 0.5932811842197597
12973 6.305362461690656
13045 1.886521853894058
13094 3.1918471524802814
13197 3.2849375755462935
13208 1.3115342859107813
13251 4.290459441148391
13312 2.955458374416051
13369 3.9074671888922854
13375 6.9985096422506015
13409 16.167215189449504
13440 1.4770487243883548
13553 -0.7409215198883841
13681 2.498699971920336
13759 2.955458374416051
13767 2.6547042203969173
13921 4.356456153291129
13922 3.7972864288528054
13939 6.9985096422506015
14032 4.8012850649143815
14104 5.130727834668198
14105 6.305362461690656
14237 -2.09174504491248
14267 -0.7647387866270302
14297 3.6312138122641273
14309 1.5137127087599462
14381 0.457735330796197
14449 3.21432000833234
14461 3.740413104229119
14507 1.8510151654371483
14529 2.8088549002241754
14547 3.740413104229119
14556 2.8876357780772897
14558 2.476721065201561
14656 3.4217294633014257
14679 3.7796338173824005
14680 11.799794707164983
14723 5.052599493195288
14906 0.4013639403639497
15019 4.8012850649143815
15055 6.9985096422506015
15187 1.994563336305142
15289 5.052599493195288
15302 10.082770447572646
15332 -4.656935190436861
15341 0.7959741250626788
15348 2.10066984229969
15424 3.6222476728196926
15657 4.600614369452231
15672 3.6376060519615088
15677 3.155949285956631
15861 3.597312260588446
