341
57 3.7796338173824005
194 3.8499931932970903
254 2.498699971920336
302 1.7153059135126125
310 4.00277736869661
333 5.052599493195288
381 5.8998973535824915
395 6.9985096422506015
530 5.33555260392854
569 3.0282177286984795
607 2.5211728277723946
747 4.8012850649143815
751 4.22592092001082
787 2.035665011990694
838 5.612215281130711
927 4.157057432844953
989 4.433560284789064
1013 2.6547042203969173
1060 0.12433381283310307
1379 0.5370414658968836
1390 3.260840023967233
1404 1.3708885285599641
1686 2.309930450438483
1690 2.455214859980597
1750 1.1068654304248302
1821 6.9985096422506015
1938 2.66777630196427
1997 3.009525595686327
2026 2.681021528714291
2027 2.7938170228596353
2036 1.9486536350010641
2060 15.741810202702712
2064 3.129575277392723
2070 1.4730567031188173
2087 2.8876357780772897
2201 6.106995035972082
2296 4.290459441148391
2351 1.5647876386963615
2357 1.1873686492739008
2394 4.05407066308416
2450 -0.6108568957036107
2519 3.3804838896987928
2538 1.422560539104285
2592 5.876133263408364
2595 2.5211728277723946
2640 2.735829765209286
2674 1.0272478024601386
2690 3.1483620405405426
2705 4.997372546955697
2780 3.9539872045271784
2837 3.086486636822455
2862 1.4690805547391779
2908 4.290459441148391
2935 1.8961175835574902
2940 4.883614842368815
3025 5.612215281130711
3029 5.8998973535824915
3036 9.049244775424423
3062 2.8396265588909295
3117 3.2373095265570386
3143 4.438772298278144
3192 5.047741126803689
3392 2.20271909665386
3449 8.84117234297023
3461 16.804617412621077
3657 2.6164830075767194
3665 4.359452312635343
3690 1.4972514317058743
3807 2.3256808077886952
3814 4.47267141490569
3901 2.363780654020965
3982 1.0769312226067855
4021 4.516344596730158
4076 6.886323161522375
4081 3.1066893441399746
4082 3.9074671888922854
4132 4.695924549256556
4143 3.9539872045271784
4155 4.00277736869661
4167 4.142511914186793
4230 2.0149030205422647
4298 8.712495240085502
4302 5.400037832954326
4309 2.681021528714291
4412 3.086486636822455
4416 1.3637200390813515
4438 3.47214911763444
4466 3.9539872045271784
4522 0.2603571476546441
4573 3.740413104229119
4608 1.4075226617397445
4621 2.7218435232345457
4625 1.8452180477528222
4645 5.206750173022546
4646 1.8686109273275278
4663 3.8630154263214513
4750 0.994658549464184
4765 7.075066667344511
4783 2.1782280766455644
4838 1.4730567031188173
4846 2.021775899830027
4852 1.258716730071367
4862 3.047265923669174
4914 1.4339892349279078
4944 5.052599493195288
4968 14.403855194743144
4989 1.3355491621146554
5033 2.1233123190494494
5039 2.735829765209286
5083 3.147119249538397
5181 4.577958881876534
5200 6.6192603762733295
5309 2.5326015235960173
5319 3.086486636822455
5339 1.1784267118982394
5409 3.502002080784121
5423 5.206750173022546
5427 4.290459441148391
5488 4.05407066308416
5502 5.612215281130711
5517 1.6232312345664361
5525 3.3096301881366648
5528 4.313484033705221
5590 1.4533321977710387
5687 2.0785287164224764
5739 5.775271556154579
5802 3.1483620405405426
5852 9.950600542935005
5933 2.955458374416051
5970 4.165296298194385
5983 1.9878743481543455
5993 1.7043607691634077
6043 1.5913378707904824
6088 1.2146844599208637
6140 2.211017899468555
6155 4.359452312635343
6176 5.206750173022546
6219 2.298029276458185
6235 2.454137038241171
6265 4.600614369452231
6328 3.8630154263214513
6337 3.2373095265570386
6351 5.617709800448351
6389 3.1273086313427103
6411 9.73664580313106
6447 1.2880826248757316
6488 3.0666840095262753
6548 2.0785287164224764
6553 3.8204558119026557
6640 3.7026727762462723
6657 2.138697237888929
6690 9.201228738904462
6721 2.383389125409342
6754 2.4049037829704587
6776 1.942263836902293
6816 3.3875917296063767
6819 1.7153059135126125
6908 1.0061308387793944
7001 4.290459441148391
7025 2.0190964507214755
7068 7.302484352348294
7104 -1.9904637499538764
7161 4.513602992462601
7170 3.237224577420283
7181 3.260840023967233
7232 4.433560284789064
7274 3.0666840095262753
7286 1.4112609838503516
7306 2.4876501357337513
7312 2.3163784151263815
7344 1.6325336272287498
7348 4.600614369452231
7401 1.886521853894058
7418 3.1483620405405426
7497 2.1042009669499975
7506 7.480826208458238
7534 2.485534857327378
7552 1.9486536350010641
7569 1.0170954309961207
7591 2.0426825846493406
7607 4.919068100570765
7623 3.3349479961209547
7650 4.216321028057695
7731 2.001297368486486
7813 1.0145733615634107
7826 3.1273086313427103
7840 7.845820066480802
7842 7.12061048689899
7991 2.629859749823839
8266 4.919068100570765
8293 5.8998973535824915
8407 5.8998973535824915
8435 5.206750173022546
8456 4.433560284789064
8457 4.600614369452231
8478 3.502002080784121
8553 5.8998973535824915
8593 4.165296298194385
8643 4.002594736972972
8723 1.5262389685791264
8736 1.1933746733341126
8741 3.086486636822455
8886 1.3081501879265407
8896 2.938066631704182
8928 1.3355491621146554
9019 5.8998973535824915
9044 3.8630154263214513
9092 2.973157951515452
9106 1.0850066366123312
9115 3.047265923669174
9537 0.6546292081242703
9589 2.6230685718215625
9801 4.919068100570765
9817 3.9550110997006014
9866 4.919068100570765
9970 0.4837969513780714
10030 4.827084327160058
10258 7.2000504439391015
10329 -0.21009069570959765
10432 5.052599493195288
10437 1.3672978604292356
10487 1.981229805435677
10505 11.224430562261421
10554 5.389071729816501
10670 3.086486636822455
10696 10.998915396226192
10734 2.735829765209286
10749 2.3509274935351647
10868 -0.9268053640592568
10990 3.597312260588446
11023 1.2880826248757316
11034 1.5958322603783217
11041 3.47214911763444
11210 3.21432000833234
11296 2.764403137653342
11312 3.3096301881366648
11406 2.6418008155610093
11414 5.8998973535824915
11450 2.262311193856106
11491 5.623636988542026
11524 1.5178707189086098
11534 4.359452312635343
11539 7.34540277369589
11550 5.052599493195288
11656 5.8998973535824915
11671 2.2535775138873513
11674 5.8998973535824915
11697 5.8998973535824915
11769 1.6466515087745348
11840 3.3804838896987928
11908 1.5346778372249912
11959 2.2449194511442365
12006 2.955458374416051
12022 0.8081923650016455
12043 2.498699971920336
12047 8.650089483306381
12049 2.5676928434072877
12241 2.579669034454003
12312 2.7938170228596353
12321 3.4431615807611875
12357 4.3403918098966
12375 3.260840023967233
12393 5.052599493195288
12400 2.9209721983448818
12407 1.67038967643192
12525 5.612215281130711
12598 2.5098732725184614
12646 4.05407066308416
12733 5.389071729816501
12833 0.9630282097258448
12853 2.304141734385754
12921 3.740413104229119
12929 3.7026727762462723
13029 1.6609715625492831
13097 5.206750173022546
13149 8.00555473739322
13168 5.8998973535824915
13181 4.695924549256556
13208 1.3115342859107813
13216 7.262427624528255
13319 3.6111055827207816
13390 2.236335707452845
13460 2.955458374416051
13508 1.7255100836868542
13527 2.049749751872433
13553 -1.8523037997209602
13718 1.3425178314307487
13891 0.6065925288579992
13921 2.1782280766455644
13922 11.391859286558416
13978 4.00277736869661
14008 2.001297368486486
14078 2.5098732725184614
14101 4.695924549256556
14104 11.971698280892463
14123 4.22592092001082
14168 11.616660320114002
14169 5.8998973535824915
14200 3.47214911763444
14224 9.83813620114153
14233 5.389071729816501
14237 -1.3944966966083199
14267 -0.3823693933135151
14309 1.5137127087599462
14327 5.206750173022546
14352 0.9464204733261844
14416 0.7739512129752414
14431 1.034930298632155
14435 2.3933394562625097
14449 3.21432000833234
14470 3.7796338173824005
14473 3.2849375755462935
14486 2.6164830075767194
14507 3.7020303308742966
14529 5.617709800448351
14556 2.8876357780772897
14626 2.750014400201242
14633 2.6547042203969173
14647 3.8630154263214513
14656 2.2811529755342836
14827 5.8998973535824915
14906 0.4013639403639497
15121 1.5868635903955612
15155 0.6904112007410705
15240 3.414990703794491
15272 6.305362461690656
15332 -10.866182111019342
15341 0.7959741250626788
15363 5.11171677152057
15373 0.814360751313118
15456 3.1273086313427103
15468 6.929791351315449
15518 3.761031659667692
15648 7.7030785302218625
15655 3.9539872045271784
15672 0.7275212103923018
15677 3.155949285956631
15685 0.8716404581364162
15719 7.194624521176892
15805 2.008077055471865
15861 3.597312260588446
