379
84 6.9985096422506015
85 6.9985096422506015
86 6.9985096422506015
109 13.078356937906028
117 12.871378323445173
194 0.7699986386594181
254 2.498699971920336
327 2.20271909665386
473 3.1273086313427103
596 4.695924549256556
607 2.5211728277723946
646 2.219386149139072
737 4.8012850649143815
1060 0.1865007192496546
1101 6.305362461690656
1171 2.9209721983448818
1379 2.685207329484418
1381 5.309408440793835
1404 1.3708885285599641
1439 5.389071729816501
1498 11.338901452147201
1520 6.9985096422506015
1686 1.1549652252192415
1743 6.9985096422506015
1750 2.2137308608496604
1755 3.47214911763444
1850 6.133368019052551
1861 5.612215281130711
1973 6.9985096422506015
2026 10.724086114857164
2027 2.7938170228596353
2201 2.035665011990694
2264 8.718904625270685
2316 27.603686216713385
2334 1.5879037593638217
2406 2.9209721983448818
2429 4.8012850649143815
2442 2.7938170228596353
2450 -0.6108568957036107
2484 1.3149298749119196
2496 5.389071729816501
2518 6.305362461690656
2549 4.919068100570765
2588 4.108137884354437
2652 4.108137884354437
2705 4.997372546955697
2775 6.305362461690656
2920 1.3590830570083334
2925 3.4431615807611875
2935 0.6320391945191633
3036 2.262311193856106
3090 3.047265923669174
3100 2.7938170228596353
3168 8.472367117064893
3192 3.028644676082213
3342 5.389071729816501
3366 4.695924549256556
3379 6.383694304960563
3380 2.3541187431092285
3381 5.389071729816501
3404 7.3977304472920355
3407 2.085854756514549
3448 3.1273086313427103
3449 3.929409930208991
3461 3.3609234825242154
3468 6.305362461690656
3489 1.942263836902293
3498 2.87137525720551
3503 4.695924549256556
3561 5.389071729816501
3597 2.8876357780772897
3647 4.216321028057695
3658 2.938066631704182
3690 1.4972514317058743
3718 6.305362461690656
3736 3.086486636822455
3763 3.597312260588446
3769 4.695924549256556
3814 2.236335707452845
3862 3.0666840095262753
3865 5.8998973535824915
3912 6.9985096422506015
3914 4.919068100570765
3966 6.305362461690656
4014 5.206750173022546
4081 3.1066893441399746
4167 2.0712559570933964
4172 3.414990703794491
4241 2.4033897921160112
4277 3.7026727762462723
4298 5.808330160057001
4466 7.907974409054357
4546 5.389071729816501
4549 2.6418008155610093
4576 2.085854756514549
4584 5.8998973535824915
4646 1.8686109273275278
4711 5.788816320091109
4714 5.052599493195288
4750 0.33155284982139466
4756 80.0555473739322
4812 3.9539872045271784
4852 2.517433460142734
4899 3.0666840095262753
4934 3.7026727762462723
5055 2.2278250177849364
5102 6.9985096422506015
5110 1.8452180477528222
5123 6.9985096422506015
5155 3.3096301881366648
5339 2.356853423796479
5432 3.4431615807611875
5470 3.740413104229119
5488 4.05407066308416
5489 8.718904625270685
5525 3.3096301881366648
5528 7.189140056175367
5674 6.9985096422506015
5721 4.22592092001082
5739 2.8876357780772897
5809 2.363780654020965
5955 2.434161450782765
5981 2.8553749158590684
5986 6.721846965048431
6016 4.359452312635343
6043 4.774013612371447
6067 6.9985096422506015
6071 6.9985096422506015
6078 2.555858385760285
6088 4.858737839683455
6114 3.8630154263214513
6123 2.288979440938267
6158 2.455214859980597
6164 2.6290617897835795
6179 6.9985096422506015
6223 2.8088549002241754
6228 1.2947271675944
6236 5.8419443966897635
6315 4.433560284789064
6364 6.521680047934466
6372 6.305362461690656
6374 4.600614369452231
6376 3.0666840095262753
6411 2.434161450782765
6414 3.1483620405405426
6433 0.5154022907934025
6466 6.305362461690656
6525 3.1483620405405426
6583 0.8629447511688624
6595 2.4237986637472186
6712 6.9985096422506015
6721 2.383389125409342
6766 5.206750173022546
6801 4.433560284789064
6819 1.7153059135126125
6840 5.612215281130711
6908 0.33537694625979814
6962 3.8630154263214513
7025 1.0095482253607377
7057 3.2849375755462935
7068 2.434161450782765
7069 6.305362461690656
7116 6.9985096422506015
7161 4.513602992462601
7170 4.855836866130424
7197 1.730651483187273
7286 4.2337829515510546
7294 6.9985096422506015
7311 4.47267141490569
7312 2.3163784151263815
7321 3.3875917296063767
7348 4.600614369452231
7487 3.6334521839170324
7497 0.7014003223166658
7552 1.9486536350010641
7569 3.0512862929883617
7613 4.290459441148391
7688 3.086486636822455
7840 1.5691640132961604
7842 2.37353682896633
7908 6.9985096422506015
7935 4.670141096277068
7969 3.5327737394508745
7974 6.9985096422506015
7991 1.3149298749119196
7999 5.612215281130711
8060 3.9539872045271784
8150 4.433560284789064
8168 3.9492582428086496
8182 2.681021528714291
8256 1.6803896484063847
8318 11.722401566676856
8409 6.9985096422506015
8478 3.502002080784121
8486 6.9985096422506015
8710 0.551203779709388
8723 1.5262389685791264
8736 1.1933746733341126
8741 3.086486636822455
8809 4.919068100570765
8816 3.4510201673737084
8822 2.2800107709555064
8823 3.1066893441399746
8833 5.8998973535824915
8880 5.01190042038306
8886 2.6163003758530814
9017 4.00277736869661
9044 3.8630154263214513
9061 3.6312138122641273
9068 26.945358649082504
9116 3.666305132075397
9151 2.517433460142734
9160 6.9985096422506015
9229 2.3933394562625097
9267 5.206750173022546
9278 4.359452312635343
9308 3.1698682457615064
9384 6.677745810573277
9393 3.1829203115045246
9429 3.3609234825242154
9580 3.3096301881366648
9605 5.206750173022546
9641 5.283601631122019
9681 3.8204558119026557
9765 1.7835738846416156
9791 4.689098584186156
9808 6.019051191372654
9817 2.6366740664670676
10046 5.389071729816501
10199 2.3256808077886952
10329 -0.21009069570959765
10352 6.9985096422506015
10369 6.9985096422506015
10393 1.9746291214043248
10422 1.4175881426832082
10437 1.3672978604292356
10456 17.13224949515441
10464 4.695924549256556
10734 2.735829765209286
10782 4.433560284789064
10805 3.666305132075397
10868 -0.18536107281185138
10883 11.799794707164983
10928 6.305362461690656
10962 2.6290617897835795
10981 3.086486636822455
10990 7.194624521176892
11001 5.612215281130711
11023 1.2880826248757316
11121 6.9985096422506015
11266 2.9041650800285006
11489 6.9985096422506015
11491 5.623636988542026
11516 5.612215281130711
11524 1.5178707189086098
11539 1.4690805547391779
11696 3.2373095265570386
11769 1.6466515087745348
11774 3.0282177286984795
11776 6.305362461690656
11850 2.455214859980597
11908 1.5346778372249912
11959 2.2449194511442365
11969 0.7582337970798316
11972 3.21432000833234
12017 4.165296298194385
12043 2.498699971920336
12047 8.650089483306381
12216 2.87137525720551
12273 3.7026727762462723
12293 3.7026727762462723
12312 2.7938170228596353
12326 6.9985096422506015
12331 5.612215281130711
12357 19.5317631445347
12375 3.260840023967233
12400 2.9209721983448818
12455 -0.2152586658680402
12457 3.2373095265570386
12476 4.108137884354437
12543 3.5645224377654547
12558 7.333898251950181
12595 4.689098584186156
12621 4.290459441148391
12631 5.389071729816501
12643 6.305362461690656
12833 0.9630282097258448
12837 3.4431615807611875
12842 6.9985096422506015
12955 8.580918882296782
12968 3.047265923669174
12978 2.383389125409342
12980 6.9985096422506015
12997 7.004004161568242
13001 1.4730567031188173
13021 3.6312138122641273
13029 4.982914687647849
13038 4.8012850649143815
13045 1.886521853894058
13058 8.00555473739322
13103 6.9985096422506015
13106 2.335070548138534
13202 3.6312138122641273
13208 1.3115342859107813
13289 3.4820285404456395
13312 2.955458374416051
13317 4.290459441148391
13369 7.814934377784571
13384 2.0568672196412967
13438 2.555858385760285
13451 3.4431615807611875
13479 3.7796338173824005
13547 1.6003469407328483
13553 -0.37046075994419203
13692 6.305362461690656
13693 3.666305132075397
13718 1.3425178314307487
13759 2.955458374416051
13767 5.309408440793835
13769 3.1273086313427103
13846 6.6192603762733295
13909 5.8998973535824915
13921 2.1782280766455644
13958 5.206750173022546
14104 10.261455669336396
14168 2.9041650800285006
14237 -4.18349008982496
14349 5.8998973535824915
14357 2.476721065201561
14381 0.457735330796197
14392 3.7796338173824005
14393 6.9985096422506015
14399 3.502002080784121
14421 5.8998973535824915
14431 2.06986059726431
14435 2.3933394562625097
14449 3.21432000833234
14463 1.67063347346102
14476 5.052599493195288
14490 3.3096301881366648
14521 3.666305132075397
14558 2.476721065201561
14580 6.9985096422506015
14610 22.216036657477634
14656 2.2811529755342836
14671 5.206750173022546
14679 7.559267634764801
14682 3.0863770537857995
14908 2.476721065201561
14968 6.9985096422506015
15121 1.5868635903955612
15129 2.8876357780772897
15155 0.6904112007410705
15187 1.994563336305142
15197 3.5327737394508745
15244 12.610724923381312
15259 1.3320829541381691
15288 16.0716000416617
15332 -23.2846759521843
15358 2.579669034454003
15363 5.11171677152057
15397 2.001297368486486
15418 8.493249276197798
15424 1.8111238364098463
15456 9.38192589402813
15468 4.619860900876966
15470 5.8998973535824915
15518 1.880515829833846
15541 6.9985096422506015
15551 2.3157359697544058
15592 2.87137525720551
15599 6.9985096422506015
15630 4.919068100570765
15668 17.699692060747473
15677 3.155949285956631
15771 0.023095714794649395
15779 6.305362461690656
15812 5.052599493195288
15814 2.262311193856106
