158
194 0.7699986386594181
365 3.414990703794491
401 3.1698682457615064
755 4.8012850649143815
800 2.434161450782765
974 5.8998973535824915
999 12.610724923381312
1256 6.305362461690656
1279 4.695924549256556
1379 0.5370414658968836
1404 1.3708885285599641
1687 4.827084327160058
1750 2.2137308608496604
1893 1.7567626271909589
1923 4.42203579893711
2334 0.7939518796819108
2338 6.9985096422506015
2538 1.422560539104285
2595 2.5211728277723946
2614 4.290459441148391
2674 1.0272478024601386
2757 3.2849375755462935
2778 6.9985096422506015
2862 7.34540277369589
2919 2.1944885975173447
2920 0.6795415285041667
2935 0.6320391945191633
3036 6.786933581568317
3054 4.513602992462601
3150 3.5327737394508745
3192 1.0095482253607377
3205 3.1273086313427103
3249 5.500028800402484
3449 0.9823524825522477
3578 0.6015799870344548
3827 3.2849375755462935
3840 1.2980660688599148
3982 2.153862445213571
4081 3.1066893441399746
4208 4.566138270957271
4258 3.3096301881366648
4302 1.8000126109847754
4429 4.05407066308416
4549 2.6418008155610093
4645 5.206750173022546
4668 3.3609234825242154
4750 0.6631056996427893
4765 1.4150133334689021
4794 3.6312138122641273
4838 1.4730567031188173
4876 2.2449194511442365
4976 2.288979440938267
5006 3.086486636822455
5039 8.207489295627859
5110 1.8452180477528222
5358 6.9985096422506015
5430 2.750014400201242
5488 4.05407066308416
5528 2.875656022470147
5809 2.363780654020965
5973 1.4770487243883548
6088 1.2146844599208637
6140 2.211017899468555
6228 1.2947271675944
6242 2.9041650800285006
6433 1.030804581586805
6447 1.2880826248757316
6583 0.8629447511688624
6751 2.5441623459970937
6816 6.775183459212753
6908 0.33537694625979814
6922 4.22592092001082
7068 2.434161450782765
7161 4.513602992462601
7497 1.4028006446333317
7569 2.0341908619922413
7731 4.002594736972972
7840 3.138328026592321
7904 2.211017899468555
7937 4.433560284789064
7942 4.165296298194385
8723 1.5262389685791264
8823 3.1066893441399746
8886 1.3081501879265407
8904 2.1863252868781835
9170 0.6116303228879563
9393 3.1829203115045246
9484 3.9539872045271784
9589 1.3115342859107813
9765 1.7835738846416156
9957 6.9985096422506015
10076 2.750014400201242
10326 0.5230769255465112
10329 -0.21009069570959765
10422 1.4175881426832082
10473 7.1126152686891055
10561 3.2006938814656967
10647 3.5327737394508745
10770 2.4876501357337513
10868 -0.9268053640592568
11102 0.6652300141109108
11334 1.994563336305142
11419 3.1273086313427103
11457 4.22592092001082
11491 7.498182651389369
11539 2.9381611094783557
11673 5.612215281130711
11692 43.21156558422943
11717 2.938066631704182
11769 1.6466515087745348
11809 4.165296298194385
11908 3.0693556744499824
11934 4.05407066308416
12022 0.8081923650016455
12047 7.208407902755317
12122 1.1963912668735384
12357 2.1701959049483
12383 1.2523064517104479
12400 2.9209721983448818
12447 2.8396265588909295
12558 4.8892655013001205
12646 4.05407066308416
12674 1.5779746429783155
12717 1.1998294154307871
12823 1.034930298632155
12978 2.383389125409342
13004 5.052599493195288
13087 9.83813620114153
13289 1.7410142702228197
13440 1.4770487243883548
13527 2.049749751872433
13547 1.6003469407328483
13553 -0.37046075994419203
13672 1.5262389685791264
13718 1.3425178314307487
13759 2.955458374416051
13922 1.8986432144264027
14104 1.710242611556066
14237 -4.88073843812912
14357 2.476721065201561
14381 0.6866029961942954
14461 3.740413104229119
14486 2.6164830075767194
14505 6.9985096422506015
14507 3.7020303308742966
14582 3.7026727762462723
14633 2.6547042203969173
15087 7.559267634764801
15259 1.3320829541381691
15332 -13.970805571310581
15341 0.7959741250626788
15348 4.20133968459938
15518 3.761031659667692
15672 2.1825636311769054
15683 5.8998973535824915
15697 3.7796338173824005
15702 2.8553749158590684
15771 0.023095714794649395
