25
194 0.7699986386594181
302 1.7153059135126125
2450 -1.832570687110832
3820 1.7890234894091803
4393 6.9985096422506015
4621 2.7218435232345457
4852 2.517433460142734
5029 3.2373095265570386
5528 1.4378280112350734
6235 1.2270685191205855
6583 0.8629447511688624
7104 -0.6634879166512921
7506 3.740413104229119
7840 1.5691640132961604
9170 0.6116303228879563
9817 1.3183370332335338
9983 3.1066893441399746
10329 -0.21009069570959765
13922 3.7972864288528054
14237 -0.6972483483041599
14309 1.5137127087599462
14435 2.3933394562625097
15155 0.6904112007410705
15424 1.8111238364098463
15518 1.880515829833846
