188
278 4.359452312635343
301 4.919068100570765
592 2.4446327506500602
1094 4.670141096277068
1098 5.612215281130711
1122 3.1698682457615064
1140 4.165296298194385
1232 6.305362461690656
1354 5.8998973535824915
1390 3.260840023967233
1466 5.206750173022546
1686 1.1549652252192415
1687 4.827084327160058
1692 2.1944885975173447
1750 3.320596291274491
1769 5.8998973535824915
1822 2.383389125409342
1839 2.093234863812172
1896 3.567147769283231
1929 2.1081605140288473
1957 1.8223599096767722
1986 2.4237986637472186
2064 1.5647876386963615
2103 2.4446327506500602
2167 13.33888150982135
2224 1.981229805435677
2356 2.681021528714291
2534 3.2373095265570386
2536 3.567147769283231
2603 3.3609234825242154
2959 2.3747372985478017
2964 0.900435360084361
2997 9.141797771007521
3374 1.9680717208581657
3380 2.3541187431092285
3407 2.085854756514549
3506 1.6411310564000017
3690 2.9945028634117485
3814 2.236335707452845
3840 1.2980660688599148
4021 1.5054481989100525
4053 -0.07476007520910928
4075 3.597312260588446
4291 4.108137884354437
4302 1.8000126109847754
4321 2.8553749158590684
4371 4.433560284789064
4405 2.6920409239639014
4416 1.3637200390813515
4432 7.480826208458238
4613 11.055089497342776
4616 3.7851283367000415
4625 3.6904360955056443
4627 4.359452312635343
4711 1.9296054400303697
4846 4.043551799660054
4852 1.258716730071367
4857 2.0712559570933964
4878 1.3672978604292356
4886 3.009525595686327
4964 0.563963123463148
5155 3.3096301881366648
5414 2.8876357780772897
5587 2.5326015235960173
5630 0.23830767558032406
5635 2.20271909665386
5874 5.159338068908006
6015 6.383694304960563
6043 1.5913378707904824
6447 2.576165249751463
6657 2.138697237888929
6754 1.2024518914852294
6776 1.942263836902293
6887 2.304141734385754
6898 2.162227735299123
6908 1.0061308387793944
7104 -1.3269758333025843
7118 9.38192589402813
7332 6.305362461690656
7482 1.8055527913603908
7569 2.0341908619922413
7700 3.7026727762462723
7838 2.1081605140288473
7846 2.7218435232345457
7935 2.335070548138534
8096 1.4533321977710387
8117 3.3349479961209547
8514 2.008077055471865
8523 6.530693721339903
8588 5.8998973535824915
8683 1.6803896484063847
8723 1.5262389685791264
8745 2.5441623459970937
8816 1.7255100836868542
8925 3.5327737394508745
8979 1.7890234894091803
9069 3.260840023967233
9151 1.258716730071367
9292 2.5441623459970937
9345 2.66777630196427
9354 7.640911623805311
9365 1.4972514317058743
9559 -1.081586270114661
9589 1.3115342859107813
9817 1.3183370332335338
9970 0.9675939027561428
10001 2.0640357091199095
10326 0.5230769255465112
10329 -0.4201813914191953
10422 0.7087940713416041
10911 3.6312138122641273
11027 1.2781978656431896
11106 2.021775899830027
11165 2.1863252868781835
11218 2.288084739171642
11296 2.764403137653342
11299 -2.6059138093296896
11304 1.2054960338664575
11305 2.0640357091199095
11308 2.5098732725184614
11344 3.1483620405405426
11526 1.6419233675785887
11570 1.1933746733341126
11784 3.47214911763444
11825 11.616660320114002
11887 3.3349479961209547
11932 4.919068100570765
11937 5.389071729816501
12034 0.9324015521468534
12060 1.5220460903190904
12070 2.87137525720551
12075 2.938066631704182
12093 1.6803896484063847
12257 5.612215281130711
12292 7.563518483317184
12377 1.3460204619819507
12404 7.425404480428095
12407 2.5055845146478797
12455 -0.2152586658680402
12513 3.740413104229119
12608 4.8012850649143815
12708 3.1916645207566434
12717 0.5999147077153936
12783 1.8986432144264027
12796 2.9209721983448818
12813 6.305362461690656
12837 3.4431615807611875
13147 4.290459441148391
13189 1.8745456628473423
13202 3.6312138122641273
13353 1.961557039836972
13384 2.0568672196412967
13553 -0.7409215198883841
13722 3.5327737394508745
13843 2.1782280766455644
13867 2.175425996420148
13891 0.6065925288579992
13916 3.1066893441399746
13944 3.9074671888922854
14208 1.1873686492739008
14237 -2.7889933932166397
14308 2.0640357091199095
14332 4.22592092001082
14381 0.2288676653980985
14431 1.034930298632155
14463 1.67063347346102
14588 2.0785287164224764
14590 5.501171004981262
14597 9.85481272663888
14618 4.22592092001082
14626 2.750014400201242
14687 5.052599493195288
14692 2.8396265588909295
14906 0.4013639403639497
15004 5.8998973535824915
15181 1.751485570090115
15192 2.978242611245248
15278 2.465910149097345
15292 2.211017899468555
15332 -9.313870380873722
15348 2.10066984229969
15373 5.700525259191826
15413 1.2781978656431896
15471 1.3881216796572402
15480 4.359452312635343
15515 3.666305132075397
15518 1.880515829833846
15828 3.2794433825880924
