147
5 4.513602992462601
174 1.6232312345664361
194 1.5399972773188362
611 5.612215281130711
787 4.071330023981388
838 5.612215281130711
2027 2.7938170228596353
2201 2.035665011990694
2221 6.056435457396959
2233 3.260840023967233
2255 4.8012850649143815
2296 4.290459441148391
2357 1.1873686492739008
2406 2.9209721983448818
2407 2.236335707452845
2930 5.206750173022546
3036 2.262311193856106
3143 4.438772298278144
3205 3.1273086313427103
3404 2.465910149097345
3449 1.9647049651044954
3498 2.87137525720551
3578 0.6015799870344548
3597 2.8876357780772897
3603 5.8998973535824915
3657 2.6164830075767194
4016 3.9074671888922854
4051 4.919068100570765
4071 6.9985096422506015
4081 3.1066893441399746
4230 2.0149030205422647
4608 1.4075226617397445
4750 0.33155284982139466
4968 4.8012850649143815
5029 9.711928579671117
5065 2.735829765209286
5083 1.5735596247691985
5122 2.7938170228596353
5272 7.194624521176892
5309 2.5326015235960173
5478 4.433560284789064
5489 4.359452312635343
5522 3.8630154263214513
5528 1.4378280112350734
5730 4.108137884354437
6026 2.66777630196427
6088 2.4293689198417274
6140 2.211017899468555
6235 4.908274076482342
6328 3.8630154263214513
6411 2.434161450782765
6548 2.0785287164224764
6577 4.05407066308416
6628 3.1918471524802814
6640 3.7026727762462723
6699 4.165296298194385
6816 3.3875917296063767
6835 5.206750173022546
7010 6.305362461690656
7019 2.130975191795019
7028 2.764403137653342
7170 1.6186122887101415
7306 2.4876501357337513
7316 3.1273086313427103
7497 0.7014003223166658
7506 3.740413104229119
7534 3.7283022859910666
7578 0.5215372793609184
7638 3.7026727762462723
7724 3.597312260588446
7840 3.138328026592321
8220 5.8998973535824915
8262 2.0712559570933964
8439 0.4690908039883759
8578 3.1066893441399746
8741 3.086486636822455
8880 1.67063347346102
8977 2.6290617897835795
9061 3.6312138122641273
9531 1.67063347346102
9554 1.271661894663404
9711 1.8686109273275278
9817 1.3183370332335338
10001 4.128071418239819
10393 1.9746291214043248
10629 3.7026727762462723
10734 2.735829765209286
10868 -0.18536107281185138
10886 2.87137525720551
10967 3.6312138122641273
10973 2.7938170228596353
10990 3.597312260588446
11023 1.2880826248757316
11210 3.21432000833234
11379 2.0426825846493406
11534 4.359452312635343
11539 1.4690805547391779
11735 6.9985096422506015
11959 6.73475835343271
12047 2.883363161102127
12122 1.1963912668735384
12241 5.159338068908006
12303 7.332610264150794
12357 2.1701959049483
12394 6.9985096422506015
12455 -0.6457759976041206
12525 5.612215281130711
12558 4.8892655013001205
12610 2.4237986637472186
12674 3.155949285956631
12759 4.22592092001082
12853 1.152070867192877
12857 6.9985096422506015
12929 3.7026727762462723
13029 1.6609715625492831
13130 3.9539872045271784
13344 5.612215281130711
13479 3.7796338173824005
13506 5.052599493195288
13527 2.049749751872433
13680 2.2449194511442365
13681 2.498699971920336
13761 2.6040604875781623
13890 2.681021528714291
14029 4.600614369452231
14047 4.919068100570765
14089 5.612215281130711
14104 1.710242611556066
14148 4.359452312635343
14237 -1.3944966966083199
14267 -0.7647387866270302
14392 3.7796338173824005
14416 1.5479024259504828
14455 4.911652429623528
14507 1.8510151654371483
14830 2.7790019370744945
15039 4.513602992462601
15224 2.9041650800285006
15370 4.290459441148391
15424 1.8111238364098463
15578 1.7945029551738059
15612 4.165296298194385
15648 2.5676928434072877
15655 3.9539872045271784
15677 3.155949285956631
15771 0.023095714794649395
15861 3.597312260588446
