35
194 1.5399972773188362
302 1.7153059135126125
657 2.0640357091199095
2334 0.7939518796819108
2357 1.1873686492739008
2940 1.6278716141229383
3329 1.981229805435677
3449 0.9823524825522477
3461 3.3609234825242154
4021 1.5054481989100525
4319 2.049749751872433
4852 1.258716730071367
4862 3.047265923669174
5528 1.4378280112350734
5993 0.8521803845817039
6122 3.502002080784121
6583 0.8629447511688624
7840 1.5691640132961604
7906 1.4339892349279078
9061 3.6312138122641273
10329 -0.21009069570959765
11491 1.8745456628473423
12047 1.4416815805510634
12357 2.1701959049483
12664 4.22592092001082
13527 2.049749751872433
13922 3.7972864288528054
14435 2.3933394562625097
14558 2.476721065201561
15363 2.555858385760285
15468 1.1549652252192415
15518 1.880515829833846
15677 1.5779746429783155
15694 2.938066631704182
15717 5.8998973535824915
