189
486 2.70805020110221
927 2.0785287164224764
1013 2.6547042203969173
1838 3.414990703794491
1864 3.047265923669174
1893 1.7567626271909589
1925 4.00277736869661
1928 4.9753002714675025
2060 6.296724081081085
2421 1.5431885268928998
2450 -6.719425852739717
2478 10.778143459633002
2484 2.629859749823839
2485 5.8998973535824915
2638 2.130975191795019
2640 2.735829765209286
2708 4.05407066308416
2919 2.1944885975173447
3070 5.389071729816501
3090 3.047265923669174
3242 5.052599493195288
3356 4.513602992462601
3357 6.9985096422506015
3449 10.805877308074725
3450 5.389071729816501
3454 3.47214911763444
3657 2.6164830075767194
3661 4.165296298194385
3721 9.027205984925201
3974 3.3875917296063767
3982 1.0769312226067855
4021 1.5054481989100525
4070 1.1068654304248302
4075 3.597312260588446
4132 18.783698197026222
4167 4.142511914186793
4230 4.029806041084529
4236 6.305362461690656
4298 5.808330160057001
4385 25.018469050741682
4405 1.3460204619819507
4416 1.3637200390813515
4765 1.4150133334689021
5043 7.004004161568242
5065 2.735829765209286
5067 2.2278250177849364
5110 1.8452180477528222
5119 2.3933394562625097
5181 2.288979440938267
5257 10.778143459633002
5465 3.3349479961209547
5484 0.9464204733261844
5517 1.6232312345664361
5528 5.751312044940294
5537 3.597312260588446
5590 1.4533321977710387
5736 5.617709800448351
5758 3.666305132075397
5802 6.296724081081085
5848 4.108137884354437
5899 4.695924549256556
5984 4.919068100570765
6026 2.66777630196427
6089 3.8630154263214513
6128 3.5327737394508745
6169 2.4033897921160112
6236 2.9209721983448818
6583 0.8629447511688624
6657 4.277394475777858
6819 1.7153059135126125
7104 -0.6634879166512921
7171 6.9985096422506015
7197 5.191954449561819
7534 4.971069714654756
7535 9.83813620114153
7578 0.5215372793609184
7614 2.5676928434072877
7734 3.3096301881366648
7781 2.6040604875781623
7813 1.0145733615634107
7828 4.05407066308416
7840 1.5691640132961604
7932 1.8745456628473423
7991 1.3149298749119196
8242 2.035665011990694
8262 4.142511914186793
8263 6.829981407588982
8440 4.00277736869661
8444 1.7890234894091803
8569 3.7026727762462723
8593 4.165296298194385
8643 2.001297368486486
8708 1.4810567457858934
8745 2.5441623459970937
8780 4.22592092001082
8788 4.292958756661968
8880 1.67063347346102
8904 4.372650573756367
8979 5.367070468227541
9110 2.035665011990694
9177 4.359452312635343
9605 5.206750173022546
9786 6.296724081081085
9983 3.1066893441399746
10089 5.612215281130711
10597 6.9985096422506015
10659 3.4431615807611875
10749 1.1754637467675824
10754 3.1698682457615064
10868 -0.5560832184355542
11023 3.8642478746271944
11132 3.7796338173824005
11168 2.556395731286379
11210 3.21432000833234
11237 17.699692060747473
11296 2.764403137653342
11317 3.0666840095262753
11320 2.764403137653342
11353 2.8088549002241754
11375 8.043064586142872
11386 2.1157077196642304
11398 9.02857678705898
11431 20.827000692090184
11524 1.5178707189086098
11539 1.4690805547391779
11547 5.052599493195288
11570 1.1933746733341126
11580 2.5441623459970937
11712 4.600614369452231
11739 4.600614369452231
11785 1.9680717208581657
11804 7.559267634764801
11835 4.8012850649143815
11841 2.8396265588909295
11908 3.0693556744499824
11934 4.05407066308416
11945 1.9550845253313545
11959 2.2449194511442365
12078 1.3637200390813515
12218 2.6547042203969173
12364 6.9985096422506015
12397 4.433560284789064
12435 3.8204558119026557
12455 -0.4305173317360804
12682 9.201228738904462
12820 3.3349479961209547
13053 9.391849098513111
13075 11.861961613581535
13076 6.9985096422506015
13077 3.047265923669174
13108 2.2800107709555064
13209 3.6312138122641273
13338 5.042345655544789
13527 2.049749751872433
13596 14.008008323136483
13722 3.5327737394508745
13729 6.9985096422506015
13741 5.8998973535824915
13760 3.7796338173824005
13786 6.9985096422506015
13825 2.7218435232345457
13887 4.433560284789064
13930 1.3601549729168554
14044 1.4611753752320646
14102 4.600614369452231
14113 10.413500346045092
14115 8.919473854546355
14174 1.7945029551738059
14237 -2.09174504491248
14242 2.5326015235960173
14267 -0.3823693933135151
14381 0.457735330796197
14422 6.369936957148348
14498 3.0282177286984795
14529 2.8088549002241754
14545 5.052599493195288
14875 5.612215281130711
14908 4.953442130403122
15155 2.0712336022232116
15218 12.610724923381312
15259 1.3320829541381691
15332 -4.656935190436861
15363 2.555858385760285
15413 2.556395731286379
15435 2.750014400201242
15518 1.880515829833846
15672 2.1825636311769054
15678 5.612215281130711
15771 0.023095714794649395
