246
194 1.5399972773188362
254 2.498699971920336
596 4.695924549256556
695 2.9911764570181303
730 6.894087829374555
787 2.035665011990694
815 6.305362461690656
1893 1.7567626271909589
1928 2.4876501357337513
1938 2.66777630196427
2003 6.9985096422506015
2064 1.5647876386963615
2077 3.3875917296063767
2089 11.799794707164983
2240 1.65617539028579
2271 0.34178311807220957
2334 3.1758075187276433
2424 2.219386149139072
2450 -6.719425852739717
2484 1.3149298749119196
2595 2.5211728277723946
2597 2.1157077196642304
2622 23.47962274628278
2639 2.6040604875781623
2920 2.0386245855125003
2940 1.6278716141229383
2977 3.47214911763444
3117 6.474619053114077
3220 5.052599493195288
3259 3.1918471524802814
3337 6.9985096422506015
3407 2.085854756514549
3489 1.942263836902293
3657 2.6164830075767194
3700 1.2947271675944
3704 3.8630154263214513
3814 2.236335707452845
3901 2.363780654020965
3982 1.0769312226067855
4005 6.9985096422506015
4070 1.1068654304248302
4081 3.1066893441399746
4156 3.086486636822455
4172 10.244972111383474
4230 2.0149030205422647
4391 3.260840023967233
4405 1.3460204619819507
4412 6.17297327364491
4504 3.6312138122641273
4522 0.5207142953092883
4528 4.919068100570765
4536 2.70805020110221
4612 4.05407066308416
4636 2.955458374416051
4750 0.33155284982139466
4852 1.258716730071367
4934 7.405345552492545
4938 3.4431615807611875
5011 12.610724923381312
5065 2.735829765209286
5073 4.290459441148391
5140 6.9985096422506015
5181 4.577958881876534
5326 9.445086121621628
5331 3.2373095265570386
5339 2.356853423796479
5528 4.313484033705221
5590 4.359996593313117
5647 4.513602992462601
5782 4.919068100570765
5809 2.363780654020965
5839 5.159338068908006
5895 2.4033897921160112
5898 11.722401566676856
5900 5.710749831718137
5999 2.5098732725184614
6088 1.2146844599208637
6117 4.600614369452231
6151 1.4075226617397445
6155 4.359452312635343
6156 3.6000252219695508
6411 4.86832290156553
6490 3.9539872045271784
6548 2.0785287164224764
6583 0.8629447511688624
6586 2.288979440938267
6614 3.009525595686327
6633 2.8088549002241754
6690 4.600614369452231
6721 2.383389125409342
6754 1.2024518914852294
6779 4.8012850649143815
6819 1.7153059135126125
6853 3.260840023967233
6908 0.33537694625979814
6998 9.602570129828763
7025 4.038192901442951
7068 9.73664580313106
7104 -2.6539516666051686
7197 1.730651483187273
7312 2.3163784151263815
7316 3.1273086313427103
7353 5.612215281130711
7443 21.79726156317671
7462 1.942263836902293
7497 0.7014003223166658
7505 7.480826208458238
7521 5.389071729816501
7633 1.8745456628473423
7731 2.001297368486486
7812 5.612215281130711
7813 1.0145733615634107
7840 1.5691640132961604
7842 11.86768414483165
7843 6.9985096422506015
7991 1.3149298749119196
8043 1.730651483187273
8279 11.224430562261421
8431 9.391849098513111
8444 3.5780469788183606
8457 4.600614369452231
8471 2.7938170228596353
8643 2.001297368486486
8710 0.551203779709388
8880 1.67063347346102
8885 12.610724923381312
8904 2.1863252868781835
8942 4.919068100570765
8977 7.887185369350739
8978 3.2280291589230243
8993 2.973157951515452
9170 0.6116303228879563
9342 6.305362461690656
9357 4.00277736869661
9393 1.060973437168175
9537 0.6546292081242703
9554 1.271661894663404
9588 4.359452312635343
9602 2.2800107709555064
9675 4.108137884354437
9698 1.9878743481543455
9711 3.7372218546550555
9791 2.344549292093078
9811 7.814934377784571
9817 1.3183370332335338
9942 6.9985096422506015
9951 6.305362461690656
9970 0.9675939027561428
10008 2.0568672196412967
10058 2.6040604875781623
10114 1.3014161557451966
10221 2.434161450782765
10325 1.8925641683500207
10487 1.981229805435677
10647 3.5327737394508745
10734 5.471659530418572
10749 5.877318733837912
10785 16.01110947478644
10868 -2.0389718009303652
10979 3.1066893441399746
11041 3.47214911763444
11210 3.21432000833234
11235 7.480826208458238
11243 11.589046278964354
11270 4.05407066308416
11406 2.6418008155610093
11416 2.1782280766455644
11461 8.585917513323936
11524 1.5178707189086098
11539 1.4690805547391779
11580 2.5441623459970937
11671 2.2535775138873513
11676 11.224430562261421
11736 6.9985096422506015
11771 4.8012850649143815
11785 5.904215162574497
11790 2.2449194511442365
11850 2.455214859980597
11943 2.455214859980597
11959 6.73475835343271
11961 3.3096301881366648
12022 0.8081923650016455
12028 2.591790394986348
12075 2.938066631704182
12216 2.87137525720551
12223 12.610724923381312
12357 6.5105877148449
12383 1.2523064517104479
12455 -0.4305173317360804
12595 2.344549292093078
12712 11.799794707164983
12781 2.498699971920336
12785 2.8088549002241754
12826 1.2619373447714093
12832 3.3096301881366648
12853 1.152070867192877
12896 3.2373095265570386
12904 3.4431615807611875
12921 3.740413104229119
12929 11.108018328738817
12960 3.1918471524802814
12982 11.224430562261421
13001 1.4730567031188173
13041 4.513602992462601
13149 4.00277736869661
13314 4.0573926853492015
13316 3.047265923669174
13350 5.8998973535824915
13357 3.3875917296063767
13384 2.0568672196412967
13390 2.236335707452845
13505 3.0666840095262753
13508 1.7255100836868542
13547 1.6003469407328483
13553 -1.111382279832576
13750 2.162227735299123
13890 2.681021528714291
13891 0.6065925288579992
13946 5.612215281130711
14148 21.79726156317671
14151 4.359452312635343
14237 -4.18349008982496
14267 -4.206063326448666
14309 4.541138126279838
14376 6.9985096422506015
14381 0.2288676653980985
14422 2.1233123190494494
14435 2.3933394562625097
14523 2.8553749158590684
14581 4.8012850649143815
14692 2.8396265588909295
14906 0.8027278807278994
15105 12.610724923381312
15155 1.380822401482141
15187 7.978253345220568
15283 2.236335707452845
15302 6.721846965048431
15332 -1.5523117301456202
15471 1.3881216796572402
15472 5.471659530418572
15650 2.130975191795019
15672 0.7275212103923018
15685 1.7432809162728324
15702 2.8553749158590684
15769 3.3349479961209547
15814 2.262311193856106
