60
194 0.7699986386594181
607 2.5211728277723946
619 3.666305132075397
2674 1.0272478024601386
3862 3.0666840095262753
4319 2.049749751872433
4405 2.6920409239639014
4438 3.47214911763444
4608 1.4075226617397445
4852 2.517433460142734
4914 1.4339892349279078
5272 3.597312260588446
5528 1.4378280112350734
5590 1.4533321977710387
5779 3.21432000833234
6176 5.206750173022546
6235 1.2270685191205855
6411 2.434161450782765
6776 1.942263836902293
7068 2.434161450782765
7164 4.290459441148391
7506 3.740413104229119
7534 1.242767428663689
7591 2.0426825846493406
7633 3.7490913256946845
7637 4.600614369452231
7840 1.5691640132961604
7906 1.4339892349279078
7991 1.3149298749119196
8167 3.6312138122641273
8578 3.1066893441399746
8736 1.1933746733341126
8964 4.600614369452231
9276 2.6944445490464313
9589 1.3115342859107813
10393 1.9746291214043248
10437 1.3672978604292356
11210 3.21432000833234
11379 2.0426825846493406
11446 3.597312260588446
11539 1.4690805547391779
11739 4.600614369452231
11769 1.6466515087745348
11959 2.2449194511442365
12022 0.40409618250082274
12047 1.4416815805510634
12078 1.3637200390813515
12210 3.1698682457615064
12357 2.1701959049483
12455 -0.2152586658680402
12717 0.5999147077153936
13553 -0.37046075994419203
13613 1.8111238364098463
13890 2.681021528714291
13922 1.8986432144264027
14309 3.0274254175198925
14435 4.786678912525019
15302 3.3609234825242154
15332 -1.5523117301456202
15471 0.6940608398286201
