254
269 26.03375086511273
279 2.6418008155610093
389 1.6419233675785887
480 4.359452312635343
488 3.6312138122641273
500 2.1701959049483
502 2.5676928434072877
616 6.9985096422506015
1060 0.06216690641655154
1686 2.309930450438483
1825 5.8998973535824915
1884 1.9486536350010641
1902 2.0149030205422647
1917 5.8998973535824915
1922 5.085614202574576
1923 4.42203579893711
1929 2.1081605140288473
1945 5.052599493195288
1957 1.8223599096767722
1968 4.165296298194385
2019 4.689098584186156
2036 1.9486536350010641
2038 1.880515829833846
2068 3.3609234825242154
2070 1.4730567031188173
2103 2.4446327506500602
2126 6.9985096422506015
2191 3.086486636822455
2224 1.981229805435677
2262 6.305362461690656
2283 6.9985096422506015
2334 1.5879037593638217
2369 4.108137884354437
2422 4.919068100570765
2442 2.7938170228596353
2450 -1.832570687110832
2595 2.5211728277723946
2631 0.6387659917280152
2638 2.130975191795019
2645 5.183580789972696
2674 1.0272478024601386
2820 2.4446327506500602
2852 6.9985096422506015
2879 6.9985096422506015
2998 4.8012850649143815
3057 2.236335707452845
3068 4.038061385945852
3215 4.129865958337721
3374 3.9361434417163315
3379 3.1918471524802814
3388 4.695924549256556
3407 6.257564269543647
3419 4.22592092001082
3506 1.6411310564000017
3700 2.5894543351888
3840 3.8941982065797447
3974 3.3875917296063767
3990 2.6290617897835795
4053 -0.07476007520910928
4070 1.1068654304248302
4080 5.052599493195288
4155 4.00277736869661
4158 0.030600440448717042
4198 3.7796338173824005
4251 5.389071729816501
4325 3.21432000833234
4375 3.5645224377654547
4405 2.6920409239639014
4425 1.249116656342348
4437 2.4033897921160112
4519 4.433560284789064
4522 0.2603571476546441
4542 5.052599493195288
4608 1.4075226617397445
4616 11.355385010100125
4657 4.165296298194385
4680 6.9985096422506015
4840 2.938066631704182
4846 2.021775899830027
4847 5.206750173022546
4857 2.0712559570933964
4906 3.9074671888922854
4912 1.9296054400303697
4970 1.9746291214043248
4989 2.6710983242293107
5006 3.086486636822455
5040 1.4378280112350734
5049 4.359452312635343
5055 4.455650035569873
5072 6.9985096422506015
5119 2.3933394562625097
5197 6.9985096422506015
5539 3.430611827025225
5651 4.600614369452231
5680 3.182675741580965
5736 2.8088549002241754
5826 4.919068100570765
5905 3.567147769283231
5983 1.9878743481543455
6043 1.5913378707904824
6064 2.138697237888929
6088 2.4293689198417274
6195 6.9985096422506015
6351 8.426564700672525
6433 1.5462068723802074
6449 3.9074671888922854
6576 3.666305132075397
6609 3.1918471524802814
6666 6.9985096422506015
6754 2.4049037829704587
6908 0.6707538925195963
7019 2.130975191795019
7065 2.6040604875781623
7104 -1.9904637499538764
7170 1.6186122887101415
7514 6.9985096422506015
7544 5.206750173022546
7703 4.8012850649143815
7759 4.359452312635343
7768 3.3096301881366648
7854 3.3609234825242154
7965 5.659565561682174
7971 3.414990703794491
7991 1.3149298749119196
8032 1.5324768712979722
8043 1.730651483187273
8078 1.9359146092236343
8098 6.9985096422506015
8301 2.413542163580029
8337 13.685591677319481
8423 5.8998973535824915
8439 0.9381816079767518
8582 2.7562175530669024
8583 6.9985096422506015
8683 6.721558593625539
8710 0.551203779709388
8736 1.1933746733341126
8804 29.51440860342459
8805 28.80771038948629
8816 1.7255100836868542
8822 2.2800107709555064
8840 6.339736491523013
8856 2.3163784151263815
8880 1.67063347346102
8910 6.305362461690656
8953 5.612215281130711
9106 1.0850066366123312
9110 2.035665011990694
9280 3.502002080784121
9292 2.5441623459970937
9368 22.448861124522843
9384 4.006647486343966
9534 2.750014400201242
9537 2.618516832497081
9640 2.8088549002241754
9667 3.7796338173824005
9672 6.9985096422506015
9688 6.9985096422506015
9758 6.305362461690656
9840 5.8998973535824915
9842 9.201228738904462
9876 2.6944445490464313
9970 0.9675939027561428
9990 0.5671785603171224
10056 4.359452312635343
10307 2.5676928434072877
10329 -1.260544174257586
10431 0.7218661529089567
10456 2.8553749158590684
10473 3.5563076343445528
10487 1.981229805435677
10503 2.413542163580029
10532 2.9209721983448818
10661 3.3349479961209547
10689 24.595340502853826
10748 3.5327737394508745
10773 5.389071729816501
10868 -0.18536107281185138
10898 4.8012850649143815
11110 0.8102455191680114
11168 1.2781978656431896
11225 6.305362461690656
11299 -2.6059138093296896
11386 2.1157077196642304
11443 3.260840023967233
11460 4.513602992462601
11503 2.8876357780772897
11521 6.9985096422506015
11570 2.3867493466682252
11780 4.8012850649143815
11781 2.591790394986348
11836 2.37353682896633
11950 4.433560284789064
11958 5.8998973535824915
11969 0.7582337970798316
12028 2.591790394986348
12075 5.876133263408364
12078 6.818600195406757
12093 3.3607792968127694
12140 4.108137884354437
12250 2.498699971920336
12254 2.335070548138534
12305 4.433560284789064
12377 1.3460204619819507
12460 0.7332084295128914
12508 4.524622387712212
12629 3.3096301881366648
12631 5.389071729816501
12633 6.9985096422506015
12717 1.1998294154307871
12783 3.7972864288528054
12785 2.8088549002241754
12790 3.0191438321878294
12828 3.597312260588446
13001 1.4730567031188173
13311 5.206750173022546
13432 3.7796338173824005
13445 6.305362461690656
13530 7.907974409054357
13553 -1.8523037997209602
13564 6.9985096422506015
13728 5.389071729816501
13734 5.8267915107068795
13825 2.7218435232345457
13883 5.612215281130711
13930 1.3601549729168554
13933 3.7796338173824005
14008 2.001297368486486
14195 12.447076720205935
14196 1.6746046411110493
14237 -1.3944966966083199
14313 1.6466515087745348
14381 0.2288676653980985
14590 12.83606567828961
14616 6.9985096422506015
14805 4.22592092001082
14824 4.359452312635343
14906 2.0068197018197482
14918 3.5327737394508745
14953 6.9985096422506015
15057 1.152070867192877
15153 15.741810202702712
15176 6.9985096422506015
15187 1.994563336305142
15209 5.159338068908006
15212 3.7796338173824005
15332 -7.761558650728101
15413 1.2781978656431896
15453 2.236335707452845
15468 5.774826126096207
15469 6.305362461690656
15479 4.433560284789064
15587 1.2947271675944
15805 2.008077055471865
