170
115 6.9985096422506015
289 3.086486636822455
330 6.9985096422506015
532 3.4431615807611875
585 5.8998973535824915
586 6.9985096422506015
621 6.9985096422506015
879 3.666305132075397
1060 0.12433381283310307
1246 6.9985096422506015
1342 5.8998973535824915
1633 6.9985096422506015
1692 2.1944885975173447
1750 1.1068654304248302
2042 3.7796338173824005
2101 6.9985096422506015
2450 -2.4434275828144427
2513 1.8280256472124494
2575 4.22592092001082
2630 4.22592092001082
2631 0.21292199724267172
2640 2.735829765209286
2659 3.4431615807611875
2668 3.502002080784121
2714 5.612215281130711
2924 2.0286963426746007
2935 0.6320391945191633
2940 1.6278716141229383
2943 3.4431615807611875
2966 5.612215281130711
3169 6.9985096422506015
3275 3.666305132075397
3379 3.1918471524802814
3609 4.290459441148391
3632 3.47214911763444
3642 3.47214911763444
3814 2.236335707452845
3902 4.8012850649143815
3906 5.946315903030904
3922 6.9985096422506015
4116 4.695924549256556
4156 3.086486636822455
4199 3.8630154263214513
4222 2.3256808077886952
4309 2.681021528714291
4352 5.8998973535824915
4366 1.9878743481543455
4382 5.206750173022546
4438 3.47214911763444
4608 1.4075226617397445
4625 1.8452180477528222
4909 1.4690805547391779
5006 3.086486636822455
5070 8.216275768708874
5168 5.612215281130711
5181 4.577958881876534
5271 5.612215281130711
5278 3.9074671888922854
5484 0.9464204733261844
5687 2.0785287164224764
5810 4.513602992462601
5959 34.7214911763444
5993 0.8521803845817039
6158 4.910429719961194
6433 1.5462068723802074
6468 3.1483620405405426
6922 4.22592092001082
7104 -1.3269758333025843
7181 3.260840023967233
7264 3.597312260588446
7339 3.5327737394508745
7345 6.9985096422506015
7416 4.919068100570765
7621 12.610724923381312
7701 3.6312138122641273
7764 3.4104096350522175
7808 2.8396265588909295
7813 1.0145733615634107
7857 4.8012850649143815
8043 1.730651483187273
8168 13.822403849830273
8179 6.9985096422506015
8263 3.414990703794491
8439 0.4690908039883759
8506 16.01110947478644
8556 1.8223599096767722
8757 22.448861124522843
8776 6.305362461690656
8840 3.1698682457615064
8883 6.9985096422506015
9010 2.9209721983448818
9227 4.165296298194385
9531 1.67063347346102
9537 0.6546292081242703
9709 2.164615159286332
9742 6.9985096422506015
9986 2.0568672196412967
9990 4.5374284825369795
10008 2.0568672196412967
10200 4.695924549256556
10250 5.8419443966897635
10287 3.009525595686327
10329 -0.4201813914191953
10437 1.3672978604292356
10646 15.815948818108714
10749 1.1754637467675824
10753 2.7790019370744945
10868 -0.37072214562370276
10909 2.7790019370744945
11023 1.2880826248757316
11032 1.087712998210074
11299 -0.5211827618659379
11418 3.597312260588446
11526 1.6419233675785887
11769 3.2933030175490696
11785 1.9680717208581657
11881 2.70805020110221
11908 3.0693556744499824
11994 5.389071729816501
12047 14.416815805510634
12289 5.8998973535824915
12292 2.5211728277723946
12348 6.9985096422506015
12404 2.970161792171238
12407 1.67038967643192
12527 3.086486636822455
12660 2.035665011990694
12747 10.778143459633002
12781 4.997399943840672
12882 20.827000692090184
12883 6.9985096422506015
12946 1.1865623684395195
13080 0.8123010183501074
13084 29.51440860342459
13104 3.2373095265570386
13197 3.2849375755462935
13333 3.666305132075397
13354 9.140128236062248
13390 2.236335707452845
13443 3.502002080784121
13494 3.21432000833234
13553 -0.7409215198883841
13710 3.6312138122641273
13795 21.544937793490192
13846 3.3096301881366648
13862 3.7796338173824005
13891 0.6065925288579992
14198 3.047265923669174
14267 -0.3823693933135151
14381 0.2288676653980985
14422 4.246624638098899
14431 1.034930298632155
14544 3.666305132075397
14546 2.8876357780772897
14728 3.740413104229119
14830 2.7790019370744945
14840 11.221239312687356
14906 0.8027278807278994
15057 1.152070867192877
15121 1.5868635903955612
15129 5.775271556154579
15146 4.290459441148391
15278 2.465910149097345
15332 -3.1046234602912404
15373 1.628721502626236
15424 7.244495345639385
15471 0.6940608398286201
15672 1.4550424207846036
15685 1.7432809162728324
15771 0.04619142958929879
