151
3 3.0666840095262753
20 5.8998973535824915
45 4.8012850649143815
59 4.433560284789064
174 6.492924938265745
194 0.7699986386594181
241 1.6902419448493964
356 2.591790394986348
801 5.389071729816501
2064 1.5647876386963615
2519 3.3804838896987928
2674 1.0272478024601386
2705 1.6657908489852322
2716 6.9985096422506015
2874 3.047265923669174
2959 2.3747372985478017
2964 0.900435360084361
3052 3.2373095265570386
3062 2.8396265588909295
3215 0.589980851191103
3318 5.612215281130711
3369 6.9985096422506015
3723 4.22592092001082
3961 2.6290617897835795
4070 1.1068654304248302
4225 4.600614369452231
4230 2.0149030205422647
4298 2.9041650800285006
4522 0.2603571476546441
4619 3.2849375755462935
4750 0.33155284982139466
4765 1.4150133334689021
4866 2.5211728277723946
4963 2.3933394562625097
4964 0.563963123463148
5009 6.9985096422506015
5039 2.735829765209286
5065 2.735829765209286
5339 1.1784267118982394
5388 3.47214911763444
5401 6.9985096422506015
5517 1.6232312345664361
5522 3.8630154263214513
5540 3.1698682457615064
5554 4.216321028057695
5556 4.433560284789064
5722 3.3609234825242154
5812 3.1698682457615064
5872 2.5441623459970937
5895 2.4033897921160112
5901 4.910429719961194
6057 3.8204558119026557
6088 1.2146844599208637
6169 2.4033897921160112
6223 2.8088549002241754
6302 4.165296298194385
6447 1.2880826248757316
6467 2.2535775138873513
6577 8.10814132616832
6657 2.138697237888929
6660 2.7938170228596353
6715 6.305362461690656
6754 1.2024518914852294
6908 0.33537694625979814
6995 6.305362461690656
7312 2.3163784151263815
7523 6.9985096422506015
7534 2.485534857327378
7569 1.0170954309961207
7633 1.8745456628473423
7770 4.165296298194385
7781 5.208120975156325
8230 4.74707365793266
8242 4.071330023981388
8523 2.176897907113301
8710 0.551203779709388
8816 3.4510201673737084
8822 4.560021541911013
8850 1.7153059135126125
8886 1.3081501879265407
8979 1.7890234894091803
9006 4.108137884354437
9057 8.10814132616832
9106 1.0850066366123312
9365 1.4972514317058743
9554 2.543323789326808
9559 -0.16639788770994784
9589 1.3115342859107813
9733 1.0850066366123312
9970 0.4837969513780714
9979 2.3933394562625097
10001 4.128071418239819
10070 6.305362461690656
10209 4.290459441148391
10276 4.8012850649143815
10455 4.513602992462601
10522 2.9911764570181303
10549 6.9985096422506015
11057 2.555858385760285
11059 5.052599493195288
11110 0.8102455191680114
11140 2.15432255579201
11218 0.5720211847929105
11299 -0.5211827618659379
11380 6.305362461690656
11576 3.3096301881366648
11580 2.5441623459970937
11781 2.591790394986348
11804 3.7796338173824005
12081 2.363780654020965
12145 3.1918471524802814
12375 3.260840023967233
12377 1.3460204619819507
12455 -0.8610346634721608
12474 4.919068100570765
12491 4.22592092001082
12508 4.524622387712212
12801 3.8218266140364343
12803 1.3637200390813515
12979 5.612215281130711
13189 1.8745456628473423
13547 1.6003469407328483
13651 5.389071729816501
13680 2.2449194511442365
13825 2.7218435232345457
13834 4.00277736869661
13867 1.087712998210074
14008 2.001297368486486
14064 3.7026727762462723
14085 3.1698682457615064
14153 4.9753002714675025
14267 -0.7647387866270302
14352 0.9464204733261844
14381 0.2288676653980985
14416 2.3218536389257243
14447 3.1483620405405426
14463 1.67063347346102
14547 3.740413104229119
14682 1.5431885268928998
14859 5.8998973535824915
15020 3.086486636822455
15121 1.5868635903955612
15155 0.6904112007410705
15292 2.211017899468555
15306 0.7199882180847567
15348 2.10066984229969
15373 0.814360751313118
15488 5.8998973535824915
15677 1.5779746429783155
15771 0.04619142958929879
15828 2.1862955883920616
