122
174 1.6232312345664361
1019 5.8998973535824915
1822 4.766778250818684
1902 4.029806041084529
2334 1.5879037593638217
2407 2.236335707452845
2450 -1.2217137914072214
2597 2.1157077196642304
2631 0.42584399448534344
2924 2.0286963426746007
2959 2.3747372985478017
3189 7.1290448755309095
3265 3.414990703794491
3449 0.9823524825522477
3498 2.87137525720551
3970 4.05407066308416
4222 2.3256808077886952
4416 1.3637200390813515
4481 2.146479378330984
4522 0.5207142953092883
4613 11.055089497342776
4616 3.7851283367000415
4627 4.359452312635343
4631 3.9539872045271784
4750 0.33155284982139466
5318 3.1066893441399746
5339 2.356853423796479
5409 3.502002080784121
5554 2.1081605140288473
5555 2.4033897921160112
5630 0.11915383779016203
5874 2.579669034454003
5966 3.4431615807611875
6015 3.1918471524802814
6151 1.4075226617397445
6242 2.9041650800285006
6335 2.476721065201561
6433 0.5154022907934025
6447 1.2880826248757316
6539 2.434161450782765
6567 2.579669034454003
6586 2.288979440938267
6908 0.6707538925195963
6957 5.052599493195288
7104 -1.3269758333025843
7118 6.254617262685421
8301 4.827084327160058
8439 0.4690908039883759
8514 2.008077055471865
8523 0.7256326357044336
8710 0.551203779709388
8723 1.5262389685791264
8816 1.7255100836868542
8822 2.2800107709555064
8928 1.3355491621146554
8978 1.6140145794615122
9061 3.6312138122641273
9151 1.258716730071367
9170 0.6116303228879563
9234 4.22592092001082
9353 2.476721065201561
9559 -0.8319894385497393
9589 1.3115342859107813
9674 3.6312138122641273
9970 0.4837969513780714
10196 2.5211728277723946
10326 0.5230769255465112
10447 0.6099482367049713
10477 4.05407066308416
10561 1.6003469407328483
10742 3.5780469788183606
11023 1.2880826248757316
11218 2.288084739171642
11299 -0.5211827618659379
11308 2.5098732725184614
11450 2.262311193856106
11570 1.1933746733341126
11582 4.359452312635343
11900 2.049749751872433
11969 1.5164675941596633
12022 0.40409618250082274
12122 1.1963912668735384
12145 3.1918471524802814
12404 1.485080896085619
12508 2.262311193856106
12595 2.344549292093078
12781 2.498699971920336
12801 7.643653228072869
12803 2.727440078162703
13001 1.4730567031188173
13045 1.886521853894058
13106 2.335070548138534
13189 3.7490913256946845
13319 1.8055527913603908
13498 4.695924549256556
13527 2.049749751872433
13553 -0.37046075994419203
13555 5.612215281130711
13750 4.324455470598246
13891 0.6065925288579992
13921 2.1782280766455644
14008 2.001297368486486
14044 1.4611753752320646
14267 -0.3823693933135151
14381 0.2288676653980985
14416 1.5479024259504828
14447 3.1483620405405426
14500 4.108137884354437
14590 3.6674473366541744
14901 2.5326015235960173
15020 3.086486636822455
15155 0.6904112007410705
15209 2.579669034454003
15292 2.211017899468555
15332 -7.761558650728101
15341 0.7959741250626788
15373 5.700525259191826
15447 4.919068100570765
15517 1.886521853894058
15664 8.45184184002164
15794 2.5676928434072877
15828 2.1862955883920616
