34
289 3.086486636822455
592 2.4446327506500602
1842 2.0286963426746007
2538 1.422560539104285
2659 3.4431615807611875
2839 3.1483620405405426
3192 1.0095482253607377
3275 3.666305132075397
4608 1.4075226617397445
4899 3.0666840095262753
5083 1.5735596247691985
5278 3.9074671888922854
5279 1.7410142702228197
5779 3.21432000833234
5993 0.8521803845817039
7001 4.290459441148391
8556 3.6447198193535444
9393 1.060973437168175
10209 4.290459441148391
12047 1.4416815805510634
12120 3.5327737394508745
12196 4.165296298194385
12404 1.485080896085619
12407 0.83519483821596
12660 4.071330023981388
13795 1.5389241281064423
13873 3.740413104229119
14085 3.1698682457615064
14104 1.710242611556066
14112 4.00277736869661
14416 1.5479024259504828
14529 2.8088549002241754
15471 0.6940608398286201
15669 2.162227735299123
