302
401 3.1698682457615064
442 6.9985096422506015
457 6.305362461690656
461 4.05407066308416
465 10.105198986390576
468 5.206750173022546
473 3.1273086313427103
474 4.513602992462601
485 7.726030852642903
491 3.1066893441399746
592 2.4446327506500602
842 4.433560284789064
1060 0.43516834491586076
1193 6.9985096422506015
1356 2.363780654020965
1396 6.9985096422506015
1404 1.3708885285599641
1686 1.1549652252192415
1877 5.206750173022546
1902 2.0149030205422647
1941 6.9985096422506015
1990 4.165296298194385
2049 2.37353682896633
2070 1.4730567031188173
2197 6.9985096422506015
2247 6.6581584474172155
2334 1.5879037593638217
2357 1.1873686492739008
2358 3.1273086313427103
2380 3.7796338173824005
2421 1.5431885268928998
2450 -0.6108568957036107
2536 1.7835738846416156
2873 4.22592092001082
2919 2.1944885975173447
2924 2.0286963426746007
2940 1.6278716141229383
2959 5.936843246369504
2963 4.05407066308416
2964 0.900435360084361
3215 0.589980851191103
3240 3.5645224377654547
3259 6.383694304960563
3265 13.659962815177964
3269 4.600614369452231
3359 3.8630154263214513
3598 1.1666271649670843
3614 5.751312044940294
3636 6.305362461690656
3718 6.305362461690656
3780 2.465910149097345
3820 1.7890234894091803
3840 1.2980660688599148
3901 2.363780654020965
3932 4.05407066308416
3985 2.5098732725184614
4019 4.919068100570765
4021 1.5054481989100525
4104 6.9985096422506015
4110 5.528806275306684
4223 2.1863252868781835
4232 2.3256808077886952
4265 3.5327737394508745
4275 4.165296298194385
4282 2.8553749158590684
4301 3.597312260588446
4381 6.0447090616267936
4411 5.389071729816501
4423 3.8630154263214513
4562 3.3096301881366648
4579 6.305362461690656
4613 2.211017899468555
4625 7.380872191011289
4627 4.359452312635343
4876 2.2449194511442365
4899 3.0666840095262753
4909 1.4690805547391779
4912 3.8592108800607394
4934 3.7026727762462723
4954 6.9985096422506015
4964 1.127926246926296
4976 2.288979440938267
5014 7.062356229327685
5033 2.1233123190494494
5073 4.290459441148391
5110 1.8452180477528222
5215 4.8012850649143815
5263 4.22592092001082
5293 6.886323161522375
5309 2.5326015235960173
5319 3.086486636822455
5355 6.9985096422506015
5412 4.290459441148391
5430 2.750014400201242
5517 1.6232312345664361
5522 3.8630154263214513
5590 2.9066643955420775
5630 0.3574615133704861
5744 4.433560284789064
5861 2.750014400201242
5872 2.5441623459970937
5900 2.8553749158590684
6015 6.383694304960563
6043 1.5913378707904824
6088 1.2146844599208637
6152 6.9985096422506015
6193 6.9985096422506015
6228 1.2947271675944
6250 3.5455259370747996
6447 1.2880826248757316
6467 4.507155027774703
6532 5.8998973535824915
6539 2.434161450782765
6548 2.0785287164224764
6555 2.9911764570181303
6567 2.579669034454003
6583 0.8629447511688624
6751 2.5441623459970937
6786 3.7026727762462723
6930 5.206750173022546
7104 -3.980927499907753
7118 3.1273086313427103
7170 3.237224577420283
7418 3.1483620405405426
7459 2.1944885975173447
7482 1.8055527913603908
7591 4.085365169298681
7624 4.433560284789064
7688 3.086486636822455
7722 3.5327737394508745
7764 3.4104096350522175
7771 6.9985096422506015
7792 6.9985096422506015
7813 1.0145733615634107
7825 6.9985096422506015
7835 5.612215281130711
7838 4.216321028057695
7846 2.7218435232345457
7870 6.305362461690656
7916 6.9985096422506015
7938 4.695924549256556
7949 5.088324691994187
7954 4.22592092001082
7964 5.389071729816501
8127 12.610724923381312
8242 2.035665011990694
8262 2.0712559570933964
8265 4.108137884354437
8307 8.867120569578129
8361 11.224430562261421
8471 5.587634045719271
8514 6.0242311664155945
8523 10.884489535566503
8683 5.041168945219154
8695 3.910169050662709
8710 2.204815118837552
8730 6.305362461690656
8736 1.1933746733341126
8745 5.088324691994187
8758 4.433560284789064
8799 3.502002080784121
8886 2.6163003758530814
8904 2.1863252868781835
8928 1.3355491621146554
8960 3.8630154263214513
9170 0.6116303228879563
9204 2.5098732725184614
9278 4.359452312635343
9353 2.476721065201561
9384 1.3355491621146554
9393 3.1829203115045246
9559 -0.7487904946947653
9655 6.9985096422506015
9669 6.305362461690656
9817 1.3183370332335338
9970 1.9351878055122855
9979 4.786678912525019
10025 4.513602992462601
10029 2.4237986637472186
10056 4.359452312635343
10114 1.3014161557451966
10196 2.5211728277723946
10291 6.9985096422506015
10301 4.22592092001082
10325 1.8925641683500207
10329 -0.21009069570959765
10422 0.7087940713416041
10441 3.7026727762462723
10446 3.1483620405405426
10447 3.659689420229828
10454 5.612215281130711
10559 3.8630154263214513
10566 5.612215281130711
10583 4.433560284789064
10709 3.666305132075397
10723 4.513602992462601
10749 1.1754637467675824
10751 3.1758075187276433
10882 4.359452312635343
10926 6.305362461690656
11106 4.043551799660054
11110 4.051227595840057
11116 1.9109133070182172
11140 2.15432255579201
11165 2.1863252868781835
11183 6.9985096422506015
11228 3.3096301881366648
11299 -1.5635482855978138
11304 1.2054960338664575
11327 3.5645224377654547
11339 4.00277736869661
11344 3.1483620405405426
11398 3.009525595686327
11406 2.6418008155610093
11415 3.7796338173824005
11570 1.1933746733341126
11650 6.305362461690656
11651 5.8998973535824915
11677 1.7255100836868542
11704 3.1483620405405426
11733 6.305362461690656
11781 2.591790394986348
11816 1.9296054400303697
11882 4.8012850649143815
11900 8.198999007489732
11907 2.434161450782765
11924 6.9985096422506015
11937 5.389071729816501
11967 4.290459441148391
11969 0.7582337970798316
12033 2.5211728277723946
12057 2.10066984229969
12101 6.305362461690656
12143 4.165296298194385
12377 2.6920409239639014
12383 2.5046129034208957
12455 -1.076293329340201
12457 3.2373095265570386
12610 4.847597327494437
12627 6.305362461690656
12714 3.7796338173824005
12748 5.389071729816501
12783 1.8986432144264027
12785 2.8088549002241754
12801 3.8218266140364343
12803 2.727440078162703
12805 3.713692171495883
12807 6.9985096422506015
12831 4.919068100570765
12878 3.5327737394508745
12900 4.165296298194385
13001 1.4730567031188173
13133 4.433560284789064
13189 1.8745456628473423
13208 1.3115342859107813
13384 2.0568672196412967
13401 4.93182029819469
13432 3.7796338173824005
13609 4.22592092001082
13891 1.8197775865739976
14008 2.001297368486486
14085 3.1698682457615064
14136 1.4810567457858934
14237 -0.6972483483041599
14252 3.502002080784121
14264 12.610724923381312
14267 -0.3823693933135151
14381 0.2288676653980985
14406 10.105198986390576
14519 3.086486636822455
14547 3.740413104229119
14588 2.0785287164224764
14590 1.8337236683270872
14597 9.85481272663888
14655 10.413500346045092
14682 1.5431885268928998
14803 6.9985096422506015
14808 4.695924549256556
14830 2.7790019370744945
14832 4.600614369452231
14908 2.476721065201561
14936 6.305362461690656
15192 1.489121305622624
15292 8.84407159787422
15306 0.7199882180847567
15313 1.917105277266138
15323 5.389071729816501
15332 -21.732364222038683
15358 2.579669034454003
15373 2.443082253939354
15374 5.612215281130711
15438 6.9985096422506015
15517 1.886521853894058
15518 1.880515829833846
15578 1.7945029551738059
15651 1.1377234187847354
15731 2.9911764570181303
15771 0.023095714794649395
15827 3.8218266140364343
15828 6.558886765176185
15862 3.9074671888922854
15863 6.9985096422506015
