50
289 3.086486636822455
421 6.305362461690656
2659 3.4431615807611875
2674 1.0272478024601386
2839 3.1483620405405426
2862 1.4690805547391779
2996 6.9985096422506015
3192 1.0095482253607377
3275 3.666305132075397
3737 1.8055527913603908
4241 2.4033897921160112
4608 1.4075226617397445
5055 2.2278250177849364
5279 3.4820285404456395
5779 3.21432000833234
6210 5.8998973535824915
6376 3.0666840095262753
7104 -0.6634879166512921
7151 6.9985096422506015
8439 0.4690908039883759
8556 3.6447198193535444
8731 2.0286963426746007
8736 1.1933746733341126
9276 2.6944445490464313
9393 1.060973437168175
9537 0.6546292081242703
9641 2.6418008155610093
9779 1.8337236683270872
10067 5.206750173022546
10209 4.290459441148391
10210 5.982352914036261
10250 2.9209721983448818
10307 2.5676928434072877
10341 3.1698682457615064
10437 1.3672978604292356
10932 4.600614369452231
11072 4.290459441148391
11148 1.1784267118982394
11287 2.0286963426746007
11841 5.679253117781859
12407 1.67038967643192
12660 2.035665011990694
12833 0.9630282097258448
13390 2.236335707452845
13491 2.288979440938267
13795 3.0778482562128846
13808 5.8998973535824915
13867 1.087712998210074
14104 1.710242611556066
15332 -1.5523117301456202
