87
2334 0.7939518796819108
2351 1.5647876386963615
2357 1.1873686492739008
2450 -0.6108568957036107
2706 3.6312138122641273
2959 3.5621059478217028
3286 4.600614369452231
3374 1.9680717208581657
3807 2.3256808077886952
4084 5.612215281130711
4416 1.3637200390813515
4458 12.610724923381312
4476 3.740413104229119
4522 0.2603571476546441
4750 0.33155284982139466
4811 5.206750173022546
5533 3.7026727762462723
5554 2.1081605140288473
5555 2.4033897921160112
5630 0.11915383779016203
5874 5.159338068908006
5875 5.500028800402484
5973 2.9540974487767095
6015 3.1918471524802814
6043 1.5913378707904824
6262 3.4431615807611875
6622 2.579669034454003
6675 2.5098732725184614
7006 4.05407066308416
7104 -1.3269758333025843
7418 3.1483620405405426
7764 1.7052048175261088
7864 3.502002080784121
7949 2.5441623459970937
8086 3.3096301881366648
8391 2.555858385760285
8523 4.353795814226602
8710 2.204815118837552
8822 4.560021541911013
9175 3.597312260588446
9365 1.4972514317058743
9559 -0.24959683156492177
9709 1.082307579643166
10326 0.5230769255465112
10329 -0.4201813914191953
10393 1.9746291214043248
10447 0.6099482367049713
10522 2.9911764570181303
10742 1.7890234894091803
10752 4.513602992462601
11032 2.175425996420148
11102 0.6652300141109108
11110 0.8102455191680114
11140 2.15432255579201
11218 1.7160635543787315
11299 -0.5211827618659379
11308 2.5098732725184614
11370 4.22592092001082
11386 2.1157077196642304
11510 5.8998973535824915
11522 2.555858385760285
11707 3.2373095265570386
11969 0.7582337970798316
11984 2.4237986637472186
12022 0.40409618250082274
12455 -0.8610346634721608
12508 6.786933581568317
12717 0.5999147077153936
12803 1.3637200390813515
12826 1.2619373447714093
13189 3.7490913256946845
13296 6.305362461690656
13706 6.9985096422506015
13891 1.8197775865739976
14085 3.1698682457615064
14198 3.047265923669174
14416 0.7739512129752414
14512 4.165296298194385
14839 4.8012850649143815
14901 5.065203047192035
15020 3.086486636822455
15283 4.47267141490569
15292 2.211017899468555
15518 1.880515829833846
15669 2.162227735299123
15827 3.8218266140364343
15828 3.2794433825880924
