226
59 4.433560284789064
79 6.9985096422506015
194 0.7699986386594181
241 1.6902419448493964
254 2.498699971920336
327 2.20271909665386
500 2.1701959049483
502 2.5676928434072877
592 4.8892655013001205
787 2.035665011990694
800 2.434161450782765
1018 3.7796338173824005
1060 0.24866762566620615
1474 4.919068100570765
1687 4.827084327160058
1750 1.1068654304248302
1884 3.8973072700021283
1889 3.414990703794491
1929 2.1081605140288473
1986 4.847597327494437
2068 3.3609234825242154
2217 2.4876501357337513
2224 3.962459610871354
2228 6.305362461690656
2334 0.7939518796819108
2351 1.5647876386963615
2357 1.1873686492739008
2380 3.7796338173824005
2435 5.8998973535824915
2450 -0.6108568957036107
2562 5.612215281130711
2628 9.027205984925201
2679 6.829981407588982
2697 5.206750173022546
2705 3.3315816979704644
2745 7.726030852642903
2787 3.1918471524802814
2820 4.8892655013001205
2823 10.413500346045092
2924 2.0286963426746007
2935 0.6320391945191633
3165 3.7796338173824005
3374 1.9680717208581657
3545 6.019051191372654
3578 0.6015799870344548
3704 3.8630154263214513
3705 5.8998973535824915
3780 4.93182029819469
3840 1.2980660688599148
3896 1.403798262648762
4021 1.5054481989100525
4141 6.305362461690656
4222 2.3256808077886952
4277 3.7026727762462723
4309 2.681021528714291
4399 5.612215281130711
4416 1.3637200390813515
4481 4.292958756661968
4522 1.0414285906185765
4537 2.039247754698959
4613 4.42203579893711
4631 11.861961613581535
4750 0.33155284982139466
4765 1.4150133334689021
4866 5.042345655544789
4909 1.4690805547391779
4956 4.827084327160058
4964 0.563963123463148
5146 49.29765461225324
5232 6.6192603762733295
5331 3.2373095265570386
5339 1.1784267118982394
5347 4.600614369452231
5484 0.9464204733261844
5498 4.108137884354437
5518 1.5868635903955612
5533 3.7026727762462723
5554 8.43264205611539
5555 4.8067795842320225
5630 0.4766153511606481
5641 4.359452312635343
5676 3.502002080784121
5713 4.359452312635343
5874 2.579669034454003
5973 1.4770487243883548
5983 1.9878743481543455
6043 3.182675741580965
6053 4.359452312635343
6151 4.222567985219234
6205 2.955458374416051
6250 1.7727629685373998
6433 1.030804581586805
6447 1.2880826248757316
6467 2.2535775138873513
6506 5.052599493195288
6633 2.8088549002241754
6786 3.7026727762462723
6908 1.6768847312989907
7025 1.0095482253607377
7104 -1.9904637499538764
7118 6.254617262685421
7286 1.4112609838503516
7622 2.764403137653342
7623 3.3349479961209547
7642 5.612215281130711
7759 4.359452312635343
7767 3.414990703794491
7813 1.0145733615634107
7846 5.443687046469091
7850 5.612215281130711
7905 4.919068100570765
7991 2.629859749823839
8043 1.730651483187273
8096 1.4533321977710387
8140 5.8998973535824915
8514 4.01615411094373
8523 5.079428449931035
8683 3.3607792968127694
8710 0.551203779709388
8712 3.3349479961209547
8723 1.5262389685791264
8736 1.1933746733341126
8788 2.146479378330984
8822 2.2800107709555064
8869 2.1782280766455644
8928 1.3355491621146554
9122 2.7489842721265254
9228 11.799794707164983
9229 2.3933394562625097
9343 3.8630154263214513
9365 1.4972514317058743
9525 4.695924549256556
9554 3.814985683990212
9555 6.9985096422506015
9559 -1.247984157824609
9567 17.161837764593564
9589 3.9346028577323438
9610 6.305362461690656
9620 6.305362461690656
9670 5.8998973535824915
9709 1.082307579643166
9786 3.1483620405405426
9958 4.8012850649143815
10056 4.359452312635343
10209 4.290459441148391
10341 3.1698682457615064
10473 1.7781538171722764
10522 2.9911764570181303
10742 5.367070468227541
10751 0.7939518796819108
10872 1.6048820958982397
10963 11.799794707164983
11027 1.2781978656431896
11032 1.087712998210074
11102 0.6652300141109108
11110 0.8102455191680114
11139 2.87137525720551
11140 2.15432255579201
11170 2.5676928434072877
11218 0.5720211847929105
11299 -3.6482793330615655
11304 1.2054960338664575
11320 5.528806275306684
11334 3.989126672610284
11370 8.45184184002164
11379 2.0426825846493406
11406 5.283601631122019
11443 3.260840023967233
11444 2.434161450782765
11503 5.775271556154579
11522 2.555858385760285
11661 4.600614369452231
11693 4.695924549256556
11889 2.7790019370744945
11907 2.434161450782765
11969 0.7582337970798316
12033 5.042345655544789
12042 2.6418008155610093
12377 2.6920409239639014
12383 2.5046129034208957
12432 5.612215281130711
12457 3.2373095265570386
12508 9.049244775424423
12723 4.577958881876534
12793 2.87137525720551
12796 5.8419443966897635
12803 8.18232023448811
12805 7.427384342991766
12853 1.152070867192877
13189 3.7490913256946845
13272 2.7790019370744945
13527 2.049749751872433
13547 3.2006938814656967
13553 -1.111382279832576
13642 6.305362461690656
13740 4.359452312635343
13838 4.632756830252763
13867 4.350851992840296
13986 3.47214911763444
14008 2.001297368486486
14136 1.4810567457858934
14174 1.7945029551738059
14237 -1.3944966966083199
14299 6.305362461690656
14395 2.7218435232345457
14431 1.034930298632155
14588 2.0785287164224764
14597 3.2849375755462935
14644 3.597312260588446
14682 1.5431885268928998
14692 2.8396265588909295
14901 2.5326015235960173
14971 5.206750173022546
15020 3.086486636822455
15292 2.211017899468555
15306 0.7199882180847567
15309 6.305362461690656
15332 -7.761558650728101
15341 0.7959741250626788
15373 3.257443005252472
15471 1.3881216796572402
15575 4.108137884354437
15734 4.919068100570765
15771 0.06928714438394819
15827 7.643653228072869
15828 6.558886765176185
