122
150 6.9985096422506015
332 4.433560284789064
646 2.219386149139072
825 4.433560284789064
986 3.9539872045271784
1060 0.12433381283310307
1379 0.5370414658968836
1783 6.9985096422506015
1902 2.0149030205422647
1940 2.6944445490464313
2331 3.6312138122641273
2585 3.9074671888922854
2638 2.130975191795019
2675 3.6312138122641273
2757 3.2849375755462935
2935 0.6320391945191633
2940 1.6278716141229383
2959 2.3747372985478017
3198 4.359452312635343
3238 11.224430562261421
3405 5.206750173022546
3440 6.9985096422506015
3462 5.052599493195288
3578 0.6015799870344548
3614 2.875656022470147
3647 2.1081605140288473
3814 2.236335707452845
4116 4.695924549256556
4245 3.597312260588446
4502 2.8088549002241754
4663 3.8630154263214513
4909 1.4690805547391779
5182 4.919068100570765
5412 47.1950538526323
5517 1.6232312345664361
5630 0.23830767558032406
6205 2.955458374416051
6250 1.7727629685373998
6448 5.8998973535824915
6708 5.389071729816501
6908 0.33537694625979814
6969 6.9985096422506015
7025 1.0095482253607377
7084 6.9985096422506015
7104 -0.6634879166512921
7286 1.4112609838503516
7497 0.7014003223166658
7906 1.4339892349279078
8323 3.1698682457615064
8439 0.4690908039883759
8523 1.4512652714088672
8710 1.102407559418776
8723 1.5262389685791264
8731 4.0573926853492015
8904 2.1863252868781835
8978 1.6140145794615122
9466 4.695924549256556
9501 5.206750173022546
9559 -0.3327957754198957
9709 1.082307579643166
9727 4.165296298194385
9728 3.21432000833234
9733 1.0850066366123312
9817 1.3183370332335338
9818 6.42864001666468
10261 3.9539872045271784
10393 1.9746291214043248
10422 1.4175881426832082
10431 0.7218661529089567
10447 1.829844710114914
10487 1.981229805435677
10751 2.3818556390457326
10868 -0.18536107281185138
10872 4.814646287694719
11299 -0.5211827618659379
11304 1.2054960338664575
11362 4.00277736869661
11373 4.919068100570765
11450 2.262311193856106
11453 1.3637200390813515
11625 1.457246097092175
11677 3.4510201673737084
11679 4.433560284789064
11900 2.049749751872433
11907 2.434161450782765
11929 4.600614369452231
11990 8.216275768708874
12033 2.5211728277723946
12060 1.5220460903190904
12066 3.7796338173824005
12081 2.363780654020965
12122 1.1963912668735384
12377 1.3460204619819507
12586 5.206750173022546
12803 2.727440078162703
12805 3.713692171495883
12879 4.433560284789064
13180 3.666305132075397
13354 1.8280256472124494
13396 4.8012850649143815
13411 2.8088549002241754
13432 3.7796338173824005
13505 3.0666840095262753
13767 2.6547042203969173
13775 3.2849375755462935
13891 0.6065925288579992
14345 3.9539872045271784
14431 1.034930298632155
14588 2.0785287164224764
14633 2.6547042203969173
14906 0.4013639403639497
15242 3.414990703794491
15292 4.42203579893711
15306 2.15996465425427
15323 5.389071729816501
15332 -6.209246920582481
15447 4.919068100570765
15472 2.735829765209286
15651 1.1377234187847354
15771 0.06928714438394819
15827 3.8218266140364343
15828 1.0931477941960308
