64
1902 2.0149030205422647
1929 2.1081605140288473
2403 6.305362461690656
3737 1.8055527913603908
3814 2.236335707452845
4230 2.0149030205422647
4522 0.2603571476546441
4613 2.211017899468555
4621 2.7218435232345457
4625 3.6904360955056443
5014 2.3541187431092285
5685 3.9074671888922854
6122 3.502002080784121
6402 1.4112609838503516
6675 2.5098732725184614
6754 1.2024518914852294
6908 0.6707538925195963
7104 -1.9904637499538764
7118 3.1273086313427103
7764 1.7052048175261088
7835 11.224430562261421
7846 2.7218435232345457
7850 5.612215281130711
7991 1.3149298749119196
8262 2.0712559570933964
8523 2.176897907113301
8710 1.102407559418776
9354 3.8204558119026557
9400 3.1273086313427103
9559 -0.3327957754198957
9701 4.359452312635343
9970 0.4837969513780714
10247 8.718904625270685
10325 1.8925641683500207
10447 1.2198964734099427
10669 12.610724923381312
11084 10.778143459633002
11106 2.021775899830027
11110 0.8102455191680114
11299 -0.5211827618659379
11967 4.290459441148391
12022 0.40409618250082274
12404 2.970161792171238
12407 1.67038967643192
12599 4.695924549256556
12903 4.359452312635343
13030 4.290459441148391
13189 1.8745456628473423
13553 -0.7409215198883841
13613 1.8111238364098463
13734 1.942263836902293
13991 12.610724923381312
14267 -0.3823693933135151
14345 3.9539872045271784
14416 0.7739512129752414
14597 3.2849375755462935
14906 0.8027278807278994
15155 0.6904112007410705
15191 4.359452312635343
15332 -4.656935190436861
15373 0.814360751313118
15413 1.2781978656431896
15518 1.880515829833846
15827 3.8218266140364343
