114
1822 2.383389125409342
2271 0.34178311807220957
2450 -2.4434275828144427
2484 1.3149298749119196
2536 1.7835738846416156
2631 0.21292199724267172
2959 5.936843246369504
2964 1.800870720168722
3270 4.695924549256556
3820 3.5780469788183606
3825 3.3609234825242154
3840 1.2980660688599148
3867 3.2373095265570386
3923 3.1273086313427103
4021 1.5054481989100525
4481 2.146479378330984
4522 0.2603571476546441
4616 1.8925641683500207
4631 3.9539872045271784
4646 1.8686109273275278
4660 3.9074671888922854
4715 6.9985096422506015
4876 2.2449194511442365
4956 2.413542163580029
5017 3.260840023967233
5110 1.8452180477528222
5436 2.8876357780772897
5630 0.11915383779016203
5668 2.955458374416051
5676 3.502002080784121
5708 5.052599493195288
5874 2.579669034454003
5902 4.05407066308416
6020 3.9074671888922854
6043 1.5913378707904824
6057 3.8204558119026557
6114 3.8630154263214513
6242 2.9041650800285006
6337 3.2373095265570386
6539 2.434161450782765
6908 0.33537694625979814
7025 1.0095482253607377
7076 2.434161450782765
7104 -1.3269758333025843
7487 1.8167260919585162
7512 4.22592092001082
7563 4.670141096277068
7846 2.7218435232345457
7979 6.9985096422506015
7981 2.0426825846493406
8979 1.7890234894091803
9559 -0.49919366312984353
9714 6.9985096422506015
9765 1.7835738846416156
9974 3.8630154263214513
10325 1.8925641683500207
10341 3.1698682457615064
10422 0.7087940713416041
10610 3.6312138122641273
10636 3.9539872045271784
10739 2.37353682896633
10868 -0.18536107281185138
11023 1.2880826248757316
11165 2.1863252868781835
11218 0.5720211847929105
11375 2.681021528714291
11402 4.433560284789064
11580 2.5441623459970937
11907 4.86832290156553
12022 0.40409618250082274
12057 2.10066984229969
12060 1.5220460903190904
12081 2.363780654020965
12092 4.108137884354437
12145 6.383694304960563
12218 2.6547042203969173
12736 3.414990703794491
12803 1.3637200390813515
12924 6.9985096422506015
12940 6.9985096422506015
13140 4.919068100570765
13189 3.7490913256946845
13319 3.6111055827207816
13501 5.042345655544789
13508 1.7255100836868542
13553 -0.37046075994419203
13661 3.7026727762462723
13891 0.6065925288579992
13902 6.9985096422506015
14237 -4.88073843812912
14241 5.052599493195288
14267 -0.3823693933135151
14270 6.9985096422506015
14279 6.9985096422506015
14352 1.8928409466523688
14416 2.3218536389257243
14455 3.274434953082352
14559 4.433560284789064
14563 2.6418008155610093
14878 4.513602992462601
14901 2.5326015235960173
14906 0.4013639403639497
15155 1.380822401482141
15180 12.610724923381312
15265 4.165296298194385
15332 -4.656935190436861
15373 0.814360751313118
15418 2.1233123190494494
15484 2.9911764570181303
15677 1.5779746429783155
15685 1.7432809162728324
15697 3.7796338173824005
15771 0.023095714794649395
15828 1.0931477941960308
