30
174 1.6232312345664361
2357 1.1873686492739008
2450 -0.6108568957036107
2705 1.6657908489852322
3449 0.9823524825522477
3499 5.8998973535824915
3896 1.403798262648762
4522 0.2603571476546441
4956 2.413542163580029
6049 2.035665011990694
6078 2.555858385760285
8814 4.22592092001082
9559 -0.16639788770994784
9589 1.3115342859107813
10561 1.6003469407328483
10742 1.7890234894091803
11102 0.6652300141109108
11218 0.5720211847929105
11299 -0.5211827618659379
11334 1.994563336305142
11453 1.3637200390813515
11907 2.434161450782765
11980 5.8998973535824915
12060 3.044092180638181
13451 3.4431615807611875
14455 1.637217476541176
14626 2.750014400201242
14682 1.5431885268928998
15242 3.414990703794491
15828 1.0931477941960308
