201
174 6.492924938265745
176 6.9985096422506015
210 6.9985096422506015
801 5.389071729816501
1906 3.597312260588446
1933 8.10814132616832
2017 3.3875917296063767
2049 2.37353682896633
2064 1.5647876386963615
2201 2.035665011990694
2271 0.6835662361444191
2334 1.5879037593638217
2421 1.5431885268928998
2432 4.108137884354437
2494 3.9074671888922854
2577 3.5327737394508745
2720 6.9985096422506015
2913 1.720394983020084
2920 0.6795415285041667
2964 2.701306080253083
2981 4.00277736869661
3073 6.9985096422506015
3282 4.290459441148391
3293 25.41849668584889
3374 1.9680717208581657
3469 5.389071729816501
3506 7.385089753800008
3509 6.9985096422506015
3512 6.9985096422506015
3578 1.8047399611033645
3596 5.052599493195288
3598 1.1666271649670843
3614 4.313484033705221
3615 4.165296298194385
3647 2.1081605140288473
3658 2.938066631704182
3661 4.165296298194385
3696 4.695924549256556
3700 1.2947271675944
3807 2.3256808077886952
3850 3.9074671888922854
4026 2.8876357780772897
4070 3.320596291274491
4086 4.22592092001082
4213 5.8998973535824915
4286 2.130975191795019
4507 2.298029276458185
4522 0.2603571476546441
4608 1.4075226617397445
4623 6.9985096422506015
4627 4.359452312635343
4711 1.9296054400303697
4773 4.108137884354437
4839 6.9985096422506015
4857 4.142511914186793
4909 1.4690805547391779
5061 5.612215281130711
5110 1.8452180477528222
5116 5.884671119510916
5151 2.555858385760285
5339 4.713706847592958
5484 0.9464204733261844
5554 2.1081605140288473
5569 4.22592092001082
5581 3.0666840095262753
5630 0.11915383779016203
5895 2.4033897921160112
5988 5.612215281130711
6002 6.9985096422506015
6049 2.035665011990694
6077 4.22592092001082
6088 1.2146844599208637
6130 3.0666840095262753
6225 4.919068100570765
6228 1.2947271675944
6402 1.4112609838503516
6439 4.513602992462601
6447 1.2880826248757316
6576 3.666305132075397
6791 6.9985096422506015
6819 5.145917740537838
6887 1.152070867192877
6919 12.803044851938566
6975 6.9985096422506015
7057 9.85481272663888
7197 1.730651483187273
7263 5.389071729816501
7312 2.3163784151263815
7521 5.389071729816501
7635 5.8998973535824915
7688 3.086486636822455
7813 1.0145733615634107
7940 4.359452312635343
7968 3.047265923669174
7981 2.0426825846493406
8230 14.24122097379798
8234 4.8012850649143815
8391 5.11171677152057
8523 1.4512652714088672
8710 1.102407559418776
8722 5.612215281130711
8755 5.8998973535824915
8870 3.7026727762462723
8886 2.6163003758530814
8890 2.2800107709555064
8908 29.04971049811302
9088 6.9985096422506015
9122 1.3744921360632627
9341 5.8998973535824915
9356 4.290459441148391
9365 1.4972514317058743
9400 3.1273086313427103
9422 11.589046278964354
9559 -0.24959683156492177
9723 6.9985096422506015
9821 4.600614369452231
9970 0.4837969513780714
10008 2.0568672196412967
10030 2.413542163580029
10114 2.6028323114903933
10258 1.8000126109847754
10325 1.8925641683500207
10422 0.7087940713416041
10436 4.290459441148391
10443 2.4876501357337513
10572 5.8998973535824915
10747 6.9985096422506015
10751 0.7939518796819108
10770 2.4876501357337513
10906 4.071330023981388
11023 1.2880826248757316
11032 6.526277989260444
11106 2.021775899830027
11299 -3.1270965711956276
11308 2.5098732725184614
11422 10.105198986390576
11524 1.5178707189086098
11570 2.3867493466682252
11597 3.0666840095262753
11600 6.9985096422506015
11786 6.9985096422506015
11816 1.9296054400303697
11900 2.049749751872433
11959 2.2449194511442365
11972 3.21432000833234
12078 1.3637200390813515
12220 8.580918882296782
12455 -0.4305173317360804
12553 2.1431672325603808
12599 4.695924549256556
12664 4.22592092001082
12677 3.9539872045271784
12717 0.5999147077153936
12723 2.288979440938267
12739 6.9985096422506015
12773 0.8826175167675673
12805 1.8568460857479414
12860 9.201228738904462
13088 2.7790019370744945
13189 1.8745456628473423
13208 1.3115342859107813
13271 3.3875917296063767
13314 4.0573926853492015
13343 2.973157951515452
13438 2.555858385760285
13478 6.305362461690656
13547 3.2006938814656967
13565 1.9878743481543455
13566 6.9985096422506015
13613 1.8111238364098463
13709 12.610724923381312
13854 6.305362461690656
13912 5.8998973535824915
14041 5.052599493195288
14093 8.919473854546355
14208 3.5621059478217028
14230 4.359452312635343
14267 -1.9118469665675755
14455 4.911652429623528
14507 1.8510151654371483
14519 3.086486636822455
14626 2.750014400201242
14706 6.9985096422506015
14822 4.290459441148391
14824 4.359452312635343
15097 7.262427624528255
15155 1.380822401482141
15164 4.00277736869661
15181 5.254456710270345
15241 3.4924724284079427
15332 -6.209246920582481
15450 4.290459441148391
15452 6.9985096422506015
15471 1.3881216796572402
15472 2.735829765209286
15562 6.9985096422506015
15565 5.612215281130711
15669 2.162227735299123
15672 0.7275212103923018
15708 2.9911764570181303
15800 6.9985096422506015
