368
19 4.165296298194385
389 1.6419233675785887
592 2.4446327506500602
1060 0.24866762566620615
1171 2.9209721983448818
1245 6.9985096422506015
1284 5.612215281130711
1404 1.3708885285599641
1515 3.740413104229119
1686 1.1549652252192415
1692 4.388977195034689
1750 3.320596291274491
1782 8.165530569703638
1902 2.0149030205422647
1924 2.288979440938267
1979 3.9539872045271784
1986 2.4237986637472186
2049 2.37353682896633
2051 5.33555260392854
2064 3.129575277392723
2070 1.4730567031188173
2207 6.9985096422506015
2217 2.4876501357337513
2224 15.849838443485416
2233 3.260840023967233
2334 1.5879037593638217
2351 1.5647876386963615
2357 1.1873686492739008
2360 5.206750173022546
2424 2.219386149139072
2450 -2.4434275828144427
2591 3.8630154263214513
2631 0.21292199724267172
2714 5.612215281130711
2757 3.2849375755462935
2810 3.597312260588446
2914 3.4431615807611875
2920 0.6795415285041667
2924 2.0286963426746007
2981 4.00277736869661
3062 2.8396265588909295
3094 4.00277736869661
3095 4.695924549256556
3198 8.718904625270685
3200 6.305362461690656
3238 5.612215281130711
3283 6.305362461690656
3296 3.597312260588446
3300 10.778143459633002
3329 1.981229805435677
3374 1.9680717208581657
3382 4.433560284789064
3394 3.047265923669174
3407 4.171709513029098
3413 5.052599493195288
3449 0.9823524825522477
3455 9.83813620114153
3578 1.2031599740689096
3598 1.1666271649670843
3614 1.4378280112350734
3646 2.5676928434072877
3647 2.1081605140288473
3690 2.9945028634117485
3736 3.086486636822455
3756 6.9985096422506015
3807 2.3256808077886952
3814 2.236335707452845
3820 1.7890234894091803
3896 1.403798262648762
3901 2.363780654020965
4070 1.1068654304248302
4110 11.057612550613367
4202 4.05407066308416
4241 2.4033897921160112
4253 4.22592092001082
4274 5.8998973535824915
4282 2.8553749158590684
4286 2.130975191795019
4314 2.764403137653342
4321 2.8553749158590684
4366 1.9878743481543455
4381 10.074515102711324
4405 1.3460204619819507
4412 3.086486636822455
4416 9.54604027356946
4430 6.9985096422506015
4518 6.9985096422506015
4522 0.2603571476546441
4531 2.681021528714291
4625 3.6904360955056443
4651 7.726030852642903
4695 2.87137525720551
4783 4.356456153291129
4846 2.021775899830027
4865 3.0282177286984795
4871 4.9753002714675025
4878 1.3672978604292356
4895 5.052599493195288
4909 1.4690805547391779
4914 1.4339892349279078
4926 5.389071729816501
4964 1.6918893703894442
4991 3.9539872045271784
5000 5.052599493195288
5033 2.1233123190494494
5103 3.414990703794491
5156 2.211017899468555
5230 14.087773647769666
5261 8.867120569578129
5265 9.83813620114153
5293 3.4431615807611875
5295 10.778143459633002
5350 2.955458374416051
5398 4.919068100570765
5402 4.919068100570765
5406 4.513602992462601
5412 4.290459441148391
5517 1.6232312345664361
5537 3.597312260588446
5541 4.290459441148391
5630 1.7873075668524305
5635 2.20271909665386
5666 3.47214911763444
5722 3.3609234825242154
5731 2.8876357780772897
5773 2.735829765209286
5839 5.159338068908006
5874 2.579669034454003
5895 2.4033897921160112
5901 2.455214859980597
5983 1.9878743481543455
6008 6.305362461690656
6013 6.9985096422506015
6043 3.182675741580965
6140 2.211017899468555
6151 12.6677039556577
6156 1.8000126109847754
6219 2.298029276458185
6235 1.2270685191205855
6250 3.5455259370747996
6264 6.9985096422506015
6337 3.2373095265570386
6433 0.5154022907934025
6519 5.052599493195288
6539 2.434161450782765
6751 2.5441623459970937
6758 6.9985096422506015
6799 5.612215281130711
6819 1.7153059135126125
6908 4.024523355117577
6971 3.597312260588446
6972 3.9539872045271784
7076 4.86832290156553
7104 -3.3174395832564607
7141 6.305362461690656
7189 3.8630154263214513
7301 6.9985096422506015
7344 1.6325336272287498
7482 1.8055527913603908
7497 0.7014003223166658
7527 2.681021528714291
7591 2.0426825846493406
7633 1.8745456628473423
7647 3.3096301881366648
7740 3.5327737394508745
7764 5.115614452578326
7765 6.9985096422506015
7811 5.052599493195288
7813 1.0145733615634107
7949 5.088324691994187
7971 3.414990703794491
7987 10.998915396226192
8096 2.9066643955420775
8242 2.035665011990694
8287 12.610724923381312
8523 8.707591628453203
8648 2.434161450782765
8683 1.6803896484063847
8695 1.9550845253313545
8699 5.612215281130711
8710 3.3072226782563283
8736 2.3867493466682252
8745 12.720811729985469
8752 4.433560284789064
8753 4.513602992462601
8784 2.146479378330984
8795 3.502002080784121
8822 2.2800107709555064
8946 2.7218435232345457
9106 1.0850066366123312
9122 1.3744921360632627
9154 2.465910149097345
9173 6.9985096422506015
9204 2.5098732725184614
9235 8.718904625270685
9292 5.088324691994187
9385 5.612215281130711
9473 6.305362461690656
9525 4.695924549256556
9558 5.8998973535824915
9559 -1.4975809893895307
9567 4.290459441148391
9589 6.557671429553906
9590 3.3096301881366648
9609 4.8012850649143815
9667 3.7796338173824005
9698 3.975748696308691
9702 5.389071729816501
9709 6.493845477858996
9711 1.8686109273275278
9727 8.33059259638877
9733 1.0850066366123312
9794 4.600614369452231
9817 2.6366740664670676
9956 3.47214911763444
9970 0.4837969513780714
9979 2.3933394562625097
10006 2.6944445490464313
10029 7.271395991241656
10069 3.4431615807611875
10099 6.9985096422506015
10114 1.3014161557451966
10126 11.799794707164983
10265 6.305362461690656
10292 5.8998973535824915
10295 4.433560284789064
10301 4.22592092001082
10336 6.9985096422506015
10351 4.919068100570765
10422 0.7087940713416041
10431 0.7218661529089567
10447 3.659689420229828
10514 3.8630154263214513
10561 1.6003469407328483
10687 6.9985096422506015
10742 19.679258383500983
10743 5.052599493195288
10751 7.145566917137198
10759 3.0666840095262753
10868 -1.2975275096829597
11010 4.919068100570765
11027 1.2781978656431896
11031 6.305362461690656
11032 1.087712998210074
11057 2.555858385760285
11102 4.656610098776375
11110 0.8102455191680114
11140 2.15432255579201
11165 4.372650573756367
11168 1.2781978656431896
11218 5.1481906631361944
11296 2.764403137653342
11299 -2.0847310474637517
11304 1.2054960338664575
11308 2.5098732725184614
11326 6.9985096422506015
11334 3.989126672610284
11356 4.8012850649143815
11373 4.919068100570765
11375 2.681021528714291
11386 4.231415439328461
11450 2.262311193856106
11453 4.091160117244055
11459 3.047265923669174
11460 4.513602992462601
11461 2.146479378330984
11466 5.8998973535824915
11524 3.0357414378172196
11528 25.26299746597644
11641 6.305362461690656
11644 3.5327737394508745
11649 5.8998973535824915
11677 1.7255100836868542
11781 5.183580789972696
11790 2.2449194511442365
11804 3.7796338173824005
11881 2.70805020110221
11900 2.049749751872433
11939 2.681021528714291
11969 0.7582337970798316
12033 5.042345655544789
12038 6.9985096422506015
12060 10.654322632233633
12131 4.433560284789064
12145 12.767388609921126
12148 9.027205984925201
12247 3.8630154263214513
12342 4.05407066308416
12383 1.2523064517104479
12450 3.1483620405405426
12455 -0.4305173317360804
12457 3.2373095265570386
12508 2.262311193856106
12641 4.8012850649143815
12655 6.9985096422506015
12679 3.1916645207566434
12707 2.2278250177849364
12796 2.9209721983448818
12797 2.7218435232345457
12801 3.8218266140364343
12803 5.454880156325406
12805 29.709537371967063
12831 34.43347670399535
12969 3.7026727762462723
13108 2.2800107709555064
13189 1.8745456628473423
13197 3.2849375755462935
13202 3.6312138122641273
13220 3.2849375755462935
13244 4.919068100570765
13272 8.337005811223484
13390 2.236335707452845
13438 5.11171677152057
13474 6.9985096422506015
13505 6.133368019052551
13547 4.801040822198545
13559 3.5645224377654547
13656 12.610724923381312
13672 1.5262389685791264
13760 3.7796338173824005
13767 2.6547042203969173
13791 3.047265923669174
13817 3.5645224377654547
13835 4.00277736869661
13838 2.3163784151263815
13891 2.4263701154319968
13961 4.00277736869661
14008 2.001297368486486
14018 6.9985096422506015
14044 1.4611753752320646
14112 4.00277736869661
14236 6.305362461690656
14237 -2.09174504491248
14242 2.5326015235960173
14267 -2.6765857531946056
14306 6.9985096422506015
14381 0.457735330796197
14416 0.7739512129752414
14445 6.9985096422506015
14463 1.67063347346102
14585 6.9985096422506015
14588 2.0785287164224764
14751 6.305362461690656
14901 2.5326015235960173
14906 0.4013639403639497
14908 4.953442130403122
14915 6.9985096422506015
15003 4.695924549256556
15020 3.086486636822455
15037 2.3163784151263815
15138 6.9985096422506015
15155 0.6904112007410705
15167 6.9985096422506015
15280 5.612215281130711
15292 4.42203579893711
15294 5.389071729816501
15306 0.7199882180847567
15332 -15.523117301456201
15397 2.001297368486486
15418 2.1233123190494494
15453 2.236335707452845
15471 1.3881216796572402
15578 1.7945029551738059
15612 4.165296298194385
15677 1.5779746429783155
15827 5.732739921054652
15828 4.372591176784123
15862 3.9074671888922854
