246
19 4.165296298194385
194 0.7699986386594181
254 2.498699971920336
500 2.1701959049483
592 4.8892655013001205
1018 3.7796338173824005
1060 0.12433381283310307
1364 5.8998973535824915
1772 5.052599493195288
1820 3.3875917296063767
1957 1.8223599096767722
1994 12.610724923381312
2049 2.37353682896633
2064 4.6943629160890845
2087 5.775271556154579
2224 5.943689416307031
2269 3.7372218546550555
2328 5.982352914036261
2334 0.7939518796819108
2402 4.513602992462601
2424 2.219386149139072
2450 -1.2217137914072214
2484 1.3149298749119196
2538 4.267681617312855
2597 2.1157077196642304
2674 1.0272478024601386
2787 3.1918471524802814
2820 4.8892655013001205
2862 2.9381611094783557
2913 1.720394983020084
2920 1.3590830570083334
2951 5.612215281130711
2959 5.936843246369504
3062 2.8396265588909295
3143 2.219386149139072
3206 6.9985096422506015
3208 6.9985096422506015
3215 1.179961702382206
3258 6.9985096422506015
3300 5.389071729816501
3318 5.612215281130711
3455 4.919068100570765
3545 3.009525595686327
3578 0.6015799870344548
3598 3.4998814949012527
3635 1.5779746429783155
3840 1.2980660688599148
3906 2.973157951515452
4070 2.2137308608496604
4208 1.5220460903190904
4241 2.4033897921160112
4391 3.260840023967233
4399 5.612215281130711
4416 2.727440078162703
4467 4.22592092001082
4522 1.5621428859278648
4613 2.211017899468555
4631 3.9539872045271784
4646 1.8686109273275278
4750 0.33155284982139466
4914 1.4339892349279078
4956 4.827084327160058
5038 6.9985096422506015
5151 2.555858385760285
5154 2.4446327506500602
5156 2.211017899468555
5293 3.4431615807611875
5331 3.2373095265570386
5402 4.919068100570765
5484 1.8928409466523688
5517 1.6232312345664361
5554 4.216321028057695
5630 0.5957691889508101
5680 1.5913378707904824
5711 2.6290617897835795
5812 3.1698682457615064
5874 2.579669034454003
5973 1.4770487243883548
5983 1.9878743481543455
6057 7.640911623805311
6079 3.502002080784121
6130 3.0666840095262753
6151 5.630090646958978
6234 2.6290617897835795
6250 1.7727629685373998
6351 2.8088549002241754
6433 0.5154022907934025
6447 2.576165249751463
6468 3.1483620405405426
6506 5.052599493195288
6567 2.579669034454003
6751 2.5441623459970937
6908 1.6768847312989907
7104 -2.6539516666051686
7299 2.8553749158590684
7306 2.4876501357337513
7482 1.8055527913603908
7487 1.8167260919585162
7497 0.7014003223166658
7605 5.389071729816501
7731 2.001297368486486
7764 1.7052048175261088
7767 3.414990703794491
7813 2.0291467231268214
7846 2.7218435232345457
7887 2.973157951515452
7949 2.5441623459970937
7981 2.0426825846493406
7987 3.666305132075397
7991 2.629859749823839
8031 6.9985096422506015
8043 1.730651483187273
8086 3.3096301881366648
8200 6.9985096422506015
8307 4.433560284789064
8391 5.11171677152057
8523 4.353795814226602
8657 5.8998973535824915
8710 1.102407559418776
8723 1.5262389685791264
8788 2.146479378330984
8822 2.2800107709555064
8928 1.3355491621146554
9122 2.7489842721265254
9154 2.465910149097345
9170 1.2232606457759125
9234 4.22592092001082
9365 1.4972514317058743
9525 4.695924549256556
9537 1.3092584162485406
9559 -1.1647852139696349
9564 6.305362461690656
9567 4.290459441148391
9589 7.8692057154646875
9590 3.3096301881366648
9702 5.389071729816501
9709 3.246922738929498
9728 3.21432000833234
9779 5.501171004981262
9817 1.3183370332335338
9970 0.4837969513780714
9979 4.786678912525019
10095 4.433560284789064
10143 6.305362461690656
10325 1.8925641683500207
10329 -0.4201813914191953
10351 9.83813620114153
10393 1.9746291214043248
10522 2.9911764570181303
10742 5.367070468227541
10751 0.7939518796819108
10760 5.389071729816501
10776 4.513602992462601
10868 -0.18536107281185138
10872 1.6048820958982397
11023 2.576165249751463
11032 1.087712998210074
11034 1.5958322603783217
11102 0.6652300141109108
11105 4.22592092001082
11165 2.1863252868781835
11170 2.5676928434072877
11218 0.5720211847929105
11299 -2.6059138093296896
11334 1.994563336305142
11362 4.00277736869661
11370 8.45184184002164
11381 5.612215281130711
11481 3.237224577420283
11524 3.0357414378172196
11580 2.5441623459970937
11649 5.8998973535824915
11677 1.7255100836868542
11769 1.6466515087745348
11804 3.7796338173824005
11825 2.9041650800285006
11889 2.7790019370744945
11900 4.099499503744866
11907 4.86832290156553
11969 2.274701391239495
11980 5.8998973535824915
11984 2.4237986637472186
12022 0.40409618250082274
12057 2.10066984229969
12060 1.5220460903190904
12102 3.9539872045271784
12183 4.8012850649143815
12404 1.485080896085619
12407 1.67038967643192
12450 3.1483620405405426
12508 2.262311193856106
12723 2.288979440938267
12793 2.87137525720551
12796 5.8419443966897635
12801 1.9109133070182172
12803 2.727440078162703
12805 18.568460857479415
12976 3.9539872045271784
13019 11.799794707164983
13189 1.8745456628473423
13302 4.359452312635343
13316 3.047265923669174
13319 1.8055527913603908
13553 -0.37046075994419203
13559 10.693567313296365
13580 6.305362461690656
13613 3.6222476728196926
13657 5.8998973535824915
13672 1.5262389685791264
13683 3.0666840095262753
13708 3.9539872045271784
13718 1.3425178314307487
13805 4.8012850649143815
13817 3.5645224377654547
13891 1.8197775865739976
14174 1.7945029551738059
14214 5.612215281130711
14237 -0.6972483483041599
14392 3.7796338173824005
14463 1.67063347346102
14516 2.1782280766455644
14563 2.6418008155610093
14656 1.1405764877671418
14901 2.5326015235960173
14906 0.4013639403639497
15020 3.086486636822455
15037 2.3163784151263815
15123 10.778143459633002
15209 2.579669034454003
15241 1.7462362142039713
15259 2.6641659082763383
15280 5.612215281130711
15292 2.211017899468555
15306 0.7199882180847567
15322 6.9985096422506015
15373 1.628721502626236
15471 0.6940608398286201
15517 1.886521853894058
15538 3.8204558119026557
15669 2.162227735299123
15677 1.5779746429783155
15771 0.023095714794649395
15816 3.9539872045271784
15827 7.643653228072869
15828 4.372591176784123
15862 3.9074671888922854
