247
78 6.9985096422506015
170 3.7796338173824005
521 1.8986432144264027
607 2.5211728277723946
779 5.612215281130711
787 2.035665011990694
937 4.433560284789064
1060 0.06216690641655154
1171 2.9209721983448818
1310 3.7796338173824005
1379 0.5370414658968836
1668 6.9985096422506015
1686 1.1549652252192415
1827 16.836645843392134
1871 3.5645224377654547
1896 1.7835738846416156
1902 4.029806041084529
1990 8.33059259638877
2036 1.9486536350010641
2162 3.1698682457615064
2290 6.305362461690656
2334 1.5879037593638217
2357 2.3747372985478017
2424 4.438772298278144
2446 2.5326015235960173
2450 -0.6108568957036107
2467 6.9985096422506015
2519 8.451209724246983
2536 5.350721653924847
2562 5.612215281130711
2628 9.027205984925201
2631 0.21292199724267172
2657 3.3609234825242154
2690 3.1483620405405426
2833 3.666305132075397
2851 6.9985096422506015
2920 0.6795415285041667
2935 0.6320391945191633
2959 1.1873686492739008
3458 5.389071729816501
3598 1.1666271649670843
3700 2.5894543351888
3736 3.086486636822455
3737 1.8055527913603908
3759 2.4033897921160112
3820 1.7890234894091803
3840 1.2980660688599148
4221 4.290459441148391
4222 2.3256808077886952
4265 3.5327737394508745
4279 5.052599493195288
4366 1.9878743481543455
4522 0.2603571476546441
4537 1.0196238773494795
4542 5.052599493195288
4613 4.42203579893711
4621 2.7218435232345457
4625 1.8452180477528222
4660 3.9074671888922854
4750 0.6631056996427893
4751 3.414990703794491
4774 6.305362461690656
4814 5.206750173022546
4878 1.3672978604292356
4964 1.6918893703894442
4970 1.9746291214043248
4976 2.288979440938267
5014 2.3541187431092285
5029 3.2373095265570386
5030 6.9985096422506015
5047 6.669895992241909
5113 6.305362461690656
5151 2.555858385760285
5173 7.405345552492545
5392 2.130975191795019
5484 3.7856818933047376
5630 0.11915383779016203
5744 4.433560284789064
5799 4.919068100570765
5861 2.750014400201242
5874 5.159338068908006
5993 0.8521803845817039
6043 3.182675741580965
6064 2.138697237888929
6088 1.2146844599208637
6122 3.502002080784121
6140 2.211017899468555
6156 1.8000126109847754
6165 3.3096301881366648
6216 2.3933394562625097
6222 31.240501038135278
6389 3.1273086313427103
6402 1.4112609838503516
6447 1.2880826248757316
6526 6.9985096422506015
6548 2.0785287164224764
6553 3.8204558119026557
6595 2.4237986637472186
6819 1.7153059135126125
7025 1.0095482253607377
7104 -2.6539516666051686
7224 4.22592092001082
7401 1.886521853894058
7497 0.7014003223166658
7534 4.971069714654756
7613 4.290459441148391
7622 2.764403137653342
7775 4.22592092001082
7826 3.1273086313427103
7827 3.414990703794491
7887 2.973157951515452
7923 6.9985096422506015
7932 1.8745456628473423
7949 2.5441623459970937
7991 1.3149298749119196
7993 4.00277736869661
8007 3.809518882887678
8043 1.730651483187273
8096 1.4533321977710387
8115 5.612215281130711
8142 5.808330160057001
8236 4.600614369452231
8253 6.9985096422506015
8283 8.66290733423187
8337 1.9550845253313545
8432 3.3875917296063767
8439 0.4690908039883759
8514 10.040385277359325
8523 1.4512652714088672
8531 6.9985096422506015
8695 3.910169050662709
8708 1.4810567457858934
8710 1.102407559418776
8712 3.3349479961209547
8731 2.0286963426746007
8745 2.5441623459970937
8816 1.7255100836868542
8856 2.3163784151263815
8928 1.3355491621146554
8957 5.052599493195288
9122 1.3744921360632627
9353 4.953442130403122
9400 3.1273086313427103
9537 2.618516832497081
9559 -0.6655915508397914
9589 2.6230685718215625
9612 6.305362461690656
9698 1.9878743481543455
9728 6.42864001666468
9733 4.340026546449325
9752 3.5327737394508745
9817 1.3183370332335338
9876 2.6944445490464313
9970 0.9675939027561428
10030 2.413542163580029
10095 8.867120569578129
10127 5.8998973535824915
10302 2.6290617897835795
10306 2.15432255579201
10326 0.5230769255465112
10447 0.6099482367049713
10473 1.7781538171722764
10556 3.9539872045271784
10561 1.6003469407328483
10753 2.7790019370744945
10754 3.1698682457615064
10825 2.0149030205422647
10856 4.433560284789064
10886 2.87137525720551
10889 3.086486636822455
11023 1.2880826248757316
11032 1.087712998210074
11102 1.3304600282218215
11110 4.051227595840057
11218 1.144042369585821
11299 -1.0423655237318759
11304 1.2054960338664575
11347 5.861116243888673
11384 3.3609234825242154
11393 3.2849375755462935
11445 3.740413104229119
11453 2.727440078162703
11481 3.237224577420283
11485 3.3875917296063767
11646 2.3541187431092285
11790 2.2449194511442365
11881 5.41610040220442
11907 7.302484352348294
11952 9.574993562269931
11969 1.5164675941596633
12022 2.0204809125041137
12028 2.591790394986348
12030 4.600614369452231
12093 1.6803896484063847
12118 6.305362461690656
12129 3.3349479961209547
12377 4.038061385945852
12455 -0.2152586658680402
12790 3.0191438321878294
12803 4.091160117244055
12805 5.5705382572438245
12820 6.669895992241909
12826 1.2619373447714093
13045 1.886521853894058
13080 2.436903055050322
13163 6.9985096422506015
13189 1.8745456628473423
13298 6.305362461690656
13359 2.6290617897835795
13411 2.8088549002241754
13412 7.529619817555384
13471 2.6040604875781623
13520 16.836645843392134
13553 -1.111382279832576
13681 2.498699971920336
13740 4.359452312635343
13897 2.7218435232345457
13920 4.05407066308416
13930 1.3601549729168554
13987 6.9985096422506015
14237 -0.6972483483041599
14308 2.0640357091199095
14352 0.9464204733261844
14381 0.915470661592394
14507 1.8510151654371483
14590 1.8337236683270872
14656 1.1405764877671418
14891 4.22592092001082
14906 0.4013639403639497
14914 3.3096301881366648
15187 5.983690008915426
15234 6.305362461690656
15240 3.414990703794491
15253 4.919068100570765
15292 2.211017899468555
15332 -13.970805571310581
15358 2.579669034454003
15373 4.886164507878708
15471 1.3881216796572402
15538 7.640911623805311
15578 3.5890059103476117
15622 2.363780654020965
15721 5.389071729816501
15735 2.938066631704182
15771 0.06928714438394819
15827 5.732739921054652
15828 1.0931477941960308
