224
317 6.9985096422506015
1902 2.0149030205422647
1922 1.6952047341915255
1928 4.9753002714675025
2161 6.9985096422506015
2224 3.962459610871354
2225 8.718904625270685
2230 6.9985096422506015
2271 0.34178311807220957
2351 1.5647876386963615
2369 4.108137884354437
2407 2.236335707452845
2432 4.108137884354437
2450 -6.108568957036107
2485 5.8998973535824915
2538 1.422560539104285
2595 2.5211728277723946
2674 2.054495604920277
2862 1.4690805547391779
2874 3.047265923669174
2901 3.3349479961209547
2920 2.0386245855125003
2948 4.695924549256556
2959 8.311580544917305
2964 0.900435360084361
3090 6.094531847338348
3249 5.500028800402484
3271 4.00277736869661
3363 6.9985096422506015
3374 1.9680717208581657
3407 2.085854756514549
3438 6.9985096422506015
3820 1.7890234894091803
3860 8.718904625270685
4046 5.612215281130711
4053 -0.07476007520910928
4070 1.1068654304248302
4105 5.206750173022546
4167 6.213767871280189
4230 6.0447090616267936
4261 2.262311193856106
4368 4.22592092001082
4371 4.433560284789064
4522 0.2603571476546441
4631 3.9539872045271784
4846 2.021775899830027
4924 3.2849375755462935
4964 1.127926246926296
5110 1.8452180477528222
5116 3.923114079673944
5151 2.555858385760285
5316 2.236335707452845
5350 2.955458374416051
5406 4.513602992462601
5539 1.7153059135126125
5569 4.22592092001082
5630 0.11915383779016203
5643 3.9074671888922854
5839 2.579669034454003
5850 3.047265923669174
5872 2.5441623459970937
5889 2.4033897921160112
5898 3.9074671888922854
6151 2.815045323479489
6433 1.030804581586805
6447 1.2880826248757316
6567 2.579669034454003
6872 1.3047775034479017
6908 1.3415077850391925
6917 6.305362461690656
7104 -1.9904637499538764
7170 1.6186122887101415
7189 3.8630154263214513
7238 4.695924549256556
7286 1.4112609838503516
7311 2.236335707452845
7321 3.3875917296063767
7482 3.6111055827207816
7496 6.9985096422506015
7591 2.0426825846493406
7633 1.8745456628473423
7744 5.8998973535824915
7764 3.4104096350522175
7834 3.5327737394508745
7845 4.847597327494437
7949 2.5441623459970937
7987 3.666305132075397
7991 3.944789624735759
8153 2.8396265588909295
8344 5.612215281130711
8391 5.11171677152057
8444 3.5780469788183606
8514 6.0242311664155945
8523 5.805061085635469
8710 1.6536113391281642
8788 8.585917513323936
8823 3.1066893441399746
8880 3.34126694692204
8946 2.7218435232345457
8979 1.7890234894091803
9007 4.108137884354437
9058 6.305362461690656
9110 2.035665011990694
9151 2.517433460142734
9365 1.4972514317058743
9384 1.3355491621146554
9412 6.9985096422506015
9537 0.6546292081242703
9559 -0.7487904946947653
9573 3.3096301881366648
9589 2.6230685718215625
9590 3.3096301881366648
9607 6.9985096422506015
9698 7.951497392617382
9728 3.21432000833234
9732 6.305362461690656
9970 0.9675939027561428
10040 10.893641436792382
10076 2.750014400201242
10236 6.9985096422506015
10325 1.8925641683500207
10329 -1.0504534785479882
10393 1.9746291214043248
10431 0.7218661529089567
10436 4.290459441148391
10523 4.8012850649143815
10561 1.6003469407328483
10649 4.8012850649143815
10719 5.206750173022546
10742 1.7890234894091803
10749 1.1754637467675824
10751 0.7939518796819108
10868 -0.7414442912474055
11023 1.2880826248757316
11089 1.1549652252192415
11092 5.8998973535824915
11102 3.326150070554554
11106 2.021775899830027
11110 0.8102455191680114
11218 4.004148293550374
11228 3.3096301881366648
11295 3.2373095265570386
11299 -2.0847310474637517
11324 4.695924549256556
11334 1.994563336305142
11362 4.00277736869661
11375 5.362043057428582
11386 2.1157077196642304
11400 3.5327737394508745
11453 2.727440078162703
11461 2.146479378330984
11524 1.5178707189086098
11575 6.9985096422506015
11591 2.7218435232345457
11597 3.0666840095262753
11625 1.457246097092175
11783 4.00277736869661
11784 3.47214911763444
12022 0.40409618250082274
12028 2.591790394986348
12033 5.042345655544789
12034 0.9324015521468534
12060 1.5220460903190904
12063 11.722401566676856
12122 1.1963912668735384
12383 1.2523064517104479
12455 -0.2152586658680402
12783 1.8986432144264027
12792 3.8204558119026557
12803 10.909760312650812
12805 3.713692171495883
12826 1.2619373447714093
12833 0.9630282097258448
13028 4.8012850649143815
13080 0.8123010183501074
13180 3.666305132075397
13189 1.8745456628473423
13272 5.558003874148989
13338 2.5211728277723946
13354 1.8280256472124494
13384 2.0568672196412967
13390 2.236335707452845
13494 3.21432000833234
13553 -0.37046075994419203
13718 4.0275534942922455
13760 7.559267634764801
13891 1.2131850577159984
13993 3.3609234825242154
14044 4.383526125696194
14136 2.962113491571787
14230 4.359452312635343
14237 -4.18349008982496
14252 3.502002080784121
14267 -3.058955146508121
14309 1.5137127087599462
14315 6.019051191372654
14352 0.9464204733261844
14381 0.2288676653980985
14399 3.502002080784121
14416 3.869756064876207
14422 2.1233123190494494
14447 3.1483620405405426
14453 6.829981407588982
14620 6.462967667376029
14626 2.750014400201242
14906 0.8027278807278994
15097 3.6312138122641273
15155 2.0712336022232116
15175 6.9985096422506015
15292 8.84407159787422
15332 -6.209246920582481
15413 1.2781978656431896
15471 0.6940608398286201
15484 2.9911764570181303
15524 5.206750173022546
15586 5.612215281130711
15685 3.486561832545665
15771 0.023095714794649395
15794 2.5676928434072877
15798 4.695924549256556
15827 7.643653228072869
15828 7.652034559372216
15856 6.9985096422506015
15862 3.9074671888922854
