352
241 1.6902419448493964
391 4.513602992462601
486 2.70805020110221
512 2.0785287164224764
529 4.695924549256556
927 2.0785287164224764
978 2.298029276458185
1839 2.093234863812172
1889 3.414990703794491
1902 2.0149030205422647
1909 2.8876357780772897
2225 4.359452312635343
2247 2.219386149139072
2334 0.7939518796819108
2407 2.236335707452845
2450 -2.4434275828144427
2597 2.1157077196642304
2638 2.130975191795019
2755 3.260840023967233
2787 3.1918471524802814
2806 12.610724923381312
2913 1.720394983020084
2920 2.0386245855125003
2959 5.936843246369504
2963 4.05407066308416
2964 5.402612160506166
3077 5.612215281130711
3079 6.9985096422506015
3090 3.047265923669174
3100 8.381451068578906
3110 2.8876357780772897
3177 6.9985096422506015
3198 4.359452312635343
3215 1.7699425535733089
3240 3.5645224377654547
3366 4.695924549256556
3394 3.047265923669174
3449 1.9647049651044954
3454 10.416447352903319
3516 6.235586149267429
3553 5.612215281130711
3570 6.9985096422506015
3578 0.6015799870344548
3657 2.6164830075767194
3658 5.876133263408364
3820 3.5780469788183606
3823 4.8012850649143815
3840 2.5961321377198296
3901 2.363780654020965
3906 2.973157951515452
3923 3.1273086313427103
3982 1.0769312226067855
4070 2.2137308608496604
4202 4.05407066308416
4226 3.3609234825242154
4291 4.108137884354437
4321 5.710749831718137
4367 6.9985096422506015
4485 6.9985096422506015
4486 22.448861124522843
4500 2.8396265588909295
4522 1.3017857382732205
4531 2.681021528714291
4555 6.305362461690656
4586 3.009525595686327
4613 2.211017899468555
4616 1.8925641683500207
4619 3.2849375755462935
4716 12.610724923381312
4750 0.994658549464184
4777 8.718904625270685
4846 2.021775899830027
4866 2.5211728277723946
4909 1.4690805547391779
4956 2.413542163580029
4970 1.9746291214043248
5006 3.086486636822455
5014 2.3541187431092285
5017 6.521680047934466
5019 4.290459441148391
5025 5.052599493195288
5027 6.9985096422506015
5039 2.735829765209286
5111 3.21432000833234
5173 3.7026727762462723
5283 3.2849375755462935
5316 2.236335707452845
5331 3.2373095265570386
5339 1.1784267118982394
5384 4.05407066308416
5418 4.00277736869661
5517 1.6232312345664361
5554 4.216321028057695
5555 2.4033897921160112
5628 5.389071729816501
5630 0.3574615133704861
5641 4.359452312635343
5666 3.47214911763444
5731 2.8876357780772897
5782 4.919068100570765
5790 5.8998973535824915
5809 2.363780654020965
5812 3.1698682457615064
5895 2.4033897921160112
5900 5.710749831718137
5901 9.820859439922389
5986 3.3609234825242154
6043 3.182675741580965
6088 1.2146844599208637
6123 4.577958881876534
6130 3.0666840095262753
6206 4.22592092001082
6235 1.2270685191205855
6262 3.4431615807611875
6335 2.476721065201561
6400 4.919068100570765
6402 2.822521967700703
6433 0.5154022907934025
6455 4.8012850649143815
6583 0.8629447511688624
6586 2.288979440938267
6657 2.138697237888929
6718 3.9539872045271784
6729 2.1944885975173447
6828 11.589046278964354
6872 3.914332510343705
6908 1.0061308387793944
6971 3.597312260588446
6993 4.05407066308416
7006 4.05407066308416
7025 1.0095482253607377
7104 -5.971391249861629
7118 3.1273086313427103
7197 3.461302966374546
7203 3.1066893441399746
7338 4.8012850649143815
7379 4.22592092001082
7401 1.886521853894058
7424 3.3609234825242154
7459 6.583465792552034
7497 1.4028006446333317
7647 3.3096301881366648
7657 6.9985096422506015
7770 4.165296298194385
7778 5.8998973535824915
7930 6.9985096422506015
7935 2.335070548138534
8083 6.9985096422506015
8085 4.108137884354437
8086 3.3096301881366648
8130 5.206750173022546
8190 4.433560284789064
8199 6.019051191372654
8262 2.0712559570933964
8301 2.413542163580029
8312 6.9985096422506015
8313 17.699692060747473
8458 6.9985096422506015
8459 6.305362461690656
8514 2.008077055471865
8523 2.176897907113301
8718 2.824122372354964
8736 4.7734986933364505
8743 4.433560284789064
8816 8.627550418434272
8822 2.2800107709555064
8880 5.01190042038306
8886 2.6163003758530814
8977 2.6290617897835795
8978 3.2280291589230243
8979 3.5780469788183606
8983 4.22592092001082
9006 4.108137884354437
9044 3.8630154263214513
9106 1.0850066366123312
9110 2.035665011990694
9151 8.81101711049957
9170 1.8348909686638688
9175 3.597312260588446
9208 53.48638136663718
9290 10.778143459633002
9310 3.4431615807611875
9353 2.476721065201561
9384 2.6710983242293107
9428 2.498699971920336
9507 6.9985096422506015
9537 1.3092584162485406
9554 1.271661894663404
9559 -3.244758810343983
9603 11.224430562261421
9709 2.164615159286332
9711 1.8686109273275278
9733 2.1700132732246624
9779 1.8337236683270872
9861 5.8998973535824915
9876 2.6944445490464313
9909 5.052599493195288
9970 0.9675939027561428
9974 3.8630154263214513
9979 4.786678912525019
10008 2.0568672196412967
10114 1.3014161557451966
10196 2.5211728277723946
10221 2.434161450782765
10287 3.009525595686327
10326 0.5230769255465112
10328 6.9985096422506015
10422 1.4175881426832082
10446 3.1483620405405426
10447 2.4397929468198853
10556 3.9539872045271784
10739 9.49414731586532
10751 3.1758075187276433
10752 4.513602992462601
10762 6.9985096422506015
10767 22.448861124522843
10768 6.9985096422506015
10774 9.027205984925201
10825 2.0149030205422647
10828 4.919068100570765
10868 -0.7414442912474055
10906 2.035665011990694
10979 12.426757376559898
11032 1.087712998210074
11057 2.555858385760285
11059 5.052599493195288
11102 1.3304600282218215
11110 4.051227595840057
11140 4.30864511158402
11165 4.372650573756367
11168 1.2781978656431896
11189 6.9985096422506015
11204 6.9985096422506015
11218 1.7160635543787315
11299 -3.6482793330615655
11344 3.1483620405405426
11356 4.8012850649143815
11394 4.165296298194385
11416 2.1782280766455644
11444 2.434161450782765
11481 3.237224577420283
11522 2.555858385760285
11567 5.612215281130711
11570 1.1933746733341126
11677 1.7255100836868542
11783 8.00555473739322
11785 1.9680717208581657
11790 2.2449194511442365
11840 1.6902419448493964
11879 6.9985096422506015
11900 2.049749751872433
11907 2.434161450782765
11947 3.0282177286984795
11969 1.5164675941596633
12014 2.9911764570181303
12023 3.6312138122641273
12028 2.591790394986348
12060 1.5220460903190904
12070 2.87137525720551
12150 6.9985096422506015
12183 4.8012850649143815
12210 3.1698682457615064
12377 1.3460204619819507
12455 -2.3678453245484423
12508 4.524622387712212
12610 2.4237986637472186
12801 7.643653228072869
12803 4.091160117244055
12853 2.304141734385754
12972 2.8553749158590684
13045 1.886521853894058
13075 3.9539872045271784
13080 2.436903055050322
13104 3.2373095265570386
13161 6.9985096422506015
13166 6.9985096422506015
13189 9.372728314236712
13216 7.262427624528255
13272 2.7790019370744945
13281 5.612215281130711
13288 4.05407066308416
13319 5.416658374081172
13368 11.799794707164983
13390 2.236335707452845
13401 2.465910149097345
13411 2.8088549002241754
13547 3.2006938814656967
13613 3.6222476728196926
13681 2.498699971920336
13718 4.0275534942922455
13750 2.162227735299123
13767 5.309408440793835
13843 2.1782280766455644
13891 1.2131850577159984
13955 5.612215281130711
13993 3.3609234825242154
14044 1.4611753752320646
14135 4.708237486218457
14136 1.4810567457858934
14195 1.7781538171722764
14230 4.359452312635343
14237 -3.4862417415207996
14241 5.052599493195288
14267 -2.6765857531946056
14308 2.0640357091199095
14337 5.612215281130711
14346 5.389071729816501
14381 0.2288676653980985
14463 1.67063347346102
14470 3.7796338173824005
14490 3.3096301881366648
14507 7.404060661748593
14544 3.666305132075397
14588 4.157057432844953
14682 1.5431885268928998
14692 2.8396265588909295
14744 3.4431615807611875
14765 5.8998973535824915
14830 2.7790019370744945
15020 3.086486636822455
15187 1.994563336305142
15223 5.612215281130711
15259 1.3320829541381691
15288 3.21432000833234
15289 5.052599493195288
15292 4.42203579893711
15306 0.7199882180847567
15313 1.917105277266138
15332 -24.836987682329923
15341 3.1838965002507154
15371 4.8012850649143815
15373 3.257443005252472
15415 2.824122372354964
15471 2.08218251948586
15472 2.735829765209286
15517 3.773043707788116
15518 1.880515829833846
15578 5.383508865521417
15600 6.019051191372654
15669 2.162227735299123
15677 1.5779746429783155
15685 1.7432809162728324
15727 4.433560284789064
15731 2.9911764570181303
15735 2.938066631704182
15771 0.09238285917859758
15814 2.262311193856106
15816 7.907974409054357
15822 6.9985096422506015
15824 6.9985096422506015
15827 3.8218266140364343
15828 4.372591176784123
