1185
173 9.027205984925201
194 1.5399972773188362
401 3.1698682457615064
493 3.1698682457615064
521 1.8986432144264027
532 3.4431615807611875
551 3.9074671888922854
567 5.8998973535824915
578 3.740413104229119
592 2.4446327506500602
626 4.359452312635343
730 2.298029276458185
800 2.434161450782765
874 3.2849375755462935
879 7.332610264150794
1018 7.559267634764801
1835 9.83813620114153
1838 10.244972111383474
1839 14.652644046685204
1852 4.433560284789064
1856 6.305362461690656
1864 27.425393313022564
1871 3.5645224377654547
1884 1.9486536350010641
1887 5.8998973535824915
1891 13.801843108356692
1893 1.7567626271909589
1896 5.350721653924847
1906 7.194624521176892
1922 10.171228405149153
1923 6.633053698405666
1924 4.577958881876534
1928 7.462950407201253
1940 5.3888890980928625
1946 5.612215281130711
1957 36.44719819353544
1959 6.9985096422506015
1979 3.9539872045271784
1990 8.33059259638877
1997 3.009525595686327
1999 7.065547478901749
2002 5.206750173022546
2019 16.411845044651546
2022 6.9985096422506015
2025 16.66118519277754
2030 3.3349479961209547
2031 6.305362461690656
2036 3.8973072700021283
2049 28.48244194759596
2050 6.305362461690656
2051 10.67110520785708
2064 7.8239381934818075
2070 1.4730567031188173
2103 4.8892655013001205
2217 2.4876501357337513
2224 7.924919221742708
2233 3.260840023967233
2240 9.93705234171474
2247 2.219386149139072
2269 18.686109273275278
2270 6.9985096422506015
2271 2.7342649445776765
2276 6.305362461690656
2327 7.814934377784571
2334 13.497181954592484
2357 4.749474597095603
2392 6.9985096422506015
2404 8.33059259638877
2405 4.600614369452231
2407 4.47267141490569
2411 8.718904625270685
2437 12.32441365306331
2443 4.00277736869661
2445 4.513602992462601
2450 -58.03140509184301
2452 2.1782280766455644
2453 16.836645843392134
2458 2.162227735299123
2461 7.004004161568242
2483 6.9985096422506015
2484 6.574649374559598
2487 12.32441365306331
2536 5.350721653924847
2540 10.778143459633002
2576 4.22592092001082
2586 3.3096301881366648
2593 4.433560284789064
2595 5.042345655544789
2628 4.513602992462601
2629 6.9985096422506015
2640 2.735829765209286
2652 4.108137884354437
2653 5.389071729816501
2669 1.8223599096767722
2674 1.0272478024601386
2690 3.1483620405405426
2705 4.997372546955697
2747 10.778143459633002
2753 6.9985096422506015
2755 3.260840023967233
2770 5.612215281130711
2787 19.151082914881687
2810 7.194624521176892
2820 4.8892655013001205
2822 4.695924549256556
2862 8.814483328435067
2873 4.22592092001082
2874 6.094531847338348
2919 6.583465792552034
2920 21.065787383629168
2924 12.172178056047604
2935 2.5281567780766534
2964 9.00435360084361
2981 4.00277736869661
3048 10.039493090073845
3051 4.919068100570765
3052 9.711928579671117
3053 12.610724923381312
3057 8.94534282981138
3062 5.679253117781859
3082 33.60899545440067
3100 2.7938170228596353
3143 4.438772298278144
3170 4.513602992462601
3205 3.1273086313427103
3215 0.589980851191103
3228 7.814934377784571
3240 14.258089751061819
3265 13.659962815177964
3268 6.9985096422506015
3270 4.695924549256556
3271 8.00555473739322
3279 9.201228738904462
3281 5.052599493195288
3293 3.6312138122641273
3306 6.9985096422506015
3329 5.943689416307031
3350 5.8998973535824915
3374 11.808430325148993
3395 18.783698197026222
3436 4.695924549256556
3448 6.254617262685421
3449 19.647049651044956
3454 3.47214911763444
3481 5.052599493195288
3506 4.102827641000005
3510 6.9985096422506015
3578 7.218959844413458
3586 3.2849375755462935
3598 3.4998814949012527
3614 10.064796078645514
3633 8.33059259638877
3635 1.5779746429783155
3646 2.5676928434072877
3654 3.4431615807611875
3657 2.6164830075767194
3684 18.402457477808923
3690 4.491754295117623
3700 9.0630901731608
3709 5.808330160057001
3737 9.027763956801953
3739 4.00277736869661
3782 7.405345552492545
3788 11.000057600804968
3789 5.612215281130711
3804 2.750014400201242
3814 4.47267141490569
3820 10.734140936455082
3827 3.2849375755462935
3830 5.389071729816501
3836 4.165296298194385
3848 6.305362461690656
3862 15.333420047631376
3877 9.50960473728452
3881 6.305362461690656
3896 1.403798262648762
3898 18.283595542015043
3901 11.818903270104826
3923 6.254617262685421
3974 3.3875917296063767
3985 10.039493090073845
3989 5.389071729816501
3990 18.403432528485055
4019 9.83813620114153
4021 6.02179279564021
4053 -0.07476007520910928
4070 4.427461721699321
4075 3.597312260588446
4110 8.293209412960024
4156 3.086486636822455
4183 8.718904625270685
4184 5.8998973535824915
4192 12.610724923381312
4193 4.919068100570765
4205 3.666305132075397
4214 7.3977304472920355
4219 1.7567626271909589
4222 9.302723231154781
4223 8.745301147512734
4232 6.977042423366086
4249 5.8998973535824915
4253 4.22592092001082
4261 2.262311193856106
4281 4.695924549256556
4283 4.8012850649143815
4286 8.523900767180075
4302 1.8000126109847754
4307 5.648244744709928
4310 4.290459441148391
4314 11.057612550613367
4321 14.276874579295342
4333 8.790720921138487
4341 2.6547042203969173
4361 15.452061705285805
4363 3.7796338173824005
4366 1.9878743481543455
4402 9.83813620114153
4405 4.038061385945852
4412 3.086486636822455
4416 4.091160117244055
4417 6.383694304960563
4423 7.726030852642903
4427 14.389249042353784
4448 9.391849098513111
4460 6.9985096422506015
4472 11.108018328738817
4474 5.389071729816501
4476 3.740413104229119
4481 6.439438134992953
4487 3.1066893441399746
4508 4.108137884354437
4522 4.946785805438238
4523 6.9985096422506015
4533 9.259459910467365
4534 4.433560284789064
4536 13.54025100551105
4551 11.722401566676856
4586 6.019051191372654
4592 12.112870914793918
4593 3.9074671888922854
4613 35.37628639149688
4616 7.570256673400083
4620 4.165296298194385
4621 5.443687046469091
4624 6.305362461690656
4652 6.9985096422506015
4695 5.74275051441102
4696 10.778143459633002
4709 4.695924549256556
4711 1.9296054400303697
4750 0.6631056996427893
4772 6.305362461690656
4783 2.1782280766455644
4819 6.9985096422506015
4820 6.305362461690656
4846 20.21775899830027
4852 8.81101711049957
4857 26.926327442214152
4858 6.9985096422506015
4863 16.21628265233664
4866 2.5211728277723946
4876 2.2449194511442365
4878 16.407574325150826
4882 4.261950383590038
4894 9.201228738904462
4914 1.4339892349279078
4921 6.9985096422506015
4922 8.718904625270685
4935 6.9985096422506015
4963 16.753376193837568
4964 1.127926246926296
4989 1.3355491621146554
4992 9.782520071901699
5014 2.3541187431092285
5019 4.290459441148391
5043 3.502002080784121
5046 2.236335707452845
5055 2.2278250177849364
5067 8.911300071139745
5070 4.108137884354437
5073 4.290459441148391
5083 4.720678874307596
5087 6.9985096422506015
5093 9.602570129828763
5101 3.414990703794491
5103 10.244972111383474
5110 3.6904360955056443
5111 6.42864001666468
5116 25.500241517880635
5117 6.9985096422506015
5118 6.9985096422506015
5119 2.3933394562625097
5150 9.391849098513111
5151 7.667575157280854
5154 4.8892655013001205
5155 3.3096301881366648
5169 6.9985096422506015
5171 11.224430562261421
5172 22.568014962313004
5207 21.556286919266004
5208 5.135385686814575
5272 3.597312260588446
5280 4.919068100570765
5283 3.2849375755462935
5284 7.1290448755309095
5316 13.418014244717071
5318 15.533446720699873
5326 3.1483620405405426
5330 4.05407066308416
5339 38.8880814926419
5432 6.886323161522375
5436 2.8876357780772897
5484 3.7856818933047376
5491 3.597312260588446
5517 3.2464624691328723
5518 4.760590771186684
5525 3.3096301881366648
5534 3.3875917296063767
5539 24.014282789176576
5554 8.43264205611539
5555 12.016948960580056
5581 18.40010405715765
5587 10.13040609438407
5590 1.4533321977710387
5595 12.610724923381312
5596 3.5645224377654547
5630 0.23830767558032406
5652 6.6192603762733295
5666 3.47214911763444
5687 2.0785287164224764
5693 6.305362461690656
5710 5.612215281130711
5712 6.305362461690656
5716 4.695924549256556
5722 6.721846965048431
5730 4.108137884354437
5735 7.004004161568242
5736 28.088549002241756
5737 3.740413104229119
5750 10.413500346045092
5758 7.332610264150794
5781 6.305362461690656
5791 6.9985096422506015
5793 6.9985096422506015
5794 4.8012850649143815
5807 4.00277736869661
5839 2.579669034454003
5848 4.108137884354437
5861 11.000057600804968
5872 10.176649383988375
5874 5.159338068908006
5879 13.078356937906028
5889 2.4033897921160112
5895 16.823728544812077
5898 7.814934377784571
5901 4.910429719961194
5902 4.05407066308416
5905 1.7835738846416156
5929 6.6192603762733295
5930 5.052599493195288
5934 40.426900893082056
5938 5.612215281130711
5944 3.8204558119026557
5954 4.8012850649143815
5955 4.86832290156553
5959 6.94429823526888
5964 3.1273086313427103
5965 3.740413104229119
5987 4.433560284789064
5999 2.5098732725184614
6004 3.1066893441399746
6005 3.666305132075397
6012 3.740413104229119
6026 2.66777630196427
6043 1.5913378707904824
6049 14.249655083934858
6055 3.7796338173824005
6064 2.138697237888929
6065 4.22592092001082
6078 5.11171677152057
6079 10.506006242352363
6088 3.644053379762591
6130 3.0666840095262753
6140 2.211017899468555
6151 16.890271940876936
6156 12.600088276893427
6169 7.210169376348034
6172 4.919068100570765
6216 7.180018368787529
6219 6.894087829374555
6223 2.8088549002241754
6228 1.2947271675944
6234 7.887185369350739
6235 7.362411114723512
6236 5.8419443966897635
6242 2.9041650800285006
6250 3.5455259370747996
6277 4.22592092001082
6282 4.919068100570765
6283 3.5327737394508745
6336 6.305362461690656
6351 5.617709800448351
6371 4.359452312635343
6389 3.1273086313427103
6392 6.305362461690656
6400 4.919068100570765
6402 1.4112609838503516
6403 6.9985096422506015
6427 6.9985096422506015
6433 6.1848274895208295
6447 10.304660999005852
6448 5.8998973535824915
6453 4.8012850649143815
6461 4.919068100570765
6467 18.02862011109881
6469 18.054411969850403
6482 4.22592092001082
6491 4.600614369452231
6548 12.471172298534858
6555 20.93823519912691
6556 6.9985096422506015
6558 4.359452312635343
6586 20.600814968444404
6588 4.919068100570765
6628 12.767388609921126
6636 9.201228738904462
6657 8.554788951555716
6673 20.01388684348305
6688 1.8925641683500207
6696 4.513602992462601
6729 2.1944885975173447
6754 8.417163240396606
6757 11.799794707164983
6759 10.778143459633002
6760 6.9985096422506015
6776 3.884527673804586
6819 6.86122365405045
6848 12.16221198925248
6856 9.85481272663888
6872 18.266885048270623
6887 11.52070867192877
6891 6.305362461690656
6902 6.9985096422506015
6908 2.683015570078385
6919 35.564013477607126
6920 12.610724923381312
6945 6.9985096422506015
6970 10.931626434390918
6971 3.597312260588446
6972 11.861961613581535
6977 5.389071729816501
6983 3.414990703794491
6990 6.305362461690656
6991 12.610724923381312
7019 6.392925575385057
7025 2.0190964507214755
7044 1.880515829833846
7054 19.315077131607257
7057 3.2849375755462935
7058 7.405345552492545
7065 5.208120975156325
7072 3.8973072700021283
7073 6.9985096422506015
7076 70.59068207270018
7087 6.9985096422506015
7104 -15.26022208297972
7129 39.35254480456612
7130 6.9985096422506015
7131 6.9985096422506015
7152 3.8204558119026557
7157 3.8630154263214513
7167 6.9985096422506015
7170 9.711673732260849
7177 12.67776276003246
7181 9.782520071901699
7197 6.922605932749092
7201 5.8998973535824915
7203 3.1066893441399746
7209 5.206750173022546
7215 18.756394336744624
7238 4.695924549256556
7263 5.389071729816501
7265 53.40579249660768
7268 4.8012850649143815
7273 6.9985096422506015
7274 12.266736038105101
7311 2.236335707452845
7312 4.632756830252763
7316 3.1273086313427103
7336 16.167215189449504
7344 3.2650672544574997
7356 15.620250519067639
7358 5.8998973535824915
7374 5.389071729816501
7379 4.22592092001082
7424 3.3609234825242154
7427 3.9074671888922854
7452 4.513602992462601
7457 4.919068100570765
7458 3.502002080784121
7459 8.777954390069379
7482 3.6111055827207816
7497 2.1042009669499975
7509 6.9985096422506015
7519 16.21628265233664
7527 8.043064586142872
7534 13.670441715300578
7540 6.9985096422506015
7542 5.8998973535824915
7543 4.919068100570765
7569 2.0341908619922413
7570 6.9985096422506015
7578 0.5215372793609184
7591 2.0426825846493406
7622 5.528806275306684
7623 10.004843988362865
7624 26.601361708734387
7627 6.305362461690656
7640 8.00555473739322
7653 26.945358649082504
7656 6.9985096422506015
7688 15.432433184112275
7699 3.7796338173824005
7710 6.9985096422506015
7713 9.320068032419924
7724 7.194624521176892
7728 30.315596959171728
7731 2.001297368486486
7740 3.5327737394508745
7764 37.514505985574395
7772 4.165296298194385
7808 2.8396265588909295
7853 5.8998973535824915
7869 6.9985096422506015
7887 11.892631806061807
7904 2.211017899468555
7909 6.305362461690656
7910 6.9985096422506015
7919 5.389071729816501
7935 2.335070548138534
7937 4.433560284789064
7944 10.778143459633002
7946 4.290459441148391
7949 5.088324691994187
7953 4.165296298194385
7963 4.8012850649143815
7965 1.886521853894058
7968 3.047265923669174
7970 4.290459441148391
7971 3.414990703794491
7981 34.72560393903879
7982 6.9985096422506015
7990 5.389071729816501
7991 1.3149298749119196
8003 4.108137884354437
8004 6.9985096422506015
8005 16.66118519277754
8006 6.9985096422506015
8019 6.305362461690656
8030 6.383694304960563
8032 0.5108256237659907
8043 17.30651483187273
8045 6.9985096422506015
8053 5.389071729816501
8055 2.9041650800285006
8057 4.165296298194385
8085 8.216275768708874
8089 5.362043057428582
8090 20.127021367075606
8096 15.986654175481426
8102 4.359452312635343
8153 8.518879676672789
8208 3.8630154263214513
8230 33.22951560552862
8242 16.285320095925552
8250 4.919068100570765
8262 4.142511914186793
8271 4.513602992462601
8283 2.8876357780772897
8304 4.600614369452231
8306 7.405345552492545
8318 7.814934377784571
8331 4.00277736869661
8400 3.597312260588446
8403 10.778143459633002
8439 0.4690908039883759
8444 33.99144629877443
8465 6.305362461690656
8481 6.305362461690656
8514 8.03230822188746
8561 3.8630154263214513
8568 9.83813620114153
8570 4.513602992462601
8578 3.1066893441399746
8593 8.33059259638877
8597 12.610724923381312
8615 8.083333647139295
8645 7.065547478901749
8660 3.350999326224386
8683 58.813637694223466
8687 12.610724923381312
8708 2.962113491571787
8710 3.3072226782563283
8712 13.339791984483819
8718 2.824122372354964
8719 6.9985096422506015
8720 6.305362461690656
8723 1.5262389685791264
8728 4.00277736869661
8729 17.699692060747473
8730 6.305362461690656
8732 4.05407066308416
8736 3.580124020002338
8749 3.0666840095262753
8752 4.433560284789064
8753 4.513602992462601
8758 13.300680854367194
8768 5.389071729816501
8772 17.699692060747473
8773 6.9985096422506015
8780 21.1296046000541
8788 8.585917513323936
8806 27.77719294107552
8810 7.004004161568242
8816 3.4510201673737084
8850 1.7153059135126125
8852 6.9985096422506015
8857 12.610724923381312
8869 4.356456153291129
8870 3.7026727762462723
8874 4.513602992462601
8880 3.34126694692204
8886 13.081501879265407
8890 13.680064625733038
8895 7.907974409054357
8898 6.775183459212753
8904 13.117951721269101
8908 10.893641436792382
8919 5.389071729816501
8920 4.433560284789064
8928 5.342196648458621
8946 2.7218435232345457
8959 6.305362461690656
8977 2.6290617897835795
8979 26.835352341137703
9106 9.76505972951098
9115 9.141797771007521
9122 5.497968544253051
9145 6.9985096422506015
9151 5.034866920285468
9162 4.8012850649143815
9170 3.0581516144397813
9222 5.612215281130711
9230 9.928890564409993
9246 28.17554729553933
9250 4.22592092001082
9270 3.1066893441399746
9271 5.389071729816501
9292 12.720811729985469
9295 4.8012850649143815
9305 6.9985096422506015
9308 12.679472983046026
9341 11.799794707164983
9343 7.726030852642903
9346 12.49349985960168
9356 4.290459441148391
9365 2.9945028634117485
9384 2.6710983242293107
9393 1.060973437168175
9400 21.89116041939897
9428 2.498699971920336
9445 5.946315903030904
9458 3.6312138122641273
9481 23.045918590986197
9537 19.63887624372811
9538 4.8012850649143815
9539 6.305362461690656
9554 1.271661894663404
9559 -0.5823926069848174
9602 9.120043083822026
9614 5.8998973535824915
9632 6.305362461690656
9640 2.8088549002241754
9641 26.418008155610092
9651 6.775183459212753
9656 11.224430562261421
9657 6.9985096422506015
9658 5.612215281130711
9679 8.867120569578129
9680 7.194624521176892
9698 7.951497392617382
9711 14.948887418620222
9752 3.5327737394508745
9817 5.273348132934135
9876 10.777778196185725
9970 21.770862812013213
9972 6.305362461690656
9979 31.113412931412626
9983 3.1066893441399746
9986 2.0568672196412967
10008 2.0568672196412967
10015 3.5645224377654547
10016 14.087773647769666
10029 2.4237986637472186
10030 2.413542163580029
10059 5.612215281130711
10112 17.43780925054137
10113 6.9985096422506015
10114 2.6028323114903933
10163 3.9074671888922854
10166 6.9985096422506015
10171 6.9985096422506015
10196 2.5211728277723946
10199 9.302723231154781
10214 5.8998973535824915
10221 2.434161450782765
10225 3.8630154263214513
10258 1.8000126109847754
10279 17.734241139156257
10295 4.433560284789064
10296 13.139750302185174
10302 5.258123579567159
10324 4.00277736869661
10326 2.092307702186045
10329 -0.8403627828383906
10353 9.602570129828763
10393 1.9746291214043248
10422 9.923116998782458
10441 3.7026727762462723
10443 2.4876501357337513
10446 3.1483620405405426
10447 0.6099482367049713
10473 5.334461451516829
10490 5.206750173022546
10514 3.8630154263214513
10521 8.867120569578129
10561 1.6003469407328483
10590 17.699692060747473
10591 6.9985096422506015
10610 7.262427624528255
10615 6.9985096422506015
10620 9.391849098513111
10634 4.695924549256556
10659 3.4431615807611875
10678 2.288979440938267
10691 3.414990703794491
10692 12.610724923381312
10749 10.57917372090824
10751 6.351615037455287
10753 2.7790019370744945
10754 6.339736491523013
10770 7.462950407201253
10796 3.8630154263214513
10822 5.8998973535824915
10825 22.16393322596491
10828 4.919068100570765
10842 6.9985096422506015
10845 6.9985096422506015
10854 14.52485524905651
10856 13.300680854367194
10859 6.17297327364491
10868 -10.194859004651827
10882 4.359452312635343
10889 12.34594654728982
10897 4.00277736869661
10903 7.430163195604683
10904 6.305362461690656
10906 16.285320095925552
10909 2.7790019370744945
10960 5.8998973535824915
10965 6.9985096422506015
10967 10.893641436792382
10969 10.105198986390576
10970 6.9985096422506015
10973 5.587634045719271
11023 18.033156748260243
11027 5.112791462572758
11032 1.087712998210074
11034 1.5958322603783217
11052 11.221239312687356
11080 7.726030852642903
11089 3.4648956756577247
11102 5.321840112887286
11106 16.174207198640215
11110 4.861473115008068
11116 1.9109133070182172
11132 3.7796338173824005
11165 13.117951721269101
11168 1.2781978656431896
11170 2.5676928434072877
11202 5.8419443966897635
11218 8.580317771893657
11220 12.610724923381312
11228 6.6192603762733295
11274 12.610724923381312
11276 12.610724923381312
11295 6.474619053114077
11299 -20.32612771277158
11303 11.799794707164983
11304 8.438472237065202
11308 2.5098732725184614
11312 6.6192603762733295
11317 3.0666840095262753
11318 7.726030852642903
11320 8.293209412960024
11322 10.329484742283562
11327 3.5645224377654547
11330 4.359452312635343
11339 4.00277736869661
11344 18.890172243243256
11353 2.8088549002241754
11379 26.55487360044143
11384 3.3609234825242154
11393 3.2849375755462935
11398 6.019051191372654
11400 35.327737394508745
11401 6.9985096422506015
11406 2.6418008155610093
11409 14.008008323136483
11418 7.194624521176892
11432 6.9985096422506015
11438 13.339791984483819
11443 3.260840023967233
11446 3.597312260588446
11450 4.524622387712212
11452 6.305362461690656
11457 4.22592092001082
11461 8.585917513323936
11467 5.612215281130711
11481 6.474449154840566
11491 1.8745456628473423
11503 11.550543112309159
11506 3.8630154263214513
11522 10.22343354304114
11524 15.178707189086097
11526 1.6419233675785887
11570 26.254242813350476
11579 5.612215281130711
11580 2.5441623459970937
11582 4.359452312635343
11591 2.7218435232345457
11625 11.6579687767374
11629 49.98355557833263
11637 4.433560284789064
11662 6.305362461690656
11665 3.5645224377654547
11671 6.760732541662054
11713 4.290459441148391
11725 4.359452312635343
11767 6.9985096422506015
11769 1.6466515087745348
11771 4.8012850649143815
11774 12.112870914793918
11778 8.566124747577206
11781 5.183580789972696
11784 3.47214911763444
11785 19.680717208581658
11790 20.20427506029813
11791 6.305362461690656
11804 7.559267634764801
11816 1.9296054400303697
11825 2.9041650800285006
11836 7.12061048689899
11840 1.6902419448493964
11887 3.3349479961209547
11889 19.453013559521462
11907 2.434161450782765
11908 1.5346778372249912
11911 3.414990703794491
11912 9.83813620114153
11918 4.433560284789064
11945 9.775422626656772
11947 6.056435457396959
11952 1.5958322603783217
11959 2.2449194511442365
11975 2.9209721983448818
11977 3.7026727762462723
11984 2.4237986637472186
12009 3.502002080784121
12022 0.8081923650016455
12028 12.95895197493174
12034 1.8648031042937068
12053 8.580918882296782
12062 3.47214911763444
12063 7.814934377784571
12064 6.669895992241909
12070 22.97100205764408
12076 6.9985096422506015
12078 2.727440078162703
12081 7.091341962062895
12089 5.617709800448351
12092 4.108137884354437
12093 5.041168945219154
12108 6.305362461690656
12109 6.9985096422506015
12121 10.413500346045092
12122 2.3927825337470767
12135 7.480826208458238
12137 2.498699971920336
12175 2.955458374416051
12183 4.8012850649143815
12193 4.05407066308416
12200 6.9985096422506015
12216 2.87137525720551
12217 4.600614369452231
12218 5.309408440793835
12219 6.9985096422506015
12259 6.305362461690656
12292 10.084691311089578
12303 3.666305132075397
12342 4.05407066308416
12377 4.038061385945852
12383 5.009225806841791
12404 7.425404480428095
12407 0.83519483821596
12419 25.26299746597644
12433 10.413500346045092
12437 35.368196452367016
12447 8.518879676672789
12450 6.296724081081085
12455 -5.5967253125690455
12464 6.305362461690656
12476 4.108137884354437
12508 15.83617835699274
12554 1.6609715625492831
12558 2.4446327506500602
12610 9.695194654988875
12648 8.216275768708874
12705 24.595340502853826
12707 2.2278250177849364
12708 1.5958322603783217
12717 2.9995735385769677
12759 8.45184184002164
12773 3.530470067070269
12781 7.4960999157610075
12783 1.8986432144264027
12785 14.044274501120878
12788 6.305362461690656
12792 3.8204558119026557
12793 2.87137525720551
12803 5.454880156325406
12805 1.8568460857479414
12820 3.3349479961209547
12823 5.174651493160774
12832 3.3096301881366648
12833 1.9260564194516896
12837 3.4431615807611875
12838 4.919068100570765
12860 13.801843108356692
12878 3.5327737394508745
12881 6.9985096422506015
12891 7.559267634764801
12893 6.9985096422506015
12896 3.2373095265570386
12934 6.9985096422506015
12942 3.9539872045271784
12960 3.1918471524802814
12978 2.383389125409342
12992 2.3256808077886952
12996 16.90368368004328
13001 10.31139692183172
13014 5.206750173022546
13025 5.389071729816501
13029 8.304857812746416
13037 5.389071729816501
13045 5.659565561682174
13071 3.086486636822455
13075 3.9539872045271784
13077 3.047265923669174
13088 27.790019370744943
13098 9.602570129828763
13104 3.2373095265570386
13108 36.4801723352881
13208 1.3115342859107813
13271 3.3875917296063767
13273 13.238520752546659
13288 4.05407066308416
13289 1.7410142702228197
13294 4.290459441148391
13302 4.359452312635343
13303 5.206750173022546
13306 9.027205984925201
13307 6.9985096422506015
13310 21.997830792452383
13312 5.910916748832102
13314 22.31565976942061
13338 2.5211728277723946
13346 2.9041650800285006
13365 3.3349479961209547
13384 4.113734439282593
13390 11.181678537264226
13392 2.764403137653342
13395 5.612215281130711
13410 5.206750173022546
13411 2.8088549002241754
13412 5.019746545036923
13425 5.389071729816501
13432 3.7796338173824005
13444 4.22592092001082
13450 12.610724923381312
13463 5.8998973535824915
13478 6.305362461690656
13494 3.21432000833234
13505 3.0666840095262753
13508 3.4510201673737084
13518 6.305362461690656
13527 12.298498511234598
13530 3.9539872045271784
13547 8.001734703664242
13553 -10.002440518493184
13565 5.963623044463036
13576 3.9074671888922854
13579 19.67627240228306
13613 3.6222476728196926
13643 6.9985096422506015
13672 6.104955874316506
13681 2.498699971920336
13696 6.9985096422506015
13708 15.815948818108714
13710 7.262427624528255
13715 8.10814132616832
13719 15.629868755569142
13750 30.271188294187723
13751 4.108137884354437
13752 9.201228738904462
13754 26.74319068331859
13760 7.559267634764801
13791 15.23632961834587
13806 5.612215281130711
13822 3.740413104229119
13825 5.443687046469091
13843 6.534684229936693
13891 19.410960923455974
13912 5.8998973535824915
13913 2.8396265588909295
13997 4.919068100570765
14004 6.305362461690656
14008 8.005189473945943
14012 7.726030852642903
14044 11.689403001856517
14103 4.05407066308416
14104 5.130727834668198
14136 1.4810567457858934
14166 4.108137884354437
14167 11.108018328738817
14174 7.1780118206952235
14188 3.597312260588446
14198 6.094531847338348
14208 21.372635686930217
14230 26.156713875812056
14237 -41.83490089824959
14242 7.5978045707880515
14257 4.695924549256556
14260 4.165296298194385
14267 -21.412686025556845
14289 17.699692060747473
14308 33.02457134591855
14313 3.2933030175490696
14315 3.009525595686327
14316 4.22592092001082
14340 8.216275768708874
14343 3.7796338173824005
14346 5.389071729816501
14357 4.953442130403122
14366 5.206750173022546
14381 3.4330149809714774
14385 20.210397972781152
14397 6.305362461690656
14409 6.9985096422506015
14416 1.5479024259504828
14422 12.739873914296696
14431 1.034930298632155
14433 21.1296046000541
14455 6.548869906164704
14461 14.961652416916476
14463 1.67063347346102
14486 2.6164830075767194
14493 6.6192603762733295
14495 6.9985096422506015
14496 6.305362461690656
14507 1.8510151654371483
14516 6.534684229936693
14523 2.8553749158590684
14529 11.235419600896702
14571 6.474619053114077
14581 9.602570129828763
14588 6.235586149267429
14599 4.433560284789064
14606 10.893641436792382
14618 8.45184184002164
14620 40.932128560048184
14626 5.500028800402484
14632 5.612215281130711
14637 3.3349479961209547
14641 5.052599493195288
14644 3.597312260588446
14682 1.5431885268928998
14692 2.8396265588909295
14741 5.8998973535824915
14742 6.9985096422506015
14744 6.886323161522375
14785 5.612215281130711
14789 3.7026727762462723
14830 16.67401162244697
14869 4.433560284789064
14870 5.612215281130711
14880 8.45184184002164
14901 7.5978045707880515
14905 5.8998973535824915
14906 7.625914866915044
14908 7.430163195604683
14912 6.9985096422506015
14941 4.919068100570765
15097 21.787282873584765
15098 4.919068100570765
15121 41.25845335028459
15155 12.42740161333927
15164 8.00555473739322
15181 26.272283551351727
15182 52.31342775162411
15183 6.305362461690656
15187 1.994563336305142
15191 4.359452312635343
15192 2.978242611245248
15195 3.0282177286984795
15209 25.796690344540032
15240 3.414990703794491
15241 6.984944856815885
15250 3.7796338173824005
15265 4.165296298194385
15283 13.418014244717071
15288 3.21432000833234
15306 2.8799528723390266
15332 -80.72020996757225
15341 27.063120252131082
15348 4.20133968459938
15353 12.610724923381312
15358 2.579669034454003
15367 9.602570129828763
15373 7.329246761818062
15377 17.699692060747473
15378 31.240501038135278
15397 2.001297368486486
15403 4.165296298194385
15413 3.834593596929569
15415 2.824122372354964
15418 4.246624638098899
15424 3.6222476728196926
15446 3.5327737394508745
15449 9.602570129828763
15453 8.94534282981138
15458 2.8088549002241754
15471 2.7762433593144804
15484 8.97352937105439
15528 7.332610264150794
15561 6.9985096422506015
15577 5.052599493195288
15578 1.7945029551738059
15595 3.9962488624145074
15609 24.006425324571907
15617 4.8012850649143815
15624 11.589046278964354
15645 6.9985096422506015
15648 7.7030785302218625
15650 2.130975191795019
15651 3.4131702563542063
15672 11.640339366276828
15685 40.09546107427514
15687 11.799794707164983
15694 2.938066631704182
15697 3.7796338173824005
15702 2.8553749158590684
15706 6.9985096422506015
15708 11.964705828072521
15709 2.1863252868781835
15731 17.94705874210878
15733 6.305362461690656
15738 4.600614369452231
15769 50.02421994181432
15770 24.991777789166314
15771 0.18476571835719516
15812 5.052599493195288
15820 4.165296298194385
15828 1.0931477941960308
15861 3.597312260588446
