57
2674 1.0272478024601386
2816 5.052599493195288
2901 3.3349479961209547
2959 1.1873686492739008
3286 4.600614369452231
4286 2.130975191795019
4321 2.8553749158590684
4361 3.8630154263214513
4405 1.3460204619819507
4621 5.443687046469091
4750 0.33155284982139466
5014 2.3541187431092285
5350 2.955458374416051
5630 0.11915383779016203
5999 2.5098732725184614
6542 5.8998973535824915
6586 2.288979440938267
7104 -0.6634879166512921
7991 1.3149298749119196
8041 3.597312260588446
8523 0.7256326357044336
9354 7.640911623805311
9559 -0.16639788770994784
9779 5.501171004981262
9807 3.1698682457615064
10029 2.4237986637472186
10325 3.7851283367000415
10447 0.6099482367049713
10825 2.0149030205422647
10826 6.9985096422506015
11287 2.0286963426746007
11299 -1.5635482855978138
11308 2.5098732725184614
11453 1.3637200390813515
11526 3.2838467351571774
12022 0.40409618250082274
12063 3.9074671888922854
12322 3.3609234825242154
12323 6.9985096422506015
12404 1.485080896085619
12407 2.5055845146478797
13001 1.4730567031188173
13045 1.886521853894058
13080 0.8123010183501074
13189 3.7490913256946845
13565 1.9878743481543455
13613 3.6222476728196926
13630 8.580918882296782
14044 1.4611753752320646
14167 3.7026727762462723
14637 3.3349479961209547
14935 5.612215281130711
15275 12.610724923381312
15292 2.211017899468555
15332 -3.1046234602912404
15728 3.009525595686327
15828 4.372591176784123
