217
323 5.206750173022546
523 6.305362461690656
657 2.0640357091199095
671 4.00277736869661
698 4.22592092001082
859 5.8998973535824915
861 3.5645224377654547
1062 2.591790394986348
1132 5.612215281130711
1356 4.72756130804193
1685 3.2373095265570386
1824 6.305362461690656
1842 2.0286963426746007
1893 1.7567626271909589
1922 3.390409468383051
1938 2.66777630196427
1940 2.6944445490464313
1942 5.920438632825479
1986 2.4237986637472186
1992 5.052599493195288
2038 1.880515829833846
2167 2.66777630196427
2176 2.383389125409342
2191 3.086486636822455
2264 4.359452312635343
2271 1.0253493542166288
2357 1.1873686492739008
2389 4.600614369452231
2421 1.5431885268928998
2459 5.876133263408364
2461 3.502002080784121
2519 1.6902419448493964
2538 2.84512107820857
2631 0.21292199724267172
2645 2.591790394986348
2766 6.133368019052551
2830 4.359452312635343
2920 0.6795415285041667
2935 0.6320391945191633
2964 0.900435360084361
2997 6.094531847338348
3186 6.440413124378658
3215 0.589980851191103
3491 5.8998973535824915
3578 1.2031599740689096
3610 3.2849375755462935
3690 2.9945028634117485
3833 4.600614369452231
3995 1.751485570090115
4006 2.6547042203969173
4008 3.21432000833234
4053 -0.07476007520910928
4096 3.3609234825242154
4145 2.008077055471865
4158 0.1530022022435852
4214 2.465910149097345
4228 5.389071729816501
4608 1.4075226617397445
4750 0.33155284982139466
4751 3.414990703794491
4793 5.052599493195288
4886 3.009525595686327
4914 2.8679784698558155
4934 3.7026727762462723
4970 1.9746291214043248
4989 4.006647486343966
5040 4.313484033705221
5046 2.236335707452845
5208 2.5676928434072877
5339 1.1784267118982394
5465 3.3349479961209547
5577 4.600614369452231
5598 4.919068100570765
5680 1.5913378707904824
5715 7.004004161568242
5993 2.5565411537451115
6136 1.457246097092175
6235 1.2270685191205855
6250 1.7727629685373998
6338 2.413542163580029
6360 3.21432000833234
6387 2.9911764570181303
6402 1.4112609838503516
6467 4.507155027774703
6614 3.009525595686327
6754 1.2024518914852294
7072 3.8973072700021283
7104 -1.3269758333025843
7197 5.191954449561819
7299 2.8553749158590684
7312 2.3163784151263815
7344 1.6325336272287498
7402 5.8998973535824915
7487 3.6334521839170324
7497 1.4028006446333317
7552 1.9486536350010641
7569 1.0170954309961207
7578 0.5215372793609184
7597 2.1863252868781835
7731 2.001297368486486
7808 11.358506235563718
7906 4.301967704783723
7907 2.6418008155610093
7941 3.740413104229119
8089 5.362043057428582
8090 2.236335707452845
8094 4.695924549256556
8096 1.4533321977710387
8148 3.7796338173824005
8160 4.165296298194385
8337 1.9550845253313545
8439 0.9381816079767518
8643 2.001297368486486
8710 0.551203779709388
8856 2.3163784151263815
8869 2.1782280766455644
8904 4.372650573756367
9010 2.9209721983448818
9069 3.260840023967233
9122 1.3744921360632627
9156 5.389071729816501
9355 2.1782280766455644
9523 5.389071729816501
9589 1.3115342859107813
9641 2.6418008155610093
9709 1.082307579643166
9970 0.9675939027561428
9990 2.2687142412684898
10055 3.009525595686327
10194 2.455214859980597
10225 3.8630154263214513
10296 3.2849375755462935
10329 -0.630272087128793
10422 0.7087940713416041
10678 6.866938322814802
10847 12.871378323445173
10859 6.17297327364491
10867 1.4533321977710387
10903 2.476721065201561
10962 2.6290617897835795
11023 1.2880826248757316
11032 1.087712998210074
11148 7.070560271389437
11168 1.2781978656431896
11218 0.5720211847929105
11299 -2.0847310474637517
11334 1.994563336305142
11372 5.612215281130711
11524 1.5178707189086098
11677 1.7255100836868542
11679 8.867120569578129
11850 4.910429719961194
11894 3.0357414378172196
11908 1.5346778372249912
11913 6.305362461690656
11969 0.7582337970798316
11984 2.4237986637472186
11992 4.695924549256556
12022 0.40409618250082274
12078 1.3637200390813515
12213 3.047265923669174
12341 5.617709800448351
12355 3.5327737394508745
12400 2.9209721983448818
12459 4.108137884354437
12460 1.466416859025783
12481 6.9985096422506015
12513 3.740413104229119
12595 2.344549292093078
12660 4.071330023981388
12708 3.1916645207566434
12717 0.5999147077153936
12946 4.152968289538318
13029 4.982914687647849
13039 9.64296002499702
13135 4.359452312635343
13208 3.9346028577323438
13333 3.666305132075397
13359 2.6290617897835795
13380 4.05407066308416
13387 6.305362461690656
13440 5.908194897553419
13553 -0.7409215198883841
13672 1.5262389685791264
13759 2.955458374416051
13837 3.666305132075397
13838 2.3163784151263815
13968 3.3349479961209547
14044 1.4611753752320646
14104 3.420485223112132
14107 2.4237986637472186
14194 3.7026727762462723
14195 1.7781538171722764
14196 3.3492092822220987
14237 -0.6972483483041599
14352 1.8928409466523688
14381 0.2288676653980985
14395 2.7218435232345457
14450 4.165296298194385
14486 2.6164830075767194
14546 2.8876357780772897
14626 2.750014400201242
14914 3.3096301881366648
15037 2.3163784151263815
15057 2.304141734385754
15076 3.21432000833234
15241 1.7462362142039713
15242 3.414990703794491
15332 -26.389299412475545
15455 4.695924549256556
15471 0.6940608398286201
15551 1.1578679848772029
15587 1.2947271675944
15672 0.7275212103923018
15692 3.8204558119026557
15765 4.290459441148391
15783 1.923353477353305
