101
174 1.6232312345664361
527 6.9985096422506015
695 2.9911764570181303
817 4.695924549256556
1896 1.7835738846416156
1922 3.390409468383051
1942 1.691553895092994
2038 1.880515829833846
2176 2.383389125409342
2235 3.2849375755462935
2450 -1.832570687110832
2631 0.42584399448534344
2640 2.735829765209286
2766 3.0666840095262753
2964 0.900435360084361
3132 3.2373095265570386
3180 5.587634045719271
3186 3.8642478746271944
3657 2.6164830075767194
4053 -0.07476007520910928
4158 0.09180132134615113
4556 4.22592092001082
4765 1.4150133334689021
4934 3.7026727762462723
5031 4.695924549256556
5040 2.875656022470147
5052 4.22592092001082
5307 2.9911764570181303
5392 2.130975191795019
5539 1.7153059135126125
5715 3.502002080784121
5905 1.7835738846416156
5990 2.938066631704182
5993 1.7043607691634077
6064 2.138697237888929
6088 1.2146844599208637
6136 1.457246097092175
6221 2.8553749158590684
6235 1.2270685191205855
6338 2.413542163580029
6360 3.21432000833234
6376 3.0666840095262753
6721 4.766778250818684
7104 -1.3269758333025843
7197 1.730651483187273
7418 3.1483620405405426
7482 1.8055527913603908
7487 1.8167260919585162
7620 2.1863252868781835
7906 1.4339892349279078
7971 3.414990703794491
8262 2.0712559570933964
8439 0.4690908039883759
8869 2.1782280766455644
8928 1.3355491621146554
9170 0.6116303228879563
9355 2.1782280766455644
9393 2.12194687433635
9481 1.7727629685373998
9641 2.6418008155610093
9990 1.1343571206342449
10225 3.8630154263214513
10473 1.7781538171722764
10825 2.0149030205422647
10867 2.9066643955420775
10909 2.7790019370744945
11023 1.2880826248757316
11148 2.356853423796479
11299 -0.5211827618659379
11418 3.597312260588446
11491 1.8745456628473423
11894 1.5178707189086098
12078 2.727440078162703
12341 2.8088549002241754
12455 -0.4305173317360804
12460 0.7332084295128914
12595 2.344549292093078
12660 2.035665011990694
12717 0.5999147077153936
12946 2.373124736879039
13029 1.6609715625492831
13208 2.6230685718215625
13553 -0.37046075994419203
13613 1.8111238364098463
13670 2.6164830075767194
13681 2.498699971920336
13845 2.001297368486486
14195 1.7781538171722764
14196 0.8373023205555247
14237 -0.6972483483041599
14267 -0.7647387866270302
14416 1.5479024259504828
14431 1.034930298632155
14463 1.67063347346102
15057 1.152070867192877
15069 4.359452312635343
15187 1.994563336305142
15195 3.0282177286984795
15332 -7.761558650728101
15709 2.1863252868781835
15783 0.48083836933832624
