44
302 1.7153059135126125
1750 1.1068654304248302
1896 1.7835738846416156
1922 1.6952047341915255
2235 3.2849375755462935
2271 0.34178311807220957
2421 1.5431885268928998
2459 2.938066631704182
2631 0.42584399448534344
2674 1.0272478024601386
3186 1.2880826248757316
3215 0.589980851191103
3995 1.751485570090115
4053 -0.07476007520910928
4158 0.030600440448717042
4914 1.4339892349279078
4989 1.3355491621146554
5040 1.4378280112350734
5307 2.9911764570181303
5392 2.130975191795019
5993 0.8521803845817039
6235 1.2270685191205855
7104 -0.6634879166512921
7482 1.8055527913603908
7906 1.4339892349279078
8439 0.4690908039883759
8723 1.5262389685791264
9990 0.5671785603171224
10329 -0.21009069570959765
10859 3.086486636822455
11057 2.555858385760285
11299 -0.5211827618659379
11491 1.8745456628473423
12078 2.727440078162703
12946 0.5932811842197597
13208 1.3115342859107813
13845 2.001297368486486
14195 1.7781538171722764
14196 0.8373023205555247
14352 0.9464204733261844
14473 3.2849375755462935
14606 3.6312138122641273
15057 1.152070867192877
15332 -4.656935190436861
