81
302 1.7153059135126125
1233 6.305362461690656
1381 2.6547042203969173
1750 1.1068654304248302
1896 1.7835738846416156
1922 3.390409468383051
2176 2.383389125409342
2235 3.2849375755462935
2271 0.34178311807220957
2421 1.5431885268928998
2459 2.938066631704182
2631 0.6387659917280152
2633 6.305362461690656
2674 1.0272478024601386
2862 1.4690805547391779
3186 1.2880826248757316
3215 0.589980851191103
3578 0.6015799870344548
3995 1.751485570090115
4053 -0.14952015041821856
4158 0.030600440448717042
4437 2.4033897921160112
4556 4.22592092001082
4914 1.4339892349279078
4989 2.6710983242293107
5040 1.4378280112350734
5052 4.22592092001082
5238 3.6312138122641273
5307 2.9911764570181303
5392 2.130975191795019
5539 1.7153059135126125
5993 0.8521803845817039
6064 2.138697237888929
6136 1.457246097092175
6235 1.2270685191205855
7104 -0.6634879166512921
7339 3.5327737394508745
7482 1.8055527913603908
7578 0.5215372793609184
7906 1.4339892349279078
7971 3.414990703794491
8032 0.5108256237659907
8439 0.4690908039883759
8723 1.5262389685791264
9423 2.8876357780772897
9481 1.7727629685373998
9537 0.6546292081242703
9641 2.6418008155610093
9990 1.1343571206342449
10329 -0.21009069570959765
10473 1.7781538171722764
10825 2.0149030205422647
10859 3.086486636822455
10867 1.4533321977710387
11057 5.11171677152057
11148 1.1784267118982394
11252 3.3096301881366648
11299 -1.0423655237318759
11418 3.597312260588446
11491 3.7490913256946845
11908 1.5346778372249912
12022 0.40409618250082274
12078 4.091160117244055
12450 3.1483620405405426
12717 0.5999147077153936
12946 1.1865623684395195
13208 1.3115342859107813
13553 -0.7409215198883841
13845 2.001297368486486
14195 1.7781538171722764
14196 0.8373023205555247
14237 -0.6972483483041599
14352 0.9464204733261844
14431 1.034930298632155
14473 3.2849375755462935
14606 3.6312138122641273
15057 1.152070867192877
15069 4.359452312635343
15332 -6.209246920582481
15551 1.1578679848772029
15783 0.9616767386766525
