234
302 3.430611827025225
618 5.206750173022546
927 2.0785287164224764
1018 3.7796338173824005
1379 1.6111243976906509
1381 2.6547042203969173
1404 1.3708885285599641
1515 3.740413104229119
1516 4.359452312635343
1686 1.1549652252192415
1750 4.427461721699321
1755 3.47214911763444
1762 5.612215281130711
1842 2.0286963426746007
1896 3.567147769283231
1922 6.780818936766102
1938 2.66777630196427
1942 0.845776947546497
1986 4.847597327494437
2026 2.681021528714291
2038 1.880515829833846
2167 2.66777630196427
2176 2.383389125409342
2235 3.2849375755462935
2240 1.65617539028579
2242 3.9539872045271784
2271 0.34178311807220957
2333 4.8012850649143815
2348 4.05407066308416
2349 4.22592092001082
2357 1.1873686492739008
2387 5.206750173022546
2421 1.5431885268928998
2450 -2.4434275828144427
2459 2.938066631704182
2461 14.008008323136483
2631 0.8516879889706869
2674 1.0272478024601386
2820 7.333898251950181
2830 4.359452312635343
2935 1.2640783890383267
2997 6.094531847338348
3108 4.108137884354437
3160 9.027205984925201
3215 1.179961702382206
3380 2.3541187431092285
3386 2.6290617897835795
3419 4.22592092001082
3578 1.2031599740689096
3586 3.2849375755462935
3593 3.666305132075397
3717 3.8204558119026557
3723 4.22592092001082
3750 9.391849098513111
3759 2.4033897921160112
3774 1.7255100836868542
3833 4.600614369452231
3974 3.3875917296063767
4053 -0.5980806016728742
4158 0.030600440448717042
4270 7.065547478901749
4286 2.130975191795019
4297 6.6192603762733295
4301 10.791936781765338
4325 3.21432000833234
4388 3.8204558119026557
4502 2.8088549002241754
4556 4.22592092001082
4566 3.597312260588446
4620 4.165296298194385
4621 2.7218435232345457
4649 16.90368368004328
4783 2.1782280766455644
4838 2.9461134062376346
4914 1.4339892349279078
4989 1.3355491621146554
4997 11.799794707164983
5031 4.695924549256556
5040 2.875656022470147
5052 4.22592092001082
5093 4.8012850649143815
5238 3.6312138122641273
5307 2.9911764570181303
5392 2.130975191795019
5416 4.108137884354437
5484 0.9464204733261844
5537 3.597312260588446
5539 3.430611827025225
5598 4.919068100570765
5830 4.05407066308416
5833 9.391849098513111
5901 4.910429719961194
5993 2.5565411537451115
6026 2.66777630196427
6033 4.695924549256556
6049 2.035665011990694
6064 2.138697237888929
6136 1.457246097092175
6156 1.8000126109847754
6235 1.2270685191205855
6402 1.4112609838503516
6703 4.433560284789064
6735 4.108137884354437
6973 6.305362461690656
7104 -0.6634879166512921
7346 3.5645224377654547
7431 2.6040604875781623
7482 1.8055527913603908
7497 0.7014003223166658
7569 1.0170954309961207
7578 0.5215372793609184
7670 5.206750173022546
7731 6.003892105459458
7813 1.0145733615634107
7906 1.4339892349279078
7942 4.165296298194385
7971 3.414990703794491
8032 1.0216512475319814
8089 18.767150701000038
8090 2.236335707452845
8339 5.389071729816501
8439 1.8763632159535035
8444 1.7890234894091803
8488 4.05407066308416
8660 1.675499663112193
8664 2.7938170228596353
8710 0.551203779709388
8718 2.824122372354964
8723 1.5262389685791264
8736 1.1933746733341126
8816 1.7255100836868542
8946 2.7218435232345457
8977 5.258123579567159
9069 3.260840023967233
9170 0.6116303228879563
9276 2.6944445490464313
9408 4.165296298194385
9481 3.5455259370747996
9589 2.6230685718215625
9641 2.6418008155610093
9674 10.893641436792382
9765 3.567147769283231
9876 2.6944445490464313
9970 1.4513908541342142
9990 0.5671785603171224
10302 2.6290617897835795
10422 1.4175881426832082
10529 5.206750173022546
10678 16.02285608656787
10679 5.612215281130711
10825 6.0447090616267936
10859 3.086486636822455
10867 1.4533321977710387
10868 -0.18536107281185138
11102 1.3304600282218215
11148 1.1784267118982394
11168 2.556395731286379
11218 1.144042369585821
11299 -4.169462094927503
11320 2.764403137653342
11334 3.989126672610284
11386 4.231415439328461
11418 3.597312260588446
11450 2.262311193856106
11683 15.157798479585864
11769 3.2933030175490696
11894 4.55361215672583
11908 1.5346778372249912
12058 9.027205984925201
12078 1.3637200390813515
12089 2.8088549002241754
12104 6.474619053114077
12122 2.3927825337470767
12267 4.359452312635343
12321 3.4431615807611875
12460 0.7332084295128914
12513 7.480826208458238
12708 1.5958322603783217
12710 4.108137884354437
12717 2.3996588308615743
12781 2.498699971920336
12820 3.3349479961209547
12946 1.7798435526592793
12991 3.1066893441399746
13029 3.3219431250985663
13108 2.2800107709555064
13208 1.3115342859107813
13289 8.705071351114098
13314 2.0286963426746007
13438 2.555858385760285
13440 1.4770487243883548
13553 -0.37046075994419203
13572 1.8745456628473423
13672 1.5262389685791264
13743 3.8204558119026557
13754 3.8204558119026557
13838 2.3163784151263815
13845 2.001297368486486
14044 2.9223507504641293
14078 2.5098732725184614
14104 1.710242611556066
14135 2.3541187431092285
14136 1.4810567457858934
14195 1.7781538171722764
14196 1.6746046411110493
14237 -1.3944966966083199
14267 -1.9118469665675755
14352 1.8928409466523688
14381 0.2288676653980985
14416 1.5479024259504828
14431 1.034930298632155
14453 3.414990703794491
14473 3.2849375755462935
14507 3.7020303308742966
14554 6.305362461690656
14588 2.0785287164224764
14698 5.206750173022546
14744 3.4431615807611875
14830 5.558003874148989
14834 10.105198986390576
14878 4.513602992462601
15037 2.3163784151263815
15057 1.152070867192877
15069 4.359452312635343
15155 0.6904112007410705
15241 10.477417285223828
15332 -24.836987682329923
15413 1.2781978656431896
15471 0.6940608398286201
15517 5.659565561682174
15551 1.1578679848772029
15578 1.7945029551738059
15765 8.580918882296782
15783 0.48083836933832624
