136
302 1.7153059135126125
1018 3.7796338173824005
1379 1.0740829317937672
1381 2.6547042203969173
1404 1.3708885285599641
1515 3.740413104229119
1686 1.1549652252192415
1750 1.1068654304248302
1762 5.612215281130711
1896 1.7835738846416156
1922 6.780818936766102
1986 2.4237986637472186
2026 2.681021528714291
2167 2.66777630196427
2242 3.9539872045271784
2271 0.34178311807220957
2333 4.8012850649143815
2421 1.5431885268928998
2459 2.938066631704182
2461 3.502002080784121
2631 0.42584399448534344
2820 2.4446327506500602
2935 1.2640783890383267
2997 3.047265923669174
3160 9.027205984925201
3215 0.589980851191103
3386 2.6290617897835795
3578 1.2031599740689096
3586 3.2849375755462935
3593 3.666305132075397
3717 3.8204558119026557
3750 9.391849098513111
3774 1.7255100836868542
4053 -0.3738003760455464
4270 3.5327737394508745
4301 10.791936781765338
4325 3.21432000833234
4388 3.8204558119026557
4556 4.22592092001082
4621 2.7218435232345457
4838 1.4730567031188173
4914 1.4339892349279078
4989 1.3355491621146554
5031 4.695924549256556
5040 1.4378280112350734
5052 4.22592092001082
5093 4.8012850649143815
5307 2.9911764570181303
5392 2.130975191795019
5539 3.430611827025225
6026 2.66777630196427
6064 2.138697237888929
6156 1.8000126109847754
6235 1.2270685191205855
6703 4.433560284789064
7104 -0.6634879166512921
7482 1.8055527913603908
7578 0.5215372793609184
7670 5.206750173022546
7731 6.003892105459458
7906 1.4339892349279078
7971 3.414990703794491
8089 8.043064586142872
8090 2.236335707452845
8339 5.389071729816501
8439 0.9381816079767518
8664 2.7938170228596353
8723 1.5262389685791264
8736 1.1933746733341126
8946 2.7218435232345457
8977 2.6290617897835795
9069 3.260840023967233
9408 4.165296298194385
9481 3.5455259370747996
9641 2.6418008155610093
9674 7.262427624528255
9876 2.6944445490464313
9970 0.4837969513780714
9990 0.5671785603171224
10302 2.6290617897835795
10422 0.7087940713416041
10529 5.206750173022546
10678 9.155917763753068
10679 5.612215281130711
10825 6.0447090616267936
10859 3.086486636822455
10868 -0.18536107281185138
11102 0.6652300141109108
11168 1.2781978656431896
11299 -2.6059138093296896
11386 4.231415439328461
11418 3.597312260588446
11683 10.105198986390576
11894 1.5178707189086098
12058 4.513602992462601
12078 1.3637200390813515
12089 2.8088549002241754
12104 3.2373095265570386
12122 1.1963912668735384
12267 4.359452312635343
12321 3.4431615807611875
12513 3.740413104229119
12708 1.5958322603783217
12717 1.1998294154307871
12946 0.5932811842197597
13029 3.3219431250985663
13289 5.223042810668459
13438 2.555858385760285
13553 -0.37046075994419203
13572 1.8745456628473423
13672 1.5262389685791264
13754 3.8204558119026557
13838 2.3163784151263815
13845 2.001297368486486
14136 1.4810567457858934
14195 1.7781538171722764
14237 -1.3944966966083199
14267 -0.3823693933135151
14352 1.8928409466523688
14381 0.2288676653980985
14416 1.5479024259504828
14473 3.2849375755462935
14507 1.8510151654371483
14744 3.4431615807611875
14830 2.7790019370744945
14834 10.105198986390576
14878 4.513602992462601
15037 2.3163784151263815
15069 4.359452312635343
15155 0.6904112007410705
15241 8.731181071019856
15332 -10.866182111019342
15471 0.6940608398286201
15517 1.886521853894058
15551 1.1578679848772029
15765 4.290459441148391
