379
302 5.145917740537838
323 5.206750173022546
344 2.7790019370744945
422 2.66777630196427
443 5.052599493195288
488 3.6312138122641273
496 4.560021541911013
498 3.3349479961209547
500 2.1701959049483
521 1.8986432144264027
551 3.9074671888922854
578 3.740413104229119
683 3.3609234825242154
698 4.22592092001082
702 3.7796338173824005
730 2.298029276458185
817 4.695924549256556
859 5.8998973535824915
861 3.5645224377654547
881 4.919068100570765
902 6.9985096422506015
935 3.740413104229119
978 2.298029276458185
1060 0.12433381283310307
1062 2.591790394986348
1233 6.305362461690656
1381 2.6547042203969173
1404 1.3708885285599641
1577 6.9985096422506015
1600 6.9985096422506015
1684 5.389071729816501
1685 3.2373095265570386
1748 4.359452312635343
1750 2.2137308608496604
1824 6.305362461690656
1842 2.0286963426746007
1893 3.5135252543819178
1896 1.7835738846416156
1922 5.085614202574576
1938 2.66777630196427
1940 2.6944445490464313
1942 5.920438632825479
1986 2.4237986637472186
1992 5.052599493195288
1997 3.009525595686327
2038 3.761031659667692
2056 4.22592092001082
2085 4.600614369452231
2131 10.413500346045092
2167 8.00332890589281
2176 4.766778250818684
2191 3.086486636822455
2235 9.85481272663888
2271 0.6835662361444191
2356 2.681021528714291
2389 4.600614369452231
2421 1.5431885268928998
2450 -2.4434275828144427
2458 4.324455470598246
2459 2.938066631704182
2508 6.305362461690656
2513 1.8280256472124494
2519 1.6902419448493964
2521 4.165296298194385
2538 2.84512107820857
2594 3.5645224377654547
2630 4.22592092001082
2631 1.490453980698702
2633 6.305362461690656
2636 6.9985096422506015
2645 2.591790394986348
2674 1.0272478024601386
2682 4.108137884354437
2709 4.695924549256556
2766 6.133368019052551
2862 1.4690805547391779
2893 2.5098732725184614
2919 2.1944885975173447
2920 0.6795415285041667
2935 2.5281567780766534
2964 0.900435360084361
2997 6.094531847338348
3048 2.5098732725184614
3180 2.7938170228596353
3186 12.880826248757316
3215 1.7699425535733089
3392 2.20271909665386
3454 3.47214911763444
3482 3.3096301881366648
3491 5.8998973535824915
3578 1.2031599740689096
3610 3.2849375755462935
3657 2.6164830075767194
3690 2.9945028634117485
3717 3.8204558119026557
3804 2.750014400201242
3995 1.751485570090115
4006 2.6547042203969173
4008 3.21432000833234
4021 1.5054481989100525
4053 -0.22428022562732786
4096 3.3609234825242154
4145 2.008077055471865
4158 0.3060044044871704
4208 1.5220460903190904
4214 2.465910149097345
4219 1.7567626271909589
4223 2.1863252868781835
4228 5.389071729816501
4302 1.8000126109847754
4309 2.681021528714291
4319 2.049749751872433
4391 3.260840023967233
4437 4.8067795842320225
4522 0.2603571476546441
4556 4.22592092001082
4566 10.791936781765338
4580 4.600614369452231
4608 2.815045323479489
4750 0.6631056996427893
4751 3.414990703794491
4793 5.052599493195288
4799 6.305362461690656
4838 1.4730567031188173
4871 2.4876501357337513
4878 1.3672978604292356
4886 3.009525595686327
4914 2.8679784698558155
4934 3.7026727762462723
4970 1.9746291214043248
4989 5.342196648458621
4996 4.290459441148391
5040 7.189140056175367
5046 2.236335707452845
5052 4.22592092001082
5079 4.513602992462601
5208 2.5676928434072877
5238 7.262427624528255
5307 5.982352914036261
5318 3.1066893441399746
5369 3.047265923669174
5392 2.130975191795019
5465 3.3349479961209547
5484 0.9464204733261844
5511 6.9985096422506015
5518 1.5868635903955612
5539 3.430611827025225
5577 4.600614369452231
5680 3.182675741580965
5715 3.502002080784121
5905 1.7835738846416156
5983 3.975748696308691
5993 6.817443076653631
6064 2.138697237888929
6089 3.8630154263214513
6136 4.371738291276525
6158 4.910429719961194
6164 2.6290617897835795
6170 4.359452312635343
6223 2.8088549002241754
6235 2.454137038241171
6250 5.318288905612199
6338 2.413542163580029
6360 6.42864001666468
6402 2.822521967700703
6467 2.2535775138873513
6478 6.305362461690656
6576 3.666305132075397
6614 6.019051191372654
6698 5.206750173022546
6754 1.2024518914852294
6853 3.260840023967233
6908 0.33537694625979814
7055 4.290459441148391
7072 7.794614540004257
7104 -1.9904637499538764
7197 1.730651483187273
7210 1.8568460857479414
7299 2.8553749158590684
7339 3.5327737394508745
7344 1.6325336272287498
7381 6.9985096422506015
7401 1.886521853894058
7482 1.8055527913603908
7487 3.6334521839170324
7497 0.7014003223166658
7527 2.681021528714291
7552 3.8973072700021283
7563 9.340282192554136
7569 1.0170954309961207
7578 1.0430745587218369
7597 2.1863252868781835
7808 5.679253117781859
7813 1.0145733615634107
7906 7.169946174639539
7932 1.8745456628473423
7941 3.740413104229119
7971 3.414990703794491
8032 1.5324768712979722
8090 2.236335707452845
8094 4.695924549256556
8096 1.4533321977710387
8126 6.305362461690656
8148 3.7796338173824005
8160 4.165296298194385
8232 6.305362461690656
8256 1.6803896484063847
8323 3.1698682457615064
8337 1.9550845253313545
8405 3.3096301881366648
8425 4.695924549256556
8439 1.4072724119651276
8444 1.7890234894091803
8643 2.001297368486486
8652 6.9985096422506015
8723 1.5262389685791264
8745 2.5441623459970937
8850 1.7153059135126125
8856 2.3163784151263815
8869 2.1782280766455644
8904 4.372650573756367
8928 1.3355491621146554
8983 4.22592092001082
9010 2.9209721983448818
9069 3.260840023967233
9122 1.3744921360632627
9154 2.465910149097345
9156 5.389071729816501
9170 0.6116303228879563
9223 3.047265923669174
9292 2.5441623459970937
9351 4.695924549256556
9355 2.1782280766455644
9393 1.060973437168175
9423 2.8876357780772897
9481 3.5455259370747996
9523 5.389071729816501
9537 1.3092584162485406
9641 5.283601631122019
9678 5.612215281130711
9686 3.6312138122641273
9709 1.082307579643166
9748 2.6547042203969173
9970 0.9675939027561428
9990 4.5374284825369795
10007 6.9985096422506015
10055 3.009525595686327
10194 2.455214859980597
10196 2.5211728277723946
10225 3.8630154263214513
10329 -1.6807255656767812
10422 0.7087940713416041
10431 0.7218661529089567
10437 2.7345957208584712
10473 1.7781538171722764
10513 6.9985096422506015
10601 3.740413104229119
10678 2.288979440938267
10770 2.4876501357337513
10825 2.0149030205422647
10847 17.161837764593564
10859 3.086486636822455
10867 4.359996593313117
10868 -0.37072214562370276
10903 4.953442130403122
10909 2.7790019370744945
10976 4.695924549256556
11032 2.175425996420148
11057 5.11171677152057
11106 2.021775899830027
11148 7.070560271389437
11150 5.612215281130711
11168 1.2781978656431896
11218 0.5720211847929105
11252 3.3096301881366648
11295 3.2373095265570386
11299 -2.0847310474637517
11322 3.4431615807611875
11372 5.612215281130711
11418 3.597312260588446
11491 3.7490913256946845
11524 1.5178707189086098
11620 5.8998973535824915
11671 2.2535775138873513
11677 1.7255100836868542
11679 8.867120569578129
11850 2.455214859980597
11894 4.55361215672583
11908 6.138711348899965
11969 0.7582337970798316
11992 4.695924549256556
12022 2.4245770950049366
12078 6.818600195406757
12093 1.6803896484063847
12213 3.047265923669174
12237 4.108137884354437
12263 2.579669034454003
12312 2.7938170228596353
12341 2.8088549002241754
12355 3.5327737394508745
12450 3.1483620405405426
12459 4.108137884354437
12460 1.466416859025783
12477 2.476721065201561
12513 3.740413104229119
12554 3.3219431250985663
12595 7.033647876279234
12660 2.035665011990694
12708 3.1916645207566434
12717 1.7997441231461808
12772 1.886521853894058
12773 0.8826175167675673
12781 2.498699971920336
12826 1.2619373447714093
12833 0.9630282097258448
12863 5.389071729816501
12904 3.4431615807611875
12946 7.712655394856877
13029 4.982914687647849
13039 3.21432000833234
13080 0.8123010183501074
13135 4.359452312635343
13208 9.180740001375469
13333 3.666305132075397
13380 4.05407066308416
13386 5.206750173022546
13390 2.236335707452845
13440 4.4311461731650645
13527 2.049749751872433
13553 -1.8523037997209602
13572 1.8745456628473423
13596 3.502002080784121
13672 3.052477937158253
13837 3.666305132075397
13845 2.001297368486486
13936 3.3349479961209547
13968 3.3349479961209547
14044 1.4611753752320646
14072 3.3609234825242154
14104 3.420485223112132
14136 1.4810567457858934
14194 3.7026727762462723
14195 3.5563076343445528
14196 3.3492092822220987
14237 -1.3944966966083199
14267 -0.3823693933135151
14308 2.0640357091199095
14313 1.6466515087745348
14352 1.8928409466523688
14381 0.457735330796197
14422 4.246624638098899
14431 1.034930298632155
14449 3.21432000833234
14450 4.165296298194385
14473 3.2849375755462935
14506 3.740413104229119
14606 3.6312138122641273
14633 2.6547042203969173
14891 4.22592092001082
14906 0.4013639403639497
14914 3.3096301881366648
15037 2.3163784151263815
15057 3.456212601578631
15069 4.359452312635343
15076 3.21432000833234
15112 4.8012850649143815
15242 3.414990703794491
15259 1.3320829541381691
15332 -34.15085806320364
15398 4.919068100570765
15453 2.236335707452845
15455 4.695924549256556
15551 2.3157359697544058
15587 2.5894543351888
15600 3.009525595686327
15672 0.7275212103923018
15685 0.8716404581364162
15692 3.8204558119026557
15783 3.3658685853682835
