39
1942 0.845776947546497
2271 0.34178311807220957
2450 -0.6108568957036107
2631 0.21292199724267172
2820 2.4446327506500602
3717 3.8204558119026557
4507 2.298029276458185
4620 4.165296298194385
4750 0.33155284982139466
4852 1.258716730071367
5040 1.4378280112350734
5539 1.7153059135126125
5993 0.8521803845817039
6595 2.4237986637472186
7019 2.130975191795019
7104 -0.6634879166512921
8089 2.681021528714291
8090 2.236335707452845
9067 6.9985096422506015
9481 1.7727629685373998
11102 0.6652300141109108
11148 1.1784267118982394
11658 4.513602992462601
12064 3.3349479961209547
13289 1.7410142702228197
13572 1.8745456628473423
13734 1.942263836902293
13775 3.2849375755462935
13834 4.00277736869661
14196 0.8373023205555247
14267 -0.7647387866270302
14455 1.637217476541176
14525 4.22592092001082
14864 4.8012850649143815
15241 3.4924724284079427
15332 -1.5523117301456202
15517 1.886521853894058
15702 2.8553749158590684
15783 0.48083836933832624
