150
174 1.6232312345664361
279 5.283601631122019
521 1.8986432144264027
702 3.7796338173824005
737 4.8012850649143815
862 2.344549292093078
1842 4.0573926853492015
1922 3.390409468383051
1942 0.845776947546497
2176 2.383389125409342
2240 1.65617539028579
2407 4.47267141490569
2450 -1.2217137914072214
2484 3.944789624735759
2631 1.0646099862133587
2640 2.735829765209286
2920 0.6795415285041667
3104 5.612215281130711
3120 1.6048820958982397
3186 2.576165249751463
3432 5.8998973535824915
3478 5.052599493195288
3717 3.8204558119026557
4072 6.305362461690656
4158 0.1530022022435852
4286 2.130975191795019
4333 1.4651201535230811
4366 1.9878743481543455
4608 2.815045323479489
4657 4.165296298194385
4838 4.419170109356452
4852 1.258716730071367
4882 2.130975191795019
5029 3.2373095265570386
5040 2.875656022470147
5238 3.6312138122641273
5758 3.666305132075397
5898 3.9074671888922854
5905 1.7835738846416156
5928 4.919068100570765
5938 5.612215281130711
5993 0.8521803845817039
6216 2.3933394562625097
6219 2.298029276458185
6235 1.2270685191205855
6402 1.4112609838503516
6614 3.009525595686327
6675 2.5098732725184614
6697 4.22592092001082
6714 5.612215281130711
7072 1.9486536350010641
7104 -0.6634879166512921
7210 3.713692171495883
7339 3.5327737394508745
7401 1.886521853894058
7417 5.8998973535824915
7452 4.513602992462601
7459 2.1944885975173447
7487 3.6334521839170324
7614 2.5676928434072877
7886 4.359452312635343
8230 7.12061048689899
8664 5.587634045719271
8850 1.7153059135126125
8896 2.938066631704182
9106 2.1700132732246624
9151 1.258716730071367
9355 2.1782280766455644
9393 1.060973437168175
9481 1.7727629685373998
9509 6.9985096422506015
9510 3.7796338173824005
9640 2.8088549002241754
9681 3.8204558119026557
9748 2.6547042203969173
9990 3.4030713619027346
10001 2.0640357091199095
10196 2.5211728277723946
10326 0.5230769255465112
10329 -0.4201813914191953
10331 4.600614369452231
10378 6.9985096422506015
10437 1.3672978604292356
10473 1.7781538171722764
10556 7.907974409054357
10770 2.4876501357337513
10867 1.4533321977710387
10884 3.502002080784121
10903 2.476721065201561
10983 4.919068100570765
11218 0.5720211847929105
11243 3.8630154263214513
11266 2.9041650800285006
11287 2.0286963426746007
11312 3.3096301881366648
11327 3.5645224377654547
11461 2.146479378330984
11491 1.8745456628473423
11503 2.8876357780772897
11790 2.2449194511442365
11894 1.5178707189086098
12022 0.40409618250082274
12078 1.3637200390813515
12122 1.1963912668735384
12159 6.9985096422506015
12216 2.87137525720551
12342 4.05407066308416
12400 2.9209721983448818
12455 -0.2152586658680402
12558 2.4446327506500602
12685 5.389071729816501
12717 0.5999147077153936
12787 5.612215281130711
12946 4.152968289538318
13029 3.3219431250985663
13104 3.2373095265570386
13179 5.8998973535824915
13208 2.6230685718215625
13239 4.600614369452231
13553 -0.37046075994419203
13594 5.206750173022546
13672 1.5262389685791264
13835 4.00277736869661
13880 6.305362461690656
13922 1.8986432144264027
13936 3.3349479961209547
14044 1.4611753752320646
14104 1.710242611556066
14107 2.4237986637472186
14195 3.5563076343445528
14196 1.6746046411110493
14237 -2.09174504491248
14257 4.695924549256556
14267 -1.1471081799405454
14313 1.6466515087745348
14357 2.476721065201561
14435 2.3933394562625097
14455 4.911652429623528
14463 1.67063347346102
14558 2.476721065201561
15057 2.304141734385754
15212 3.7796338173824005
15332 -1.5523117301456202
15341 0.7959741250626788
15397 2.001297368486486
15424 1.8111238364098463
15702 2.8553749158590684
15709 2.1863252868781835
15783 0.9616767386766525
15812 5.052599493195288
