329
173 4.513602992462601
1838 3.414990703794491
1902 2.0149030205422647
1906 3.597312260588446
1924 2.288979440938267
1928 9.950600542935005
1940 2.6944445490464313
2002 5.206750173022546
2193 6.9985096422506015
2224 5.943689416307031
2334 1.5879037593638217
2357 1.1873686492739008
2362 6.9985096422506015
2402 9.027205984925201
2407 2.236335707452845
2421 1.5431885268928998
2424 2.219386149139072
2450 -5.497712061332496
2484 1.3149298749119196
2558 6.9985096422506015
2631 0.42584399448534344
2644 9.027205984925201
2787 3.1918471524802814
2901 3.3349479961209547
2920 2.0386245855125003
2924 2.0286963426746007
2935 1.2640783890383267
2940 1.6278716141229383
2959 8.311580544917305
3105 5.389071729816501
3110 2.8876357780772897
3143 6.6581584474172155
3215 1.179961702382206
3271 4.00277736869661
3354 3.2373095265570386
3374 1.9680717208581657
3407 2.085854756514549
3578 1.2031599740689096
3614 2.875656022470147
3635 1.5779746429783155
3661 4.165296298194385
3693 12.610724923381312
3788 2.750014400201242
3820 3.5780469788183606
3860 8.718904625270685
3982 2.153862445213571
3985 2.5098732725184614
4053 -0.14952015041821856
4105 5.206750173022546
4108 3.1066893441399746
4114 1.3890378470656415
4173 5.389071729816501
4182 6.9985096422506015
4207 6.9985096422506015
4208 1.5220460903190904
4226 3.3609234825242154
4237 3.1918471524802814
4282 2.8553749158590684
4321 2.8553749158590684
4325 3.21432000833234
4376 4.433560284789064
4391 3.260840023967233
4405 1.3460204619819507
4416 4.091160117244055
4423 3.8630154263214513
4502 2.8088549002241754
4508 4.108137884354437
4522 0.7810714429639324
4533 3.086486636822455
4536 2.70805020110221
4551 3.9074671888922854
4613 2.211017899468555
4621 5.443687046469091
4625 3.6904360955056443
4651 3.8630154263214513
4726 4.22592092001082
4750 0.6631056996427893
4878 6.836489302146179
4882 2.130975191795019
4909 1.4690805547391779
4924 3.2849375755462935
4956 7.2406264907400875
4964 0.563963123463148
4970 3.9492582428086496
5110 1.8452180477528222
5208 2.5676928434072877
5255 4.8012850649143815
5263 4.22592092001082
5275 4.8012850649143815
5316 6.7090071223585355
5339 1.1784267118982394
5369 3.047265923669174
5484 1.8928409466523688
5540 3.1698682457615064
5630 0.5957691889508101
5634 5.389071729816501
5636 2.973157951515452
5687 2.0785287164224764
5872 2.5441623459970937
5905 1.7835738846416156
5934 2.8876357780772897
5973 1.4770487243883548
5988 5.612215281130711
6049 2.035665011990694
6055 3.7796338173824005
6074 4.513602992462601
6140 2.211017899468555
6156 3.6000252219695508
6216 2.3933394562625097
6433 1.5462068723802074
6494 5.612215281130711
6553 3.8204558119026557
6754 1.2024518914852294
6819 3.430611827025225
6828 7.726030852642903
7024 5.8998973535824915
7042 7.726030852642903
7104 -5.971391249861629
7170 6.474449154840566
7286 1.4112609838503516
7311 15.654349952169916
7312 9.265513660505526
7401 1.886521853894058
7458 3.502002080784121
7482 1.8055527913603908
7534 1.242767428663689
7578 0.5215372793609184
7635 5.8998973535824915
7764 5.115614452578326
7813 1.0145733615634107
7834 10.598321218352623
7840 3.138328026592321
7864 3.502002080784121
7935 2.335070548138534
7970 4.290459441148391
8011 5.052599493195288
8199 6.019051191372654
8262 2.0712559570933964
8301 2.413542163580029
8391 2.555858385760285
8444 7.156093957636721
8514 2.008077055471865
8523 8.707591628453203
8592 3.740413104229119
8664 2.7938170228596353
8710 1.102407559418776
8712 3.3349479961209547
8723 1.5262389685791264
8736 1.1933746733341126
8788 2.146479378330984
8790 11.799794707164983
8850 5.145917740537838
8866 3.8630154263214513
8890 2.2800107709555064
8975 2.3933394562625097
9106 1.0850066366123312
9110 2.035665011990694
9122 1.3744921360632627
9151 1.258716730071367
9170 0.6116303228879563
9345 2.66777630196427
9353 2.476721065201561
9354 3.8204558119026557
9361 5.612215281130711
9365 1.4972514317058743
9384 2.6710983242293107
9559 -1.7471778209544524
9580 9.928890564409993
9698 5.963623044463036
9711 1.8686109273275278
9765 1.7835738846416156
9779 16.503513014943785
9780 6.9985096422506015
9807 3.1698682457615064
9855 4.8012850649143815
9970 0.9675939027561428
9979 9.573357825050039
10040 7.262427624528255
10041 6.9985096422506015
10076 2.750014400201242
10114 1.3014161557451966
10280 6.9985096422506015
10325 3.7851283367000415
10393 1.9746291214043248
10422 2.1263822140248125
10443 2.4876501357337513
10444 6.9985096422506015
10447 2.4397929468198853
10473 1.7781538171722764
10487 1.981229805435677
10500 3.666305132075397
10749 1.1754637467675824
10825 6.0447090616267936
10868 -0.18536107281185138
10895 4.290459441148391
10905 4.695924549256556
10911 3.6312138122641273
10962 2.6290617897835795
11042 4.433560284789064
11046 2.3933394562625097
11084 5.389071729816501
11099 5.612215281130711
11102 1.3304600282218215
11106 2.021775899830027
11168 1.2781978656431896
11202 2.9209721983448818
11218 2.288084739171642
11287 2.0286963426746007
11295 3.2373095265570386
11299 -6.775375904257193
11304 2.410992067732915
11308 5.019746545036923
11324 4.695924549256556
11343 4.290459441148391
11373 4.919068100570765
11394 8.33059259638877
11446 3.597312260588446
11453 1.3637200390813515
11459 3.047265923669174
11468 4.22592092001082
11481 1.6186122887101415
11505 10.105198986390576
11524 1.5178707189086098
11526 9.851540205471533
11570 1.1933746733341126
11591 2.7218435232345457
11597 3.0666840095262753
11662 6.305362461690656
11688 6.9985096422506015
11774 6.056435457396959
11790 2.2449194511442365
11816 1.9296054400303697
11825 11.616660320114002
11907 7.302484352348294
11908 1.5346778372249912
12022 0.40409618250082274
12033 2.5211728277723946
12040 3.5645224377654547
12062 3.47214911763444
12064 3.3349479961209547
12075 2.938066631704182
12093 1.6803896484063847
12218 2.6547042203969173
12383 2.5046129034208957
12404 16.335889856941808
12407 2.5055845146478797
12447 2.8396265588909295
12455 -0.2152586658680402
12717 0.5999147077153936
12759 4.22592092001082
12801 1.9109133070182172
12803 6.818600195406757
12805 5.5705382572438245
12826 1.2619373447714093
13022 6.9985096422506015
13029 6.6438862501971325
13046 3.47214911763444
13052 3.260840023967233
13108 2.2800107709555064
13189 1.8745456628473423
13314 2.0286963426746007
13336 5.8998973535824915
13338 25.211728277723946
13365 3.3349479961209547
13384 2.0568672196412967
13401 2.465910149097345
13438 2.555858385760285
13505 3.0666840095262753
13527 6.149249255617299
13553 -1.4818430397767681
13565 5.963623044463036
13613 5.433371509229539
13670 2.6164830075767194
13672 1.5262389685791264
13718 1.3425178314307487
13734 5.8267915107068795
13761 2.6040604875781623
13843 2.1782280766455644
13891 3.032962644289996
14136 1.4810567457858934
14237 -9.064228527954079
14241 5.052599493195288
14242 2.5326015235960173
14267 -3.823693933135151
14313 1.6466515087745348
14357 4.953442130403122
14381 0.2288676653980985
14416 5.41765849082669
14463 1.67063347346102
14519 6.17297327364491
14521 3.666305132075397
14556 2.8876357780772897
14559 4.433560284789064
14590 1.8337236683270872
14626 2.750014400201242
14688 6.9985096422506015
14692 2.8396265588909295
14949 7.814934377784571
15121 3.1737271807911225
15130 4.695924549256556
15155 4.142467204446423
15241 3.4924724284079427
15259 1.3320829541381691
15278 4.93182029819469
15292 4.42203579893711
15306 1.4399764361695133
15332 -4.656935190436861
15341 3.1838965002507154
15348 2.10066984229969
15358 2.579669034454003
15373 1.628721502626236
15413 3.834593596929569
15453 2.236335707452845
15472 2.735829765209286
15480 4.359452312635343
15517 5.659565561682174
15518 5.641547489501538
15524 5.206750173022546
15528 7.332610264150794
15551 1.1578679848772029
15651 2.2754468375694707
15669 2.162227735299123
15672 0.7275212103923018
15677 1.5779746429783155
15685 6.101483206954914
15771 0.06928714438394819
15827 1.9109133070182172
15828 5.465738970980154
15861 3.597312260588446
