156
174 9.739387407398617
474 4.513602992462601
476 3.8630154263214513
498 3.3349479961209547
1896 1.7835738846416156
1922 3.390409468383051
2009 2.413542163580029
2019 2.344549292093078
2176 2.383389125409342
2196 5.389071729816501
2240 1.65617539028579
2321 7.726030852642903
2328 2.9911764570181303
2334 0.7939518796819108
2400 5.612215281130711
2450 -0.6108568957036107
2585 3.9074671888922854
2631 0.6387659917280152
2634 5.8998973535824915
2853 3.414990703794491
2862 1.4690805547391779
3068 2.6920409239639014
3132 3.2373095265570386
3209 5.8998973535824915
3215 1.7699425535733089
3578 0.6015799870344548
3700 1.2947271675944
3763 3.597312260588446
3788 5.500028800402484
4088 3.5645224377654547
4158 0.030600440448717042
4298 2.9041650800285006
4307 2.824122372354964
4522 0.2603571476546441
4556 4.22592092001082
4625 1.8452180477528222
4679 4.919068100570765
4750 0.33155284982139466
4783 4.356456153291129
5031 4.695924549256556
5043 3.502002080784121
5046 2.236335707452845
5539 1.7153059135126125
5596 3.5645224377654547
5597 3.2373095265570386
5680 1.5913378707904824
5900 2.8553749158590684
5905 3.567147769283231
5983 1.9878743481543455
5993 0.8521803845817039
6088 1.2146844599208637
6235 2.454137038241171
6449 3.9074671888922854
6558 4.359452312635343
6872 1.3047775034479017
6908 0.33537694625979814
7025 1.0095482253607377
7104 -0.6634879166512921
7159 4.513602992462601
7197 1.730651483187273
7388 5.389071729816501
7482 1.8055527913603908
7534 1.242767428663689
7578 0.5215372793609184
7640 4.00277736869661
7692 2.2449194511442365
7892 1.5517722705842913
7932 1.8745456628473423
7965 5.659565561682174
8032 1.0216512475319814
8043 1.730651483187273
8078 3.8718292184472687
8089 2.681021528714291
8090 2.236335707452845
8227 7.1290448755309095
8242 2.035665011990694
8263 3.414990703794491
8432 3.3875917296063767
8439 0.4690908039883759
8582 2.7562175530669024
8593 4.165296298194385
8728 8.00555473739322
8869 2.1782280766455644
8928 1.3355491621146554
8946 2.7218435232345457
8960 3.8630154263214513
9106 1.0850066366123312
9177 4.359452312635343
9223 3.047265923669174
9438 4.290459441148391
9481 1.7727629685373998
9661 8.45184184002164
9733 1.0850066366123312
9796 6.305362461690656
9970 0.4837969513780714
10001 6.192107127359728
10084 6.305362461690656
10329 -1.4706348699671836
10422 0.7087940713416041
10437 1.3672978604292356
10503 2.413542163580029
10601 3.740413104229119
10677 4.433560284789064
11023 1.2880826248757316
11032 2.175425996420148
11148 1.1784267118982394
11168 1.2781978656431896
11299 -1.0423655237318759
11397 4.22592092001082
11491 1.8745456628473423
11570 1.1933746733341126
11894 1.5178707189086098
12043 2.498699971920336
12078 2.727440078162703
12079 6.9985096422506015
12093 1.6803896484063847
12104 6.474619053114077
12245 4.290459441148391
12316 4.695924549256556
12438 5.612215281130711
12455 -1.2915519952082413
12595 2.344549292093078
12598 2.5098732725184614
12991 3.1066893441399746
13135 4.359452312635343
13289 1.7410142702228197
13314 4.0573926853492015
13392 2.764403137653342
13775 3.2849375755462935
13845 2.001297368486486
13930 2.7203099458337108
14153 2.4876501357337513
14195 5.334461451516829
14196 4.186511602777624
14197 6.305362461690656
14267 -1.5294775732540604
14381 0.457735330796197
14416 0.7739512129752414
14455 3.274434953082352
14500 4.108137884354437
14515 3.0666840095262753
14530 4.290459441148391
14606 3.6312138122641273
15155 0.6904112007410705
15241 1.7462362142039713
15259 1.3320829541381691
15332 -7.761558650728101
15341 0.7959741250626788
15397 2.001297368486486
15413 1.2781978656431896
15418 2.1233123190494494
15471 0.6940608398286201
15506 6.305362461690656
15551 1.1578679848772029
15771 0.06928714438394819
15783 2.4041918466916314
