41
174 1.6232312345664361
279 2.6418008155610093
521 1.8986432144264027
695 2.9911764570181303
737 4.8012850649143815
1942 0.845776947546497
2271 0.34178311807220957
2450 -0.6108568957036107
2459 2.938066631704182
3215 0.589980851191103
4053 -0.07476007520910928
4158 0.030600440448717042
4750 0.33155284982139466
4838 1.4730567031188173
5040 1.4378280112350734
5067 2.2278250177849364
5275 4.8012850649143815
5539 1.7153059135126125
5983 1.9878743481543455
7487 1.8167260919585162
7906 1.4339892349279078
7965 1.886521853894058
9481 1.7727629685373998
9990 0.5671785603171224
10859 3.086486636822455
11148 1.1784267118982394
11299 -0.5211827618659379
11812 6.9985096422506015
11894 1.5178707189086098
12104 3.2373095265570386
12213 3.047265923669174
12455 -0.2152586658680402
12478 6.9985096422506015
12946 0.5932811842197597
14196 0.8373023205555247
14267 -0.3823693933135151
15057 1.152070867192877
15317 3.0666840095262753
15332 -3.1046234602912404
15503 5.052599493195288
15786 0.8981906902305371
