284
254 2.498699971920336
302 1.7153059135126125
528 4.513602992462601
673 5.8998973535824915
933 6.9985096422506015
1171 2.9209721983448818
1379 0.5370414658968836
1383 6.305362461690656
1416 4.359452312635343
1519 5.8998973535824915
1686 2.309930450438483
1687 2.413542163580029
1690 2.455214859980597
1692 4.388977195034689
1697 5.8998973535824915
1750 2.2137308608496604
1773 6.9985096422506015
1779 6.9985096422506015
1842 2.0286963426746007
1896 1.7835738846416156
2036 1.9486536350010641
2077 6.775183459212753
2176 2.383389125409342
2237 6.305362461690656
2247 6.6581584474172155
2353 4.108137884354437
2357 1.1873686492739008
2363 6.305362461690656
2402 4.513602992462601
2450 -1.832570687110832
2571 6.305362461690656
2594 3.5645224377654547
2631 0.8516879889706869
2701 2.7218435232345457
2705 1.6657908489852322
2706 3.6312138122641273
2862 14.69080554739178
2889 6.9985096422506015
2940 1.6278716141229383
3046 2.9911764570181303
3178 6.9985096422506015
3249 2.750014400201242
3280 6.9985096422506015
3282 4.290459441148391
3364 6.9985096422506015
3374 1.9680717208581657
3464 5.8998973535824915
3480 12.610724923381312
3647 4.216321028057695
3658 2.938066631704182
3661 4.165296298194385
3673 6.9985096422506015
3689 6.9985096422506015
3691 3.7026727762462723
3717 7.640911623805311
3730 15.157798479585864
3738 4.05407066308416
3759 2.4033897921160112
3774 3.4510201673737084
3814 2.236335707452845
3901 2.363780654020965
3946 3.414990703794491
4070 1.1068654304248302
4116 4.695924549256556
4158 0.18360264269230225
4230 12.089418123253587
4261 2.262311193856106
4280 5.389071729816501
4405 1.3460204619819507
4432 3.740413104229119
4506 6.305362461690656
4536 2.70805020110221
4608 4.222567985219234
4750 0.6631056996427893
4846 2.021775899830027
4857 2.0712559570933964
4894 4.600614369452231
4993 6.9985096422506015
4998 9.391849098513111
5003 5.612215281130711
5014 2.3541187431092285
5040 2.875656022470147
5083 1.5735596247691985
5155 3.3096301881366648
5156 2.211017899468555
5307 2.9911764570181303
5339 1.1784267118982394
5430 2.750014400201242
5437 6.9985096422506015
5491 10.791936781765338
5507 5.052599493195288
5539 3.430611827025225
5685 3.9074671888922854
5705 9.391849098513111
5898 3.9074671888922854
5945 6.9985096422506015
5981 2.8553749158590684
6004 3.1066893441399746
6012 3.740413104229119
6025 6.9985096422506015
6088 10.932160139287774
6140 2.211017899468555
6228 1.2947271675944
6265 4.600614369452231
6307 3.2373095265570386
6338 2.413542163580029
6586 4.577958881876534
6590 3.8204558119026557
6869 6.9985096422506015
6876 5.206750173022546
6924 5.206750173022546
7044 1.880515829833846
7166 12.610724923381312
7215 2.344549292093078
7244 5.206750173022546
7339 3.5327737394508745
7401 1.886521853894058
7497 0.7014003223166658
7503 4.695924549256556
7527 2.681021528714291
7569 1.0170954309961207
7600 5.612215281130711
7613 4.290459441148391
7650 4.216321028057695
7671 6.305362461690656
7692 2.2449194511442365
7946 4.290459441148391
7958 4.513602992462601
8242 2.035665011990694
8256 1.6803896484063847
8439 0.4690908039883759
8443 6.305362461690656
8643 4.002594736972972
8710 0.551203779709388
8783 6.305362461690656
8788 2.146479378330984
8801 4.919068100570765
8850 1.7153059135126125
8928 2.6710983242293107
8968 5.206750173022546
8978 1.6140145794615122
8979 3.5780469788183606
9151 1.258716730071367
9284 3.9074671888922854
9384 6.677745810573277
9454 3.1698682457615064
9456 5.612215281130711
9472 6.9985096422506015
9481 3.5455259370747996
9537 0.6546292081242703
9631 6.305362461690656
9640 2.8088549002241754
9698 1.9878743481543455
9733 2.1700132732246624
9765 1.7835738846416156
9791 2.344549292093078
9986 2.0568672196412967
9990 6.806142723805469
9997 6.9985096422506015
10052 12.610724923381312
10058 2.6040604875781623
10194 2.455214859980597
10225 3.8630154263214513
10318 6.9985096422506015
10329 -0.4201813914191953
10473 1.7781538171722764
10561 3.2006938814656967
10572 5.8998973535824915
10647 3.5327737394508745
10661 3.3349479961209547
10739 2.37353682896633
10844 5.8998973535824915
10868 -0.7414442912474055
10892 4.8012850649143815
10909 2.7790019370744945
10983 4.919068100570765
11089 2.309930450438483
11109 5.8998973535824915
11148 2.356853423796479
11170 2.5676928434072877
11228 3.3096301881366648
11258 4.00277736869661
11287 4.0573926853492015
11397 4.22592092001082
11470 6.9985096422506015
11582 4.359452312635343
11584 4.433560284789064
11585 6.9985096422506015
11677 1.7255100836868542
11704 3.1483620405405426
11768 6.9985096422506015
11778 5.710749831718137
11943 4.910429719961194
11952 1.5958322603783217
11969 0.7582337970798316
11977 3.7026727762462723
12057 2.10066984229969
12061 5.206750173022546
12078 1.3637200390813515
12101 6.305362461690656
12111 1.994563336305142
12218 2.6547042203969173
12241 2.579669034454003
12258 6.305362461690656
12316 4.695924549256556
12332 5.612215281130711
12342 4.05407066308416
12435 3.8204558119026557
12441 6.9985096422506015
12460 1.466416859025783
12558 2.4446327506500602
12588 4.05407066308416
12629 3.3096301881366648
12656 6.9985096422506015
12660 8.142660047962776
12677 3.9539872045271784
12717 2.3996588308615743
12823 1.034930298632155
12826 5.047749379085637
12929 3.7026727762462723
12946 0.5932811842197597
12975 6.9985096422506015
12992 2.3256808077886952
13045 1.886521853894058
13208 1.3115342859107813
13312 2.955458374416051
13319 1.8055527913603908
13384 2.0568672196412967
13394 5.8998973535824915
13424 5.8998973535824915
13454 5.052599493195288
13501 2.5211728277723946
13553 -0.37046075994419203
13659 6.9985096422506015
13681 2.498699971920336
13718 2.6850356628614973
13726 9.027205984925201
13818 4.600614369452231
13921 2.1782280766455644
13990 6.9985096422506015
14014 6.9985096422506015
14049 4.290459441148391
14188 3.597312260588446
14196 0.8373023205555247
14237 -1.3944966966083199
14267 -3.441324539821636
14298 14.087773647769666
14345 3.9539872045271784
14352 0.9464204733261844
14374 20.210397972781152
14381 0.2288676653980985
14422 6.369936957148348
14498 3.0282177286984795
14507 1.8510151654371483
14515 6.133368019052551
14523 8.566124747577206
14613 6.305362461690656
14633 2.6547042203969173
14641 5.052599493195288
14682 1.5431885268928998
14692 2.8396265588909295
14744 3.4431615807611875
14780 4.513602992462601
14782 5.206750173022546
15024 6.474619053114077
15099 6.94429823526888
15155 1.380822401482141
15173 3.009525595686327
15212 3.7796338173824005
15259 1.3320829541381691
15261 8.867120569578129
15302 3.3609234825242154
15332 -10.866182111019342
15348 10.503349211498449
15373 0.814360751313118
15390 6.9985096422506015
15471 0.6940608398286201
15472 2.735829765209286
15578 1.7945029551738059
15636 11.799794707164983
15669 6.48668320589737
15685 0.8716404581364162
15694 2.938066631704182
15814 2.262311193856106
