81
695 2.9911764570181303
1842 2.0286963426746007
1922 1.6952047341915255
2176 2.383389125409342
2271 0.34178311807220957
2421 1.5431885268928998
2538 1.422560539104285
2595 2.5211728277723946
2601 6.213378688279949
2631 0.8516879889706869
2935 0.6320391945191633
3120 1.6048820958982397
3186 1.2880826248757316
3798 12.610724923381312
4006 2.6547042203969173
4053 -0.07476007520910928
4145 2.008077055471865
4158 0.09180132134615113
4405 1.3460204619819507
4750 0.33155284982139466
4838 1.4730567031188173
4914 1.4339892349279078
4989 1.3355491621146554
5040 1.4378280112350734
5369 3.047265923669174
5539 1.7153059135126125
5993 0.8521803845817039
6136 1.457246097092175
6433 1.5462068723802074
6835 5.206750173022546
7059 5.389071729816501
7104 -0.6634879166512921
7210 1.8568460857479414
7339 3.5327737394508745
7578 0.5215372793609184
7731 2.001297368486486
7784 5.612215281130711
7906 1.4339892349279078
7981 2.0426825846493406
8032 0.5108256237659907
8089 2.681021528714291
8736 1.1933746733341126
8850 1.7153059135126125
9393 1.060973437168175
9481 1.7727629685373998
9748 2.6547042203969173
10247 8.718904625270685
10329 -0.21009069570959765
10678 2.288979440938267
10825 2.0149030205422647
10867 2.9066643955420775
10885 12.610724923381312
11023 1.2880826248757316
11148 1.1784267118982394
11299 -0.5211827618659379
11450 2.262311193856106
11894 3.0357414378172196
11908 1.5346778372249912
11969 0.7582337970798316
12022 0.40409618250082274
12064 3.3349479961209547
12117 4.290459441148391
12455 -0.2152586658680402
12460 0.7332084295128914
12708 1.5958322603783217
13208 1.3115342859107813
13494 3.21432000833234
13553 -0.7409215198883841
13672 1.5262389685791264
14104 1.710242611556066
14195 1.7781538171722764
14237 -1.3944966966083199
14267 -0.3823693933135151
15057 1.152070867192877
15332 -1.5523117301456202
15407 2.2711218235382606
15413 1.2781978656431896
15546 6.9985096422506015
15551 1.1578679848772029
15587 1.2947271675944
15783 0.48083836933832624
