257
476 3.8630154263214513
521 1.8986432144264027
730 2.298029276458185
1896 1.7835738846416156
1922 6.780818936766102
1923 2.211017899468555
1924 2.288979440938267
1928 2.4876501357337513
1942 2.537330842639491
1952 5.206750173022546
1960 6.296724081081085
1964 3.260840023967233
2136 5.8998973535824915
2167 2.66777630196427
2176 2.383389125409342
2235 3.2849375755462935
2240 1.65617539028579
2271 0.34178311807220957
2291 3.5327737394508745
2334 1.5879037593638217
2369 4.108137884354437
2442 2.7938170228596353
2443 8.00555473739322
2450 -3.665141374221664
2452 2.1782280766455644
2459 2.938066631704182
2513 1.8280256472124494
2519 1.6902419448493964
2545 4.8012850649143815
2631 1.490453980698702
2638 2.130975191795019
2644 4.513602992462601
2744 5.612215281130711
2853 3.414990703794491
2862 1.4690805547391779
2920 1.3590830570083334
2935 1.2640783890383267
2967 6.9985096422506015
3048 2.5098732725184614
3120 6.419528383592959
3180 2.7938170228596353
3186 2.576165249751463
3215 1.179961702382206
3298 12.610724923381312
3412 6.9985096422506015
3635 1.5779746429783155
3691 3.7026727762462723
3692 6.305362461690656
3736 3.086486636822455
3737 5.416658374081172
3738 4.05407066308416
3788 5.500028800402484
4004 4.8892655013001205
4006 2.6547042203969173
4053 -0.07476007520910928
4114 1.3890378470656415
4158 0.18360264269230225
4214 2.465910149097345
4297 3.3096301881366648
4304 4.290459441148391
4321 2.8553749158590684
4421 4.919068100570765
4467 4.22592092001082
4522 0.2603571476546441
4556 4.22592092001082
4566 10.791936781765338
4621 2.7218435232345457
4750 0.33155284982139466
4765 1.4150133334689021
4783 2.1782280766455644
4976 2.288979440938267
4989 2.6710983242293107
5031 4.695924549256556
5040 4.313484033705221
5052 4.22592092001082
5119 2.3933394562625097
5151 2.555858385760285
5156 2.211017899468555
5238 3.6312138122641273
5307 2.9911764570181303
5339 2.356853423796479
5517 1.6232312345664361
5539 10.291835481075676
5550 3.666305132075397
5570 3.6312138122641273
5586 6.9985096422506015
5587 2.5326015235960173
5630 0.11915383779016203
5686 6.9985096422506015
5867 5.612215281130711
5889 2.4033897921160112
5895 2.4033897921160112
5983 3.975748696308691
5993 5.113082307490223
5999 5.019746545036923
6049 2.035665011990694
6064 2.138697237888929
6089 3.8630154263214513
6156 3.6000252219695508
6175 6.9985096422506015
6235 2.454137038241171
6399 6.305362461690656
6414 3.1483620405405426
6433 1.030804581586805
6628 3.1918471524802814
6714 5.612215281130711
6721 2.383389125409342
6776 1.942263836902293
7019 2.130975191795019
7072 1.9486536350010641
7104 -1.9904637499538764
7197 1.730651483187273
7210 1.8568460857479414
7317 6.9985096422506015
7401 5.659565561682174
7409 5.8998973535824915
7480 9.201228738904462
7482 1.8055527913603908
7497 0.7014003223166658
7578 0.5215372793609184
7622 2.764403137653342
7623 3.3349479961209547
7808 5.679253117781859
7813 2.0291467231268214
7887 2.973157951515452
7906 1.4339892349279078
7969 3.5327737394508745
7971 3.414990703794491
8032 1.5324768712979722
8043 1.730651483187273
8089 2.681021528714291
8090 4.47267141490569
8256 1.6803896484063847
8262 2.0712559570933964
8318 3.9074671888922854
8337 1.9550845253313545
8439 0.9381816079767518
8728 8.00555473739322
8896 2.938066631704182
8904 2.1863252868781835
9069 3.260840023967233
9077 6.9985096422506015
9106 2.1700132732246624
9170 0.6116303228879563
9223 3.047265923669174
9224 6.9985096422506015
9227 4.165296298194385
9408 4.165296298194385
9481 10.636577811224399
9641 2.6418008155610093
9686 3.6312138122641273
9733 1.0850066366123312
9990 1.1343571206342449
10076 2.750014400201242
10191 4.433560284789064
10194 2.455214859980597
10287 3.009525595686327
10296 3.2849375755462935
10302 5.258123579567159
10326 1.0461538510930224
10329 -0.630272087128793
10422 0.7087940713416041
10647 3.5327737394508745
10677 4.433560284789064
10678 4.577958881876534
10801 4.433560284789064
10825 2.0149030205422647
10859 3.086486636822455
10867 4.359996593313117
10868 -0.37072214562370276
10903 2.476721065201561
10909 2.7790019370744945
11032 1.087712998210074
11089 1.1549652252192415
11148 1.1784267118982394
11299 -1.0423655237318759
11304 1.2054960338664575
11320 2.764403137653342
11416 2.1782280766455644
11418 3.597312260588446
11461 2.146479378330984
11524 1.5178707189086098
11591 2.7218435232345457
11701 6.9985096422506015
11717 2.938066631704182
11790 2.2449194511442365
11809 4.165296298194385
11894 1.5178707189086098
11905 6.569875151092587
12022 0.8081923650016455
12078 1.3637200390813515
12111 1.994563336305142
12204 4.513602992462601
12213 3.047265923669174
12214 6.305362461690656
12355 7.065547478901749
12383 2.5046129034208957
12455 -0.6457759976041206
12460 0.7332084295128914
12480 6.9985096422506015
12505 4.165296298194385
12595 4.689098584186156
12708 1.5958322603783217
12717 0.5999147077153936
12792 7.640911623805311
12823 1.034930298632155
12853 1.152070867192877
13046 3.47214911763444
13180 3.666305132075397
13208 2.6230685718215625
13314 2.0286963426746007
13316 3.047265923669174
13353 1.961557039836972
13384 2.0568672196412967
13494 3.21432000833234
13553 -2.9636860795535362
13556 6.9985096422506015
13672 1.5262389685791264
13718 1.3425178314307487
13825 2.7218435232345457
13843 2.1782280766455644
13847 5.389071729816501
13891 0.6065925288579992
13930 1.3601549729168554
13935 4.359452312635343
13936 3.3349479961209547
14021 4.108137884354437
14078 2.5098732725184614
14104 1.710242611556066
14167 7.405345552492545
14195 7.1126152686891055
14196 5.861116243888673
14237 -4.18349008982496
14267 -1.9118469665675755
14381 0.6866029961942954
14416 5.41765849082669
14422 2.1233123190494494
14525 4.22592092001082
14586 4.05407066308416
14633 2.6547042203969173
14682 1.5431885268928998
14692 2.8396265588909295
14880 4.22592092001082
14906 2.408183642183698
15037 2.3163784151263815
15057 1.152070867192877
15069 4.359452312635343
15241 1.7462362142039713
15247 2.498699971920336
15332 -20.18005249189306
15397 2.001297368486486
15413 5.112791462572758
15551 1.1578679848772029
15672 1.4550424207846036
15685 1.7432809162728324
15783 2.4041918466916314
15786 1.7963813804610742
