59
695 2.9911764570181303
1896 1.7835738846416156
1922 5.085614202574576
1942 0.845776947546497
2271 0.34178311807220957
2450 -0.6108568957036107
2631 0.21292199724267172
2640 2.735829765209286
2935 0.6320391945191633
3180 2.7938170228596353
4053 -0.07476007520910928
4158 0.030600440448717042
4556 4.22592092001082
5031 4.695924549256556
5040 1.4378280112350734
5052 4.22592092001082
5518 1.5868635903955612
5539 1.7153059135126125
5647 4.513602992462601
5993 3.4087215383268155
6064 2.138697237888929
6235 1.2270685191205855
7482 1.8055527913603908
7885 3.9539872045271784
7904 2.211017899468555
7906 1.4339892349279078
7971 3.414990703794491
8439 0.4690908039883759
9393 1.060973437168175
9481 1.7727629685373998
9641 2.6418008155610093
9990 0.5671785603171224
10006 2.6944445490464313
10392 5.612215281130711
10647 3.5327737394508745
10825 2.0149030205422647
10867 1.4533321977710387
11148 1.1784267118982394
11299 -0.5211827618659379
11418 3.597312260588446
11654 16.836645843392134
11679 4.433560284789064
12022 0.8081923650016455
12078 1.3637200390813515
12093 1.6803896484063847
12455 -0.6457759976041206
12460 0.7332084295128914
12595 2.344549292093078
12717 0.5999147077153936
13208 1.3115342859107813
13670 2.6164830075767194
14195 1.7781538171722764
14237 -0.6972483483041599
14267 -0.3823693933135151
15057 1.152070867192877
15069 4.359452312635343
15332 -7.761558650728101
15626 4.22592092001082
15786 0.8981906902305371
