67
971 6.9985096422506015
1988 4.695924549256556
2240 1.65617539028579
2421 1.5431885268928998
2461 3.502002080784121
2699 5.052599493195288
2755 3.260840023967233
3215 0.589980851191103
3375 4.22592092001082
4070 1.1068654304248302
4158 0.030600440448717042
4199 3.8630154263214513
4321 2.8553749158590684
4467 4.22592092001082
4551 3.9074671888922854
5039 2.735829765209286
5040 1.4378280112350734
5378 6.305362461690656
6250 1.7727629685373998
6819 1.7153059135126125
6872 1.3047775034479017
7299 2.8553749158590684
7497 0.7014003223166658
7569 1.0170954309961207
7614 2.5676928434072877
7813 1.0145733615634107
8089 5.362043057428582
8090 2.236335707452845
8439 0.4690908039883759
8648 2.434161450782765
8788 2.146479378330984
8886 1.3081501879265407
8977 2.6290617897835795
9004 5.206750173022546
9230 3.3096301881366648
9276 2.6944445490464313
9960 6.9985096422506015
9970 0.4837969513780714
10025 4.513602992462601
10223 4.05407066308416
10962 2.6290617897835795
11089 2.309930450438483
11299 -0.5211827618659379
11704 3.1483620405405426
11908 1.5346778372249912
12717 0.5999147077153936
12781 2.498699971920336
13289 1.7410142702228197
13538 3.414990703794491
13718 1.3425178314307487
13759 2.955458374416051
14078 5.019746545036923
14131 5.052599493195288
14196 0.8373023205555247
14267 -0.7647387866270302
14416 0.7739512129752414
14455 1.637217476541176
15029 6.305362461690656
15332 -4.656935190436861
15341 0.7959741250626788
15363 2.555858385760285
15407 2.2711218235382606
15413 1.2781978656431896
15685 0.8716404581364162
15765 4.290459441148391
15771 0.023095714794649395
15805 2.008077055471865
