78
657 2.0640357091199095
1942 1.691553895092994
1960 3.1483620405405426
2179 8.867120569578129
2421 3.0863770537857995
2513 1.8280256472124494
2595 2.5211728277723946
2631 0.21292199724267172
2674 1.0272478024601386
2920 0.6795415285041667
2962 10.413500346045092
3132 3.2373095265570386
3186 2.576165249751463
3223 2.5211728277723946
3578 0.6015799870344548
3896 1.403798262648762
4004 2.4446327506500602
4158 0.061200880897434085
4176 5.612215281130711
4286 2.130975191795019
4608 2.815045323479489
4815 2.7218435232345457
4881 2.7938170228596353
5040 2.875656022470147
5539 1.7153059135126125
5839 2.579669034454003
5973 1.4770487243883548
5993 0.8521803845817039
6140 2.211017899468555
6697 4.22592092001082
6754 1.2024518914852294
7044 1.880515829833846
7210 3.713692171495883
7487 1.8167260919585162
7808 2.8396265588909295
8439 0.4690908039883759
8896 2.938066631704182
9151 1.258716730071367
9346 2.498699971920336
9464 5.206750173022546
9748 2.6547042203969173
9986 2.0568672196412967
10221 2.434161450782765
10287 3.009525595686327
10437 1.3672978604292356
10867 2.9066643955420775
11148 1.1784267118982394
11170 2.5676928434072877
11386 2.1157077196642304
11491 3.7490913256946845
11790 2.2449194511442365
11894 3.0357414378172196
12022 0.40409618250082274
12342 4.05407066308416
12450 3.1483620405405426
12455 -0.4305173317360804
12460 0.7332084295128914
12717 1.1998294154307871
12946 1.7798435526592793
13029 1.6609715625492831
13208 2.6230685718215625
13530 3.9539872045271784
13672 1.5262389685791264
13845 4.002594736972972
13891 0.6065925288579992
14107 2.4237986637472186
14313 1.6466515087745348
14352 0.9464204733261844
14626 2.750014400201242
15057 1.152070867192877
15158 3.8204558119026557
15259 1.3320829541381691
15283 6.7090071223585355
15332 -1.5523117301456202
15397 2.001297368486486
15407 2.2711218235382606
15709 2.1863252868781835
15783 0.48083836933832624
