165
174 1.6232312345664361
279 5.283601631122019
521 1.8986432144264027
695 2.9911764570181303
737 4.8012850649143815
1842 2.0286963426746007
1922 3.390409468383051
1938 2.66777630196427
1942 0.845776947546497
2176 4.766778250818684
2240 1.65617539028579
2334 0.7939518796819108
2407 4.47267141490569
2450 -2.4434275828144427
2484 2.629859749823839
2631 1.2775319834560304
2640 2.735829765209286
2920 0.6795415285041667
2935 0.6320391945191633
3104 5.612215281130711
3120 1.6048820958982397
3186 2.576165249751463
3215 0.589980851191103
3353 5.8998973535824915
3439 6.9985096422506015
3478 5.052599493195288
4072 6.305362461690656
4158 0.18360264269230225
4286 2.130975191795019
4333 1.4651201535230811
4366 1.9878743481543455
4608 4.222567985219234
4657 4.165296298194385
4838 4.419170109356452
4852 2.517433460142734
4882 2.130975191795019
5029 3.2373095265570386
5040 2.875656022470147
5238 3.6312138122641273
5318 3.1066893441399746
5758 3.666305132075397
5898 3.9074671888922854
5905 1.7835738846416156
5928 4.919068100570765
5939 6.9985096422506015
5955 2.434161450782765
5993 0.8521803845817039
6012 3.740413104229119
6033 4.695924549256556
6216 2.3933394562625097
6235 1.2270685191205855
6316 5.206750173022546
6360 3.21432000833234
6402 1.4112609838503516
6407 6.9985096422506015
6433 0.5154022907934025
6614 3.009525595686327
6675 2.5098732725184614
6697 4.22592092001082
6714 5.612215281130711
6754 1.2024518914852294
7072 1.9486536350010641
7104 -0.6634879166512921
7210 3.713692171495883
7339 7.065547478901749
7417 11.799794707164983
7452 4.513602992462601
7459 2.1944885975173447
7487 3.6334521839170324
7497 0.7014003223166658
7552 1.9486536350010641
7614 2.5676928434072877
7620 2.1863252868781835
7886 4.359452312635343
7906 2.8679784698558155
8230 4.74707365793266
8664 5.587634045719271
8850 1.7153059135126125
8896 2.938066631704182
9106 2.1700132732246624
9355 2.1782280766455644
9393 1.060973437168175
9481 1.7727629685373998
9510 7.559267634764801
9537 0.6546292081242703
9640 2.8088549002241754
9681 3.8204558119026557
9748 2.6547042203969173
9990 5.104607042854102
10194 2.455214859980597
10196 2.5211728277723946
10217 2.15432255579201
10326 0.5230769255465112
10329 -0.630272087128793
10422 0.7087940713416041
10437 1.3672978604292356
10473 3.5563076343445528
10556 7.907974409054357
10770 2.4876501357337513
10867 1.4533321977710387
10884 3.502002080784121
10903 2.476721065201561
10983 4.919068100570765
11032 2.175425996420148
11148 2.356853423796479
11168 1.2781978656431896
11218 0.5720211847929105
11243 3.8630154263214513
11287 2.0286963426746007
11312 3.3096301881366648
11320 2.764403137653342
11327 3.5645224377654547
11491 1.8745456628473423
11503 2.8876357780772897
11524 1.5178707189086098
11790 2.2449194511442365
11908 1.5346778372249912
12022 0.40409618250082274
12078 1.3637200390813515
12122 1.1963912668735384
12216 2.87137525720551
12342 4.05407066308416
12400 5.8419443966897635
12455 -0.8610346634721608
12558 2.4446327506500602
12595 2.344549292093078
12619 5.8998973535824915
12660 2.035665011990694
12685 5.389071729816501
12787 5.612215281130711
12946 5.932811842197597
13029 3.3219431250985663
13104 6.474619053114077
13179 5.8998973535824915
13208 2.6230685718215625
13239 4.600614369452231
13384 2.0568672196412967
13403 3.502002080784121
13553 -0.7409215198883841
13594 5.206750173022546
13672 1.5262389685791264
13835 4.00277736869661
13880 6.305362461690656
13922 1.8986432144264027
13936 3.3349479961209547
14044 1.4611753752320646
14104 1.710242611556066
14107 2.4237986637472186
14195 3.5563076343445528
14196 3.3492092822220987
14237 -1.3944966966083199
14267 -2.2942163598810907
14357 2.476721065201561
14435 4.786678912525019
14455 8.18608738270588
14463 1.67063347346102
14558 2.476721065201561
15212 3.7796338173824005
15332 -1.5523117301456202
15341 0.7959741250626788
15397 2.001297368486486
15424 1.8111238364098463
15685 0.8716404581364162
15702 2.8553749158590684
15783 1.4425151080149787
