32
1858 5.612215281130711
2103 2.4446327506500602
2328 2.9911764570181303
2631 0.21292199724267172
3506 0.8205655282000008
3578 0.6015799870344548
3598 1.1666271649670843
3614 1.4378280112350734
4158 0.030600440448717042
4556 4.22592092001082
5208 2.5676928434072877
5539 1.7153059135126125
5630 0.11915383779016203
5889 2.4033897921160112
6776 1.942263836902293
6887 1.152070867192877
7578 0.5215372793609184
7998 4.433560284789064
9481 1.7727629685373998
10749 1.1754637467675824
11106 2.021775899830027
11304 1.2054960338664575
12022 0.40409618250082274
12034 0.9324015521468534
12122 1.1963912668735384
12440 4.8012850649143815
14352 0.9464204733261844
14431 1.034930298632155
15182 4.359452312635343
15332 -1.5523117301456202
15413 1.2781978656431896
15551 1.1578679848772029
