88
2217 2.4876501357337513
2450 -0.6108568957036107
2492 3.047265923669174
2924 2.0286963426746007
2940 1.6278716141229383
2963 4.05407066308416
3144 4.00277736869661
3331 6.9985096422506015
3359 3.8630154263214513
3614 1.4378280112350734
3790 5.8998973535824915
3995 1.751485570090115
4006 2.6547042203969173
4108 3.1066893441399746
4309 2.681021528714291
4405 1.3460204619819507
4461 11.224430562261421
4522 0.2603571476546441
4537 1.0196238773494795
4613 2.211017899468555
4750 0.33155284982139466
4852 1.258716730071367
5249 3.3096301881366648
5432 6.886323161522375
5590 1.4533321977710387
5630 0.23830767558032406
5875 5.500028800402484
5955 2.434161450782765
6057 3.8204558119026557
6078 2.555858385760285
6433 0.5154022907934025
6447 1.2880826248757316
6754 1.2024518914852294
7042 7.726030852642903
7344 1.6325336272287498
7559 4.108137884354437
7871 4.108137884354437
8242 2.035665011990694
8262 2.0712559570933964
8514 2.008077055471865
8519 12.610724923381312
8523 0.7256326357044336
8660 1.675499663112193
8816 1.7255100836868542
9345 2.66777630196427
9559 -0.49919366312984353
9580 3.3096301881366648
9709 1.082307579643166
9970 0.4837969513780714
10300 4.600614369452231
10443 2.4876501357337513
10447 1.829844710114914
10559 3.8630154263214513
10825 2.0149030205422647
11032 1.087712998210074
11037 4.05407066308416
11106 2.021775899830027
11218 0.5720211847929105
11299 -3.1270965711956276
11351 9.602570129828763
11453 1.3637200390813515
11454 4.695924549256556
11570 1.1933746733341126
11939 2.681021528714291
12022 0.40409618250082274
12241 2.579669034454003
12455 -0.2152586658680402
13080 0.8123010183501074
13189 1.8745456628473423
13553 -0.37046075994419203
13614 6.9985096422506015
13720 3.666305132075397
13734 1.942263836902293
14097 5.206750173022546
14309 1.5137127087599462
14633 2.6547042203969173
14906 0.8027278807278994
15037 2.3163784151263815
15283 4.47267141490569
15292 2.211017899468555
15332 -3.1046234602912404
15358 2.579669034454003
15373 0.814360751313118
15397 2.001297368486486
15651 1.1377234187847354
15669 4.324455470598246
15677 1.5779746429783155
15828 2.1862955883920616
