244
174 6.492924938265745
241 1.6902419448493964
263 5.8998973535824915
302 1.7153059135126125
521 1.8986432144264027
737 4.8012850649143815
1864 3.047265923669174
1922 1.6952047341915255
1923 2.211017899468555
1924 2.288979440938267
1933 8.10814132616832
1964 3.260840023967233
2070 1.4730567031188173
2085 4.600614369452231
2176 4.766778250818684
2247 2.219386149139072
2269 1.8686109273275278
2271 0.6835662361444191
2291 3.5327737394508745
2334 0.7939518796819108
2357 2.3747372985478017
2407 4.47267141490569
2421 3.0863770537857995
2450 -7.941139644146939
2484 1.3149298749119196
2592 2.938066631704182
2593 4.433560284789064
2631 0.42584399448534344
2674 1.0272478024601386
2703 4.513602992462601
2924 2.0286963426746007
2952 9.391849098513111
2964 0.900435360084361
2968 3.4431615807611875
3166 4.600614369452231
3186 3.8642478746271944
3215 1.179961702382206
3352 8.718904625270685
3386 2.6290617897835795
3407 2.085854756514549
3478 5.052599493195288
3567 6.9985096422506015
3578 0.6015799870344548
3632 3.47214911763444
3763 3.597312260588446
3923 3.1273086313427103
3995 1.751485570090115
4158 0.030600440448717042
4208 1.5220460903190904
4245 3.597312260588446
4257 5.612215281130711
4261 2.262311193856106
4299 6.9985096422506015
4522 0.5207142953092883
4536 2.70805020110221
4593 3.9074671888922854
4750 0.6631056996427893
4783 2.1782280766455644
4838 1.4730567031188173
4846 2.021775899830027
4876 2.2449194511442365
4878 4.101893581287706
4881 2.7938170228596353
5040 2.875656022470147
5043 3.502002080784121
5116 1.961557039836972
5154 2.4446327506500602
5307 2.9911764570181303
5316 2.236335707452845
5491 3.597312260588446
5534 3.3875917296063767
5731 2.8876357780772897
5779 3.21432000833234
5851 4.00277736869661
5905 1.7835738846416156
6043 1.5913378707904824
6047 3.009525595686327
6049 6.106995035972082
6089 15.452061705285805
6219 4.59605855291637
6250 1.7727629685373998
6360 3.21432000833234
6414 3.1483620405405426
6433 0.5154022907934025
6507 2.6290617897835795
6587 4.00277736869661
6754 4.809807565940917
6819 1.7153059135126125
6856 3.2849375755462935
6872 6.523887517239508
6908 1.0061308387793944
6970 2.1863252868781835
7001 4.290459441148391
7020 6.9985096422506015
7025 1.0095482253607377
7054 3.8630154263214513
7072 3.8973072700021283
7104 -1.3269758333025843
7197 1.730651483187273
7215 2.344549292093078
7265 4.108137884354437
7286 1.4112609838503516
7339 3.5327737394508745
7487 3.6334521839170324
7569 2.0341908619922413
7620 2.1863252868781835
7622 2.764403137653342
7724 3.597312260588446
7808 2.8396265588909295
7882 4.359452312635343
7892 3.1035445411685827
7973 6.9985096422506015
8086 3.3096301881366648
8087 6.9985096422506015
8262 2.0712559570933964
8439 0.9381816079767518
8444 3.5780469788183606
8593 4.165296298194385
8595 6.9985096422506015
8714 4.22592092001082
8788 2.146479378330984
8840 3.1698682457615064
8873 5.052599493195288
8886 1.3081501879265407
8889 6.9985096422506015
8904 2.1863252868781835
8907 6.9985096422506015
8928 2.6710983242293107
8979 7.156093957636721
9107 6.9985096422506015
9122 1.3744921360632627
9223 3.047265923669174
9292 2.5441623459970937
9393 2.12194687433635
9537 0.6546292081242703
9539 6.305362461690656
9641 2.6418008155610093
9983 3.1066893441399746
9990 0.5671785603171224
10098 4.695924549256556
10154 3.3609234825242154
10198 7.640911623805311
10221 2.434161450782765
10258 7.2000504439391015
10296 9.85481272663888
10329 -0.21009069570959765
10393 1.9746291214043248
10422 1.4175881426832082
10431 0.7218661529089567
10437 1.3672978604292356
10521 4.433560284789064
10868 -0.18536107281185138
10886 2.87137525720551
10903 4.953442130403122
10981 3.086486636822455
10997 3.1483620405405426
10998 4.8012850649143815
11023 1.2880826248757316
11032 1.087712998210074
11034 1.5958322603783217
11089 1.1549652252192415
11148 2.356853423796479
11165 2.1863252868781835
11287 2.0286963426746007
11375 2.681021528714291
11570 3.580124020002338
11597 3.0666840095262753
11707 3.2373095265570386
11781 2.591790394986348
11785 3.9361434417163315
11790 2.2449194511442365
11894 3.0357414378172196
11905 3.2849375755462935
11977 3.7026727762462723
12078 2.727440078162703
12111 1.994563336305142
12455 -0.6457759976041206
12460 2.1996252885386745
12594 4.513602992462601
12619 11.799794707164983
12660 2.035665011990694
12717 0.5999147077153936
12726 6.9985096422506015
12783 1.8986432144264027
12828 3.597312260588446
12946 5.339530657977837
12978 4.766778250818684
13029 3.3219431250985663
13080 0.8123010183501074
13208 1.3115342859107813
13214 6.9985096422506015
13258 4.600614369452231
13310 3.666305132075397
13314 6.086089028023802
13316 3.047265923669174
13317 4.290459441148391
13338 5.042345655544789
13372 5.206750173022546
13390 2.236335707452845
13553 -0.37046075994419203
13672 3.052477937158253
13693 3.666305132075397
13734 1.942263836902293
13834 4.00277736869661
14040 5.389071729816501
14161 10.413500346045092
14188 3.597312260588446
14196 4.186511602777624
14237 -10.458725224562398
14240 10.778143459633002
14242 2.5326015235960173
14267 -4.206063326448666
14308 2.0640357091199095
14313 1.6466515087745348
14365 3.8630154263214513
14381 0.457735330796197
14455 4.911652429623528
14493 9.928890564409993
14506 3.740413104229119
14647 3.8630154263214513
14682 1.5431885268928998
14906 0.4013639403639497
15049 5.389071729816501
15121 3.1737271807911225
15155 4.832878405187493
15265 4.165296298194385
15317 3.0666840095262753
15318 5.206750173022546
15326 3.2373095265570386
15332 -20.18005249189306
15341 1.5919482501253577
15348 4.20133968459938
15352 6.9985096422506015
15373 0.814360751313118
15424 3.6222476728196926
15453 2.236335707452845
15529 5.8998973535824915
15650 4.261950383590038
15687 5.8998973535824915
15702 5.710749831718137
15708 2.9911764570181303
15770 8.33059259638877
15812 5.052599493195288
15814 2.262311193856106
