297
174 1.6232312345664361
241 1.6902419448493964
476 3.8630154263214513
498 3.3349479961209547
1896 1.7835738846416156
1922 3.390409468383051
1924 2.288979440938267
2019 2.344549292093078
2038 1.880515829833846
2049 2.37353682896633
2176 4.766778250818684
2240 3.31235078057158
2247 2.219386149139072
2271 0.6835662361444191
2321 11.589046278964354
2328 2.9911764570181303
2334 1.5879037593638217
2357 1.1873686492739008
2421 1.5431885268928998
2450 -4.2759982699252745
2484 1.3149298749119196
2513 1.8280256472124494
2594 3.5645224377654547
2631 0.6387659917280152
2634 5.8998973535824915
2713 6.305362461690656
2755 3.260840023967233
2830 4.359452312635343
2874 3.047265923669174
2903 5.612215281130711
2920 0.6795415285041667
3068 2.6920409239639014
3132 3.2373095265570386
3215 1.7699425535733089
3344 5.389071729816501
3482 3.3096301881366648
3516 2.0785287164224764
3610 3.2849375755462935
3700 5.1789086703776
3738 4.05407066308416
3774 3.4510201673737084
3780 2.465910149097345
3788 8.250043200603727
3982 1.0769312226067855
3995 7.00594228036046
4070 1.1068654304248302
4088 3.5645224377654547
4158 0.061200880897434085
4230 2.0149030205422647
4257 5.612215281130711
4283 4.8012850649143815
4298 2.9041650800285006
4307 2.824122372354964
4366 1.9878743481543455
4392 6.9985096422506015
4476 3.740413104229119
4522 0.2603571476546441
4533 3.086486636822455
4556 4.22592092001082
4625 1.8452180477528222
4679 4.919068100570765
4750 0.6631056996427893
4783 2.1782280766455644
4869 4.8012850649143815
4874 6.9985096422506015
4963 2.3933394562625097
4989 1.3355491621146554
5010 5.8998973535824915
5031 4.695924549256556
5046 2.236335707452845
5119 4.786678912525019
5155 3.3096301881366648
5156 4.42203579893711
5199 9.602570129828763
5307 2.9911764570181303
5316 2.236335707452845
5318 3.1066893441399746
5339 2.356853423796479
5534 3.3875917296063767
5539 1.7153059135126125
5597 3.2373095265570386
5680 1.5913378707904824
5687 2.0785287164224764
5839 2.579669034454003
5905 3.567147769283231
5934 8.66290733423187
5980 3.8630154263214513
5983 1.9878743481543455
5993 0.8521803845817039
6083 3.3349479961209547
6088 1.2146844599208637
6235 3.681205557361756
6307 3.2373095265570386
6356 5.8998973535824915
6449 3.9074671888922854
6558 4.359452312635343
6587 8.00555473739322
6614 3.009525595686327
6872 6.523887517239508
6908 2.0122616775587887
6970 2.1863252868781835
7025 6.057289352164426
7060 4.108137884354437
7065 2.6040604875781623
7104 -1.9904637499538764
7159 4.513602992462601
7197 8.653257415936364
7215 2.344549292093078
7388 5.389071729816501
7416 4.919068100570765
7482 1.8055527913603908
7534 1.242767428663689
7569 1.0170954309961207
7578 0.5215372793609184
7622 2.764403137653342
7640 4.00277736869661
7655 4.433560284789064
7692 2.2449194511442365
7838 2.1081605140288473
7892 3.1035445411685827
7932 9.372728314236712
7965 18.86521853894058
7978 5.206750173022546
8032 2.5541281188299534
8043 5.191954449561819
8055 2.9041650800285006
8078 1.9359146092236343
8089 2.681021528714291
8090 2.236335707452845
8153 5.679253117781859
8227 7.1290448755309095
8242 2.035665011990694
8262 2.0712559570933964
8263 3.414990703794491
8432 3.3875917296063767
8439 0.9381816079767518
8444 3.5780469788183606
8481 6.305362461690656
8582 2.7562175530669024
8593 4.165296298194385
8660 1.675499663112193
8664 2.7938170228596353
8689 5.206750173022546
8708 1.4810567457858934
8728 4.00277736869661
8788 2.146479378330984
8869 2.1782280766455644
8870 3.7026727762462723
8886 1.3081501879265407
8904 2.1863252868781835
8928 1.3355491621146554
8946 2.7218435232345457
8960 3.8630154263214513
8978 1.6140145794615122
8979 3.5780469788183606
9106 6.510039819673987
9170 0.6116303228879563
9177 4.359452312635343
9223 3.047265923669174
9292 2.5441623459970937
9438 4.290459441148391
9481 1.7727629685373998
9483 3.6312138122641273
9537 0.6546292081242703
9573 3.3096301881366648
9661 12.67776276003246
9711 5.605832781982583
9733 2.1700132732246624
9796 6.305362461690656
9970 0.4837969513780714
9990 0.5671785603171224
10001 6.192107127359728
10084 6.305362461690656
10098 4.695924549256556
10145 6.9985096422506015
10296 3.2849375755462935
10329 -1.260544174257586
10393 1.9746291214043248
10422 2.1263822140248125
10431 0.7218661529089567
10437 8.203787162575413
10487 3.962459610871354
10503 2.413542163580029
10514 3.8630154263214513
10601 3.740413104229119
10658 2.9041650800285006
10749 2.3509274935351647
10857 5.052599493195288
10868 -0.7414442912474055
10886 5.74275051441102
10906 2.035665011990694
10967 3.6312138122641273
11023 1.2880826248757316
11032 2.175425996420148
11148 2.356853423796479
11168 2.556395731286379
11299 -1.0423655237318759
11317 6.133368019052551
11320 2.764403137653342
11334 1.994563336305142
11397 4.22592092001082
11429 6.9985096422506015
11484 3.6312138122641273
11491 1.8745456628473423
11564 6.9985096422506015
11570 1.1933746733341126
11696 3.2373095265570386
11778 2.8553749158590684
11781 2.591790394986348
11785 1.9680717208581657
11832 6.305362461690656
11844 8.580918882296782
11850 2.455214859980597
11894 1.5178707189086098
11908 3.0693556744499824
11909 6.9985096422506015
11947 3.0282177286984795
11955 5.206750173022546
12043 2.498699971920336
12078 5.454880156325406
12092 4.108137884354437
12093 1.6803896484063847
12104 6.474619053114077
12245 4.290459441148391
12383 1.2523064517104479
12439 4.513602992462601
12455 -1.5068106610762815
12460 1.466416859025783
12546 4.359452312635343
12595 2.344549292093078
12598 2.5098732725184614
12660 2.035665011990694
12826 1.2619373447714093
12853 2.304141734385754
12969 3.7026727762462723
12991 3.1066893441399746
13135 4.359452312635343
13263 4.695924549256556
13289 1.7410142702228197
13312 5.910916748832102
13314 10.143481713373003
13317 4.290459441148391
13392 2.764403137653342
13412 5.019746545036923
13415 4.8012850649143815
13527 2.049749751872433
13547 1.6003469407328483
13553 -1.4818430397767681
13672 3.052477937158253
13718 1.3425178314307487
13825 2.7218435232345457
13845 2.001297368486486
13930 2.7203099458337108
13932 6.9985096422506015
13935 4.359452312635343
13997 4.919068100570765
14044 4.383526125696194
14195 7.1126152686891055
14196 10.884930167221821
14197 6.305362461690656
14237 -3.4862417415207996
14267 -5.353171506389211
14308 2.0640357091199095
14313 3.2933030175490696
14381 0.915470661592394
14416 0.7739512129752414
14455 9.823304859247056
14515 3.0666840095262753
14516 4.356456153291129
14523 2.8553749158590684
14529 2.8088549002241754
14530 4.290459441148391
14658 5.612215281130711
14728 3.740413104229119
14826 6.305362461690656
14880 4.22592092001082
14906 0.8027278807278994
14954 6.305362461690656
15155 5.523289605928564
15240 3.414990703794491
15241 1.7462362142039713
15259 1.3320829541381691
15332 -18.627740761747443
15397 2.001297368486486
15413 2.556395731286379
15415 2.824122372354964
15471 0.6940608398286201
15506 6.305362461690656
15551 1.1578679848772029
15667 22.448861124522843
15669 2.162227735299123
15672 2.1825636311769054
15685 1.7432809162728324
15771 0.13857428876789638
15783 2.4041918466916314
15786 0.8981906902305371
15805 2.008077055471865
