78
241 1.6902419448493964
657 2.0640357091199095
1842 2.0286963426746007
1942 0.845776947546497
1960 3.1483620405405426
2176 2.383389125409342
2450 -0.6108568957036107
2595 2.5211728277723946
2631 0.42584399448534344
3120 3.2097641917964794
3186 2.576165249751463
3223 2.5211728277723946
3896 1.403798262648762
3995 1.751485570090115
4004 2.4446327506500602
4145 2.008077055471865
4158 0.030600440448717042
4610 5.052599493195288
4812 3.9539872045271784
4914 1.4339892349279078
4928 4.359452312635343
5040 2.875656022470147
5101 3.414990703794491
5238 3.6312138122641273
5517 1.6232312345664361
5990 2.938066631704182
6433 0.5154022907934025
6468 3.1483620405405426
6696 4.513602992462601
7104 -0.6634879166512921
7401 1.886521853894058
7614 2.5676928434072877
7906 1.4339892349279078
8032 1.5324768712979722
8439 0.4690908039883759
8664 2.7938170228596353
8672 2.8876357780772897
8718 2.824122372354964
9346 2.498699971920336
9537 0.6546292081242703
9986 2.0568672196412967
10302 5.258123579567159
10329 -0.21009069570959765
10393 1.9746291214043248
10437 1.3672978604292356
10770 4.9753002714675025
11023 1.2880826248757316
11148 2.356853423796479
11894 3.0357414378172196
12064 3.3349479961209547
12078 4.091160117244055
12455 -0.6457759976041206
12460 0.7332084295128914
12708 1.5958322603783217
12946 0.5932811842197597
13001 1.4730567031188173
13029 1.6609715625492831
13208 1.3115342859107813
13719 3.9074671888922854
13845 2.001297368486486
13930 1.3601549729168554
14196 1.6746046411110493
14198 9.141797771007521
14237 -0.6972483483041599
14352 0.9464204733261844
14416 0.7739512129752414
14473 3.2849375755462935
14523 2.8553749158590684
15012 4.108137884354437
15057 1.152070867192877
15158 3.8204558119026557
15283 2.236335707452845
15332 -4.656935190436861
15407 2.2711218235382606
15587 1.2947271675944
15685 1.7432809162728324
15783 0.48083836933832624
15786 0.8981906902305371
