215
1060 0.12433381283310307
1310 3.7796338173824005
1379 1.0740829317937672
1381 2.6547042203969173
1403 6.305362461690656
1404 4.112665585679892
1496 5.8998973535824915
1610 6.9985096422506015
1647 6.9985096422506015
1674 6.9985096422506015
1750 1.1068654304248302
1881 5.612215281130711
1896 3.567147769283231
1922 1.6952047341915255
1923 2.211017899468555
1929 4.216321028057695
1935 4.433560284789064
1957 3.6447198193535444
1986 4.847597327494437
1997 6.019051191372654
2036 1.9486536350010641
2049 2.37353682896633
2103 2.4446327506500602
2269 1.8686109273275278
2271 1.0253493542166288
2328 2.9911764570181303
2406 2.9209721983448818
2437 4.108137884354437
2442 2.7938170228596353
2450 -1.2217137914072214
2461 10.506006242352363
2513 1.8280256472124494
2631 0.8516879889706869
2787 3.1918471524802814
2820 2.4446327506500602
2935 1.2640783890383267
2940 1.6278716141229383
2997 3.047265923669174
3374 1.9680717208581657
3449 0.9823524825522477
3500 6.305362461690656
3506 6.564524225600007
3578 1.8047399611033645
3586 3.2849375755462935
3598 2.3332543299341686
3612 3.1918471524802814
3614 1.4378280112350734
3700 1.2947271675944
3774 3.4510201673737084
3780 2.465910149097345
3867 3.2373095265570386
3896 1.403798262648762
4021 1.5054481989100525
4053 -0.14952015041821856
4076 3.4431615807611875
4222 2.3256808077886952
4305 6.9985096422506015
4321 2.8553749158590684
4361 7.726030852642903
4522 0.2603571476546441
4620 4.165296298194385
4646 1.8686109273275278
4717 5.8998973535824915
4750 0.994658549464184
4771 6.9985096422506015
4857 4.142511914186793
4866 2.5211728277723946
4882 2.130975191795019
4898 4.919068100570765
4912 3.8592108800607394
4956 2.413542163580029
4963 2.3933394562625097
5024 5.8998973535824915
5040 1.4378280112350734
5055 2.2278250177849364
5116 1.961557039836972
5421 3.8630154263214513
5484 0.9464204733261844
5539 3.430611827025225
5550 3.666305132075397
5590 1.4533321977710387
5630 0.11915383779016203
5889 4.8067795842320225
6005 3.666305132075397
6219 2.298029276458185
6390 3.047265923669174
6447 3.8642478746271944
6511 5.052599493195288
6721 2.383389125409342
6754 1.2024518914852294
6776 1.942263836902293
6887 5.760354335964385
6898 2.162227735299123
7344 3.2650672544574997
7346 3.5645224377654547
7534 1.242767428663689
7578 0.5215372793609184
7813 1.0145733615634107
7892 1.5517722705842913
7953 4.165296298194385
7965 5.659565561682174
7970 4.290459441148391
7981 2.0426825846493406
7991 2.629859749823839
8007 3.809518882887678
8089 5.362043057428582
8090 4.47267141490569
8439 0.9381816079767518
8444 1.7890234894091803
8615 5.3888890980928625
8626 6.9985096422506015
8643 4.002594736972972
8708 1.4810567457858934
8710 1.102407559418776
8736 1.1933746733341126
9229 2.3933394562625097
9481 3.5455259370747996
9537 0.6546292081242703
9568 6.9985096422506015
9698 5.963623044463036
9970 1.9351878055122855
9990 1.1343571206342449
10015 3.5645224377654547
10114 1.3014161557451966
10163 7.814934377784571
10329 -0.21009069570959765
10437 1.3672978604292356
10473 1.7781538171722764
10610 3.6312138122641273
10642 4.05407066308416
10647 3.5327737394508745
10678 9.155917763753068
10739 2.37353682896633
10749 1.1754637467675824
10825 2.0149030205422647
10868 -0.18536107281185138
10898 9.602570129828763
11023 1.2880826248757316
11106 6.06532769949008
11243 3.8630154263214513
11299 -0.5211827618659379
11304 4.82198413546583
11322 3.4431615807611875
11386 2.1157077196642304
11407 3.1483620405405426
11416 2.1782280766455644
11446 3.597312260588446
11524 4.55361215672583
11625 2.91449219418435
11816 1.9296054400303697
11943 2.455214859980597
12022 0.8081923650016455
12028 2.591790394986348
12034 0.9324015521468534
12078 1.3637200390813515
12081 2.363780654020965
12082 6.305362461690656
12093 1.6803896484063847
12104 6.474619053114077
12122 1.1963912668735384
12172 3.9074671888922854
12263 2.579669034454003
12460 2.1996252885386745
12501 4.919068100570765
12717 0.5999147077153936
12781 2.498699971920336
12793 2.87137525720551
12853 1.152070867192877
13046 3.47214911763444
13057 7.640911623805311
13289 1.7410142702228197
13384 2.0568672196412967
13401 2.465910149097345
13438 2.555858385760285
13505 3.0666840095262753
13527 2.049749751872433
13547 1.6003469407328483
13553 -0.7409215198883841
13570 6.305362461690656
13734 1.942263836902293
13759 2.955458374416051
13857 3.9074671888922854
13891 0.6065925288579992
14078 2.5098732725184614
14167 3.7026727762462723
14195 1.7781538171722764
14196 2.511906961666574
14237 -2.09174504491248
14267 -0.3823693933135151
14308 2.0640357091199095
14313 1.6466515087745348
14352 4.732102366630922
14381 0.915470661592394
14431 2.06986059726431
14433 4.22592092001082
14519 3.086486636822455
14620 2.15432255579201
14626 2.750014400201242
14656 1.1405764877671418
14906 0.8027278807278994
15181 1.751485570090115
15187 1.994563336305142
15241 6.984944856815885
15288 6.42864001666468
15332 -3.1046234602912404
15407 2.2711218235382606
15413 1.2781978656431896
15471 0.6940608398286201
15517 1.886521853894058
15551 1.1578679848772029
15609 4.8012850649143815
15669 2.162227735299123
15685 1.7432809162728324
15765 4.290459441148391
15783 1.4425151080149787
