527
99 6.9985096422506015
109 8.718904625270685
117 8.580918882296782
194 0.7699986386594181
279 2.6418008155610093
323 5.206750173022546
327 2.20271909665386
422 2.66777630196427
482 4.695924549256556
496 2.2800107709555064
500 2.1701959049483
521 1.8986432144264027
618 5.206750173022546
666 3.260840023967233
703 3.7026727762462723
730 2.298029276458185
819 3.8204558119026557
861 3.5645224377654547
927 2.0785287164224764
1060 0.12433381283310307
1140 4.165296298194385
1379 1.6111243976906509
1381 5.309408440793835
1390 3.260840023967233
1404 2.7417770571199283
1436 8.216275768708874
1686 1.1549652252192415
1690 2.455214859980597
1692 2.1944885975173447
1731 5.389071729816501
1830 3.1066893441399746
1838 3.414990703794491
1842 8.114785370698403
1885 3.009525595686327
1893 3.5135252543819178
1896 1.7835738846416156
1906 3.597312260588446
1922 11.866433139340678
1923 4.42203579893711
1942 5.074661685278982
1950 5.389071729816501
1954 2.750014400201242
1957 3.6447198193535444
1977 7.812181462734487
1986 2.4237986637472186
1989 6.305362461690656
2009 2.413542163580029
2015 4.108137884354437
2026 2.681021528714291
2038 1.880515829833846
2064 1.5647876386963615
2070 2.9461134062376346
2085 4.600614369452231
2103 2.4446327506500602
2167 2.66777630196427
2176 4.766778250818684
2191 3.086486636822455
2240 8.28087695142895
2271 4.784963653010934
2282 6.305362461690656
2334 0.7939518796819108
2349 4.22592092001082
2351 3.129575277392723
2357 1.1873686492739008
2407 2.236335707452845
2437 4.108137884354437
2442 2.7938170228596353
2450 -1.832570687110832
2452 2.1782280766455644
2458 6.48668320589737
2459 5.876133263408364
2484 2.629859749823839
2509 6.305362461690656
2519 1.6902419448493964
2538 4.267681617312855
2594 3.5645224377654547
2601 6.213378688279949
2630 4.22592092001082
2631 3.832595950368091
2645 2.591790394986348
2647 4.513602992462601
2657 3.3609234825242154
2757 3.2849375755462935
2764 5.8998973535824915
2766 3.0666840095262753
2853 3.414990703794491
2862 2.9381611094783557
2893 5.019746545036923
2920 0.6795415285041667
2935 2.5281567780766534
2989 4.433560284789064
3068 1.3460204619819507
3110 5.775271556154579
3120 9.629292575389439
3186 9.016578374130122
3215 1.7699425535733089
3380 2.3541187431092285
3386 2.6290617897835795
3431 4.359452312635343
3449 0.9823524825522477
3482 6.6192603762733295
3492 6.305362461690656
3506 1.6411310564000017
3578 1.2031599740689096
3598 2.3332543299341686
3624 5.612215281130711
3635 1.5779746429783155
3643 3.21432000833234
3690 1.4972514317058743
3737 3.6111055827207816
3749 5.052599493195288
3759 2.4033897921160112
3763 3.597312260588446
3774 1.7255100836868542
3833 4.600614369452231
3835 5.8998973535824915
3896 1.403798262648762
3974 3.3875917296063767
3995 1.751485570090115
4004 19.557062005200482
4021 4.516344596730158
4026 2.8876357780772897
4053 -0.4485604512546557
4145 18.072693499246785
4152 6.9985096422506015
4158 0.6426092494230579
4263 5.206750173022546
4319 2.049749751872433
4361 3.8630154263214513
4405 2.6920409239639014
4416 1.3637200390813515
4522 0.5207142953092883
4556 8.45184184002164
4608 5.630090646958978
4616 1.8925641683500207
4620 4.165296298194385
4750 0.6631056996427893
4765 1.4150133334689021
4838 1.4730567031188173
4846 2.021775899830027
4852 1.258716730071367
4857 2.0712559570933964
4881 5.587634045719271
4886 3.009525595686327
4914 2.8679784698558155
4924 3.2849375755462935
4943 4.22592092001082
4989 4.006647486343966
4992 3.260840023967233
5006 3.086486636822455
5020 6.42864001666468
5031 4.695924549256556
5033 4.246624638098899
5039 2.735829765209286
5040 5.751312044940294
5049 4.359452312635343
5052 4.22592092001082
5055 2.2278250177849364
5066 6.9985096422506015
5083 3.147119249538397
5151 5.11171677152057
5155 3.3096301881366648
5238 7.262427624528255
5284 3.5645224377654547
5307 2.9911764570181303
5369 6.094531847338348
5392 6.392925575385057
5517 1.6232312345664361
5539 8.576529567563062
5540 3.1698682457615064
5550 3.666305132075397
5551 6.305362461690656
5587 2.5326015235960173
5590 4.359996593313117
5597 3.2373095265570386
5668 2.955458374416051
5680 3.182675741580965
5737 3.740413104229119
5739 2.8876357780772897
5758 3.666305132075397
5809 2.363780654020965
5810 4.513602992462601
5833 4.695924549256556
5848 4.108137884354437
5876 3.7796338173824005
5889 2.4033897921160112
5905 7.134295538566462
5928 4.919068100570765
5964 3.1273086313427103
5973 4.4311461731650645
5983 3.975748696308691
5990 5.876133263408364
5993 12.782705768725558
5999 2.5098732725184614
6004 3.1066893441399746
6043 3.182675741580965
6064 2.138697237888929
6088 2.4293689198417274
6122 3.502002080784121
6140 2.211017899468555
6151 1.4075226617397445
6158 4.910429719961194
6219 2.298029276458185
6338 2.413542163580029
6360 6.42864001666468
6371 4.359452312635343
6387 2.9911764570181303
6415 5.612215281130711
6433 3.0924137447604148
6449 3.9074671888922854
6567 2.579669034454003
6583 0.8629447511688624
6589 4.513602992462601
6595 2.4237986637472186
6697 4.22592092001082
6703 4.433560284789064
6721 4.766778250818684
6754 2.4049037829704587
6776 1.942263836902293
6787 2.288979440938267
6834 10.329484742283562
6848 4.05407066308416
6887 1.152070867192877
6898 2.162227735299123
6908 0.33537694625979814
6956 5.8998973535824915
6961 5.389071729816501
7001 4.290459441148391
7025 6.057289352164426
7044 1.880515829833846
7059 10.778143459633002
7072 7.794614540004257
7104 -1.9904637499538764
7159 4.513602992462601
7210 3.713692171495883
7274 3.0666840095262753
7286 5.645043935401406
7299 2.8553749158590684
7316 3.1273086313427103
7338 4.8012850649143815
7339 7.065547478901749
7353 5.612215281130711
7414 3.7026727762462723
7424 3.3609234825242154
7459 2.1944885975173447
7482 1.8055527913603908
7487 3.6334521839170324
7510 5.8998973535824915
7534 1.242767428663689
7552 5.845960905003192
7569 1.0170954309961207
7578 1.5646118380827554
7591 4.085365169298681
7620 4.372650573756367
7655 4.433560284789064
7722 3.5327737394508745
7731 6.003892105459458
7770 4.165296298194385
7781 2.6040604875781623
7784 5.612215281130711
7805 4.600614369452231
7813 3.043720084690232
7834 3.5327737394508745
7845 2.4237986637472186
7892 1.5517722705842913
7906 5.735956939711631
7907 2.6418008155610093
7924 3.2849375755462935
7965 3.773043707788116
7970 4.290459441148391
7971 3.414990703794491
7981 2.0426825846493406
8032 2.043302495063963
8043 1.730651483187273
8055 8.712495240085502
8057 8.33059259638877
8078 5.807743827670903
8082 3.47214911763444
8090 6.7090071223585355
8160 4.165296298194385
8227 7.1290448755309095
8262 2.0712559570933964
8266 4.919068100570765
8284 3.9539872045271784
8405 3.3096301881366648
8439 1.4072724119651276
8444 3.5780469788183606
8561 3.8630154263214513
8582 1.3781087765334512
8645 3.5327737394508745
8708 1.4810567457858934
8718 2.824122372354964
8723 1.5262389685791264
8752 4.433560284789064
8840 3.1698682457615064
8850 3.430611827025225
8856 2.3163784151263815
8869 4.356456153291129
8880 1.67063347346102
8886 2.6163003758530814
8896 2.938066631704182
8928 2.6710983242293107
9069 3.260840023967233
9106 1.0850066366123312
9122 1.3744921360632627
9154 2.465910149097345
9227 4.165296298194385
9346 2.498699971920336
9355 2.1782280766455644
9365 1.4972514317058743
9384 4.006647486343966
9393 2.12194687433635
9422 3.8630154263214513
9428 2.498699971920336
9481 8.863814842686999
9537 1.963887624372811
9640 11.235419600896702
9641 2.6418008155610093
9698 3.975748696308691
9733 1.0850066366123312
9748 7.964112661190752
9795 15.629868755569142
9818 3.21432000833234
9970 1.4513908541342142
9986 4.113734439282593
9990 3.970249922219857
10008 2.0568672196412967
10015 3.5645224377654547
10016 4.695924549256556
10030 2.413542163580029
10058 5.208120975156325
10118 5.8998973535824915
10194 4.910429719961194
10225 3.8630154263214513
10287 3.009525595686327
10302 7.887185369350739
10325 1.8925641683500207
10326 1.0461538510930224
10329 -3.151360435643965
10422 1.4175881426832082
10431 0.7218661529089567
10437 8.203787162575413
10456 11.421499663436274
10473 3.5563076343445528
10487 1.981229805435677
10503 2.413542163580029
10610 3.6312138122641273
10647 3.5327737394508745
10678 4.577958881876534
10749 2.3509274935351647
10753 2.7790019370744945
10825 6.0447090616267936
10859 6.17297327364491
10867 15.986654175481426
10903 9.906884260806244
10909 2.7790019370744945
10968 3.740413104229119
10983 4.919068100570765
11032 1.087712998210074
11089 2.309930450438483
11148 4.713706847592958
11163 3.7796338173824005
11168 2.556395731286379
11202 5.8419443966897635
11209 3.666305132075397
11218 1.144042369585821
11248 6.9985096422506015
11258 4.00277736869661
11279 5.389071729816501
11280 5.206750173022546
11299 -2.6059138093296896
11304 1.2054960338664575
11308 2.5098732725184614
11312 3.3096301881366648
11320 2.764403137653342
11386 2.1157077196642304
11418 3.597312260588446
11450 4.524622387712212
11491 3.7490913256946845
11518 3.8630154263214513
11555 3.5327737394508745
11570 1.1933746733341126
11625 1.457246097092175
11637 4.433560284789064
11644 3.5327737394508745
11671 6.760732541662054
11790 2.2449194511442365
11894 10.625095032360269
11908 4.604033511674974
11938 4.919068100570765
11943 2.455214859980597
11945 1.9550845253313545
11969 0.7582337970798316
11972 6.42864001666468
11992 4.695924549256556
12006 2.955458374416051
12022 0.8081923650016455
12034 1.8648031042937068
12064 3.3349479961209547
12066 3.7796338173824005
12078 5.454880156325406
12081 2.363780654020965
12093 1.6803896484063847
12095 3.502002080784121
12104 6.474619053114077
12117 4.290459441148391
12120 3.5327737394508745
12122 3.589173800620615
12214 6.305362461690656
12218 2.6547042203969173
12228 3.047265923669174
12263 2.579669034454003
12288 6.9985096422506015
12312 2.7938170228596353
12321 3.4431615807611875
12337 4.22592092001082
12342 4.05407066308416
12439 4.513602992462601
12450 3.1483620405405426
12455 -0.2152586658680402
12460 2.932833718051566
12477 2.476721065201561
12498 4.695924549256556
12554 6.6438862501971325
12558 2.4446327506500602
12598 5.019746545036923
12639 4.165296298194385
12658 6.305362461690656
12708 3.1916645207566434
12717 2.9995735385769677
12783 9.493216072132014
12787 5.612215281130711
12823 1.034930298632155
12833 0.9630282097258448
12853 4.608283468771508
12946 7.712655394856877
12978 2.383389125409342
13001 2.9461134062376346
13029 1.6609715625492831
13045 1.886521853894058
13080 3.2492040734004295
13180 3.666305132075397
13209 3.6312138122641273
13309 6.305362461690656
13333 7.332610264150794
13338 2.5211728277723946
13359 2.6290617897835795
13399 6.17297327364491
13439 3.7796338173824005
13479 3.7796338173824005
13494 3.21432000833234
13508 1.7255100836868542
13527 2.049749751872433
13543 9.602570129828763
13553 -4.445529119330304
13572 5.623636988542026
13672 4.578716905737379
13734 1.942263836902293
13759 5.910916748832102
13832 4.290459441148391
13843 4.356456153291129
13845 2.001297368486486
13930 1.3601549729168554
13936 3.3349479961209547
14008 2.001297368486486
14072 3.3609234825242154
14104 3.420485223112132
14115 2.973157951515452
14136 1.4810567457858934
14167 3.7026727762462723
14195 10.668922903033659
14196 2.511906961666574
14208 1.1873686492739008
14237 -5.5779867864332795
14267 -2.6765857531946056
14313 6.586606035098139
14352 3.7856818933047376
14357 4.953442130403122
14381 0.6866029961942954
14382 6.9985096422506015
14395 2.7218435232345457
14473 3.2849375755462935
14515 3.0666840095262753
14523 2.8553749158590684
14527 2.938066631704182
14563 2.6418008155610093
14571 9.711928579671117
14573 3.260840023967233
14610 14.81069110498509
14633 2.6547042203969173
14728 3.740413104229119
14744 3.4431615807611875
14906 2.408183642183698
15003 4.695924549256556
15024 3.2373095265570386
15069 4.359452312635343
15076 3.21432000833234
15155 0.6904112007410705
15158 3.8204558119026557
15181 1.751485570090115
15185 5.8998973535824915
15213 4.695924549256556
15241 3.4924724284079427
15259 3.9962488624145074
15317 3.0666840095262753
15326 3.2373095265570386
15332 -45.017040174222984
15341 0.7959741250626788
15351 3.5645224377654547
15397 8.005189473945943
15407 2.2711218235382606
15413 5.112791462572758
15418 2.1233123190494494
15424 1.8111238364098463
15429 4.433560284789064
15471 2.08218251948586
15503 5.052599493195288
15517 1.886521853894058
15551 3.4736039546316086
15587 1.2947271675944
15630 4.919068100570765
15685 2.6149213744092488
15686 6.9985096422506015
15702 5.710749831718137
15771 0.023095714794649395
15783 4.327545324044936
15786 0.8981906902305371
