301
628 4.919068100570765
1060 0.3108345320827577
1122 3.1698682457615064
1329 6.305362461690656
1379 2.1481658635875345
1404 1.3708885285599641
1491 6.305362461690656
1496 5.8998973535824915
1642 5.8998973535824915
1675 6.305362461690656
1686 1.1549652252192415
1687 2.413542163580029
1690 2.455214859980597
1750 1.1068654304248302
1858 5.612215281130711
1864 3.047265923669174
1922 1.6952047341915255
1923 2.211017899468555
1929 2.1081605140288473
1932 5.389071729816501
1997 3.009525595686327
2051 5.33555260392854
2064 4.6943629160890845
2103 4.8892655013001205
2224 1.981229805435677
2240 1.65617539028579
2269 1.8686109273275278
2271 0.34178311807220957
2302 3.009525595686327
2331 7.262427624528255
2334 0.7939518796819108
2421 3.0863770537857995
2432 4.108137884354437
2450 -1.832570687110832
2459 2.938066631704182
2461 14.008008323136483
2513 1.8280256472124494
2631 0.6387659917280152
2820 4.8892655013001205
2896 4.8012850649143815
2920 1.3590830570083334
2924 2.0286963426746007
2981 8.00555473739322
3186 1.2880826248757316
3215 0.589980851191103
3309 5.612215281130711
3506 13.129048451200013
3575 3.260840023967233
3578 1.8047399611033645
3598 8.16639015476959
3614 4.313484033705221
3657 2.6164830075767194
3690 1.4972514317058743
3700 1.2947271675944
3736 3.086486636822455
3749 5.052599493195288
3804 2.750014400201242
3877 3.1698682457615064
3896 1.403798262648762
4053 -0.07476007520910928
4208 1.5220460903190904
4270 3.5327737394508745
4295 2.9209721983448818
4361 3.8630154263214513
4366 1.9878743481543455
4388 3.8204558119026557
4425 1.249116656342348
4522 0.2603571476546441
4592 6.056435457396959
4620 4.165296298194385
4625 7.380872191011289
4711 1.9296054400303697
4750 0.6631056996427893
4857 14.498791699653776
4878 1.3672978604292356
4912 1.9296054400303697
4914 1.4339892349279078
4956 2.413542163580029
4964 1.6918893703894442
5006 3.086486636822455
5024 5.8998973535824915
5040 1.4378280112350734
5101 3.414990703794491
5269 4.8012850649143815
5436 2.8876357780772897
5468 5.052599493195288
5539 3.430611827025225
5587 2.5326015235960173
5635 2.20271909665386
5687 2.0785287164224764
5889 7.210169376348034
5928 4.919068100570765
5970 4.165296298194385
5993 0.8521803845817039
6040 6.9985096422506015
6043 1.5913378707904824
6228 1.2947271675944
6235 2.454137038241171
6389 3.1273086313427103
6433 0.5154022907934025
6436 12.610724923381312
6447 7.728495749254389
6583 0.8629447511688624
6595 2.4237986637472186
6622 2.579669034454003
6626 5.8998973535824915
6675 2.5098732725184614
6735 4.108137884354437
6776 1.942263836902293
6848 4.05407066308416
6878 5.710749831718137
6887 18.433133875086032
6919 2.84512107820857
7057 3.2849375755462935
7104 -1.3269758333025843
7112 5.052599493195288
7306 2.4876501357337513
7344 1.6325336272287498
7346 3.5645224377654547
7425 4.513602992462601
7487 1.8167260919585162
7534 2.485534857327378
7578 0.5215372793609184
7764 1.7052048175261088
7778 5.8998973535824915
7808 2.8396265588909295
7813 1.0145733615634107
7832 3.047265923669174
7838 2.1081605140288473
7953 4.165296298194385
8043 1.730651483187273
8089 2.681021528714291
8090 4.47267141490569
8096 5.813328791084155
8230 2.37353682896633
8276 3.21432000833234
8323 3.1698682457615064
8370 6.305362461690656
8439 0.9381816079767518
8718 2.824122372354964
8723 1.5262389685791264
8810 3.502002080784121
8978 1.6140145794615122
8987 2.211017899468555
8993 2.973157951515452
9154 2.465910149097345
9190 4.290459441148391
9229 2.3933394562625097
9284 7.814934377784571
9292 2.5441623459970937
9345 2.66777630196427
9365 1.4972514317058743
9393 1.060973437168175
9428 2.498699971920336
9458 10.893641436792382
9481 3.5455259370747996
9504 3.5327737394508745
9573 3.3096301881366648
9619 6.9985096422506015
9639 6.9985096422506015
9649 5.612215281130711
9650 6.305362461690656
9674 3.6312138122641273
9876 2.6944445490464313
9958 4.8012850649143815
9970 0.4837969513780714
9990 1.7015356809513673
10015 3.5645224377654547
10163 3.9074671888922854
10258 1.8000126109847754
10565 5.8998973535824915
10611 8.867120569578129
10655 3.8204558119026557
10678 6.866938322814802
10754 3.1698682457615064
10859 3.086486636822455
10862 5.8998973535824915
10863 6.886323161522375
10868 -0.18536107281185138
10884 7.004004161568242
10898 4.8012850649143815
11027 1.2781978656431896
11032 5.43856499105037
11106 8.087103599320107
11110 4.051227595840057
11116 1.9109133070182172
11148 1.1784267118982394
11154 4.433560284789064
11173 5.8998973535824915
11299 -2.0847310474637517
11304 2.410992067732915
11344 3.1483620405405426
11398 3.009525595686327
11491 1.8745456628473423
11524 1.5178707189086098
11567 5.612215281130711
11570 1.1933746733341126
11580 2.5441623459970937
11625 4.371738291276525
11683 5.052599493195288
11717 2.938066631704182
11771 4.8012850649143815
11784 3.47214911763444
11836 2.37353682896633
11969 0.7582337970798316
12022 0.40409618250082274
12034 0.9324015521468534
12058 4.513602992462601
12068 4.600614369452231
12075 5.876133263408364
12078 4.091160117244055
12104 3.2373095265570386
12105 5.612215281130711
12119 6.305362461690656
12122 1.1963912668735384
12216 2.87137525720551
12263 2.579669034454003
12267 4.359452312635343
12344 6.305362461690656
12383 2.5046129034208957
12440 4.8012850649143815
12455 -0.2152586658680402
12460 0.7332084295128914
12553 1.0715836162801904
12571 4.00277736869661
12621 4.290459441148391
12708 1.5958322603783217
12772 1.886521853894058
12793 2.87137525720551
12853 1.152070867192877
12942 3.9539872045271784
12946 1.7798435526592793
12978 2.383389125409342
13029 1.6609715625492831
13080 0.8123010183501074
13174 4.695924549256556
13208 1.3115342859107813
13289 1.7410142702228197
13384 2.0568672196412967
13491 2.288979440938267
13527 2.049749751872433
13530 3.9539872045271784
13553 -2.9636860795535362
13680 2.2449194511442365
13711 4.600614369452231
13743 3.8204558119026557
13750 2.162227735299123
13891 0.6065925288579992
13970 6.9985096422506015
14012 3.8630154263214513
14021 4.108137884354437
14078 2.5098732725184614
14195 1.7781538171722764
14196 0.8373023205555247
14208 3.5621059478217028
14237 -0.6972483483041599
14242 2.5326015235960173
14267 -0.7647387866270302
14352 2.8392614199785533
14370 3.666305132075397
14381 0.2288676653980985
14422 2.1233123190494494
14431 1.034930298632155
14473 3.2849375755462935
14493 3.3096301881366648
14507 1.8510151654371483
14612 2.1863252868781835
14642 5.612215281130711
14656 1.1405764877671418
14682 3.0863770537857995
14814 4.8012850649143815
14861 6.305362461690656
14906 1.204091821091849
14908 2.476721065201561
14949 3.9074671888922854
15037 4.632756830252763
15155 0.6904112007410705
15181 3.50297114018023
15241 3.4924724284079427
15247 2.498699971920336
15259 1.3320829541381691
15265 4.165296298194385
15288 3.21432000833234
15306 0.7199882180847567
15313 1.917105277266138
15332 -4.656935190436861
15341 0.7959741250626788
15458 2.8088549002241754
15468 1.1549652252192415
15471 0.6940608398286201
15517 5.659565561682174
15551 1.1578679848772029
15595 1.3320829541381691
15600 3.009525595686327
15612 4.165296298194385
15614 3.8630154263214513
15651 1.1377234187847354
15672 0.7275212103923018
15685 0.8716404581364162
15709 2.1863252868781835
15814 4.524622387712212
