158
108 4.359452312635343
194 0.7699986386594181
209 1.7001922757025645
569 3.0282177286984795
861 7.1290448755309095
1060 0.06216690641655154
1062 2.591790394986348
1258 6.9985096422506015
1368 5.8998973535824915
1452 6.9985096422506015
1563 5.8998973535824915
1942 0.845776947546497
2176 2.383389125409342
2271 0.6835662361444191
2331 3.6312138122641273
2334 0.7939518796819108
2389 4.600614369452231
2421 1.5431885268928998
2450 -0.6108568957036107
2592 2.938066631704182
2631 0.42584399448534344
2645 2.591790394986348
2766 3.0666840095262753
2862 1.4690805547391779
2920 0.6795415285041667
3143 2.219386149139072
3247 4.600614369452231
3392 2.20271909665386
3559 5.206750173022546
3647 2.1081605140288473
3700 1.2947271675944
3942 3.3875917296063767
3985 2.5098732725184614
3995 1.751485570090115
4006 2.6547042203969173
4070 1.1068654304248302
4214 2.465910149097345
4405 2.6920409239639014
4425 1.249116656342348
4537 1.0196238773494795
4766 6.305362461690656
4970 1.9746291214043248
4989 1.3355491621146554
5040 1.4378280112350734
5208 2.5676928434072877
5345 6.305362461690656
5392 2.130975191795019
5539 1.7153059135126125
5548 6.9985096422506015
5596 3.5645224377654547
5680 20.68739232027627
5794 4.8012850649143815
5993 2.5565411537451115
6250 1.7727629685373998
6338 4.827084327160058
6402 2.822521967700703
6583 2.588834253506587
6660 2.7938170228596353
6754 1.2024518914852294
6898 2.162227735299123
7247 4.22592092001082
7274 3.0666840095262753
7596 5.8998973535824915
7643 4.919068100570765
7892 1.5517722705842913
7906 1.4339892349279078
7941 3.740413104229119
7953 8.33059259638877
8089 2.681021528714291
8090 2.236335707452845
8096 4.359996593313117
8160 4.165296298194385
8271 4.513602992462601
8272 5.612215281130711
8439 0.4690908039883759
8448 5.8998973535824915
8788 2.146479378330984
9108 4.359452312635343
9115 3.047265923669174
9346 2.498699971920336
9393 1.060973437168175
9423 8.66290733423187
9481 1.7727629685373998
9537 1.3092584162485406
9641 2.6418008155610093
9733 1.0850066366123312
9818 3.21432000833234
9895 2.288979440938267
9990 0.5671785603171224
10054 3.0282177286984795
10178 5.8998973535824915
10329 -0.4201813914191953
10678 2.288979440938267
10871 4.513602992462601
10909 11.116007748297978
10962 2.6290617897835795
11023 1.2880826248757316
11032 1.087712998210074
11102 1.3304600282218215
11148 1.1784267118982394
11252 6.6192603762733295
11400 3.5327737394508745
11453 2.727440078162703
11769 1.6466515087745348
11900 2.049749751872433
11908 3.0693556744499824
11992 4.695924549256556
12009 3.502002080784121
12043 2.498699971920336
12057 4.20133968459938
12078 1.3637200390813515
12210 3.1698682457615064
12341 2.8088549002241754
12428 6.9985096422506015
12460 0.7332084295128914
12692 6.9985096422506015
12717 2.3996588308615743
12783 1.8986432144264027
12790 1.5095719160939147
12792 3.8204558119026557
12972 2.8553749158590684
13071 3.086486636822455
13108 2.2800107709555064
13154 6.305362461690656
13216 3.6312138122641273
13353 1.961557039836972
13440 2.9540974487767095
13443 3.502002080784121
13547 1.6003469407328483
13553 -0.7409215198883841
13565 1.9878743481543455
13630 4.290459441148391
13667 3.9539872045271784
13936 3.3349479961209547
14078 2.5098732725184614
14107 2.4237986637472186
14167 3.7026727762462723
14196 2.511906961666574
14352 1.8928409466523688
14381 0.2288676653980985
14563 2.6418008155610093
14571 3.2373095265570386
14707 5.389071729816501
14780 4.513602992462601
14871 5.612215281130711
15037 2.3163784151263815
15100 5.8998973535824915
15110 5.052599493195288
15212 7.559267634764801
15242 3.414990703794491
15332 -1.5523117301456202
15397 2.001297368486486
15413 1.2781978656431896
15472 2.735829765209286
15600 3.009525595686327
15611 5.8998973535824915
15692 3.8204558119026557
15783 0.9616767386766525
