213
77 5.206750173022546
182 6.305362461690656
618 5.206750173022546
1060 0.1865007192496546
1094 2.335070548138534
1100 6.305362461690656
1149 6.305362461690656
1381 2.6547042203969173
1686 2.309930450438483
1964 3.260840023967233
1986 2.4237986637472186
2064 1.5647876386963615
2070 1.4730567031188173
2087 2.8876357780772897
2242 3.9539872045271784
2326 5.052599493195288
2348 4.05407066308416
2349 4.22592092001082
2351 1.5647876386963615
2424 2.219386149139072
2459 2.938066631704182
2461 7.004004161568242
2631 0.42584399448534344
2707 6.305362461690656
2760 4.359452312635343
2810 3.597312260588446
2830 4.359452312635343
2876 6.305362461690656
2924 2.0286963426746007
2935 1.2640783890383267
3005 3.6312138122641273
3108 4.108137884354437
3186 1.2880826248757316
3380 2.3541187431092285
3578 1.2031599740689096
3750 4.695924549256556
3759 2.4033897921160112
3833 4.600614369452231
4053 -0.8223608273002021
4145 2.008077055471865
4158 0.061200880897434085
4231 5.389071729816501
4232 2.3256808077886952
4270 3.5327737394508745
4366 1.9878743481543455
4750 0.994658549464184
4838 1.4730567031188173
4840 2.938066631704182
4892 5.8998973535824915
4914 1.4339892349279078
4963 2.3933394562625097
5040 1.4378280112350734
5052 4.22592092001082
5155 3.3096301881366648
5208 2.5676928434072877
5307 5.982352914036261
5392 2.130975191795019
5517 3.2464624691328723
5518 1.5868635903955612
5539 3.430611827025225
5598 4.919068100570765
5676 3.502002080784121
5799 4.919068100570765
5890 5.389071729816501
5990 2.938066631704182
6026 5.33555260392854
6064 2.138697237888929
6146 4.919068100570765
6164 2.6290617897835795
6250 1.7727629685373998
6351 5.617709800448351
6433 0.5154022907934025
6447 2.576165249751463
6634 3.9539872045271784
6703 4.433560284789064
6754 1.2024518914852294
6841 10.778143459633002
6868 5.389071729816501
7002 5.8998973535824915
7104 -0.6634879166512921
7170 1.6186122887101415
7203 3.1066893441399746
7286 1.4112609838503516
7346 3.5645224377654547
7401 1.886521853894058
7431 2.6040604875781623
7458 3.502002080784121
7459 2.1944885975173447
7497 0.7014003223166658
7545 5.389071729816501
7569 1.0170954309961207
7578 2.0861491174436737
7591 2.0426825846493406
7670 5.206750173022546
7704 5.8998973535824915
7822 6.305362461690656
7970 4.290459441148391
7971 3.414990703794491
8086 3.3096301881366648
8089 8.043064586142872
8090 2.236335707452845
8148 3.7796338173824005
8239 9.201228738904462
8263 3.414990703794491
8270 6.305362461690656
8439 0.4690908039883759
8442 3.8630154263214513
8488 4.05407066308416
8506 12.008332106089831
8507 9.201228738904462
8585 3.47214911763444
8672 2.8876357780772897
8710 0.551203779709388
8822 2.2800107709555064
8869 2.1782280766455644
8946 2.7218435232345457
8960 3.8630154263214513
9382 5.8998973535824915
9400 3.1273086313427103
9408 4.165296298194385
9428 2.498699971920336
9481 3.5455259370747996
9589 2.6230685718215625
9641 2.6418008155610093
9674 3.6312138122641273
9765 1.7835738846416156
9910 6.305362461690656
9970 1.9351878055122855
9990 0.5671785603171224
10114 1.3014161557451966
10199 9.302723231154781
10296 3.2849375755462935
10326 0.5230769255465112
10341 3.1698682457615064
10575 5.389071729816501
10678 2.288979440938267
10825 6.0447090616267936
10860 6.305362461690656
10863 3.4431615807611875
10962 2.6290617897835795
11027 1.2781978656431896
11032 1.087712998210074
11106 4.043551799660054
11287 2.0286963426746007
11299 -2.0847310474637517
11305 2.0640357091199095
11334 3.989126672610284
11386 2.1157077196642304
11418 3.597312260588446
11445 7.480826208458238
11824 5.8998973535824915
11952 1.5958322603783217
11984 4.847597327494437
12058 4.513602992462601
12104 3.2373095265570386
12122 1.1963912668735384
12129 6.669895992241909
12267 4.359452312635343
12277 3.1273086313427103
12289 5.8998973535824915
12293 3.7026727762462723
12321 3.4431615807611875
12400 2.9209721983448818
12435 3.8204558119026557
12460 0.7332084295128914
12508 4.524622387712212
12708 3.1916645207566434
12717 1.7997441231461808
12803 1.3637200390813515
12946 0.5932811842197597
12972 2.8553749158590684
12978 2.383389125409342
13039 3.21432000833234
13208 1.3115342859107813
13289 1.7410142702228197
13314 2.0286963426746007
13390 2.236335707452845
13401 2.465910149097345
13411 2.8088549002241754
13440 1.4770487243883548
13444 4.22592092001082
13466 6.305362461690656
13553 -0.37046075994419203
13613 3.6222476728196926
13893 4.05407066308416
14195 3.5563076343445528
14237 -0.6972483483041599
14352 2.8392614199785533
14369 6.305362461690656
14416 0.7739512129752414
14453 3.414990703794491
14539 5.206750173022546
14642 5.612215281130711
14878 4.513602992462601
14906 0.4013639403639497
15012 4.108137884354437
15057 2.304141734385754
15069 4.359452312635343
15155 1.380822401482141
15187 1.994563336305142
15241 1.7462362142039713
15259 3.9962488624145074
15332 -9.313870380873722
15413 2.556395731286379
15468 1.1549652252192415
15471 0.6940608398286201
15551 4.6314719395088115
15587 1.2947271675944
15669 2.162227735299123
15672 0.7275212103923018
15765 4.290459441148391
15783 0.48083836933832624
15828 3.2794433825880924
