326
241 1.6902419448493964
302 1.7153059135126125
325 4.22592092001082
373 2.750014400201242
473 3.1273086313427103
486 2.70805020110221
493 3.1698682457615064
500 2.1701959049483
503 6.9985096422506015
549 4.919068100570765
1122 3.1698682457615064
1379 0.5370414658968836
1390 3.260840023967233
1404 1.3708885285599641
1690 4.910429719961194
1750 2.2137308608496604
1780 10.413500346045092
1830 3.1066893441399746
1893 3.5135252543819178
1902 2.0149030205422647
1926 5.612215281130711
1929 4.216321028057695
1942 4.228884737732485
1960 3.1483620405405426
2009 2.413542163580029
2019 2.344549292093078
2110 6.9985096422506015
2120 6.9985096422506015
2176 2.383389125409342
2189 5.612215281130711
2190 5.206750173022546
2191 3.086486636822455
2224 3.962459610871354
2271 2.0506987084332575
2314 5.389071729816501
2328 2.9911764570181303
2331 3.6312138122641273
2334 1.5879037593638217
2357 1.1873686492739008
2365 3.7026727762462723
2388 4.8012850649143815
2446 2.5326015235960173
2450 -1.2217137914072214
2452 4.356456153291129
2459 2.938066631704182
2484 1.3149298749119196
2496 5.389071729816501
2513 3.656051294424899
2519 1.6902419448493964
2631 0.8516879889706869
2674 1.0272478024601386
2754 3.2849375755462935
2755 3.260840023967233
2820 2.4446327506500602
2910 3.740413104229119
2920 0.6795415285041667
2935 0.6320391945191633
2940 1.6278716141229383
2964 0.900435360084361
2986 6.305362461690656
3068 1.3460204619819507
3186 2.576165249751463
3215 0.589980851191103
3319 5.206750173022546
3347 6.9985096422506015
3374 1.9680717208581657
3380 4.708237486218457
3432 5.8998973535824915
3635 1.5779746429783155
3700 1.2947271675944
3774 1.7255100836868542
3780 2.465910149097345
3782 3.7026727762462723
3803 4.05407066308416
3896 1.403798262648762
3982 1.0769312226067855
3990 5.258123579567159
4004 7.333898251950181
4053 -0.07476007520910928
4097 2.955458374416051
4145 2.008077055471865
4158 0.09180132134615113
4186 3.8204558119026557
4208 3.044092180638181
4219 1.7567626271909589
4388 3.8204558119026557
4416 4.091160117244055
4502 2.8088549002241754
4522 0.2603571476546441
4533 3.086486636822455
4695 2.87137525720551
4750 0.33155284982139466
4785 3.9074671888922854
4876 2.2449194511442365
4878 1.3672978604292356
4899 6.133368019052551
4914 1.4339892349279078
4970 1.9746291214043248
4976 2.288979440938267
4989 6.677745810573277
5017 3.260840023967233
5033 2.1233123190494494
5040 1.4378280112350734
5046 4.47267141490569
5151 2.555858385760285
5208 2.5676928434072877
5263 4.22592092001082
5316 4.47267141490569
5331 3.2373095265570386
5339 1.1784267118982394
5436 2.8876357780772897
5484 0.9464204733261844
5517 1.6232312345664361
5539 1.7153059135126125
5596 3.5645224377654547
5597 3.2373095265570386
5643 3.9074671888922854
5680 1.5913378707904824
5687 2.0785287164224764
5736 2.8088549002241754
5850 3.047265923669174
5861 2.750014400201242
5965 3.740413104229119
5983 5.963623044463036
5992 4.359452312635343
5993 0.8521803845817039
6088 1.2146844599208637
6169 2.4033897921160112
6204 6.305362461690656
6338 2.413542163580029
6402 1.4112609838503516
6433 1.030804581586805
6447 1.2880826248757316
6467 2.2535775138873513
6470 4.8012850649143815
6488 3.0666840095262753
6606 5.052599493195288
6735 4.108137884354437
6751 2.5441623459970937
6754 2.4049037829704587
6908 1.0061308387793944
7025 7.066837577525164
7072 1.9486536350010641
7104 -4.644415416559045
7159 4.513602992462601
7197 1.730651483187273
7274 3.0666840095262753
7316 3.1273086313427103
7449 10.778143459633002
7578 0.5215372793609184
7591 2.0426825846493406
7770 4.165296298194385
7781 5.208120975156325
7813 3.043720084690232
7887 2.973157951515452
7949 2.5441623459970937
7965 1.886521853894058
7978 5.206750173022546
7991 2.629859749823839
8043 1.730651483187273
8055 14.520825400142503
8057 8.33059259638877
8078 7.743658436894537
8090 2.236335707452845
8205 4.290459441148391
8227 7.1290448755309095
8242 2.035665011990694
8262 2.0712559570933964
8401 3.8204558119026557
8582 1.3781087765334512
8615 2.6944445490464313
8643 4.002594736972972
8736 1.1933746733341126
8788 2.146479378330984
8804 4.919068100570765
8840 3.1698682457615064
8869 2.1782280766455644
9106 2.1700132732246624
9122 1.3744921360632627
9151 1.258716730071367
9170 1.2232606457759125
9264 4.513602992462601
9276 2.6944445490464313
9346 4.997399943840672
9384 1.3355491621146554
9409 5.8998973535824915
9428 2.498699971920336
9466 4.695924549256556
9481 1.7727629685373998
9537 0.6546292081242703
9554 1.271661894663404
9641 2.6418008155610093
9667 3.7796338173824005
9733 1.0850066366123312
9795 3.9074671888922854
9808 3.009525595686327
9850 6.9985096422506015
9970 2.418984756890357
9986 2.0568672196412967
9990 0.5671785603171224
10030 2.413542163580029
10199 2.3256808077886952
10221 2.434161450782765
10296 3.2849375755462935
10298 4.05407066308416
10301 4.22592092001082
10323 4.108137884354437
10329 -1.260544174257586
10341 3.1698682457615064
10422 0.7087940713416041
10437 5.4691914417169425
10487 1.981229805435677
10503 2.413542163580029
10677 4.433560284789064
10678 2.288979440938267
10749 3.526391240302747
10859 3.086486636822455
10867 8.719993186626233
10868 -0.37072214562370276
10973 2.7938170228596353
11032 1.087712998210074
11139 2.87137525720551
11148 4.713706847592958
11168 1.2781978656431896
11252 6.6192603762733295
11253 5.8998973535824915
11287 2.0286963426746007
11296 2.764403137653342
11299 -1.5635482855978138
11305 2.0640357091199095
11644 3.5327737394508745
11785 1.9680717208581657
11790 2.2449194511442365
11881 2.70805020110221
11894 7.589353594543049
11900 4.099499503744866
11908 6.138711348899965
11945 1.9550845253313545
11947 6.056435457396959
11969 0.7582337970798316
11982 3.9074671888922854
12022 0.8081923650016455
12057 2.10066984229969
12060 1.5220460903190904
12068 4.600614369452231
12078 1.3637200390813515
12111 1.994563336305142
12122 1.1963912668735384
12177 12.610724923381312
12218 2.6547042203969173
12270 5.052599493195288
12447 2.8396265588909295
12455 -0.2152586658680402
12460 0.7332084295128914
12477 7.430163195604683
12505 8.33059259638877
12508 4.524622387712212
12603 6.305362461690656
12660 2.035665011990694
12696 5.052599493195288
12708 1.5958322603783217
12717 4.199402954007755
12823 1.034930298632155
12946 4.746249473758078
12983 4.22592092001082
13080 1.6246020367002147
13108 2.2800107709555064
13208 1.3115342859107813
13354 1.8280256472124494
13359 2.6290617897835795
13365 3.3349479961209547
13392 5.528806275306684
13399 3.086486636822455
13440 1.4770487243883548
13451 3.4431615807611875
13553 -3.3341468394977283
13572 1.8745456628473423
13613 1.8111238364098463
13672 1.5262389685791264
13710 3.6312138122641273
13753 3.7026727762462723
13843 2.1782280766455644
13930 1.3601549729168554
13996 6.305362461690656
14078 5.019746545036923
14194 3.7026727762462723
14195 8.890769085861383
14196 7.535720884999722
14237 -0.6972483483041599
14267 -1.5294775732540604
14309 1.5137127087599462
14313 4.939954526323604
14352 3.7856818933047376
14357 2.476721065201561
14381 0.457735330796197
14395 2.7218435232345457
14431 1.034930298632155
14500 4.108137884354437
14529 8.426564700672525
14593 3.8630154263214513
14626 2.750014400201242
14680 5.8998973535824915
14818 6.9985096422506015
14830 2.7790019370744945
14856 4.8012850649143815
14901 2.5326015235960173
14906 1.6054557614557987
15158 3.8204558119026557
15169 2.335070548138534
15192 1.489121305622624
15240 3.414990703794491
15259 3.9962488624145074
15261 4.433560284789064
15332 -7.761558650728101
15373 1.628721502626236
15397 2.001297368486486
15413 1.2781978656431896
15446 3.5327737394508745
15517 1.886521853894058
15551 1.1578679848772029
15587 1.2947271675944
15672 1.4550424207846036
15771 0.09238285917859758
15783 9.616767386766526
15786 2.694572070691611
15857 3.0666840095262753
