44
332 4.433560284789064
2450 -0.6108568957036107
3143 2.219386149139072
3614 2.875656022470147
3807 2.3256808077886952
4108 3.1066893441399746
4241 2.4033897921160112
4282 2.8553749158590684
4909 1.4690805547391779
5430 2.750014400201242
5630 0.23830767558032406
5636 2.973157951515452
6907 6.9985096422506015
8242 2.035665011990694
9106 1.0850066366123312
9170 0.6116303228879563
9559 -0.24959683156492177
9580 3.3096301881366648
10447 0.6099482367049713
11027 1.2781978656431896
11218 1.144042369585821
11449 6.9985096422506015
11816 1.9296054400303697
11900 2.049749751872433
12239 6.9985096422506015
12241 2.579669034454003
12377 1.3460204619819507
12391 3.1918471524802814
12455 -0.2152586658680402
12820 3.3349479961209547
13189 1.8745456628473423
13547 1.6003469407328483
13734 1.942263836902293
13867 1.087712998210074
14153 2.4876501357337513
14173 6.9985096422506015
14309 1.5137127087599462
14455 1.637217476541176
14682 1.5431885268928998
15306 0.7199882180847567
15358 2.579669034454003
15471 0.6940608398286201
15677 1.5779746429783155
15828 2.1862955883920616
