274
3 3.0666840095262753
254 2.498699971920336
279 2.6418008155610093
422 5.33555260392854
492 3.3609234825242154
496 2.2800107709555064
498 3.3349479961209547
521 1.8986432144264027
695 2.9911764570181303
698 4.22592092001082
730 2.298029276458185
1062 2.591790394986348
1379 1.0740829317937672
1381 2.6547042203969173
1750 2.2137308608496604
1830 3.1066893441399746
1893 1.7567626271909589
1896 1.7835738846416156
1922 1.6952047341915255
1942 1.691553895092994
1954 2.750014400201242
1977 2.6040604875781623
1997 6.019051191372654
2015 4.108137884354437
2070 1.4730567031188173
2138 5.8998973535824915
2176 7.150167376228025
2191 3.086486636822455
2264 4.359452312635343
2271 1.3671324722888383
2334 0.7939518796819108
2359 6.9985096422506015
2369 4.108137884354437
2407 2.236335707452845
2421 3.0863770537857995
2450 -0.6108568957036107
2458 2.162227735299123
2484 1.3149298749119196
2508 6.305362461690656
2538 1.422560539104285
2602 5.052599493195288
2631 1.2775319834560304
2674 1.0272478024601386
2682 4.108137884354437
2853 3.414990703794491
2862 1.4690805547391779
2919 2.1944885975173447
2920 0.6795415285041667
3062 2.8396265588909295
3068 1.3460204619819507
3110 2.8876357780772897
3186 1.2880826248757316
3215 2.359923404764412
3223 2.5211728277723946
3392 2.20271909665386
3482 3.3096301881366648
3690 1.4972514317058743
3717 7.640911623805311
3723 4.22592092001082
3896 1.403798262648762
3985 2.5098732725184614
4004 9.778531002600241
4021 1.5054481989100525
4053 -0.14952015041821856
4145 2.008077055471865
4158 0.18360264269230225
4286 2.130975191795019
4319 2.049749751872433
4391 3.260840023967233
4437 4.8067795842320225
4447 4.433560284789064
4500 2.8396265588909295
4522 0.5207142953092883
4566 3.597312260588446
4570 4.433560284789064
4608 4.222567985219234
4619 3.2849375755462935
4684 5.389071729816501
4750 0.33155284982139466
4838 1.4730567031188173
4841 4.22592092001082
4871 2.4876501357337513
4878 1.3672978604292356
4882 2.130975191795019
4914 2.8679784698558155
4915 5.8998973535824915
4934 3.7026727762462723
4989 2.6710983242293107
4990 4.513602992462601
5040 1.4378280112350734
5047 3.3349479961209547
5052 4.22592092001082
5151 2.555858385760285
5172 4.513602992462601
5238 3.6312138122641273
5339 2.356853423796479
5439 3.7796338173824005
5539 3.430611827025225
5540 3.1698682457615064
5620 3.8204558119026557
5676 3.502002080784121
5680 1.5913378707904824
5715 3.502002080784121
5983 3.975748696308691
5993 4.260901922908519
6020 3.9074671888922854
6047 3.009525595686327
6064 4.277394475777858
6088 2.4293689198417274
6128 3.5327737394508745
6235 2.454137038241171
6402 2.822521967700703
6414 6.296724081081085
6433 2.06160916317361
6576 3.666305132075397
6583 0.8629447511688624
6614 3.009525595686327
6703 4.433560284789064
6872 1.3047775034479017
6905 6.9985096422506015
6908 0.6707538925195963
7059 5.389071729816501
7072 3.8973072700021283
7104 -0.6634879166512921
7115 6.305362461690656
7210 3.713692171495883
7339 3.5327737394508745
7367 6.9985096422506015
7482 1.8055527913603908
7487 1.8167260919585162
7552 1.9486536350010641
7563 2.335070548138534
7569 2.0341908619922413
7595 4.359452312635343
7597 4.372650573756367
7620 2.1863252868781835
7808 2.8396265588909295
7813 1.0145733615634107
7826 3.1273086313427103
7906 4.301967704783723
7965 3.773043707788116
7971 3.414990703794491
7981 2.0426825846493406
8032 1.5324768712979722
8055 2.9041650800285006
8094 4.695924549256556
8096 1.4533321977710387
8167 3.6312138122641273
8439 1.4072724119651276
8471 2.7938170228596353
8582 1.3781087765334512
8660 1.675499663112193
8723 1.5262389685791264
8788 2.146479378330984
8850 1.7153059135126125
8869 4.356456153291129
8904 2.1863252868781835
9110 2.035665011990694
9336 9.391849098513111
9384 2.6710983242293107
9393 1.060973437168175
9480 4.513602992462601
9481 3.5455259370747996
9513 5.389071729816501
9537 2.618516832497081
9641 2.6418008155610093
9748 2.6547042203969173
9986 2.0568672196412967
9990 2.2687142412684898
10055 3.009525595686327
10114 2.6028323114903933
10194 2.455214859980597
10225 3.8630154263214513
10258 1.8000126109847754
10329 -0.630272087128793
10431 0.7218661529089567
10437 1.3672978604292356
10473 1.7781538171722764
10487 1.981229805435677
10503 2.413542163580029
10561 1.6003469407328483
10655 3.8204558119026557
10734 2.735829765209286
10825 2.0149030205422647
10867 2.9066643955420775
10868 -0.37072214562370276
10903 2.476721065201561
10909 2.7790019370744945
11032 1.087712998210074
11102 0.6652300141109108
11106 2.021775899830027
11148 4.713706847592958
11168 1.2781978656431896
11299 -1.0423655237318759
11320 2.764403137653342
11416 2.1782280766455644
11418 3.597312260588446
11430 4.359452312635343
11491 1.8745456628473423
11570 1.1933746733341126
11573 6.9985096422506015
11790 2.2449194511442365
11894 3.0357414378172196
11908 3.0693556744499824
11952 1.5958322603783217
12078 1.3637200390813515
12213 3.047265923669174
12321 3.4431615807611875
12341 2.8088549002241754
12377 1.3460204619819507
12400 2.9209721983448818
12435 3.8204558119026557
12455 -0.4305173317360804
12460 1.466416859025783
12477 2.476721065201561
12554 1.6609715625492831
12598 2.5098732725184614
12708 1.5958322603783217
12717 1.7997441231461808
12787 5.612215281130711
12792 3.8204558119026557
12946 2.373124736879039
12960 3.1918471524802814
13080 1.6246020367002147
13106 2.335070548138534
13183 3.502002080784121
13208 2.6230685718215625
13236 5.8998973535824915
13319 1.8055527913603908
13353 1.961557039836972
13390 2.236335707452845
13392 2.764403137653342
13421 5.389071729816501
13508 1.7255100836868542
13553 -2.222764559665152
13672 3.052477937158253
13719 3.9074671888922854
13845 2.001297368486486
13930 2.7203099458337108
14078 2.5098732725184614
14195 1.7781538171722764
14196 0.8373023205555247
14237 -2.7889933932166397
14267 -0.3823693933135151
14313 1.6466515087745348
14352 2.8392614199785533
14365 3.8630154263214513
14435 2.3933394562625097
14523 2.8553749158590684
14588 2.0785287164224764
14681 4.22592092001082
14728 3.740413104229119
14906 0.8027278807278994
15057 1.152070867192877
15069 4.359452312635343
15076 3.21432000833234
15158 3.8204558119026557
15169 2.335070548138534
15240 3.414990703794491
15241 1.7462362142039713
15259 1.3320829541381691
15332 -27.941611142621163
15407 2.2711218235382606
15409 6.9985096422506015
15567 5.052599493195288
15587 2.5894543351888
15590 5.612215281130711
15650 2.130975191795019
15672 1.4550424207846036
15685 1.7432809162728324
15692 3.8204558119026557
15783 1.923353477353305
15784 6.9985096422506015
15786 3.5927627609221484
