247
476 3.8630154263214513
495 2.8396265588909295
496 2.2800107709555064
500 4.3403918098966
626 4.359452312635343
935 3.740413104229119
1060 0.1865007192496546
1062 2.591790394986348
1379 1.6111243976906509
1381 5.309408440793835
1690 2.455214859980597
1739 5.206750173022546
1750 1.1068654304248302
1895 6.9985096422506015
1922 1.6952047341915255
1942 0.845776947546497
2005 6.305362461690656
2021 5.41610040220442
2049 4.74707365793266
2103 2.4446327506500602
2247 4.438772298278144
2258 5.74275051441102
2269 7.474443709310111
2271 1.7089155903610478
2282 6.305362461690656
2334 0.7939518796819108
2446 2.5326015235960173
2450 -2.4434275828144427
2458 2.162227735299123
2521 4.165296298194385
2540 10.778143459633002
2631 0.21292199724267172
2695 4.919068100570765
2701 2.7218435232345457
2837 3.086486636822455
2853 3.414990703794491
2859 4.22592092001082
2947 5.052599493195288
2952 4.695924549256556
3005 3.6312138122641273
3048 2.5098732725184614
3120 1.6048820958982397
3150 7.065547478901749
3153 6.9985096422506015
3165 3.7796338173824005
3186 2.576165249751463
3215 2.359923404764412
3409 4.00277736869661
3506 0.8205655282000008
3514 6.9985096422506015
3525 5.612215281130711
3614 1.4378280112350734
3648 6.9985096422506015
3657 2.6164830075767194
3827 3.2849375755462935
3970 4.05407066308416
3974 3.3875917296063767
3982 1.0769312226067855
4070 1.1068654304248302
4158 0.030600440448717042
4167 2.0712559570933964
4226 3.3609234825242154
4270 3.5327737394508745
4298 2.9041650800285006
4522 0.5207142953092883
4525 6.305362461690656
4578 5.206750173022546
4581 5.052599493195288
4682 4.433560284789064
4857 2.0712559570933964
4934 3.7026727762462723
4983 6.9985096422506015
4985 5.206750173022546
4989 2.6710983242293107
5040 2.875656022470147
5265 4.919068100570765
5432 3.4431615807611875
5566 6.9985096422506015
5680 4.774013612371447
5806 6.305362461690656
5889 2.4033897921160112
5895 2.4033897921160112
5902 4.05407066308416
6005 3.666305132075397
6012 3.740413104229119
6250 1.7727629685373998
6307 3.2373095265570386
6364 3.260840023967233
6375 4.919068100570765
6387 2.9911764570181303
6421 6.9985096422506015
6433 0.5154022907934025
6460 4.8012850649143815
6481 6.9985096422506015
6595 2.4237986637472186
6622 2.579669034454003
6697 4.22592092001082
6719 6.305362461690656
6776 1.942263836902293
6828 3.8630154263214513
6887 1.152070867192877
6903 6.9985096422506015
6935 19.67627240228306
6978 3.9539872045271784
6989 4.600614369452231
7054 3.8630154263214513
7104 -1.3269758333025843
7189 3.8630154263214513
7228 4.359452312635343
7482 1.8055527913603908
7487 3.6334521839170324
7497 0.7014003223166658
7569 1.0170954309961207
7578 1.0430745587218369
7595 4.359452312635343
7596 5.8998973535824915
7620 2.1863252868781835
7624 8.867120569578129
7627 6.305362461690656
7628 9.027205984925201
7708 6.9985096422506015
7722 3.5327737394508745
7848 4.8012850649143815
7854 3.3609234825242154
7892 1.5517722705842913
7906 1.4339892349279078
7989 6.9985096422506015
8138 4.8012850649143815
8405 3.3096301881366648
8425 9.391849098513111
8439 0.4690908039883759
8703 6.9985096422506015
8723 1.5262389685791264
8842 5.389071729816501
8869 6.534684229936693
8880 1.67063347346102
8886 1.3081501879265407
8890 4.560021541911013
8946 2.7218435232345457
8978 3.2280291589230243
9170 1.8348909686638688
9223 3.047265923669174
9229 2.3933394562625097
9346 2.498699971920336
9408 4.165296298194385
9481 1.7727629685373998
9537 0.6546292081242703
9573 3.3096301881366648
9586 6.9985096422506015
9733 1.0850066366123312
9745 6.9985096422506015
9748 2.6547042203969173
9779 1.8337236683270872
9808 3.009525595686327
9935 5.052599493195288
9970 1.4513908541342142
10114 1.3014161557451966
10422 0.7087940713416041
10561 3.2006938814656967
10610 3.6312138122641273
10700 4.165296298194385
10759 3.0666840095262753
10813 5.612215281130711
10863 3.4431615807611875
10868 -0.18536107281185138
10886 2.87137525720551
10984 4.695924549256556
11023 3.8642478746271944
11039 6.9985096422506015
11089 1.1549652252192415
11101 5.052599493195288
11148 1.1784267118982394
11210 3.21432000833234
11218 1.144042369585821
11258 4.00277736869661
11266 2.9041650800285006
11299 -0.5211827618659379
11304 1.2054960338664575
11434 5.8998973535824915
11472 6.305362461690656
11547 5.052599493195288
11785 1.9680717208581657
11790 2.2449194511442365
11850 2.455214859980597
11905 3.2849375755462935
11987 4.8012850649143815
12053 12.871378323445173
12216 2.87137525720551
12269 5.389071729816501
12296 6.9985096422506015
12357 4.3403918098966
12383 1.2523064517104479
12450 3.1483620405405426
12543 3.5645224377654547
12554 3.3219431250985663
12660 2.035665011990694
12685 5.389071729816501
12868 6.305362461690656
12900 4.165296298194385
12913 6.9985096422506015
13088 2.7790019370744945
13130 3.9539872045271784
13227 7.332610264150794
13295 5.206750173022546
13310 3.666305132075397
13512 5.389071729816501
13525 5.612215281130711
13535 5.206750173022546
13553 -1.4818430397767681
13596 3.502002080784121
13672 1.5262389685791264
13718 1.3425178314307487
13750 4.324455470598246
13759 2.955458374416051
13845 4.002594736972972
13846 3.3096301881366648
13885 6.305362461690656
13993 10.082770447572646
14044 2.9223507504641293
14188 3.597312260588446
14195 1.7781538171722764
14237 -2.7889933932166397
14260 4.165296298194385
14267 -0.3823693933135151
14421 5.8998973535824915
14422 2.1233123190494494
14449 3.21432000833234
14506 7.480826208458238
14521 3.666305132075397
14563 2.6418008155610093
14633 2.6547042203969173
14682 3.0863770537857995
14906 0.4013639403639497
15057 1.152070867192877
15181 1.751485570090115
15326 3.2373095265570386
15332 -4.656935190436861
15341 0.7959741250626788
15363 2.555858385760285
15397 2.001297368486486
15426 6.9985096422506015
15462 5.8998973535824915
15484 2.9911764570181303
15551 1.1578679848772029
15685 0.8716404581364162
15779 6.305362461690656
15783 0.9616767386766525
