227
177 4.513602992462601
257 6.305362461690656
450 6.305362461690656
492 3.3609234825242154
500 2.1701959049483
578 3.740413104229119
695 2.9911764570181303
874 3.2849375755462935
1013 2.6547042203969173
1018 3.7796338173824005
1060 0.06216690641655154
1143 6.9985096422506015
1194 5.206750173022546
1347 4.919068100570765
1607 6.9985096422506015
1684 5.389071729816501
1686 1.1549652252192415
1713 6.9985096422506015
1748 4.359452312635343
1829 4.600614369452231
1830 3.1066893441399746
1902 2.0149030205422647
1922 1.6952047341915255
1942 1.691553895092994
1977 2.6040604875781623
2056 4.22592092001082
2118 3.9539872045271784
2131 20.827000692090184
2191 3.086486636822455
2217 2.4876501357337513
2271 0.6835662361444191
2328 2.9911764570181303
2331 3.6312138122641273
2334 0.7939518796819108
2369 4.108137884354437
2389 9.201228738904462
2452 4.356456153291129
2459 2.938066631704182
2597 2.1157077196642304
2631 0.21292199724267172
2816 5.052599493195288
2862 1.4690805547391779
2919 2.1944885975173447
3065 4.290459441148391
3068 2.6920409239639014
3120 3.2097641917964794
3215 1.179961702382206
3378 5.8998973535824915
3392 2.20271909665386
3449 1.9647049651044954
3454 3.47214911763444
3516 2.0785287164224764
3578 1.2031599740689096
3597 2.8876357780772897
3647 4.216321028057695
3774 1.7255100836868542
3995 1.751485570090115
4006 5.309408440793835
4114 1.3890378470656415
4158 0.061200880897434085
4193 4.919068100570765
4366 1.9878743481543455
4391 3.260840023967233
4437 2.4033897921160112
4522 0.7810714429639324
4608 1.4075226617397445
4625 1.8452180477528222
4750 0.6631056996427893
4838 1.4730567031188173
4866 2.5211728277723946
4871 2.4876501357337513
4878 1.3672978604292356
4905 6.9985096422506015
5025 5.052599493195288
5040 1.4378280112350734
5047 3.3349479961209547
5421 3.8630154263214513
5616 6.9985096422506015
5643 3.9074671888922854
5647 4.513602992462601
5680 4.774013612371447
5737 3.740413104229119
5830 4.05407066308416
5993 2.5565411537451115
6047 3.009525595686327
6122 3.502002080784121
6158 2.455214859980597
6187 5.389071729816501
6402 2.822521967700703
6576 3.666305132075397
6614 3.009525595686327
6697 4.22592092001082
6853 3.260840023967233
7055 8.580918882296782
7104 -1.3269758333025843
7210 1.8568460857479414
7247 4.22592092001082
7487 1.8167260919585162
7493 5.389071729816501
7497 0.7014003223166658
7563 14.010423288831205
7731 2.001297368486486
7813 3.043720084690232
7906 2.8679784698558155
7932 1.8745456628473423
8032 0.5108256237659907
8090 4.47267141490569
8094 9.391849098513111
8283 2.8876357780772897
8405 3.3096301881366648
8439 0.9381816079767518
8582 2.7562175530669024
8728 4.00277736869661
8736 1.1933746733341126
8799 3.502002080784121
8975 2.3933394562625097
8983 8.45184184002164
9154 2.465910149097345
9170 1.2232606457759125
9204 2.5098732725184614
9280 3.502002080784121
9353 2.476721065201561
9384 2.6710983242293107
9483 3.6312138122641273
9534 2.750014400201242
9537 0.6546292081242703
9589 1.3115342859107813
9686 10.893641436792382
9821 4.600614369452231
9970 0.9675939027561428
9990 1.1343571206342449
10030 2.413542163580029
10058 2.6040604875781623
10135 6.9985096422506015
10154 3.3609234825242154
10217 2.15432255579201
10258 1.8000126109847754
10278 3.2849375755462935
10300 4.600614369452231
10326 0.5230769255465112
10329 -0.630272087128793
10331 4.600614369452231
10422 0.7087940713416041
10431 1.4437323058179135
10487 3.962459610871354
10503 2.413542163580029
10561 3.2006938814656967
10600 4.919068100570765
10628 4.165296298194385
10677 4.433560284789064
10678 6.866938322814802
10770 2.4876501357337513
10859 3.086486636822455
10868 -0.5560832184355542
10909 2.7790019370744945
11023 1.2880826248757316
11102 0.6652300141109108
11148 3.5352801356947183
11150 5.612215281130711
11159 6.9985096422506015
11299 -0.5211827618659379
11305 2.0640357091199095
11334 1.994563336305142
11453 2.727440078162703
11524 1.5178707189086098
11570 1.1933746733341126
11591 2.7218435232345457
11632 6.9985096422506015
11646 2.3541187431092285
11850 4.910429719961194
11894 1.5178707189086098
11899 6.9985096422506015
11908 1.5346778372249912
11939 2.681021528714291
11969 1.5164675941596633
12078 2.727440078162703
12210 6.339736491523013
12213 3.047265923669174
12263 2.579669034454003
12446 5.389071729816501
12455 -0.6457759976041206
12477 4.953442130403122
12660 4.071330023981388
12837 3.4431615807611875
12875 6.9985096422506015
12946 1.7798435526592793
12968 3.047265923669174
13001 2.9461134062376346
13005 3.8630154263214513
13104 3.2373095265570386
13124 5.8998973535824915
13208 1.3115342859107813
13227 3.666305132075397
13359 2.6290617897835795
13380 4.05407066308416
13508 1.7255100836868542
13553 -1.111382279832576
13672 1.5262389685791264
13718 1.3425178314307487
13843 2.1782280766455644
13930 1.3601549729168554
14072 3.3609234825242154
14136 2.962113491571787
14195 1.7781538171722764
14196 1.6746046411110493
14268 4.290459441148391
14308 2.0640357091199095
14381 0.457735330796197
14395 2.7218435232345457
14416 0.7739512129752414
14431 1.034930298632155
14906 0.8027278807278994
15057 2.304141734385754
15259 1.3320829541381691
15332 -10.866182111019342
15373 0.814360751313118
15407 2.2711218235382606
15415 2.824122372354964
15471 0.6940608398286201
15551 1.1578679848772029
15600 6.019051191372654
15669 2.162227735299123
15685 1.7432809162728324
15709 2.1863252868781835
15771 0.023095714794649395
15783 5.770060432059915
15786 5.389144141383222
