240
188 6.9985096422506015
344 2.7790019370744945
578 3.740413104229119
1060 0.06216690641655154
1122 3.1698682457615064
1356 2.363780654020965
1379 0.5370414658968836
1381 2.6547042203969173
1506 6.9985096422506015
1686 1.1549652252192415
1687 4.827084327160058
1690 4.910429719961194
1750 2.2137308608496604
1780 5.206750173022546
1850 3.0666840095262753
1869 4.433560284789064
1885 3.009525595686327
1893 1.7567626271909589
1896 3.567147769283231
1902 2.0149030205422647
1922 3.390409468383051
1940 2.6944445490464313
1942 2.537330842639491
2009 7.2406264907400875
2012 6.9985096422506015
2105 5.612215281130711
2127 5.8998973535824915
2181 8.867120569578129
2224 1.981229805435677
2271 2.0506987084332575
2334 0.7939518796819108
2356 2.681021528714291
2369 4.108137884354437
2450 -3.0542844785180536
2519 3.3804838896987928
2597 2.1157077196642304
2631 1.0646099862133587
2682 4.108137884354437
2920 1.3590830570083334
2935 0.6320391945191633
2964 1.800870720168722
3068 13.460204619819507
3165 3.7796338173824005
3215 1.7699425535733089
3223 2.5211728277723946
3380 2.3541187431092285
3404 2.465910149097345
3597 11.550543112309159
3623 18.783698197026222
3632 20.832894705806638
3690 4.491754295117623
3737 1.8055527913603908
3774 3.4510201673737084
3896 1.403798262648762
3964 3.5327737394508745
4021 1.5054481989100525
4053 -0.14952015041821856
4070 1.1068654304248302
4158 0.030600440448717042
4284 3.9074671888922854
4302 1.8000126109847754
4341 2.6547042203969173
4366 3.975748696308691
4427 3.597312260588446
4519 8.867120569578129
4522 0.2603571476546441
4556 4.22592092001082
4840 5.876133263408364
4989 1.3355491621146554
5031 4.695924549256556
5055 4.455650035569873
5156 4.42203579893711
5307 2.9911764570181303
5369 3.047265923669174
5392 2.130975191795019
5539 3.430611827025225
5565 6.9985096422506015
5596 7.1290448755309095
5597 6.474619053114077
5680 1.5913378707904824
5688 16.836645843392134
5905 1.7835738846416156
5915 6.305362461690656
5955 2.434161450782765
5972 5.8998973535824915
5983 3.975748696308691
5993 1.7043607691634077
6003 3.3609234825242154
6033 4.695924549256556
6057 3.8204558119026557
6123 2.288979440938267
6127 6.9985096422506015
6228 1.2947271675944
6235 2.454137038241171
6245 6.305362461690656
6250 1.7727629685373998
6488 3.0666840095262753
6595 2.4237986637472186
6633 2.8088549002241754
6637 5.206750173022546
6703 4.433560284789064
6908 0.33537694625979814
7025 10.095482253607377
7026 6.9985096422506015
7104 -6.634879166512921
7159 9.027205984925201
7170 1.6186122887101415
7215 2.344549292093078
7224 4.22592092001082
7388 10.778143459633002
7401 1.886521853894058
7421 3.2373095265570386
7482 1.8055527913603908
7558 6.305362461690656
7578 0.5215372793609184
7591 2.0426825846493406
7731 2.001297368486486
7808 2.8396265588909295
7813 1.0145733615634107
7932 3.7490913256946845
7991 1.3149298749119196
8007 5.7142783243315165
8032 1.0216512475319814
8050 4.165296298194385
8054 6.305362461690656
8078 13.551402264565441
8090 2.236335707452845
8096 1.4533321977710387
8227 14.258089751061819
8242 2.035665011990694
8263 3.414990703794491
8405 3.3096301881366648
8423 5.8998973535824915
8439 0.9381816079767518
8444 1.7890234894091803
8582 13.781087765334512
8660 1.675499663112193
8710 0.551203779709388
8736 1.1933746733341126
8741 3.086486636822455
8799 3.502002080784121
8904 2.1863252868781835
8906 3.047265923669174
8919 5.389071729816501
8934 6.9985096422506015
9122 1.3744921360632627
9227 4.165296298194385
9280 3.502002080784121
9438 4.290459441148391
9454 3.1698682457615064
9481 3.5455259370747996
9534 11.000057600804968
9573 3.3096301881366648
9795 7.814934377784571
9848 5.052599493195288
9895 4.577958881876534
10058 7.812181462734487
10107 6.9985096422506015
10258 1.8000126109847754
10326 0.5230769255465112
10329 -0.4201813914191953
10393 3.9492582428086496
10422 2.1263822140248125
10437 6.836489302146179
10487 5.943689416307031
10503 2.413542163580029
10677 8.867120569578129
10678 2.288979440938267
10749 2.3509274935351647
10868 -0.18536107281185138
10943 5.612215281130711
11089 1.1549652252192415
11140 2.15432255579201
11148 1.1784267118982394
11287 2.0286963426746007
11295 3.2373095265570386
11299 -1.0423655237318759
11375 2.681021528714291
11377 3.414990703794491
11570 1.1933746733341126
11582 4.359452312635343
11836 2.37353682896633
11943 2.455214859980597
11961 3.3096301881366648
12078 1.3637200390813515
12104 6.474619053114077
12321 3.4431615807611875
12383 1.2523064517104479
12460 0.7332084295128914
12554 1.6609715625492831
12833 0.9630282097258448
12916 5.052599493195288
13045 1.886521853894058
13359 2.6290617897835795
13384 2.0568672196412967
13392 2.764403137653342
13475 3.8204558119026557
13553 -1.111382279832576
13632 5.8998973535824915
13722 3.5327737394508745
13734 3.884527673804586
13832 12.871378323445173
13843 2.1782280766455644
13845 4.002594736972972
13891 1.8197775865739976
13930 5.4406198916674215
13936 6.669895992241909
14072 3.3609234825242154
14078 2.5098732725184614
14159 4.600614369452231
14174 1.7945029551738059
14195 10.668922903033659
14196 2.511906961666574
14237 -1.3944966966083199
14242 2.5326015235960173
14267 -1.1471081799405454
14352 1.8928409466523688
14357 2.476721065201561
14500 4.108137884354437
14515 3.0666840095262753
14529 5.617709800448351
14906 0.8027278807278994
15057 1.152070867192877
15128 5.8998973535824915
15169 2.335070548138534
15230 5.612215281130711
15332 -12.418493841164961
15407 2.2711218235382606
15414 5.8998973535824915
15479 4.433560284789064
15518 1.880515829833846
15551 1.1578679848772029
15685 0.8716404581364162
15709 2.1863252868781835
15771 0.06928714438394819
15783 3.84670695470661
15786 1.7963813804610742
15802 6.9985096422506015
15814 2.262311193856106
15846 5.612215281130711
