248
302 1.7153059135126125
356 2.591790394986348
618 5.206750173022546
1114 7.814934377784571
1379 1.0740829317937672
1381 2.6547042203969173
1686 1.1549652252192415
1692 2.1944885975173447
1702 3.3609234825242154
1750 1.1068654304248302
1830 3.1066893441399746
1896 1.7835738846416156
1909 2.8876357780772897
1922 3.390409468383051
1957 1.8223599096767722
1986 2.4237986637472186
2051 2.66777630196427
2167 2.66777630196427
2327 3.9074671888922854
2328 2.9911764570181303
2348 4.05407066308416
2349 4.22592092001082
2356 2.681021528714291
2421 1.5431885268928998
2450 -1.2217137914072214
2461 7.004004161568242
2503 4.8012850649143815
2631 0.21292199724267172
2638 2.130975191795019
2755 3.260840023967233
2820 2.4446327506500602
2830 4.359452312635343
2913 1.720394983020084
2920 0.6795415285041667
2924 2.0286963426746007
2935 1.8961175835574902
2940 1.6278716141229383
2997 3.047265923669174
3108 4.108137884354437
3359 3.8630154263214513
3380 2.3541187431092285
3407 2.085854756514549
3449 0.9823524825522477
3586 3.2849375755462935
3593 3.666305132075397
3597 2.8876357780772897
3612 3.1918471524802814
3759 2.4033897921160112
3833 4.600614369452231
3982 1.0769312226067855
4053 -0.4485604512546557
4158 0.030600440448717042
4167 2.0712559570933964
4230 2.0149030205422647
4270 7.065547478901749
4286 4.261950383590038
4298 2.9041650800285006
4302 1.8000126109847754
4321 2.8553749158590684
4368 4.22592092001082
4405 1.3460204619819507
4416 2.727440078162703
4502 2.8088549002241754
4524 6.9985096422506015
4556 4.22592092001082
4621 8.165530569703638
4649 4.22592092001082
4750 2.6524227985711573
4815 2.7218435232345457
4840 2.938066631704182
4846 2.021775899830027
4852 2.517433460142734
4878 1.3672978604292356
4899 3.0666840095262753
4963 2.3933394562625097
4988 3.7796338173824005
5031 4.695924549256556
5040 1.4378280112350734
5047 3.3349479961209547
5119 2.3933394562625097
5151 2.555858385760285
5174 3.740413104229119
5321 6.9985096422506015
5539 1.7153059135126125
5597 3.2373095265570386
5598 4.919068100570765
5730 4.108137884354437
5757 6.305362461690656
5833 4.695924549256556
5965 3.740413104229119
6049 2.035665011990694
6065 4.22592092001082
6169 2.4033897921160112
6235 1.2270685191205855
6250 3.5455259370747996
6433 1.030804581586805
6447 3.8642478746271944
6494 5.612215281130711
6583 0.8629447511688624
6609 3.1918471524802814
6634 3.9539872045271784
6703 4.433560284789064
6735 4.108137884354437
6849 6.9985096422506015
6868 5.389071729816501
6972 3.9539872045271784
6999 5.612215281130711
7028 2.764403137653342
7072 1.9486536350010641
7104 -1.9904637499538764
7266 6.305362461690656
7346 3.5645224377654547
7401 3.773043707788116
7425 4.513602992462601
7431 2.6040604875781623
7458 3.502002080784121
7482 1.8055527913603908
7497 0.7014003223166658
7534 2.485534857327378
7551 4.8012850649143815
7578 1.0430745587218369
7731 2.001297368486486
8017 5.389071729816501
8085 4.108137884354437
8089 13.405107643571455
8090 4.47267141490569
8094 4.695924549256556
8142 2.9041650800285006
8271 4.513602992462601
8356 4.165296298194385
8447 3.9074671888922854
8488 4.05407066308416
8506 4.00277736869661
8710 1.102407559418776
8723 1.5262389685791264
8816 1.7255100836868542
8880 1.67063347346102
8895 3.9539872045271784
8987 2.211017899468555
9069 3.260840023967233
9365 1.4972514317058743
9481 1.7727629685373998
9483 3.6312138122641273
9589 2.6230685718215625
9640 2.8088549002241754
9671 4.600614369452231
9674 3.6312138122641273
9698 1.9878743481543455
9833 3.8630154263214513
9970 0.9675939027561428
9990 0.5671785603171224
10008 2.0568672196412967
10030 2.413542163580029
10114 1.3014161557451966
10199 2.3256808077886952
10217 2.15432255579201
10220 6.9985096422506015
10296 6.569875151092587
10329 -0.8403627828383906
10422 0.7087940713416041
10678 11.444897204691335
10825 6.0447090616267936
10829 6.9985096422506015
11032 1.087712998210074
11106 6.06532769949008
11155 5.206750173022546
11168 1.2781978656431896
11299 -3.6482793330615655
11334 3.989126672610284
11344 3.1483620405405426
11379 2.0426825846493406
11445 3.740413104229119
11477 5.612215281130711
11591 5.443687046469091
11683 5.052599493195288
11690 4.919068100570765
11769 1.6466515087745348
11781 2.591790394986348
11782 5.612215281130711
11970 5.206750173022546
12009 3.502002080784121
12010 3.6312138122641273
12022 0.40409618250082274
12058 4.513602992462601
12078 1.3637200390813515
12089 5.617709800448351
12096 6.305362461690656
12104 3.2373095265570386
12263 2.579669034454003
12267 4.359452312635343
12293 3.7026727762462723
12321 3.4431615807611875
12508 2.262311193856106
12513 3.740413104229119
12598 5.019746545036923
12639 4.165296298194385
12641 4.8012850649143815
12682 4.600614369452231
12708 1.5958322603783217
12710 4.108137884354437
12717 1.1998294154307871
12783 3.7972864288528054
12896 3.2373095265570386
12904 3.4431615807611875
13029 3.3219431250985663
13108 2.2800107709555064
13216 3.6312138122641273
13289 3.4820285404456395
13303 5.206750173022546
13384 2.0568672196412967
13412 2.5098732725184614
13421 10.778143459633002
13440 1.4770487243883548
13491 2.288979440938267
13508 1.7255100836868542
13527 2.049749751872433
13553 -0.7409215198883841
13613 1.8111238364098463
13672 1.5262389685791264
13683 3.0666840095262753
13789 5.052599493195288
13859 2.955458374416051
14044 1.4611753752320646
14078 2.5098732725184614
14104 3.420485223112132
14195 1.7781538171722764
14196 0.8373023205555247
14267 -1.1471081799405454
14352 0.9464204733261844
14381 0.2288676653980985
14453 3.414990703794491
14523 2.8553749158590684
14612 6.5589758606345505
14644 3.597312260588446
14906 0.4013639403639497
15057 1.152070867192877
15241 5.238708642611914
15332 -9.313870380873722
15341 0.7959741250626788
15517 1.886521853894058
15551 2.3157359697544058
15575 4.108137884354437
15578 1.7945029551738059
15672 1.4550424207846036
15709 2.1863252868781835
15765 4.290459441148391
15771 0.023095714794649395
15828 1.0931477941960308
