177
365 3.414990703794491
406 6.9985096422506015
695 2.9911764570181303
817 4.695924549256556
881 4.919068100570765
978 2.298029276458185
990 6.9985096422506015
1062 2.591790394986348
1063 6.9985096422506015
1195 5.8998973535824915
1315 6.9985096422506015
1379 1.6111243976906509
1394 6.9985096422506015
1454 6.9985096422506015
1517 5.612215281130711
1687 4.827084327160058
1782 2.7218435232345457
1814 6.9985096422506015
1842 6.086089028023802
2046 5.052599493195288
2358 3.1273086313427103
2407 2.236335707452845
2592 2.938066631704182
2597 2.1157077196642304
2639 2.6040604875781623
2862 2.9381611094783557
3374 1.9680717208581657
3409 8.00555473739322
3578 1.8047399611033645
3617 5.8998973535824915
3667 6.9985096422506015
3885 6.9985096422506015
3896 1.403798262648762
3982 2.153862445213571
3991 2.8088549002241754
4158 0.09180132134615113
4159 5.206750173022546
4208 1.5220460903190904
4230 2.0149030205422647
4290 4.919068100570765
4416 1.3637200390813515
4522 0.2603571476546441
4536 2.70805020110221
4608 4.222567985219234
4621 2.7218435232345457
4668 3.3609234825242154
4750 0.6631056996427893
4765 1.4150133334689021
4979 3.9074671888922854
5014 2.3541187431092285
5040 1.4378280112350734
5339 1.1784267118982394
5491 3.597312260588446
5647 4.513602992462601
5666 3.47214911763444
5700 3.1483620405405426
5891 3.1273086313427103
5960 3.6312138122641273
5993 2.5565411537451115
6088 4.858737839683455
6219 2.298029276458185
6235 1.2270685191205855
6522 6.9985096422506015
6583 0.8629447511688624
6821 4.433560284789064
6856 3.2849375755462935
6982 6.305362461690656
7104 -0.6634879166512921
7210 1.8568460857479414
7224 4.22592092001082
7316 6.254617262685421
7359 22.448861124522843
7462 1.942263836902293
7534 1.242767428663689
7552 1.9486536350010641
7560 4.433560284789064
7597 4.372650573756367
7614 2.5676928434072877
7633 1.8745456628473423
7650 10.540802570144237
7892 4.655316811752874
7906 1.4339892349279078
8150 4.433560284789064
8256 3.3607792968127694
8261 4.513602992462601
8439 0.9381816079767518
8443 6.305362461690656
8718 2.824122372354964
8732 4.05407066308416
8736 1.1933746733341126
8776 6.305362461690656
8850 3.430611827025225
8928 1.3355491621146554
8979 3.5780469788183606
8993 2.973157951515452
9017 4.00277736869661
9310 3.4431615807611875
9384 5.342196648458621
9512 5.389071729816501
9522 6.305362461690656
9573 3.3096301881366648
9698 1.9878743481543455
9743 3.8630154263214513
9986 6.17060165892389
9990 3.4030713619027346
9994 6.9985096422506015
10055 3.009525595686327
10114 2.6028323114903933
10194 12.276074299902985
10225 7.726030852642903
10326 1.0461538510930224
10329 -0.4201813914191953
10382 5.612215281130711
10627 26.945358649082504
10700 4.165296298194385
10805 3.666305132075397
10868 -0.18536107281185138
10906 2.035665011990694
10939 5.206750173022546
10962 2.6290617897835795
10979 6.213378688279949
11032 1.087712998210074
11148 1.1784267118982394
11235 3.740413104229119
11305 2.0640357091199095
11416 2.1782280766455644
11677 1.7255100836868542
11828 2.955458374416051
11908 1.5346778372249912
11943 14.731289159883584
11959 2.2449194511442365
12111 1.994563336305142
12254 2.335070548138534
12312 2.7938170228596353
12318 6.9985096422506015
12460 0.7332084295128914
12723 2.288979440938267
12783 1.8986432144264027
12946 1.7798435526592793
13001 1.4730567031188173
13042 5.8998973535824915
13057 3.8204558119026557
13086 4.359452312635343
13386 5.206750173022546
13572 1.8745456628473423
13573 6.9985096422506015
13576 3.9074671888922854
13672 1.5262389685791264
13891 1.2131850577159984
13921 4.356456153291129
14145 5.612215281130711
14159 4.600614369452231
14237 -1.3944966966083199
14267 -0.7647387866270302
14352 2.8392614199785533
14381 0.2288676653980985
14422 2.1233123190494494
14431 2.06986059726431
14498 3.0282177286984795
14523 2.8553749158590684
14588 2.0785287164224764
14692 2.8396265588909295
15037 2.3163784151263815
15057 3.456212601578631
15121 3.1737271807911225
15173 3.009525595686327
15247 4.997399943840672
15259 1.3320829541381691
15332 -13.970805571310581
15348 2.10066984229969
15370 4.290459441148391
15418 2.1233123190494494
15578 3.5890059103476117
15669 2.162227735299123
15672 0.7275212103923018
15771 0.023095714794649395
15786 0.8981906902305371
