54
1977 2.6040604875781623
2019 4.689098584186156
2271 0.34178311807220957
2351 1.5647876386963615
2820 2.4446327506500602
3215 1.179961702382206
3516 2.0785287164224764
3700 1.2947271675944
4070 2.2137308608496604
4158 0.030600440448717042
4386 4.600614369452231
4750 0.33155284982139466
4989 2.6710983242293107
5290 3.740413104229119
5484 0.9464204733261844
5539 3.430611827025225
5680 1.5913378707904824
6735 4.108137884354437
7072 1.9486536350010641
7826 6.254617262685421
7981 2.0426825846493406
8090 2.236335707452845
8242 2.035665011990694
8405 3.3096301881366648
8768 5.389071729816501
9170 0.6116303228879563
9301 5.612215281130711
9481 3.5455259370747996
9709 1.082307579643166
9990 0.5671785603171224
10112 4.359452312635343
10199 2.3256808077886952
10670 3.086486636822455
10903 2.476721065201561
10909 2.7790019370744945
11170 2.5676928434072877
11419 3.1273086313427103
11481 1.6186122887101415
11894 1.5178707189086098
11908 1.5346778372249912
11969 0.7582337970798316
12782 6.305362461690656
13037 5.389071729816501
13354 1.8280256472124494
13553 -0.37046075994419203
13672 1.5262389685791264
14072 3.3609234825242154
15057 1.152070867192877
15241 3.4924724284079427
15332 -1.5523117301456202
15407 4.542243647076521
15472 2.735829765209286
15517 1.886521853894058
15783 0.48083836933832624
