374
3 3.0666840095262753
126 6.305362461690656
241 1.6902419448493964
257 6.305362461690656
279 2.6418008155610093
389 1.6419233675785887
422 2.66777630196427
496 2.2800107709555064
498 3.3349479961209547
500 2.1701959049483
521 1.8986432144264027
530 2.66777630196427
569 6.056435457396959
578 3.740413104229119
695 2.9911764570181303
698 4.22592092001082
730 2.298029276458185
861 3.5645224377654547
874 3.2849375755462935
1013 2.6547042203969173
1194 5.206750173022546
1347 4.919068100570765
1379 0.5370414658968836
1686 2.309930450438483
1750 1.1068654304248302
1829 4.600614369452231
1896 1.7835738846416156
1902 4.029806041084529
1922 1.6952047341915255
1923 2.211017899468555
1924 2.288979440938267
1942 4.228884737732485
1977 2.6040604875781623
2070 2.9461134062376346
2118 3.9539872045271784
2176 2.383389125409342
2271 1.0253493542166288
2304 6.305362461690656
2334 1.5879037593638217
2356 5.362043057428582
2357 1.1873686492739008
2369 4.108137884354437
2421 1.5431885268928998
2442 2.7938170228596353
2450 -2.4434275828144427
2452 2.1782280766455644
2458 2.162227735299123
2459 2.938066631704182
2484 3.944789624735759
2519 1.6902419448493964
2538 1.422560539104285
2631 0.6387659917280152
2674 3.081743407380416
2705 1.6657908489852322
2767 5.8998973535824915
2820 2.4446327506500602
2853 3.414990703794491
2862 2.9381611094783557
2874 3.047265923669174
2919 2.1944885975173447
2977 3.47214911763444
3062 2.8396265588909295
3068 2.6920409239639014
3120 6.419528383592959
3132 3.2373095265570386
3186 5.152330499502926
3192 1.0095482253607377
3213 4.433560284789064
3215 2.949904255955515
3223 7.563518483317184
3278 6.9985096422506015
3374 1.9680717208581657
3379 3.1918471524802814
3380 2.3541187431092285
3392 2.20271909665386
3407 2.085854756514549
3516 2.0785287164224764
3597 2.8876357780772897
3635 1.5779746429783155
3647 2.1081605140288473
3725 5.612215281130711
3737 1.8055527913603908
3774 1.7255100836868542
3896 1.403798262648762
3995 1.751485570090115
4006 2.6547042203969173
4021 1.5054481989100525
4053 -0.22428022562732786
4070 2.2137308608496604
4088 3.5645224377654547
4096 3.3609234825242154
4114 1.3890378470656415
4145 2.008077055471865
4158 0.18360264269230225
4295 2.9209721983448818
4301 3.597312260588446
4302 3.6000252219695508
4307 2.824122372354964
4309 2.681021528714291
4319 2.049749751872433
4341 2.6547042203969173
4366 3.975748696308691
4391 3.260840023967233
4398 3.9539872045271784
4405 1.3460204619819507
4437 2.4033897921160112
4522 0.7810714429639324
4608 1.4075226617397445
4750 0.33155284982139466
4765 1.4150133334689021
4838 2.9461134062376346
4840 2.938066631704182
4852 1.258716730071367
4871 2.4876501357337513
4878 1.3672978604292356
4914 2.8679784698558155
4970 1.9746291214043248
4989 2.6710983242293107
5040 4.313484033705221
5046 2.236335707452845
5047 3.3349479961209547
5055 2.2278250177849364
5067 2.2278250177849364
5076 6.305362461690656
5083 1.5735596247691985
5094 5.8998973535824915
5151 5.11171677152057
5238 3.6312138122641273
5290 3.740413104229119
5319 3.086486636822455
5464 17.663868697254372
5484 0.9464204733261844
5517 1.6232312345664361
5518 1.5868635903955612
5539 1.7153059135126125
5590 1.4533321977710387
5620 3.8204558119026557
5676 3.502002080784121
5680 9.548027224742894
5809 2.363780654020965
5833 4.695924549256556
5876 7.559267634764801
5933 2.955458374416051
5944 3.8204558119026557
5973 1.4770487243883548
5983 1.9878743481543455
5993 4.260901922908519
6007 4.290459441148391
6021 3.7796338173824005
6047 3.009525595686327
6048 5.612215281130711
6072 4.22592092001082
6088 1.2146844599208637
6136 1.457246097092175
6158 7.365644579941792
6223 2.8088549002241754
6235 1.2270685191205855
6338 2.413542163580029
6380 5.389071729816501
6402 2.822521967700703
6433 0.5154022907934025
6447 1.2880826248757316
6567 2.579669034454003
6576 3.666305132075397
6583 4.314723755844312
6636 4.600614369452231
6735 4.108137884354437
6744 6.9985096422506015
6751 2.5441623459970937
6754 2.4049037829704587
6787 6.866938322814802
6872 1.3047775034479017
6908 0.33537694625979814
7019 2.130975191795019
7025 1.0095482253607377
7058 7.405345552492545
7072 1.9486536350010641
7104 -1.3269758333025843
7197 1.730651483187273
7210 1.8568460857479414
7286 1.4112609838503516
7339 3.5327737394508745
7401 1.886521853894058
7482 1.8055527913603908
7487 1.8167260919585162
7497 0.7014003223166658
7500 5.612215281130711
7552 1.9486536350010641
7557 3.3349479961209547
7563 2.335070548138534
7591 2.0426825846493406
7620 2.1863252868781835
7647 6.6192603762733295
7770 4.165296298194385
7813 1.0145733615634107
7906 7.169946174639539
7935 2.335070548138534
7941 3.740413104229119
7978 5.206750173022546
8032 4.086604990127926
8043 1.730651483187273
8055 2.9041650800285006
8078 1.9359146092236343
8090 2.236335707452845
8211 4.600614369452231
8263 3.414990703794491
8283 2.8876357780772897
8405 3.3096301881366648
8439 0.9381816079767518
8582 2.7562175530669024
8622 3.2373095265570386
8660 1.675499663112193
8728 4.00277736869661
8736 1.1933746733341126
8799 3.502002080784121
8823 3.1066893441399746
8920 4.433560284789064
8975 2.3933394562625097
9010 5.8419443966897635
9106 2.1700132732246624
9170 0.6116303228879563
9204 2.5098732725184614
9223 3.047265923669174
9227 4.165296298194385
9280 3.502002080784121
9355 4.356456153291129
9384 1.3355491621146554
9481 1.7727629685373998
9483 3.6312138122641273
9531 1.67063347346102
9534 2.750014400201242
9537 3.927775248745622
9589 1.3115342859107813
9590 3.3096301881366648
9640 2.8088549002241754
9686 3.6312138122641273
9709 1.082307579643166
9785 5.052599493195288
9842 4.600614369452231
9990 2.8358928015856124
10058 2.6040604875781623
10154 3.3609234825242154
10194 2.455214859980597
10225 3.8630154263214513
10258 1.8000126109847754
10300 4.600614369452231
10329 -1.260544174257586
10431 0.7218661529089567
10437 2.7345957208584712
10473 3.5563076343445528
10487 3.962459610871354
10503 2.413542163580029
10561 1.6003469407328483
10601 3.740413104229119
10628 4.165296298194385
10677 4.433560284789064
10678 4.577958881876534
10770 2.4876501357337513
10859 3.086486636822455
10867 2.9066643955420775
10868 -0.37072214562370276
11023 1.2880826248757316
11034 3.1916645207566434
11057 5.11171677152057
11102 1.3304600282218215
11110 0.8102455191680114
11148 5.892133559491198
11299 -0.5211827618659379
11312 6.6192603762733295
11320 2.764403137653342
11334 1.994563336305142
11353 2.8088549002241754
11453 1.3637200390813515
11461 4.292958756661968
11481 1.6186122887101415
11570 1.1933746733341126
11580 2.5441623459970937
11695 3.6312138122641273
11840 1.6902419448493964
11850 4.910429719961194
11894 4.55361215672583
11900 2.049749751872433
11908 1.5346778372249912
11939 2.681021528714291
11969 3.0329351883193265
12078 2.727440078162703
12263 2.579669034454003
12321 3.4431615807611875
12342 4.05407066308416
12383 1.2523064517104479
12455 -1.2915519952082413
12460 2.1996252885386745
12477 2.476721065201561
12504 4.359452312635343
12553 1.0715836162801904
12554 1.6609715625492831
12660 4.071330023981388
12664 4.22592092001082
12674 1.5779746429783155
12686 5.612215281130711
12708 3.1916645207566434
12717 1.1998294154307871
12792 3.8204558119026557
12820 3.3349479961209547
12826 1.2619373447714093
12837 3.4431615807611875
12904 3.4431615807611875
12946 2.9664059210987985
13071 3.086486636822455
13080 0.8123010183501074
13106 2.335070548138534
13180 3.666305132075397
13208 3.9346028577323438
13244 4.919068100570765
13251 4.290459441148391
13289 5.223042810668459
13353 1.961557039836972
13384 2.0568672196412967
13440 1.4770487243883548
13443 3.502002080784121
13495 3.9539872045271784
13508 1.7255100836868542
13553 -2.9636860795535362
13576 3.9074671888922854
13672 1.5262389685791264
13714 4.165296298194385
13743 3.8204558119026557
13845 6.003892105459458
13891 1.2131850577159984
13908 4.290459441148391
13930 2.7203099458337108
14072 3.3609234825242154
14104 3.420485223112132
14186 4.513602992462601
14194 3.7026727762462723
14195 3.5563076343445528
14196 0.8373023205555247
14237 -2.09174504491248
14352 2.8392614199785533
14378 5.389071729816501
14381 0.457735330796197
14395 2.7218435232345457
14416 1.5479024259504828
14431 1.034930298632155
14435 2.3933394562625097
14473 3.2849375755462935
14504 3.9539872045271784
14573 3.260840023967233
14620 2.15432255579201
14838 5.389071729816501
14885 5.612215281130711
14906 2.0068197018197482
15057 5.760354335964385
15169 2.335070548138534
15241 1.7462362142039713
15247 2.498699971920336
15332 -12.418493841164961
15407 6.813365470614782
15413 2.556395731286379
15415 2.824122372354964
15424 3.6222476728196926
15471 0.6940608398286201
15502 4.513602992462601
15517 1.886521853894058
15518 3.761031659667692
15587 1.2947271675944
15600 6.019051191372654
15672 1.4550424207846036
15685 2.6149213744092488
15702 2.8553749158590684
15771 0.023095714794649395
15783 6.250898801398241
15786 5.389144141383222
15861 3.597312260588446
