120
289 3.086486636822455
302 1.7153059135126125
878 6.9985096422506015
1060 0.06216690641655154
1172 6.9985096422506015
1178 6.9985096422506015
1404 1.3708885285599641
1509 6.305362461690656
1839 2.093234863812172
1842 2.0286963426746007
2036 1.9486536350010641
2201 2.035665011990694
2240 1.65617539028579
2334 0.7939518796819108
2357 1.1873686492739008
2484 1.3149298749119196
2657 3.3609234825242154
2839 6.296724081081085
3192 1.0095482253607377
3275 7.332610264150794
3641 6.305362461690656
3737 5.416658374081172
4179 10.244972111383474
4219 1.7567626271909589
4265 3.5327737394508745
4297 3.3096301881366648
4319 2.049749751872433
4366 3.975748696308691
4478 5.8998973535824915
4536 2.70805020110221
4576 2.085854756514549
4608 4.222567985219234
4765 1.4150133334689021
4902 5.206750173022546
4989 1.3355491621146554
5006 6.17297327364491
5043 3.502002080784121
5055 2.2278250177849364
5083 1.5735596247691985
5279 3.4820285404456395
5331 3.2373095265570386
5484 0.9464204733261844
5518 1.5868635903955612
5933 2.955458374416051
5959 3.47214911763444
5983 1.9878743481543455
5993 2.5565411537451115
6364 3.260840023967233
6402 1.4112609838503516
6447 3.8642478746271944
6520 4.695924549256556
6583 1.7258895023377248
6908 0.33537694625979814
7104 -0.6634879166512921
7274 3.0666840095262753
7286 1.4112609838503516
7310 4.513602992462601
7462 1.942263836902293
7701 3.6312138122641273
7721 4.8012850649143815
7838 2.1081605140288473
7932 1.8745456628473423
7935 4.670141096277068
7936 4.359452312635343
7984 4.8012850649143815
8032 1.0216512475319814
8439 0.4690908039883759
8463 21.452297205741957
8556 10.934159458060634
8660 1.675499663112193
8946 5.443687046469091
9106 1.0850066366123312
9136 4.433560284789064
9166 4.513602992462601
9170 0.6116303228879563
9429 3.3609234825242154
9589 2.6230685718215625
9733 1.0850066366123312
9986 2.0568672196412967
10250 2.9209721983448818
10329 -0.8403627828383906
10437 1.3672978604292356
10981 3.086486636822455
10990 3.597312260588446
11168 1.2781978656431896
11334 3.989126672610284
11597 3.0666840095262753
11769 1.6466515087745348
11836 2.37353682896633
11840 1.6902419448493964
11969 0.7582337970798316
12022 0.40409618250082274
12049 2.5676928434072877
12120 3.5327737394508745
12377 1.3460204619819507
12404 2.970161792171238
12407 3.34077935286384
12455 -0.2152586658680402
12460 1.466416859025783
12660 6.106995035972082
12853 1.152070867192877
12946 0.5932811842197597
13795 7.694620640532212
13800 5.8998973535824915
13805 4.8012850649143815
13873 3.740413104229119
14237 -1.3944966966083199
14381 0.2288676653980985
14431 1.034930298632155
14477 2.5211728277723946
14523 5.710749831718137
14588 2.0785287164224764
15164 4.00277736869661
15169 4.670141096277068
15332 -6.209246920582481
15373 0.814360751313118
15424 1.8111238364098463
15471 1.3881216796572402
15672 0.7275212103923018
15685 0.8716404581364162
