77
1902 2.0149030205422647
1957 1.8223599096767722
2820 2.4446327506500602
2943 3.4431615807611875
2959 1.1873686492739008
2968 3.4431615807611875
3105 5.389071729816501
3355 4.695924549256556
3407 2.085854756514549
3598 1.1666271649670843
3614 1.4378280112350734
3982 1.0769312226067855
3990 2.6290617897835795
4021 1.5054481989100525
4053 -0.07476007520910928
4108 3.1066893441399746
4282 2.8553749158590684
4309 2.681021528714291
4537 1.0196238773494795
4806 3.6312138122641273
4909 1.4690805547391779
4956 2.413542163580029
5233 4.22592092001082
5630 0.3574615133704861
5895 2.4033897921160112
5901 2.455214859980597
6043 1.5913378707904824
6433 0.5154022907934025
6447 1.2880826248757316
7578 0.5215372793609184
7949 2.5441623459970937
7991 1.3149298749119196
8148 3.7796338173824005
8523 1.4512652714088672
9204 2.5098732725184614
9276 2.6944445490464313
9559 -0.3327957754198957
9709 1.082307579643166
9817 1.3183370332335338
10008 2.0568672196412967
10300 4.600614369452231
10443 2.4876501357337513
10447 0.6099482367049713
10487 1.981229805435677
10559 3.8630154263214513
11218 1.144042369585821
11299 -1.0423655237318759
11304 1.2054960338664575
11453 1.3637200390813515
11454 4.695924549256556
11825 2.9041650800285006
11969 0.7582337970798316
12391 3.1918471524802814
12598 2.5098732725184614
12803 4.091160117244055
12805 1.8568460857479414
12859 6.9985096422506015
13021 3.6312138122641273
13189 1.8745456628473423
13440 1.4770487243883548
13535 5.206750173022546
13677 5.206750173022546
13718 1.3425178314307487
13867 1.087712998210074
14166 4.108137884354437
14267 -0.3823693933135151
14416 0.7739512129752414
14597 3.2849375755462935
15209 2.579669034454003
15292 2.211017899468555
15351 3.5645224377654547
15471 0.6940608398286201
15551 1.1578679848772029
15604 2.1233123190494494
15672 0.7275212103923018
15677 1.5779746429783155
15828 1.0931477941960308
