169
241 5.070725834548189
279 2.6418008155610093
389 4.9257701027357665
496 2.2800107709555064
521 1.8986432144264027
569 3.0282177286984795
657 2.0640357091199095
683 6.721846965048431
730 4.59605855291637
861 3.5645224377654547
1189 5.8998973535824915
1379 0.5370414658968836
1686 1.1549652252192415
1690 2.455214859980597
1703 4.00277736869661
1748 4.359452312635343
1750 1.1068654304248302
1922 5.085614202574576
1929 2.1081605140288473
1938 2.66777630196427
1942 0.845776947546497
1954 2.750014400201242
2070 1.4730567031188173
2235 3.2849375755462935
2271 0.34178311807220957
2334 0.7939518796819108
2450 -4.8868551656288854
2458 2.162227735299123
2487 4.108137884354437
2597 2.1157077196642304
2602 5.052599493195288
2631 0.42584399448534344
2708 4.05407066308416
2766 3.0666840095262753
2963 4.05407066308416
2964 0.900435360084361
3120 9.629292575389439
3186 1.2880826248757316
3192 2.0190964507214755
3215 0.589980851191103
3717 3.8204558119026557
3725 5.612215281130711
3737 1.8055527913603908
3807 2.3256808077886952
3820 1.7890234894091803
3840 1.2980660688599148
3896 1.403798262648762
4004 14.667796503900362
4026 2.8876357780772897
4096 6.721846965048431
4158 0.09180132134615113
4262 3.1698682457615064
4295 2.9209721983448818
4297 13.238520752546659
4319 2.049749751872433
4405 1.3460204619819507
4586 6.019051191372654
4765 2.8300266669378042
4793 5.052599493195288
4838 4.419170109356452
4852 1.258716730071367
4943 4.22592092001082
5039 2.735829765209286
5055 4.455650035569873
5083 3.147119249538397
5246 4.513602992462601
5279 1.7410142702228197
5290 3.740413104229119
5339 2.356853423796479
5369 3.047265923669174
5590 1.4533321977710387
5852 4.9753002714675025
5905 1.7835738846416156
5933 8.866375123248154
5973 1.4770487243883548
5983 9.939371740771728
5993 7.669623461235335
6007 8.580918882296782
6047 3.009525595686327
6083 3.3349479961209547
6088 3.644053379762591
6158 9.820859439922389
6235 1.2270685191205855
6338 2.413542163580029
6376 3.0666840095262753
6433 0.5154022907934025
6468 3.1483620405405426
6567 2.579669034454003
6583 3.4517790046754495
6787 2.288979440938267
7274 3.0666840095262753
7299 2.8553749158590684
7401 3.773043707788116
7402 5.8998973535824915
7421 3.2373095265570386
7487 1.8167260919585162
7497 0.7014003223166658
7534 2.485534857327378
7578 0.5215372793609184
7620 6.5589758606345505
7808 2.8396265588909295
7854 3.3609234825242154
7904 2.211017899468555
7906 1.4339892349279078
7932 1.8745456628473423
7991 1.3149298749119196
8007 3.809518882887678
8072 6.305362461690656
8425 4.695924549256556
8439 0.9381816079767518
8906 3.047265923669174
9010 5.8419443966897635
9355 2.1782280766455644
9537 1.3092584162485406
9842 18.402457477808923
9986 2.0568672196412967
9990 3.970249922219857
10001 2.0640357091199095
10225 11.589046278964354
10326 0.5230769255465112
10329 -1.0504534785479882
10478 4.513602992462601
10561 3.2006938814656967
10847 4.290459441148391
11023 1.2880826248757316
11148 1.1784267118982394
11305 2.0640357091199095
11312 6.6192603762733295
11491 1.8745456628473423
11769 3.2933030175490696
11778 2.8553749158590684
11840 5.070725834548189
11952 1.5958322603783217
11969 0.7582337970798316
12460 1.466416859025783
12554 1.6609715625492831
12833 0.9630282097258448
12946 1.1865623684395195
12947 6.305362461690656
13080 1.6246020367002147
13130 3.9539872045271784
13208 1.3115342859107813
13353 3.923114079673944
13440 1.4770487243883548
13443 3.502002080784121
13527 2.049749751872433
13576 3.9074671888922854
13720 3.666305132075397
14044 1.4611753752320646
14104 1.710242611556066
14196 2.511906961666574
14237 -2.7889933932166397
14267 -0.7647387866270302
14352 1.8928409466523688
14435 2.3933394562625097
14473 3.2849375755462935
14506 3.740413104229119
14556 2.8876357780772897
14563 2.6418008155610093
14620 2.15432255579201
14728 3.740413104229119
15057 3.456212601578631
15121 1.5868635903955612
15158 3.8204558119026557
15209 2.579669034454003
15332 -12.418493841164961
15341 0.7959741250626788
15407 2.2711218235382606
15570 5.443687046469091
