110
174 1.6232312345664361
389 1.6419233675785887
657 2.0640357091199095
730 2.298029276458185
2070 1.4730567031188173
2235 3.2849375755462935
2450 -4.8868551656288854
2631 0.21292199724267172
2703 4.513602992462601
2862 1.4690805547391779
3120 1.6048820958982397
3186 1.2880826248757316
3192 2.0190964507214755
3407 2.085854756514549
3657 2.6164830075767194
4158 0.030600440448717042
4279 5.052599493195288
4608 1.4075226617397445
4838 1.4730567031188173
4862 3.047265923669174
4949 6.9985096422506015
5040 1.4378280112350734
5055 2.2278250177849364
5279 1.7410142702228197
5307 2.9911764570181303
5377 3.666305132075397
5392 2.130975191795019
5590 1.4533321977710387
5905 1.7835738846416156
5933 2.955458374416051
5983 1.9878743481543455
5993 1.7043607691634077
6007 4.290459441148391
6047 3.009525595686327
6049 2.035665011990694
6126 5.052599493195288
6158 4.910429719961194
6216 2.3933394562625097
6235 2.454137038241171
6360 3.21432000833234
6376 3.0666840095262753
6390 3.047265923669174
6583 0.8629447511688624
6787 4.577958881876534
7104 -1.3269758333025843
7203 3.1066893441399746
7401 1.886521853894058
7487 3.6334521839170324
7552 1.9486536350010641
7620 2.1863252868781835
7826 3.1273086313427103
8032 0.5108256237659907
8262 2.0712559570933964
8439 0.9381816079767518
8736 1.1933746733341126
8979 1.7890234894091803
9170 0.6116303228879563
9384 1.3355491621146554
9537 0.6546292081242703
9684 6.9985096422506015
9709 1.082307579643166
9765 1.7835738846416156
9990 1.1343571206342449
10431 0.7218661529089567
10478 4.513602992462601
10601 3.740413104229119
10979 3.1066893441399746
11148 1.1784267118982394
11312 3.3096301881366648
11481 1.6186122887101415
11491 1.8745456628473423
11695 3.6312138122641273
11840 1.6902419448493964
11952 1.5958322603783217
11969 0.7582337970798316
12022 0.40409618250082274
12078 1.3637200390813515
12447 2.8396265588909295
12455 -0.4305173317360804
12460 1.466416859025783
12660 2.035665011990694
12686 5.612215281130711
12946 1.7798435526592793
12951 4.00277736869661
13005 3.8630154263214513
13208 1.3115342859107813
13353 1.961557039836972
13369 3.9074671888922854
13494 3.21432000833234
13672 1.5262389685791264
13921 2.1782280766455644
13922 1.8986432144264027
14056 6.305362461690656
14153 2.4876501357337513
14196 0.8373023205555247
14237 -4.18349008982496
14267 -0.7647387866270302
14447 3.1483620405405426
14504 3.9539872045271784
14556 2.8876357780772897
15057 1.152070867192877
15155 0.6904112007410705
15187 1.994563336305142
15256 3.3349479961209547
15389 5.206750173022546
15570 2.7218435232345457
15672 1.4550424207846036
15709 2.1863252868781835
15783 0.48083836933832624
15794 5.135385686814575
