270
241 1.6902419448493964
389 3.2838467351571774
511 6.9985096422506015
530 2.66777630196427
569 3.0282177286984795
645 16.167215189449504
705 7.814934377784571
716 13.540808977387801
1058 45.84546974283187
1060 0.06216690641655154
1686 1.1549652252192415
1842 4.0573926853492015
1924 2.288979440938267
1938 5.33555260392854
1942 5.074661685278982
2019 2.344549292093078
2026 2.681021528714291
2070 2.9461134062376346
2077 3.3875917296063767
2271 0.6835662361444191
2324 4.00277736869661
2357 1.1873686492739008
2421 3.0863770537857995
2440 11.224430562261421
2450 -2.4434275828144427
2459 2.938066631704182
2482 6.305362461690656
2484 1.3149298749119196
2519 1.6902419448493964
2538 5.69024215641714
2631 0.8516879889706869
2754 6.569875151092587
2755 3.260840023967233
2862 1.4690805547391779
2904 4.165296298194385
2940 1.6278716141229383
2964 0.900435360084361
3100 2.7938170228596353
3120 3.2097641917964794
3186 2.576165249751463
3192 3.028644676082213
3215 1.7699425535733089
3379 3.1918471524802814
3380 7.062356229327685
3392 2.20271909665386
3407 2.085854756514549
3420 5.612215281130711
3574 5.206750173022546
3596 5.052599493195288
3632 3.47214911763444
3635 1.5779746429783155
3690 1.4972514317058743
3774 1.7255100836868542
3883 5.8998973535824915
3962 6.9985096422506015
4008 22.50024005832638
4065 5.389071729816501
4143 3.9539872045271784
4158 0.09180132134615113
4230 2.0149030205422647
4270 3.5327737394508745
4319 4.099499503744866
4405 1.3460204619819507
4463 6.9985096422506015
4490 6.9985096422506015
4549 2.6418008155610093
4570 4.433560284789064
4818 3.8204558119026557
4838 2.9461134062376346
4852 1.258716730071367
4881 2.7938170228596353
5040 4.313484033705221
5055 2.2278250177849364
5112 5.206750173022546
5155 3.3096301881366648
5290 3.740413104229119
5307 2.9911764570181303
5454 6.9985096422506015
5491 3.597312260588446
5539 1.7153059135126125
5641 13.078356937906028
5647 4.513602992462601
5680 3.182675741580965
5742 12.610724923381312
5765 5.206750173022546
5867 5.612215281130711
5876 3.7796338173824005
5905 3.567147769283231
5993 3.4087215383268155
6257 15.620250519067639
6305 3.9539872045271784
6308 5.206750173022546
6376 3.0666840095262753
6409 6.305362461690656
6433 0.5154022907934025
6447 2.576165249751463
6525 3.1483620405405426
6528 4.919068100570765
6567 2.579669034454003
6583 4.314723755844312
6586 2.288979440938267
6660 2.7938170228596353
6704 4.695924549256556
6726 6.305362461690656
6787 9.155917763753068
6934 5.8998973535824915
7019 2.130975191795019
7044 3.761031659667692
7085 4.433560284789064
7210 5.5705382572438245
7314 5.052599493195288
7487 3.6334521839170324
7527 2.681021528714291
7552 1.9486536350010641
7590 4.22592092001082
7608 5.8998973535824915
7620 2.1863252868781835
7643 4.919068100570765
7647 3.3096301881366648
7675 5.612215281130711
7690 3.21432000833234
7731 2.001297368486486
7813 2.0291467231268214
7892 1.5517722705842913
7906 7.169946174639539
7907 2.6418008155610093
8032 1.5324768712979722
8153 2.8396265588909295
8279 5.612215281130711
8294 3.666305132075397
8401 7.640911623805311
8414 5.206750173022546
8439 1.8763632159535035
8449 6.9985096422506015
8573 6.9985096422506015
8599 6.305362461690656
8600 6.305362461690656
8610 6.9985096422506015
8622 3.2373095265570386
8625 6.9985096422506015
8732 4.05407066308416
8869 6.534684229936693
8896 2.938066631704182
8925 3.5327737394508745
9065 6.9985096422506015
9116 3.666305132075397
9154 4.93182029819469
9157 6.9985096422506015
9170 0.6116303228879563
9229 4.786678912525019
9324 6.9985096422506015
9336 9.391849098513111
9350 5.8998973535824915
9355 4.356456153291129
9393 2.12194687433635
9422 7.726030852642903
9531 1.67063347346102
9537 0.6546292081242703
9597 3.1273086313427103
9718 6.9985096422506015
9765 7.134295538566462
9774 6.305362461690656
9986 2.0568672196412967
9990 2.2687142412684898
10105 5.8998973535824915
10111 6.9985096422506015
10194 4.910429719961194
10326 1.5692307766395337
10329 -1.8908162613863788
10437 1.3672978604292356
10518 6.9985096422506015
10634 4.695924549256556
10642 4.05407066308416
10685 4.359452312635343
10741 6.9985096422506015
10794 2.938066631704182
10859 3.086486636822455
10867 4.359996593313117
10868 -0.18536107281185138
11034 3.1916645207566434
11102 0.6652300141109108
11148 1.1784267118982394
11155 5.206750173022546
11218 0.5720211847929105
11461 2.146479378330984
11695 3.6312138122641273
11816 1.9296054400303697
11840 1.6902419448493964
11844 8.580918882296782
11894 3.0357414378172196
11908 1.5346778372249912
11945 1.9550845253313545
11952 3.1916645207566434
12089 2.8088549002241754
12122 1.1963912668735384
12154 5.8998973535824915
12172 3.9074671888922854
12175 2.955458374416051
12206 6.9985096422506015
12263 2.579669034454003
12272 6.9985096422506015
12278 6.9985096422506015
12287 5.052599493195288
12305 4.433560284789064
12306 6.9985096422506015
12383 1.2523064517104479
12414 5.8998973535824915
12457 3.2373095265570386
12460 9.531709583667588
12503 2.2278250177849364
12505 8.33059259638877
12532 6.9985096422506015
12553 1.0715836162801904
12555 6.9985096422506015
12631 5.389071729816501
12632 4.919068100570765
12664 4.22592092001082
12668 25.35552552006492
12717 0.5999147077153936
12783 1.8986432144264027
12853 2.304141734385754
12909 5.8998973535824915
12946 1.7798435526592793
13029 1.6609715625492831
13047 6.9985096422506015
13209 3.6312138122641273
13331 6.9985096422506015
13359 2.6290617897835795
13391 11.221239312687356
13440 2.9540974487767095
13494 3.21432000833234
13553 -0.37046075994419203
13572 1.8745456628473423
13845 2.001297368486486
13967 6.9985096422506015
14008 2.001297368486486
14084 5.8998973535824915
14104 1.710242611556066
14112 20.01388684348305
14166 4.108137884354437
14196 1.6746046411110493
14208 2.3747372985478017
14210 6.9985096422506015
14267 -0.7647387866270302
14352 1.8928409466523688
14374 5.052599493195288
14390 10.778143459633002
14395 2.7218435232345457
14571 3.2373095265570386
14573 6.521680047934466
14615 6.9985096422506015
14620 2.15432255579201
14906 0.8027278807278994
15076 12.85728003332936
15160 5.8998973535824915
15169 2.335070548138534
15332 -13.970805571310581
15348 2.10066984229969
15387 9.201228738904462
15424 1.8111238364098463
15503 5.052599493195288
15551 1.1578679848772029
15566 5.389071729816501
15567 5.052599493195288
15590 5.612215281130711
15650 2.130975191795019
15661 6.9985096422506015
15762 3.9074671888922854
15783 2.4041918466916314
15786 0.8981906902305371
