297
373 2.750014400201242
413 6.9985096422506015
415 6.9985096422506015
458 4.165296298194385
500 4.3403918098966
502 5.135385686814575
583 2.9041650800285006
592 2.4446327506500602
619 3.666305132075397
638 3.502002080784121
1171 2.9209721983448818
1199 6.9985096422506015
1372 5.389071729816501
1381 2.6547042203969173
1404 1.3708885285599641
1544 6.9985096422506015
1685 3.2373095265570386
1686 2.309930450438483
1690 2.455214859980597
1781 6.9985096422506015
1838 3.414990703794491
1869 31.03492199352345
1874 6.9985096422506015
1885 6.019051191372654
1893 1.7567626271909589
1902 4.029806041084529
1924 2.288979440938267
1942 2.537330842639491
1943 4.600614369452231
2006 3.5645224377654547
2028 4.433560284789064
2117 6.9985096422506015
2125 5.612215281130711
2128 4.290459441148391
2217 2.4876501357337513
2224 3.962459610871354
2260 6.9985096422506015
2271 0.34178311807220957
2387 5.206750173022546
2407 2.236335707452845
2450 -2.4434275828144427
2452 4.356456153291129
2459 2.938066631704182
2519 1.6902419448493964
2536 7.134295538566462
2631 0.8516879889706869
2638 2.130975191795019
2674 2.054495604920277
2705 1.6657908489852322
2893 2.5098732725184614
2919 2.1944885975173447
2920 2.0386245855125003
2940 1.6278716141229383
3006 5.612215281130711
3098 4.695924549256556
3120 1.6048820958982397
3215 2.949904255955515
3379 22.34293006736197
3380 40.02001863285688
3381 16.167215189449504
3417 5.206750173022546
3578 1.2031599740689096
3598 1.1666271649670843
3610 3.2849375755462935
3647 4.216321028057695
3690 1.4972514317058743
3862 3.0666840095262753
3981 3.3609234825242154
4006 2.6547042203969173
4158 0.061200880897434085
4261 2.262311193856106
4386 4.600614369452231
4416 2.727440078162703
4459 3.2849375755462935
4522 1.0414285906185765
4576 2.085854756514549
4747 5.389071729816501
4750 0.6631056996427893
4806 7.262427624528255
4840 2.938066631704182
4865 9.084653186095439
4912 1.9296054400303697
4992 3.260840023967233
5040 1.4378280112350734
5083 1.5735596247691985
5116 1.961557039836972
5156 2.211017899468555
5265 4.919068100570765
5273 3.21432000833234
5316 2.236335707452845
5318 6.213378688279949
5394 4.919068100570765
5421 3.8630154263214513
5436 2.8876357780772897
5484 1.8928409466523688
5517 3.2464624691328723
5539 1.7153059135126125
5540 3.1698682457615064
5550 3.666305132075397
5668 2.955458374416051
5680 6.36535148316193
5708 5.052599493195288
5767 4.919068100570765
5889 2.4033897921160112
5901 2.455214859980597
5905 1.7835738846416156
5930 5.052599493195288
5955 2.434161450782765
5983 1.9878743481543455
5984 4.919068100570765
5993 1.7043607691634077
6014 5.206750173022546
6021 18.898169086912002
6088 1.2146844599208637
6095 5.8998973535824915
6216 2.3933394562625097
6235 1.2270685191205855
6248 6.9985096422506015
6250 1.7727629685373998
6433 2.06160916317361
6447 2.576165249751463
6488 3.0666840095262753
6548 2.0785287164224764
6553 3.8204558119026557
6567 2.579669034454003
6576 3.666305132075397
6583 1.7258895023377248
6729 2.1944885975173447
6783 6.9985096422506015
6853 3.260840023967233
6908 1.0061308387793944
7025 7.066837577525164
7076 2.434161450782765
7104 -1.9904637499538764
7168 30.315596959171728
7197 1.730651483187273
7311 2.236335707452845
7339 3.5327737394508745
7388 5.389071729816501
7397 2.87137525720551
7399 5.612215281130711
7499 6.9985096422506015
7557 3.3349479961209547
7591 2.0426825846493406
7725 6.305362461690656
7731 2.001297368486486
7753 6.305362461690656
7813 1.0145733615634107
7826 3.1273086313427103
7840 1.5691640132961604
7845 2.4237986637472186
7887 2.973157951515452
7911 5.8998973535824915
7924 3.2849375755462935
7932 1.8745456628473423
7966 6.305362461690656
7981 2.0426825846493406
8007 1.904759441443839
8032 1.0216512475319814
8055 5.808330160057001
8078 3.8718292184472687
8090 2.236335707452845
8142 2.9041650800285006
8155 3.1066893441399746
8227 3.5645224377654547
8304 4.600614369452231
8432 13.550366918425507
8433 5.052599493195288
8439 0.4690908039883759
8578 3.1066893441399746
8613 6.9985096422506015
8660 1.675499663112193
8683 1.6803896484063847
8710 0.551203779709388
8731 2.0286963426746007
8788 2.146479378330984
8856 9.265513660505526
8925 10.598321218352623
8979 1.7890234894091803
9122 1.3744921360632627
9151 1.258716730071367
9164 7.194624521176892
9308 3.1698682457615064
9481 3.5455259370747996
9781 4.00277736869661
9808 3.009525595686327
9849 6.9985096422506015
9880 11.224430562261421
9895 11.444897204691335
10076 2.750014400201242
10181 12.610724923381312
10199 4.6513616155773905
10221 2.434161450782765
10300 9.201228738904462
10326 1.0461538510930224
10329 -0.21009069570959765
10422 2.1263822140248125
10431 0.7218661529089567
10437 1.3672978604292356
10516 5.206750173022546
10532 2.9209721983448818
10553 6.9985096422506015
10679 5.612215281130711
10739 2.37353682896633
10774 4.513602992462601
10776 4.513602992462601
10857 5.052599493195288
10859 3.086486636822455
10868 -0.18536107281185138
11032 1.087712998210074
11102 3.326150070554554
11106 2.021775899830027
11148 2.356853423796479
11202 2.9209721983448818
11287 2.0286963426746007
11347 0.8373023205555247
11373 4.919068100570765
11400 3.5327737394508745
11444 2.434161450782765
11597 3.0666840095262753
11790 2.2449194511442365
11881 2.70805020110221
11908 3.0693556744499824
11947 3.0282177286984795
11952 3.1916645207566434
11969 0.7582337970798316
11997 6.9985096422506015
12022 0.8081923650016455
12032 5.206750173022546
12043 2.498699971920336
12092 4.108137884354437
12241 2.579669034454003
12263 2.579669034454003
12292 2.5211728277723946
12312 2.7938170228596353
12341 2.8088549002241754
12377 1.3460204619819507
12453 6.305362461690656
12505 4.165296298194385
12660 2.035665011990694
12790 1.5095719160939147
12793 2.87137525720551
12823 2.06986059726431
13208 1.3115342859107813
13273 3.3096301881366648
13343 2.973157951515452
13390 2.236335707452845
13403 3.502002080784121
13443 3.502002080784121
13553 -0.7409215198883841
13621 6.9985096422506015
13769 3.1273086313427103
13837 3.666305132075397
13891 1.2131850577159984
13930 2.7203099458337108
13993 3.3609234825242154
14078 2.5098732725184614
14102 4.600614369452231
14111 3.7026727762462723
14135 2.3541187431092285
14174 1.7945029551738059
14194 7.405345552492545
14195 3.5563076343445528
14196 2.511906961666574
14237 -0.6972483483041599
14242 2.5326015235960173
14260 4.165296298194385
14267 -0.3823693933135151
14313 1.6466515087745348
14315 3.009525595686327
14343 3.7796338173824005
14352 0.9464204733261844
14357 4.953442130403122
14381 0.2288676653980985
14482 4.22592092001082
14500 8.216275768708874
14563 2.6418008155610093
14588 2.0785287164224764
14590 14.669789346616698
14842 5.8998973535824915
14906 0.8027278807278994
14908 2.476721065201561
15113 3.7796338173824005
15117 5.8998973535824915
15265 4.165296298194385
15328 6.305362461690656
15332 -7.761558650728101
15363 2.555858385760285
15373 0.814360751313118
15453 2.236335707452845
15518 1.880515829833846
15669 2.162227735299123
15685 0.8716404581364162
15771 0.11547857397324697
15783 6.250898801398241
15786 8.98190690230537
15789 6.9985096422506015
