415
3 3.0666840095262753
108 4.359452312635343
126 6.305362461690656
241 3.3804838896987928
389 1.6419233675785887
422 2.66777630196427
474 4.513602992462601
496 2.2800107709555064
498 3.3349479961209547
500 2.1701959049483
530 2.66777630196427
578 3.740413104229119
657 4.128071418239819
683 3.3609234825242154
698 4.22592092001082
730 2.298029276458185
861 7.1290448755309095
881 4.919068100570765
978 2.298029276458185
1060 0.06216690641655154
1194 5.206750173022546
1347 4.919068100570765
1379 0.5370414658968836
1492 5.8998973535824915
1662 6.305362461690656
1686 2.309930450438483
1750 2.2137308608496604
1829 4.600614369452231
1830 3.1066893441399746
1863 5.8998973535824915
1869 4.433560284789064
1893 1.7567626271909589
1896 1.7835738846416156
1902 4.029806041084529
1922 1.6952047341915255
1923 2.211017899468555
1924 4.577958881876534
1942 3.383107790185988
1943 4.600614369452231
1977 2.6040604875781623
2021 2.70805020110221
2070 5.892226812475269
2118 3.9539872045271784
2129 5.8998973535824915
2176 2.383389125409342
2191 3.086486636822455
2271 1.0253493542166288
2304 6.305362461690656
2334 0.7939518796819108
2356 5.362043057428582
2357 1.1873686492739008
2369 4.108137884354437
2400 5.612215281130711
2421 1.5431885268928998
2442 2.7938170228596353
2450 -3.665141374221664
2452 6.534684229936693
2458 2.162227735299123
2459 2.938066631704182
2484 3.944789624735759
2519 3.3804838896987928
2538 2.84512107820857
2585 3.9074671888922854
2595 2.5211728277723946
2597 2.1157077196642304
2631 1.2775319834560304
2641 6.9985096422506015
2674 1.0272478024601386
2693 5.052599493195288
2705 1.6657908489852322
2721 5.389071729816501
2766 3.0666840095262753
2767 5.8998973535824915
2779 9.83813620114153
2820 2.4446327506500602
2829 2.8088549002241754
2853 3.414990703794491
2862 4.407241664217533
2874 3.047265923669174
2919 2.1944885975173447
2920 0.6795415285041667
2935 0.6320391945191633
2977 3.47214911763444
3062 2.8396265588909295
3068 5.384081847927803
3120 4.814646287694719
3132 3.2373095265570386
3157 4.919068100570765
3168 2.824122372354964
3186 3.8642478746271944
3192 1.0095482253607377
3213 4.433560284789064
3215 2.949904255955515
3223 7.563518483317184
3374 1.9680717208581657
3379 3.1918471524802814
3380 7.062356229327685
3407 2.085854756514549
3482 6.6192603762733295
3578 1.8047399611033645
3597 2.8876357780772897
3635 1.5779746429783155
3708 3.8630154263214513
3737 1.8055527913603908
3749 5.052599493195288
3785 2.87137525720551
3824 4.00277736869661
3861 4.8012850649143815
3896 1.403798262648762
3995 7.00594228036046
4006 5.309408440793835
4053 -0.22428022562732786
4070 1.1068654304248302
4088 3.5645224377654547
4096 3.3609234825242154
4158 0.1530022022435852
4295 2.9209721983448818
4301 3.597312260588446
4302 1.8000126109847754
4307 8.472367117064893
4319 2.049749751872433
4341 2.6547042203969173
4366 1.9878743481543455
4391 3.260840023967233
4398 3.9539872045271784
4405 1.3460204619819507
4422 4.359452312635343
4522 0.7810714429639324
4592 3.0282177286984795
4608 1.4075226617397445
4748 5.8998973535824915
4750 0.33155284982139466
4765 1.4150133334689021
4793 5.052599493195288
4838 2.9461134062376346
4840 2.938066631704182
4852 1.258716730071367
4871 2.4876501357337513
4878 1.3672978604292356
4970 1.9746291214043248
4989 2.6710983242293107
5040 4.313484033705221
5046 2.236335707452845
5047 3.3349479961209547
5055 2.2278250177849364
5067 2.2278250177849364
5076 6.305362461690656
5078 5.612215281130711
5151 5.11171677152057
5238 3.6312138122641273
5290 7.480826208458238
5319 3.086486636822455
5410 4.513602992462601
5419 3.8630154263214513
5464 14.131094957803498
5484 1.8928409466523688
5539 3.430611827025225
5597 3.2373095265570386
5615 2.049749751872433
5676 3.502002080784121
5680 7.956689353952412
5694 4.919068100570765
5809 2.363780654020965
5833 4.695924549256556
5876 3.7796338173824005
5933 2.955458374416051
5944 3.8204558119026557
5973 1.4770487243883548
5983 1.9878743481543455
5993 3.4087215383268155
6007 4.290459441148391
6021 11.338901452147201
6048 5.612215281130711
6072 4.22592092001082
6133 4.359452312635343
6136 1.457246097092175
6158 4.910429719961194
6164 2.6290617897835795
6223 2.8088549002241754
6235 1.2270685191205855
6307 6.474619053114077
6338 4.827084327160058
6345 3.414990703794491
6376 3.0666840095262753
6380 5.389071729816501
6402 1.4112609838503516
6433 1.5462068723802074
6447 1.2880826248757316
6567 2.579669034454003
6576 3.666305132075397
6583 6.903558009350899
6589 4.513602992462601
6636 4.600614369452231
6675 2.5098732725184614
6735 4.108137884354437
6754 2.4049037829704587
6787 9.155917763753068
6872 1.3047775034479017
6908 0.33537694625979814
7019 2.130975191795019
7025 5.047741126803689
7044 1.880515829833846
7058 7.405345552492545
7065 2.6040604875781623
7072 3.8973072700021283
7104 -0.6634879166512921
7210 1.8568460857479414
7286 2.822521967700703
7314 5.052599493195288
7339 3.5327737394508745
7401 3.773043707788116
7467 6.9985096422506015
7482 1.8055527913603908
7487 1.8167260919585162
7489 4.108137884354437
7500 5.612215281130711
7527 2.681021528714291
7552 1.9486536350010641
7557 3.3349479961209547
7591 4.085365169298681
7620 2.1863252868781835
7647 3.3096301881366648
7770 4.165296298194385
7813 2.0291467231268214
7845 2.4237986637472186
7906 2.8679784698558155
7935 2.335070548138534
7941 3.740413104229119
7978 5.206750173022546
7991 1.3149298749119196
8032 3.5757793663619353
8055 2.9041650800285006
8078 5.807743827670903
8079 5.612215281130711
8084 5.8998973535824915
8089 2.681021528714291
8090 4.47267141490569
8151 5.206750173022546
8211 4.600614369452231
8216 4.00277736869661
8227 7.1290448755309095
8263 3.414990703794491
8283 2.8876357780772897
8405 3.3096301881366648
8439 1.8763632159535035
8582 5.512435106133805
8615 2.6944445490464313
8710 0.551203779709388
8736 1.1933746733341126
8799 3.502002080784121
8823 6.213378688279949
8920 4.433560284789064
8926 5.052599493195288
9010 2.9209721983448818
9106 2.1700132732246624
9170 0.6116303228879563
9204 2.5098732725184614
9223 3.047265923669174
9227 4.165296298194385
9236 6.305362461690656
9280 3.502002080784121
9345 5.33555260392854
9355 2.1782280766455644
9481 1.7727629685373998
9483 3.6312138122641273
9484 3.9539872045271784
9531 1.67063347346102
9534 5.500028800402484
9537 3.2731460406213513
9589 1.3115342859107813
9640 2.8088549002241754
9686 3.6312138122641273
9709 1.082307579643166
9785 5.052599493195288
9895 4.577958881876534
9990 2.2687142412684898
10058 2.6040604875781623
10154 3.3609234825242154
10194 2.455214859980597
10258 1.8000126109847754
10329 -1.260544174257586
10381 4.8012850649143815
10422 0.7087940713416041
10431 0.7218661529089567
10437 2.7345957208584712
10473 5.334461451516829
10487 1.981229805435677
10503 2.413542163580029
10677 4.433560284789064
10678 4.577958881876534
10847 8.580918882296782
10859 3.086486636822455
10867 1.4533321977710387
10868 -0.37072214562370276
11023 1.2880826248757316
11034 1.5958322603783217
11057 5.11171677152057
11102 1.3304600282218215
11110 0.8102455191680114
11148 5.892133559491198
11299 -1.5635482855978138
11312 3.3096301881366648
11320 2.764403137653342
11323 3.597312260588446
11334 1.994563336305142
11353 2.8088549002241754
11377 3.414990703794491
11416 2.1782280766455644
11453 1.3637200390813515
11456 5.389071729816501
11461 6.439438134992953
11481 1.6186122887101415
11570 1.1933746733341126
11580 5.088324691994187
11665 3.5645224377654547
11695 3.6312138122641273
11816 1.9296054400303697
11850 2.455214859980597
11894 4.55361215672583
11939 2.681021528714291
12078 4.091160117244055
12213 3.047265923669174
12263 2.579669034454003
12342 4.05407066308416
12383 1.2523064517104479
12438 5.612215281130711
12455 -0.8610346634721608
12460 4.399250577077349
12477 2.476721065201561
12504 4.359452312635343
12554 1.6609715625492831
12660 2.035665011990694
12664 4.22592092001082
12674 3.155949285956631
12686 5.612215281130711
12708 1.5958322603783217
12717 1.1998294154307871
12792 3.8204558119026557
12793 2.87137525720551
12826 1.2619373447714093
12904 3.4431615807611875
12946 2.9664059210987985
13058 4.00277736869661
13071 3.086486636822455
13080 1.6246020367002147
13106 2.335070548138534
13133 8.867120569578129
13180 3.666305132075397
13208 1.3115342859107813
13244 4.919068100570765
13251 4.290459441148391
13289 5.223042810668459
13353 1.961557039836972
13384 2.0568672196412967
13501 5.042345655544789
13553 -3.3341468394977283
13670 2.6164830075767194
13672 1.5262389685791264
13714 4.165296298194385
13743 3.8204558119026557
13845 6.003892105459458
13891 1.2131850577159984
13930 4.080464918750566
14072 3.3609234825242154
14078 2.5098732725184614
14081 4.359452312635343
14104 1.710242611556066
14111 3.7026727762462723
14136 1.4810567457858934
14194 3.7026727762462723
14195 5.334461451516829
14196 0.8373023205555247
14237 -2.09174504491248
14267 -0.3823693933135151
14352 3.7856818933047376
14357 2.476721065201561
14378 5.389071729816501
14381 0.2288676653980985
14395 2.7218435232345457
14504 3.9539872045271784
14544 3.666305132075397
14563 2.6418008155610093
14620 2.15432255579201
14754 3.8204558119026557
14885 5.612215281130711
14906 2.8095475825476477
15037 2.3163784151263815
15057 4.608283468771508
15076 3.21432000833234
15092 5.206750173022546
15169 4.670141096277068
15241 1.7462362142039713
15332 -15.523117301456201
15341 0.7959741250626788
15371 4.8012850649143815
15373 0.814360751313118
15397 2.001297368486486
15407 6.813365470614782
15413 2.556395731286379
15424 3.6222476728196926
15429 4.433560284789064
15471 0.6940608398286201
15502 4.513602992462601
15517 1.886521853894058
15518 5.641547489501538
15570 2.7218435232345457
15575 4.108137884354437
15600 3.009525595686327
15672 1.4550424207846036
15685 2.6149213744092488
15692 3.8204558119026557
15702 2.8553749158590684
15783 5.2892220627215885
15786 5.389144141383222
15842 5.8998973535824915
