103
389 1.6419233675785887
657 4.128071418239819
683 3.3609234825242154
730 2.298029276458185
861 3.5645224377654547
1942 0.845776947546497
2021 2.70805020110221
2070 4.419170109356452
2538 4.267681617312855
2631 0.21292199724267172
2640 2.735829765209286
2766 3.0666840095262753
2862 4.407241664217533
2935 0.6320391945191633
3120 1.6048820958982397
3132 3.2373095265570386
3168 2.824122372354964
3186 1.2880826248757316
3192 3.028644676082213
3223 2.5211728277723946
3642 3.47214911763444
3690 1.4972514317058743
3708 7.726030852642903
3774 3.4510201673737084
3785 2.87137525720551
4096 3.3609234825242154
4158 0.030600440448717042
4522 0.2603571476546441
4793 5.052599493195288
4939 3.4431615807611875
5040 1.4378280112350734
5083 1.5735596247691985
5290 3.740413104229119
5377 3.666305132075397
5410 4.513602992462601
5419 3.8630154263214513
5484 0.9464204733261844
5539 1.7153059135126125
5973 1.4770487243883548
5993 0.8521803845817039
6047 3.009525595686327
6158 4.910429719961194
6164 2.6290617897835795
6307 6.474619053114077
6338 2.413542163580029
6345 3.414990703794491
6351 2.8088549002241754
6376 3.0666840095262753
6433 1.5462068723802074
6583 1.7258895023377248
6787 6.866938322814802
7044 1.880515829833846
7314 5.052599493195288
7401 1.886521853894058
7487 1.8167260919585162
7527 2.681021528714291
7906 2.8679784698558155
8216 4.00277736869661
8439 0.4690908039883759
8622 6.474619053114077
8823 3.1066893441399746
9010 2.9209721983448818
9355 6.534684229936693
9484 3.9539872045271784
9537 0.6546292081242703
9990 1.1343571206342449
10329 -0.21009069570959765
10847 4.290459441148391
11148 1.1784267118982394
11665 3.5645224377654547
11695 3.6312138122641273
11840 3.3804838896987928
11894 1.5178707189086098
11908 3.0693556744499824
12455 -0.4305173317360804
12460 4.399250577077349
12553 1.0715836162801904
12793 2.87137525720551
12946 1.1865623684395195
13058 4.00277736869661
13208 1.3115342859107813
13440 1.4770487243883548
13501 2.5211728277723946
13553 -0.7409215198883841
13670 2.6164830075767194
13845 2.001297368486486
14081 4.359452312635343
14237 -0.6972483483041599
14419 3.597312260588446
14473 3.2849375755462935
14544 3.666305132075397
14556 2.8876357780772897
14906 0.8027278807278994
15057 1.152070867192877
15332 -1.5523117301456202
15341 0.7959741250626788
15429 4.433560284789064
15518 1.880515829833846
15551 2.3157359697544058
15570 2.7218435232345457
15709 2.1863252868781835
15783 0.48083836933832624
15786 0.8981906902305371
