104
36 6.9985096422506015
194 0.7699986386594181
478 4.22592092001082
534 4.433560284789064
569 3.0282177286984795
626 4.359452312635343
646 2.219386149139072
702 3.7796338173824005
717 5.679253117781859
787 2.035665011990694
879 3.666305132075397
927 2.0785287164224764
989 4.433560284789064
1051 6.9985096422506015
1062 2.591790394986348
1992 5.052599493195288
2049 2.37353682896633
2051 5.33555260392854
2353 4.108137884354437
2631 0.21292199724267172
2657 3.3609234825242154
2690 3.1483620405405426
2696 4.359452312635343
2883 19.67627240228306
3097 6.9985096422506015
3243 4.359452312635343
3392 2.20271909665386
3449 1.9647049651044954
4158 0.030600440448717042
4241 2.4033897921160112
4293 6.305362461690656
4407 6.829981407588982
4636 2.955458374416051
5040 1.4378280112350734
5046 2.236335707452845
5501 5.206750173022546
5522 3.8630154263214513
5624 6.9985096422506015
6140 2.211017899468555
6151 2.815045323479489
6433 0.5154022907934025
6583 0.8629447511688624
6754 1.2024518914852294
7104 -0.6634879166512921
7418 3.1483620405405426
7424 3.3609234825242154
7569 1.0170954309961207
7597 4.372650573756367
7674 6.9985096422506015
7731 2.001297368486486
8060 15.815948818108714
8242 2.035665011990694
8648 2.434161450782765
8700 6.305362461690656
8708 1.4810567457858934
9063 12.610724923381312
9354 11.461367435707967
9384 1.3355491621146554
9990 0.5671785603171224
10029 4.847597327494437
10055 3.009525595686327
10306 2.15432255579201
10325 1.8925641683500207
10482 3.666305132075397
10872 3.2097641917964794
11155 5.206750173022546
11407 3.1483620405405426
11671 2.2535775138873513
11769 1.6466515087745348
12022 0.40409618250082274
12095 3.502002080784121
12717 0.5999147077153936
12826 1.2619373447714093
12946 0.5932811842197597
12949 9.83813620114153
12953 4.919068100570765
13029 1.6609715625492831
13121 5.389071729816501
13138 4.600614369452231
13343 2.973157951515452
13390 2.236335707452845
13734 3.884527673804586
14044 1.4611753752320646
14144 6.9985096422506015
14168 2.9041650800285006
14352 0.9464204733261844
14529 2.8088549002241754
14901 10.13040609438407
14903 6.9985096422506015
15057 1.152070867192877
15097 3.6312138122641273
15306 1.4399764361695133
15332 -3.1046234602912404
15338 8.580918882296782
15362 9.391849098513111
15413 2.556395731286379
15447 4.919068100570765
15468 1.1549652252192415
15471 0.6940608398286201
15672 2.910084841569207
15677 6.311898571913262
15682 6.9985096422506015
15771 0.023095714794649395
15783 0.48083836933832624
