139
174 1.6232312345664361
190 9.201228738904462
241 1.6902419448493964
1822 4.766778250818684
1909 2.8876357780772897
1924 2.288979440938267
1938 2.66777630196427
1942 0.845776947546497
2049 2.37353682896633
2070 1.4730567031188173
2271 0.34178311807220957
2303 5.389071729816501
2349 4.22592092001082
2378 6.305362461690656
2389 4.600614369452231
2450 -1.832570687110832
2538 1.422560539104285
2588 4.108137884354437
2631 0.21292199724267172
2862 1.4690805547391779
3192 4.038192901442951
3407 2.085854756514549
3586 3.2849375755462935
3629 5.8998973535824915
3657 2.6164830075767194
3759 4.8067795842320225
3898 3.047265923669174
3982 2.153862445213571
4088 3.5645224377654547
4158 0.061200880897434085
4167 2.0712559570933964
4211 5.052599493195288
4230 2.0149030205422647
4319 2.049749751872433
4437 2.4033897921160112
4549 2.6418008155610093
4765 1.4150133334689021
4838 2.9461134062376346
4848 9.391849098513111
4943 4.22592092001082
5033 2.1233123190494494
5039 2.735829765209286
5279 1.7410142702228197
5298 6.9985096422506015
5590 2.9066643955420775
5668 2.955458374416051
5676 3.502002080784121
5698 6.9985096422506015
5850 3.047265923669174
5993 0.8521803845817039
6049 2.035665011990694
6055 3.7796338173824005
6089 7.726030852642903
6151 1.4075226617397445
6235 1.2270685191205855
6338 2.413542163580029
6433 0.5154022907934025
6575 5.8998973535824915
6587 4.00277736869661
6787 2.288979440938267
6908 0.33537694625979814
7197 1.730651483187273
7233 6.9985096422506015
7286 1.4112609838503516
7487 1.8167260919585162
7497 2.1042009669499975
7614 2.5676928434072877
7620 2.1863252868781835
7781 2.6040604875781623
7813 1.0145733615634107
7906 1.4339892349279078
7978 5.206750173022546
7987 3.666305132075397
8032 0.5108256237659907
8043 1.730651483187273
8055 5.808330160057001
8615 5.3888890980928625
9122 1.3744921360632627
9355 2.1782280766455644
9494 6.9985096422506015
9733 1.0850066366123312
9778 10.413500346045092
9990 1.1343571206342449
10194 2.455214859980597
10326 0.5230769255465112
10329 -0.21009069570959765
10357 3.9539872045271784
10422 0.7087940713416041
10749 1.1754637467675824
10868 -0.18536107281185138
11066 4.05407066308416
11148 3.5352801356947183
11201 5.8998973535824915
11236 3.5645224377654547
11312 3.3096301881366648
11461 2.146479378330984
11695 7.262427624528255
11840 1.6902419448493964
11947 3.0282177286984795
12213 3.047265923669174
12228 3.047265923669174
12455 -0.2152586658680402
12460 0.7332084295128914
12543 3.5645224377654547
12660 2.035665011990694
12674 3.155949285956631
12714 3.7796338173824005
12717 0.5999147077153936
12826 1.2619373447714093
12946 2.9664059210987985
13029 1.6609715625492831
13553 -0.37046075994419203
13595 6.9985096422506015
13596 3.502002080784121
13676 5.612215281130711
13701 6.9985096422506015
13930 1.3601549729168554
14237 -0.6972483483041599
14252 3.502002080784121
14253 5.612215281130711
14267 -0.3823693933135151
14357 2.476721065201561
14416 3.0958048519009655
14516 2.1782280766455644
14533 6.9985096422506015
14544 3.666305132075397
14906 0.4013639403639497
14964 6.305362461690656
15155 1.380822401482141
15240 3.414990703794491
15247 2.498699971920336
15265 4.165296298194385
15332 -4.656935190436861
15341 1.5919482501253577
15348 2.10066984229969
15373 0.814360751313118
15471 0.6940608398286201
15502 4.513602992462601
15783 2.8850302160299575
