213
3 3.0666840095262753
174 1.6232312345664361
190 4.600614369452231
389 1.6419233675785887
551 3.9074671888922854
1822 4.766778250818684
1839 6.2797045914365155
1864 3.047265923669174
1928 2.4876501357337513
1964 3.260840023967233
1977 2.6040604875781623
2019 2.344549292093078
2271 0.6835662361444191
2334 0.7939518796819108
2357 1.1873686492739008
2450 -0.6108568957036107
2484 1.3149298749119196
2487 4.108137884354437
2513 1.8280256472124494
2519 1.6902419448493964
2538 1.422560539104285
2631 0.21292199724267172
2705 1.6657908489852322
2757 3.2849375755462935
2919 2.1944885975173447
2920 1.3590830570083334
2924 2.0286963426746007
2964 0.900435360084361
3062 2.8396265588909295
3215 0.589980851191103
3394 6.094531847338348
3657 2.6164830075767194
3763 7.194624521176892
3827 3.2849375755462935
4021 1.5054481989100525
4065 5.389071729816501
4106 4.165296298194385
4108 3.1066893441399746
4158 0.061200880897434085
4230 2.0149030205422647
4361 3.8630154263214513
4522 0.5207142953092883
4608 1.4075226617397445
4668 3.3609234825242154
4679 4.919068100570765
4743 9.027205984925201
4750 0.33155284982139466
4759 3.21432000833234
4765 2.8300266669378042
4809 2.8088549002241754
4815 2.7218435232345457
4838 4.419170109356452
4852 3.7761501902141013
4881 2.7938170228596353
4912 1.9296054400303697
5055 2.2278250177849364
5083 1.5735596247691985
5112 5.206750173022546
5212 6.9985096422506015
5339 1.1784267118982394
5397 4.22592092001082
5491 3.597312260588446
5533 3.7026727762462723
5539 1.7153059135126125
5680 3.182675741580965
5895 2.4033897921160112
6060 3.7796338173824005
6074 4.513602992462601
6088 8.502791219446046
6142 6.9985096422506015
6156 1.8000126109847754
6160 6.9985096422506015
6223 2.8088549002241754
6302 4.165296298194385
6528 4.919068100570765
6726 6.305362461690656
6779 4.8012850649143815
6819 1.7153059135126125
6853 3.260840023967233
6872 1.3047775034479017
6946 6.9985096422506015
6949 5.206750173022546
6970 2.1863252868781835
6983 3.414990703794491
7054 3.8630154263214513
7057 3.2849375755462935
7085 4.433560284789064
7197 6.922605932749092
7274 3.0666840095262753
7311 2.236335707452845
7534 1.242767428663689
7542 5.8998973535824915
7612 6.9985096422506015
7613 4.290459441148391
7647 3.3096301881366648
7768 3.3096301881366648
7845 2.4237986637472186
7906 1.4339892349279078
7932 1.8745456628473423
7936 4.359452312635343
7953 4.165296298194385
8032 1.0216512475319814
8199 3.009525595686327
8256 6.721558593625539
8262 2.0712559570933964
8377 6.9985096422506015
8388 9.83813620114153
8396 5.052599493195288
8478 3.502002080784121
8598 5.206750173022546
8599 6.305362461690656
8718 2.824122372354964
8784 2.146479378330984
8856 2.3163784151263815
8869 2.1782280766455644
8979 1.7890234894091803
9106 2.1700132732246624
9122 1.3744921360632627
9170 1.2232606457759125
9257 5.679253117781859
9481 1.7727629685373998
9696 5.389071729816501
9990 3.970249922219857
10114 1.3014161557451966
10290 4.290459441148391
10326 0.5230769255465112
10329 -0.4201813914191953
10353 4.8012850649143815
10354 6.9985096422506015
10422 1.4175881426832082
10561 1.6003469407328483
10582 4.919068100570765
10749 1.1754637467675824
10751 0.7939518796819108
10867 4.359996593313117
10868 -0.18536107281185138
10927 6.9985096422506015
10930 7.004004161568242
10962 5.258123579567159
11080 3.8630154263214513
11089 1.1549652252192415
11148 1.1784267118982394
11277 3.7796338173824005
11305 2.0640357091199095
11312 6.6192603762733295
11450 2.262311193856106
11457 4.22592092001082
11461 2.146479378330984
11508 5.206750173022546
11570 1.1933746733341126
11762 6.305362461690656
11778 2.8553749158590684
11794 5.206750173022546
11900 2.049749751872433
11908 1.5346778372249912
11960 4.695924549256556
11969 0.7582337970798316
11975 2.9209721983448818
12006 2.955458374416051
12022 0.40409618250082274
12111 1.994563336305142
12139 4.00277736869661
12218 2.6547042203969173
12455 -0.2152586658680402
12460 2.932833718051566
12503 2.2278250177849364
12641 4.8012850649143815
12717 1.1998294154307871
12785 5.617709800448351
12899 6.305362461690656
12946 6.526093026417357
13001 1.4730567031188173
13208 1.3115342859107813
13319 1.8055527913603908
13384 2.0568672196412967
13412 2.5098732725184614
13538 3.414990703794491
13547 1.6003469407328483
13672 1.5262389685791264
13775 3.2849375755462935
13831 6.9985096422506015
14029 4.600614369452231
14107 2.4237986637472186
14174 1.7945029551738059
14196 0.8373023205555247
14237 -6.275235134737439
14267 -1.5294775732540604
14296 4.8012850649143815
14383 4.8012850649143815
14387 6.9985096422506015
14390 5.389071729816501
14416 1.5479024259504828
14435 2.3933394562625097
14454 6.305362461690656
14515 3.0666840095262753
14744 3.4431615807611875
14786 4.359452312635343
14832 4.600614369452231
15057 2.304141734385754
15155 0.6904112007410705
15332 -20.18005249189306
15341 0.7959741250626788
15348 4.20133968459938
15407 2.2711218235382606
15413 1.2781978656431896
15523 8.33059259638877
15669 4.324455470598246
15685 1.7432809162728324
15694 2.938066631704182
15697 3.7796338173824005
15771 0.023095714794649395
15783 0.9616767386766525
15814 4.524622387712212
