283
194 1.5399972773188362
332 4.433560284789064
488 3.6312138122641273
521 1.8986432144264027
800 2.434161450782765
1060 0.3730014384993092
1191 5.052599493195288
1379 0.5370414658968836
1400 6.305362461690656
1465 6.9985096422506015
1686 1.1549652252192415
1693 6.305362461690656
1698 6.305362461690656
1839 2.093234863812172
1902 2.0149030205422647
1964 3.260840023967233
1997 3.009525595686327
2036 1.9486536350010641
2068 3.3609234825242154
2218 3.740413104229119
2224 1.981229805435677
2334 0.7939518796819108
2357 2.3747372985478017
2450 -1.2217137914072214
2519 3.3804838896987928
2536 1.7835738846416156
2691 6.9985096422506015
2701 2.7218435232345457
2750 5.8998973535824915
2858 3.8630154263214513
2887 5.612215281130711
2901 3.3349479961209547
2920 0.6795415285041667
2959 8.311580544917305
3143 6.6581584474172155
3144 8.00555473739322
3160 4.513602992462601
3249 2.750014400201242
3319 5.206750173022546
3359 3.8630154263214513
3423 11.108018328738817
3482 3.3096301881366648
3505 4.00277736869661
3547 4.433560284789064
3578 1.8047399611033645
3598 1.1666271649670843
3614 1.4378280112350734
3635 6.311898571913262
3647 2.1081605140288473
3780 2.465910149097345
3807 4.6513616155773905
3825 3.3609234825242154
3827 3.2849375755462935
3896 1.403798262648762
3942 3.3875917296063767
3982 3.2307936678203566
3990 2.6290617897835795
3995 1.751485570090115
4021 3.010896397820105
4070 1.1068654304248302
4108 9.320068032419924
4221 4.290459441148391
4241 4.8067795842320225
4262 3.1698682457615064
4282 2.8553749158590684
4366 1.9878743481543455
4429 8.10814132616832
4447 4.433560284789064
4507 2.298029276458185
4522 1.3017857382732205
4562 3.3096301881366648
4695 2.87137525720551
4711 5.788816320091109
4750 0.33155284982139466
4824 5.612215281130711
4895 5.052599493195288
4909 1.4690805547391779
5154 7.333898251950181
5233 4.22592092001082
5243 3.6312138122641273
5273 3.21432000833234
5331 3.2373095265570386
5430 2.750014400201242
5517 1.6232312345664361
5590 1.4533321977710387
5630 0.3574615133704861
5636 2.973157951515452
5643 3.9074671888922854
5715 3.502002080784121
5874 5.159338068908006
5950 4.00277736869661
6064 2.138697237888929
6164 2.6290617897835795
6228 1.2947271675944
6233 3.1918471524802814
6241 6.9985096422506015
6336 6.305362461690656
6433 1.5462068723802074
6447 1.2880826248757316
6495 5.8998973535824915
6699 4.165296298194385
6751 2.5441623459970937
6754 2.4049037829704587
6908 1.3415077850391925
6918 6.9985096422506015
7006 4.05407066308416
7104 -1.3269758333025843
7189 3.8630154263214513
7344 1.6325336272287498
7401 1.886521853894058
7427 7.814934377784571
7512 4.22592092001082
7534 1.242767428663689
7569 1.0170954309961207
7633 1.8745456628473423
7743 10.105198986390576
7813 1.0145733615634107
7838 2.1081605140288473
7839 6.9985096422506015
7904 2.211017899468555
7935 2.335070548138534
8007 1.904759441443839
8018 4.22592092001082
8043 1.730651483187273
8391 2.555858385760285
8496 7.004004161568242
8523 2.176897907113301
8568 4.919068100570765
8605 6.9985096422506015
8648 2.434161450782765
8708 2.962113491571787
8710 0.551203779709388
8795 3.502002080784121
8816 1.7255100836868542
8850 1.7153059135126125
8856 2.3163784151263815
9006 4.108137884354437
9106 1.0850066366123312
9110 6.106995035972082
9122 1.3744921360632627
9204 7.529619817555384
9206 4.919068100570765
9229 2.3933394562625097
9270 3.1066893441399746
9276 2.6944445490464313
9346 2.498699971920336
9353 2.476721065201561
9537 1.3092584162485406
9559 -0.9151883824047131
9580 9.928890564409993
9709 1.082307579643166
9728 3.21432000833234
9733 1.0850066366123312
9765 1.7835738846416156
9807 3.1698682457615064
9817 1.3183370332335338
10012 4.290459441148391
10029 2.4237986637472186
10049 4.513602992462601
10095 4.433560284789064
10191 4.433560284789064
10199 2.3256808077886952
10234 5.389071729816501
10422 0.7087940713416041
10447 4.269637656934799
10450 6.305362461690656
10522 2.9911764570181303
10559 3.8630154263214513
10561 1.6003469407328483
10749 1.1754637467675824
10753 2.7790019370744945
10800 10.105198986390576
10814 8.718904625270685
10868 -0.7414442912474055
11102 2.660920056443643
11140 2.15432255579201
11170 2.5676928434072877
11218 1.144042369585821
11227 5.052599493195288
11299 -0.5211827618659379
11305 2.0640357091199095
11317 3.0666840095262753
11353 2.8088549002241754
11433 4.513602992462601
11453 5.454880156325406
11459 3.047265923669174
11505 5.052599493195288
11522 2.555858385760285
11524 1.5178707189086098
11646 4.708237486218457
11663 5.389071729816501
11677 1.7255100836868542
11769 1.6466515087745348
11881 5.41610040220442
11918 4.433560284789064
11969 1.5164675941596633
12022 0.40409618250082274
12028 2.591790394986348
12033 7.563518483317184
12044 6.9985096422506015
12064 6.669895992241909
12122 2.3927825337470767
12210 6.339736491523013
12241 5.159338068908006
12250 2.498699971920336
12341 2.8088549002241754
12377 2.6920409239639014
12391 6.383694304960563
12435 3.8204558119026557
12455 -0.2152586658680402
12610 2.4237986637472186
12717 0.5999147077153936
12803 5.454880156325406
12820 3.3349479961209547
12972 2.8553749158590684
12978 2.383389125409342
13021 7.262427624528255
13045 3.773043707788116
13164 6.305362461690656
13189 1.8745456628473423
13209 3.6312138122641273
13354 1.8280256472124494
13390 2.236335707452845
13460 2.955458374416051
13479 3.7796338173824005
13505 3.0666840095262753
13553 -1.111382279832576
13565 1.9878743481543455
13575 4.165296298194385
13588 3.5327737394508745
13672 1.5262389685791264
13718 1.3425178314307487
13734 7.769055347609172
13759 2.955458374416051
13767 2.6547042203969173
13819 5.612215281130711
13843 2.1782280766455644
13867 1.087712998210074
13891 1.8197775865739976
13893 4.05407066308416
14044 1.4611753752320646
14063 4.00277736869661
14153 2.4876501357337513
14273 6.305362461690656
14309 3.0274254175198925
14315 6.019051191372654
14352 0.9464204733261844
14357 2.476721065201561
14381 0.2288676653980985
14507 5.553045496311444
14516 2.1782280766455644
14521 3.666305132075397
14563 2.6418008155610093
14588 2.0785287164224764
14606 10.893641436792382
14633 2.6547042203969173
14656 6.843458926602851
14682 1.5431885268928998
14901 2.5326015235960173
14904 5.8998973535824915
14906 0.4013639403639497
14933 3.7026727762462723
14949 3.9074671888922854
15037 2.3163784151263815
15209 2.579669034454003
15292 2.211017899468555
15306 1.4399764361695133
15332 -3.1046234602912404
15338 4.290459441148391
15351 3.5645224377654547
15362 4.695924549256556
15363 2.555858385760285
15387 4.600614369452231
15418 2.1233123190494494
15517 3.773043707788116
15518 1.880515829833846
15600 3.009525595686327
15651 2.2754468375694707
15672 1.4550424207846036
15677 1.5779746429783155
15725 3.5645224377654547
15827 1.9109133070182172
15828 4.372591176784123
