116
241 1.6902419448493964
512 2.0785287164224764
592 2.4446327506500602
646 2.219386149139072
657 2.0640357091199095
683 3.3609234825242154
927 2.0785287164224764
1922 1.6952047341915255
1942 0.845776947546497
2019 2.344549292093078
2037 4.359452312635343
2201 2.035665011990694
2357 1.1873686492739008
2450 -1.2217137914072214
2602 5.052599493195288
2631 0.42584399448534344
2766 3.0666840095262753
3120 3.2097641917964794
3213 4.433560284789064
3379 3.1918471524802814
3380 2.3541187431092285
4075 3.597312260588446
4088 3.5645224377654547
4145 2.008077055471865
4158 0.09180132134615113
4270 3.5327737394508745
4297 3.3096301881366648
4451 6.305362461690656
4619 3.2849375755462935
4751 3.414990703794491
4765 4.245040000406706
4838 1.4730567031188173
4911 5.612215281130711
4943 4.22592092001082
5008 6.9985096422506015
5040 2.875656022470147
5055 2.2278250177849364
5290 3.740413104229119
5331 3.2373095265570386
5539 1.7153059135126125
5551 6.305362461690656
5680 3.182675741580965
5872 5.088324691994187
5874 2.579669034454003
5889 2.4033897921160112
5933 2.955458374416051
5993 3.4087215383268155
6007 4.290459441148391
6136 1.457246097092175
6140 2.211017899468555
6355 6.305362461690656
6376 3.0666840095262753
6567 2.579669034454003
6787 2.288979440938267
7104 -1.3269758333025843
7344 1.6325336272287498
7487 1.8167260919585162
7552 3.8973072700021283
7569 1.0170954309961207
7892 1.5517722705842913
7906 4.301967704783723
7991 1.3149298749119196
8032 1.0216512475319814
8315 5.528806275306684
8736 1.1933746733341126
8925 7.065547478901749
9230 3.3096301881366648
9318 11.799794707164983
9481 1.7727629685373998
9537 1.3092584162485406
9765 1.7835738846416156
9990 1.7015356809513673
10247 13.078356937906028
10329 -0.4201813914191953
10437 1.3672978604292356
10489 6.9985096422506015
10825 2.0149030205422647
10867 1.4533321977710387
10888 6.305362461690656
11148 1.1784267118982394
11218 0.5720211847929105
11372 5.612215281130711
11677 1.7255100836868542
11889 2.7790019370744945
12022 0.40409618250082274
12455 -0.2152586658680402
12460 2.932833718051566
12595 2.344549292093078
12639 4.165296298194385
12708 1.5958322603783217
12904 3.4431615807611875
13106 2.335070548138534
13353 1.961557039836972
13421 5.389071729816501
13440 1.4770487243883548
13859 2.955458374416051
13896 4.359452312635343
14044 1.4611753752320646
14196 0.8373023205555247
14267 -0.7647387866270302
14416 0.7739512129752414
14901 2.5326015235960173
14949 3.9074671888922854
15057 2.304141734385754
15241 1.7462362142039713
15332 -4.656935190436861
15341 0.7959741250626788
15363 2.555858385760285
15413 1.2781978656431896
15517 1.886521853894058
15587 1.2947271675944
15600 3.009525595686327
15672 0.7275212103923018
15783 0.9616767386766525
15786 1.7963813804610742
15794 2.5676928434072877
