174
521 1.8986432144264027
1830 6.213378688279949
1870 6.305362461690656
1924 9.155917763753068
1928 2.4876501357337513
1942 2.537330842639491
2021 2.70805020110221
2049 2.37353682896633
2191 6.17297327364491
2224 1.981229805435677
2271 0.6835662361444191
2301 4.695924549256556
2302 6.019051191372654
2357 2.3747372985478017
2367 6.9985096422506015
2388 4.8012850649143815
2450 -1.2217137914072214
2538 1.422560539104285
2592 2.938066631704182
2624 4.695924549256556
2638 4.261950383590038
2924 2.0286963426746007
2964 2.701306080253083
3068 1.3460204619819507
3090 3.047265923669174
3271 4.00277736869661
3359 3.8630154263214513
3407 2.085854756514549
3449 1.9647049651044954
3529 5.389071729816501
3788 2.750014400201242
3964 3.5327737394508745
4158 0.030600440448717042
4288 6.305362461690656
4307 2.824122372354964
4319 2.049749751872433
4416 1.3637200390813515
4522 1.5621428859278648
4529 4.22592092001082
4536 2.70805020110221
4619 3.2849375755462935
4695 2.87137525720551
4838 2.9461134062376346
4964 0.563963123463148
5040 1.4378280112350734
5067 2.2278250177849364
5110 1.8452180477528222
5116 1.961557039836972
5155 3.3096301881366648
5290 18.702065521145595
5339 2.356853423796479
5484 1.8928409466523688
5539 1.7153059135126125
5630 0.23830767558032406
5668 2.955458374416051
5850 3.047265923669174
5876 3.7796338173824005
5879 4.359452312635343
5961 5.612215281130711
5993 0.8521803845817039
6021 3.7796338173824005
6043 1.5913378707904824
6128 3.5327737394508745
6136 1.457246097092175
6156 1.8000126109847754
6447 1.2880826248757316
6586 2.288979440938267
6595 2.4237986637472186
6787 2.288979440938267
6819 1.7153059135126125
6908 2.0122616775587887
6993 4.05407066308416
7025 4.038192901442951
7072 3.8973072700021283
7104 -1.9904637499538764
7324 6.305362461690656
7344 1.6325336272287498
7534 1.242767428663689
7845 2.4237986637472186
7949 2.5441623459970937
7965 1.886521853894058
7981 4.085365169298681
8032 0.5108256237659907
8043 3.461302966374546
8055 2.9041650800285006
8078 1.9359146092236343
8256 3.3607792968127694
8262 2.0712559570933964
8471 2.7938170228596353
8582 1.3781087765334512
8731 4.0573926853492015
8788 2.146479378330984
8850 1.7153059135126125
8919 5.389071729816501
9170 0.6116303228879563
9223 3.047265923669174
9393 2.12194687433635
9400 3.1273086313427103
9481 1.7727629685373998
9651 3.3875917296063767
9748 5.309408440793835
9817 2.6366740664670676
9818 3.21432000833234
9990 1.1343571206342449
10030 2.413542163580029
10199 2.3256808077886952
10244 5.612215281130711
10329 -0.21009069570959765
10437 2.7345957208584712
10605 5.8998973535824915
10678 2.288979440938267
10754 3.1698682457615064
11106 10.108879499150135
11108 6.9985096422506015
11168 1.2781978656431896
11202 2.9209721983448818
11299 -0.5211827618659379
11312 3.3096301881366648
11317 3.0666840095262753
11367 6.9985096422506015
11379 2.0426825846493406
11518 3.8630154263214513
11524 3.0357414378172196
11570 2.3867493466682252
11785 1.9680717208581657
11790 2.2449194511442365
11804 3.7796338173824005
11850 2.455214859980597
11894 4.55361215672583
11908 3.0693556744499824
11947 3.0282177286984795
12051 3.5645224377654547
12057 2.10066984229969
12455 -0.6457759976041206
12460 0.7332084295128914
12477 4.953442130403122
12660 2.035665011990694
12792 3.8204558119026557
13029 1.6609715625492831
13316 3.047265923669174
13391 3.740413104229119
13392 2.764403137653342
13432 3.7796338173824005
13553 -0.37046075994419203
13770 5.612215281130711
13891 1.2131850577159984
14044 1.4611753752320646
14153 2.4876501357337513
14159 4.600614369452231
14174 1.7945029551738059
14237 -5.5779867864332795
14257 4.695924549256556
14267 -1.5294775732540604
14313 3.2933030175490696
14357 7.430163195604683
14381 0.2288676653980985
14593 3.8630154263214513
14637 6.669895992241909
14830 2.7790019370744945
14906 0.4013639403639497
15092 5.206750173022546
15113 11.338901452147201
15155 0.6904112007410705
15332 -4.656935190436861
15373 1.628721502626236
15616 16.167215189449504
15650 2.130975191795019
15685 0.8716404581364162
15709 2.1863252868781835
15769 3.3349479961209547
15771 0.09238285917859758
15783 4.808383693383263
15786 2.694572070691611
15794 2.5676928434072877
