64
1942 1.691553895092994
2269 1.8686109273275278
2271 0.34178311807220957
2328 2.9911764570181303
2450 -0.6108568957036107
2452 2.1782280766455644
2519 1.6902419448493964
2597 2.1157077196642304
2631 0.42584399448534344
2693 5.052599493195288
2833 7.332610264150794
2901 3.3349479961209547
3040 4.919068100570765
3131 4.695924549256556
3150 3.5327737394508745
3215 1.179961702382206
3379 3.1918471524802814
3380 4.708237486218457
3578 1.2031599740689096
3690 1.4972514317058743
3995 1.751485570090115
4158 0.030600440448717042
4852 1.258716730071367
4912 1.9296054400303697
5040 2.875656022470147
5083 1.5735596247691985
5154 2.4446327506500602
5680 4.774013612371447
5993 0.8521803845817039
6433 0.5154022907934025
7025 3.028644676082213
7401 1.886521853894058
7487 1.8167260919585162
7527 2.681021528714291
8078 3.8718292184472687
8089 5.362043057428582
8090 2.236335707452845
8439 0.4690908039883759
9260 6.305362461690656
9686 3.6312138122641273
9781 4.00277736869661
10274 6.9985096422506015
10629 3.7026727762462723
10678 4.577958881876534
11032 1.087712998210074
11045 12.610724923381312
11106 2.021775899830027
11148 1.1784267118982394
11323 3.597312260588446
12022 0.40409618250082274
12078 1.3637200390813515
12213 3.047265923669174
12460 0.7332084295128914
12849 4.22592092001082
12853 1.152070867192877
12946 0.5932811842197597
13553 -0.37046075994419203
14435 2.3933394562625097
14906 0.4013639403639497
14914 3.3096301881366648
15020 3.086486636822455
15057 1.152070867192877
15783 0.48083836933832624
15794 2.5676928434072877
