226
194 0.7699986386594181
365 3.414990703794491
401 3.1698682457615064
569 3.0282177286984795
594 6.9985096422506015
606 9.602570129828763
657 2.0640357091199095
1889 3.414990703794491
1908 6.305362461690656
1924 2.288979440938267
1925 4.00277736869661
1977 2.6040604875781623
2030 3.3349479961209547
2235 3.2849375755462935
2254 6.305362461690656
2259 17.699692060747473
2334 0.7939518796819108
2364 5.206750173022546
2406 2.9209721983448818
2407 2.236335707452845
2432 4.108137884354437
2450 -3.665141374221664
2597 2.1157077196642304
2652 4.108137884354437
2659 3.4431615807611875
2732 16.836645843392134
2755 3.260840023967233
2796 2.335070548138534
2812 35.585884840744605
2920 0.6795415285041667
2959 5.936843246369504
2964 0.900435360084361
3048 2.5098732725184614
3126 6.9985096422506015
3407 2.085854756514549
3505 4.00277736869661
3578 0.6015799870344548
3646 2.5676928434072877
3709 2.9041650800285006
3820 3.5780469788183606
3867 3.2373095265570386
3936 12.610724923381312
3982 1.0769312226067855
4170 4.22592092001082
4261 2.262311193856106
4290 9.83813620114153
4391 3.260840023967233
4405 1.3460204619819507
4625 5.5356541432584665
4646 1.8686109273275278
4668 3.3609234825242154
4682 4.433560284789064
4963 2.3933394562625097
4964 0.563963123463148
5384 4.05407066308416
5404 11.799794707164983
5414 2.8876357780772897
5430 2.750014400201242
5445 6.9985096422506015
5447 11.799794707164983
5448 11.799794707164983
5550 3.666305132075397
5590 1.4533321977710387
5630 0.23830767558032406
5722 3.3609234825242154
5777 5.052599493195288
5850 3.047265923669174
5852 2.4876501357337513
5895 2.4033897921160112
5898 3.9074671888922854
5986 6.721846965048431
6032 6.9985096422506015
6156 1.8000126109847754
6171 6.9985096422506015
6189 4.919068100570765
6272 6.305362461690656
6433 1.030804581586805
6548 4.157057432844953
6555 2.9911764570181303
6576 3.666305132075397
6595 2.4237986637472186
6609 3.1918471524802814
6657 4.277394475777858
6684 6.305362461690656
6754 1.2024518914852294
6872 1.3047775034479017
6908 0.6707538925195963
7025 3.028644676082213
7028 2.764403137653342
7170 1.6186122887101415
7197 1.730651483187273
7276 5.8998973535824915
7311 4.47267141490569
7450 6.305362461690656
7622 2.764403137653342
7688 6.17297327364491
7764 3.4104096350522175
7838 10.540802570144237
7938 4.695924549256556
7968 3.047265923669174
8041 3.597312260588446
8226 6.9985096422506015
8262 4.142511914186793
8431 4.695924549256556
8870 3.7026727762462723
8874 4.513602992462601
8876 6.305362461690656
8928 1.3355491621146554
9050 5.8998973535824915
9106 2.1700132732246624
9115 3.047265923669174
9170 1.2232606457759125
9204 2.5098732725184614
9423 5.775271556154579
9428 2.498699971920336
9429 3.3609234825242154
9431 6.9985096422506015
9434 5.8998973535824915
9559 -0.16639788770994784
9573 3.3096301881366648
9733 1.0850066366123312
9832 6.9985096422506015
9893 12.32441365306331
9894 11.799794707164983
10089 16.836645843392134
10114 1.3014161557451966
10168 6.9985096422506015
10258 1.8000126109847754
10296 3.2849375755462935
10393 1.9746291214043248
10422 1.4175881426832082
10487 7.924919221742708
10554 5.389071729816501
10558 6.9985096422506015
10713 3.5645224377654547
10749 2.3509274935351647
10770 2.4876501357337513
10868 -1.1121664368711084
10884 3.502002080784121
10930 7.004004161568242
10973 5.587634045719271
11023 1.2880826248757316
11027 3.834593596929569
11110 0.8102455191680114
11116 1.9109133070182172
11124 12.610724923381312
11165 2.1863252868781835
11218 0.5720211847929105
11296 2.764403137653342
11299 -0.5211827618659379
11304 2.410992067732915
11317 3.0666840095262753
11409 3.502002080784121
11453 1.3637200390813515
11468 4.22592092001082
11646 7.062356229327685
11677 1.7255100836868542
11704 3.1483620405405426
11781 5.183580789972696
11785 1.9680717208581657
11836 2.37353682896633
11906 12.610724923381312
11907 7.302484352348294
12028 2.591790394986348
12145 3.1918471524802814
12263 18.057683241178022
12329 6.305362461690656
12455 -0.8610346634721608
12797 5.443687046469091
12803 2.727440078162703
12805 1.8568460857479414
12806 6.9985096422506015
12823 1.034930298632155
12833 0.9630282097258448
13001 1.4730567031188173
13083 5.206750173022546
13189 1.8745456628473423
13262 12.610724923381312
13271 3.3875917296063767
13314 2.0286963426746007
13346 2.9041650800285006
13384 2.0568672196412967
13505 3.0666840095262753
13547 1.6003469407328483
13549 6.9985096422506015
13617 9.83813620114153
13670 2.6164830075767194
13672 3.052477937158253
13781 3.8204558119026557
13891 0.6065925288579992
14012 3.8630154263214513
14044 1.4611753752320646
14153 2.4876501357337513
14198 3.047265923669174
14237 -4.88073843812912
14267 -2.2942163598810907
14422 4.246624638098899
14463 1.67063347346102
14498 6.056435457396959
14509 6.9985096422506015
14527 2.938066631704182
14563 2.6418008155610093
14626 2.750014400201242
14692 2.8396265588909295
14893 4.359452312635343
15121 1.5868635903955612
15155 2.0712336022232116
15173 3.009525595686327
15288 3.21432000833234
15306 6.47989396276281
15313 1.917105277266138
15332 -9.313870380873722
15471 0.6940608398286201
15570 2.7218435232345457
15669 2.162227735299123
15685 1.7432809162728324
15717 5.8998973535824915
15757 12.610724923381312
15760 6.9985096422506015
15771 0.023095714794649395
15799 12.610724923381312
15814 11.31155596928053
15816 3.9539872045271784
15820 8.33059259638877
15828 4.372591176784123
15829 7.559267634764801
