244
241 1.6902419448493964
344 2.7790019370744945
500 2.1701959049483
530 2.66777630196427
578 3.740413104229119
861 3.5645224377654547
1060 0.06216690641655154
1682 6.9985096422506015
1690 2.455214859980597
1692 2.1944885975173447
1750 1.1068654304248302
1827 5.612215281130711
1830 3.1066893441399746
1893 1.7567626271909589
1902 2.0149030205422647
1928 2.4876501357337513
1942 2.537330842639491
1943 4.600614369452231
1944 6.9985096422506015
1997 3.009525595686327
2105 5.612215281130711
2107 6.9985096422506015
2127 11.799794707164983
2191 3.086486636822455
2217 2.4876501357337513
2271 0.6835662361444191
2357 1.1873686492739008
2421 1.5431885268928998
2450 -0.6108568957036107
2519 1.6902419448493964
2631 0.42584399448534344
2638 2.130975191795019
2646 4.22592092001082
2766 3.0666840095262753
2841 4.433560284789064
2862 2.9381611094783557
2871 6.9985096422506015
2872 6.9985096422506015
2918 12.610724923381312
2924 2.0286963426746007
3068 6.7301023099097534
3120 1.6048820958982397
3192 1.0095482253607377
3205 3.1273086313427103
3215 1.179961702382206
3272 5.389071729816501
3344 5.389071729816501
3379 3.1918471524802814
3380 2.3541187431092285
3404 2.465910149097345
3490 4.108137884354437
3623 4.695924549256556
3635 1.5779746429783155
3644 5.206750173022546
3646 2.5676928434072877
3774 1.7255100836868542
3896 1.403798262648762
3901 2.363780654020965
3914 4.919068100570765
3964 3.5327737394508745
4158 0.061200880897434085
4279 5.052599493195288
4286 2.130975191795019
4476 3.740413104229119
4519 4.433560284789064
4522 0.2603571476546441
4619 3.2849375755462935
4625 1.8452180477528222
4682 4.433560284789064
4703 5.8998973535824915
4749 5.8998973535824915
4750 0.33155284982139466
4852 1.258716730071367
4878 1.3672978604292356
4924 3.2849375755462935
4976 2.288979440938267
5033 2.1233123190494494
5040 1.4378280112350734
5151 2.555858385760285
5464 3.5327737394508745
5554 4.216321028057695
5643 3.9074671888922854
5680 3.182675741580965
5687 2.0785287164224764
5722 3.3609234825242154
5955 4.86832290156553
5993 1.7043607691634077
6014 5.206750173022546
6043 1.5913378707904824
6102 6.9985096422506015
6140 2.211017899468555
6250 1.7727629685373998
6338 2.413542163580029
6433 0.5154022907934025
6447 3.8642478746271944
6548 2.0785287164224764
6583 0.8629447511688624
6819 1.7153059135126125
6908 0.6707538925195963
7025 6.057289352164426
7055 4.290459441148391
7072 1.9486536350010641
7076 2.434161450782765
7078 6.9985096422506015
7104 -1.9904637499538764
7159 4.513602992462601
7267 6.9985096422506015
7311 2.236335707452845
7456 6.9985096422506015
7462 1.942263836902293
7497 0.7014003223166658
7527 2.681021528714291
7534 1.242767428663689
7555 3.740413104229119
7557 3.3349479961209547
7558 6.305362461690656
7647 3.3096301881366648
7713 3.1066893441399746
7722 3.5327737394508745
7764 1.7052048175261088
7813 2.0291467231268214
7818 6.305362461690656
7864 3.502002080784121
7935 2.335070548138534
8054 6.305362461690656
8078 3.8718292184472687
8111 5.612215281130711
8142 2.9041650800285006
8152 6.9985096422506015
8158 4.8012850649143815
8227 3.5645224377654547
8405 3.3096301881366648
8423 5.8998973535824915
8432 13.550366918425507
8433 10.105198986390576
8439 0.9381816079767518
8582 5.512435106133805
8648 2.434161450782765
8664 2.7938170228596353
8683 1.6803896484063847
8710 0.551203779709388
8856 2.3163784151263815
9010 2.9209721983448818
9106 1.0850066366123312
9280 3.502002080784121
9483 3.6312138122641273
9531 1.67063347346102
9534 2.750014400201242
9537 1.3092584162485406
9848 5.052599493195288
9970 0.4837969513780714
10058 2.6040604875781623
10076 2.750014400201242
10202 2.591790394986348
10296 3.2849375755462935
10503 2.413542163580029
10543 4.8012850649143815
10637 6.9985096422506015
10677 4.433560284789064
10749 1.1754637467675824
10805 3.666305132075397
10868 -0.37072214562370276
10903 2.476721065201561
11032 1.087712998210074
11089 1.1549652252192415
11102 0.6652300141109108
11109 5.8998973535824915
11148 1.1784267118982394
11295 3.2373095265570386
11299 -0.5211827618659379
11416 2.1782280766455644
11503 2.8876357780772897
11518 3.8630154263214513
11524 1.5178707189086098
11570 1.1933746733341126
11739 4.600614369452231
11894 3.0357414378172196
11952 3.1916645207566434
12040 3.5645224377654547
12047 1.4416815805510634
12051 3.5645224377654547
12075 2.938066631704182
12137 2.498699971920336
12285 5.8998973535824915
12292 2.5211728277723946
12460 0.7332084295128914
12477 2.476721065201561
12504 4.359452312635343
12708 1.5958322603783217
12717 1.1998294154307871
12820 3.3349479961209547
12903 4.359452312635343
12946 0.5932811842197597
13106 2.335070548138534
13208 1.3115342859107813
13353 1.961557039836972
13440 2.9540974487767095
13451 3.4431615807611875
13475 3.8204558119026557
13553 -0.37046075994419203
13718 1.3425178314307487
13726 4.513602992462601
13828 3.3349479961209547
13845 2.001297368486486
13943 6.9985096422506015
14072 3.3609234825242154
14078 2.5098732725184614
14186 4.513602992462601
14196 2.511906961666574
14237 -0.6972483483041599
14267 -0.3823693933135151
14313 1.6466515087745348
14352 0.9464204733261844
14433 4.22592092001082
14493 3.3096301881366648
14499 6.9985096422506015
14500 16.432551537417748
14516 2.1782280766455644
14517 6.9985096422506015
14519 3.086486636822455
14523 2.8553749158590684
14571 3.2373095265570386
14590 1.8337236683270872
14593 3.8630154263214513
14594 4.695924549256556
14595 12.610724923381312
14652 5.612215281130711
14885 5.612215281130711
14906 0.4013639403639497
15057 1.152070867192877
15169 2.335070548138534
15230 5.612215281130711
15261 4.433560284789064
15332 -4.656935190436861
15347 6.9985096422506015
15407 2.2711218235382606
15453 2.236335707452845
15518 5.641547489501538
15580 3.8630154263214513
15771 0.04619142958929879
15783 4.808383693383263
15786 0.8981906902305371
15814 2.262311193856106
15846 5.612215281130711
