217
241 1.6902419448493964
657 2.0640357091199095
683 3.3609234825242154
705 3.9074671888922854
730 2.298029276458185
1122 3.1698682457615064
1189 5.8998973535824915
1281 4.695924549256556
1379 1.0740829317937672
1690 2.455214859980597
1750 1.1068654304248302
1839 2.093234863812172
1842 6.086089028023802
1886 3.1273086313427103
1922 3.390409468383051
1923 2.211017899468555
1942 3.383107790185988
1954 2.750014400201242
2233 3.260840023967233
2235 3.2849375755462935
2240 1.65617539028579
2269 1.8686109273275278
2271 0.34178311807220957
2351 1.5647876386963615
2421 3.0863770537857995
2450 -2.4434275828144427
2491 4.695924549256556
2534 3.2373095265570386
2595 2.5211728277723946
2597 2.1157077196642304
2602 5.052599493195288
2630 4.22592092001082
2631 0.21292199724267172
2639 5.208120975156325
2674 1.0272478024601386
2754 19.70962545327776
2940 1.6278716141229383
3120 4.814646287694719
3186 2.576165249751463
3192 1.0095482253607377
3215 1.7699425535733089
3324 11.799794707164983
3635 3.155949285956631
3717 3.8204558119026557
3788 2.750014400201242
3820 1.7890234894091803
3896 1.403798262648762
3902 4.8012850649143815
4004 9.778531002600241
4026 2.8876357780772897
4053 -0.07476007520910928
4145 6.0242311664155945
4158 0.24480352358973634
4198 3.7796338173824005
4230 2.0149030205422647
4284 3.9074671888922854
4297 3.3096301881366648
4319 4.099499503744866
4407 3.414990703794491
4586 3.009525595686327
4608 4.222567985219234
4700 5.612215281130711
4750 0.33155284982139466
4838 5.892226812475269
4876 2.2449194511442365
4878 1.3672978604292356
4914 2.8679784698558155
4943 4.22592092001082
5039 2.735829765209286
5055 2.2278250177849364
5058 3.5327737394508745
5339 2.356853423796479
5369 3.047265923669174
5436 2.8876357780772897
5491 3.597312260588446
5680 1.5913378707904824
5755 4.513602992462601
5852 2.4876501357337513
5933 2.955458374416051
5983 3.975748696308691
5993 3.4087215383268155
6007 4.290459441148391
6047 6.019051191372654
6083 3.3349479961209547
6158 4.910429719961194
6170 8.718904625270685
6360 3.21432000833234
6376 3.0666840095262753
6387 2.9911764570181303
6389 3.1273086313427103
6447 1.2880826248757316
6468 3.1483620405405426
6583 3.4517790046754495
6614 6.019051191372654
6787 2.288979440938267
7025 1.0095482253607377
7104 -0.6634879166512921
7210 7.427384342991766
7344 1.6325336272287498
7401 1.886521853894058
7487 1.8167260919585162
7497 0.7014003223166658
7534 2.485534857327378
7559 4.108137884354437
7808 2.8396265588909295
7892 1.5517722705842913
7906 1.4339892349279078
7932 1.8745456628473423
7991 1.3149298749119196
8007 1.904759441443839
8032 0.5108256237659907
8072 6.305362461690656
8401 3.8204558119026557
8439 0.4690908039883759
8444 1.7890234894091803
8667 7.726030852642903
8708 1.4810567457858934
8736 1.1933746733341126
8823 3.1066893441399746
8850 1.7153059135126125
8890 2.2800107709555064
8904 2.1863252868781835
9106 1.0850066366123312
9110 2.035665011990694
9113 4.108137884354437
9159 6.9985096422506015
9292 2.5441623459970937
9345 2.66777630196427
9355 2.1782280766455644
9365 1.4972514317058743
9391 2.735829765209286
9481 1.7727629685373998
9589 1.3115342859107813
9748 2.6547042203969173
9986 2.0568672196412967
9990 5.671785603171225
10194 2.455214859980597
10196 5.042345655544789
10261 3.9539872045271784
10329 -0.4201813914191953
10348 6.305362461690656
10437 1.3672978604292356
10561 1.6003469407328483
10867 2.9066643955420775
10889 3.086486636822455
11032 2.175425996420148
11089 1.1549652252192415
11106 2.021775899830027
11148 4.713706847592958
11218 0.5720211847929105
11228 3.3096301881366648
11287 2.0286963426746007
11299 -0.5211827618659379
11305 2.0640357091199095
11312 3.3096301881366648
11384 6.721846965048431
11461 2.146479378330984
11468 4.22592092001082
11491 1.8745456628473423
11840 3.3804838896987928
11887 6.669895992241909
11894 6.071482875634439
11943 2.455214859980597
11952 1.5958322603783217
11969 1.5164675941596633
12043 2.498699971920336
12081 2.363780654020965
12089 2.8088549002241754
12122 1.1963912668735384
12137 12.49349985960168
12429 5.206750173022546
12459 4.108137884354437
12460 1.466416859025783
12504 4.359452312635343
12598 5.019746545036923
12708 1.5958322603783217
12717 1.7997441231461808
12946 4.746249473758078
12947 6.305362461690656
13029 1.6609715625492831
13080 0.8123010183501074
13314 2.0286963426746007
13440 1.4770487243883548
13527 2.049749751872433
13547 1.6003469407328483
13576 3.9074671888922854
13670 2.6164830075767194
13672 3.052477937158253
13867 1.087712998210074
14044 1.4611753752320646
14196 1.6746046411110493
14237 -0.6972483483041599
14267 -1.9118469665675755
14371 4.600614369452231
14381 0.457735330796197
14435 2.3933394562625097
14473 3.2849375755462935
14498 3.0282177286984795
14523 2.8553749158590684
14563 2.6418008155610093
15057 1.152070867192877
15063 3.2373095265570386
15076 3.21432000833234
15121 1.5868635903955612
15159 5.206750173022546
15187 1.994563336305142
15209 2.579669034454003
15259 2.6641659082763383
15332 -12.418493841164961
15341 1.5919482501253577
15407 2.2711218235382606
15468 1.1549652252192415
15570 2.7218435232345457
15587 1.2947271675944
15771 0.023095714794649395
15783 0.9616767386766525
15786 0.8981906902305371
