186
703 3.7026727762462723
894 5.389071729816501
1018 3.7796338173824005
1292 6.9985096422506015
1516 4.359452312635343
1702 3.3609234825242154
1750 3.320596291274491
1777 5.612215281130711
1796 6.9985096422506015
1830 3.1066893441399746
1902 2.0149030205422647
1938 2.66777630196427
1977 2.6040604875781623
2019 4.689098584186156
2167 2.66777630196427
2271 0.6835662361444191
2351 1.5647876386963615
2420 6.9985096422506015
2421 1.5431885268928998
2458 2.162227735299123
2461 14.008008323136483
2631 0.6387659917280152
2638 2.130975191795019
2820 2.4446327506500602
2973 4.919068100570765
2986 6.305362461690656
3215 0.589980851191103
3277 9.201228738904462
3329 1.981229805435677
3516 2.0785287164224764
3578 0.6015799870344548
3657 2.6164830075767194
3690 1.4972514317058743
3700 1.2947271675944
3804 2.750014400201242
3901 2.363780654020965
4053 -0.14952015041821856
4070 4.427461721699321
4158 0.030600440448717042
4214 2.465910149097345
4223 2.1863252868781835
4230 2.0149030205422647
4286 2.130975191795019
4291 8.216275768708874
4301 3.597312260588446
4386 4.600614369452231
4405 2.6920409239639014
4625 1.8452180477528222
4650 4.695924549256556
4717 5.8998973535824915
4931 5.8998973535824915
4989 4.006647486343966
5040 1.4378280112350734
5103 3.414990703794491
5228 5.8998973535824915
5290 3.740413104229119
5484 0.9464204733261844
5539 3.430611827025225
5596 3.5645224377654547
5680 3.182675741580965
5722 3.3609234825242154
5879 4.359452312635343
5900 2.8553749158590684
5901 2.455214859980597
5999 2.5098732725184614
6043 1.5913378707904824
6276 6.305362461690656
6402 1.4112609838503516
6447 1.2880826248757316
6583 1.7258895023377248
6735 4.108137884354437
6787 2.288979440938267
6809 6.9985096422506015
7072 1.9486536350010641
7107 6.9985096422506015
7459 2.1944885975173447
7551 4.8012850649143815
7578 1.5646118380827554
7700 3.7026727762462723
7826 6.254617262685421
7968 3.047265923669174
7981 2.0426825846493406
7991 1.3149298749119196
8018 4.22592092001082
8089 2.681021528714291
8090 8.94534282981138
8117 3.3349479961209547
8140 5.8998973535824915
8148 3.7796338173824005
8242 2.035665011990694
8274 6.305362461690656
8405 3.3096301881366648
8447 3.9074671888922854
8710 0.551203779709388
8712 3.3349479961209547
8768 5.389071729816501
8784 2.146479378330984
8799 3.502002080784121
8823 3.1066893441399746
9069 3.260840023967233
9118 6.9985096422506015
9301 5.612215281130711
9384 1.3355491621146554
9423 2.8876357780772897
9481 3.5455259370747996
9589 1.3115342859107813
9686 3.6312138122641273
9709 1.082307579643166
9768 5.052599493195288
9833 3.8630154263214513
9990 0.5671785603171224
10029 2.4237986637472186
10112 4.359452312635343
10199 2.3256808077886952
10209 4.290459441148391
10487 1.981229805435677
10670 3.086486636822455
10677 4.433560284789064
10678 6.866938322814802
10749 1.1754637467675824
10825 2.0149030205422647
10903 2.476721065201561
10909 2.7790019370744945
10957 4.433560284789064
11170 2.5676928434072877
11299 -1.5635482855978138
11336 4.433560284789064
11386 2.1157077196642304
11419 3.1273086313427103
11481 1.6186122887101415
11615 4.695924549256556
11874 4.513602992462601
11894 1.5178707189086098
11908 3.0693556744499824
11945 1.9550845253313545
11969 0.7582337970798316
12001 2.5676928434072877
12063 3.9074671888922854
12091 5.8998973535824915
12175 2.955458374416051
12404 1.485080896085619
12554 1.6609715625492831
12708 1.5958322603783217
12773 1.7652350335351346
12782 6.305362461690656
13037 5.389071729816501
13039 6.42864001666468
13108 4.560021541911013
13295 5.206750173022546
13354 1.8280256472124494
13440 5.908194897553419
13553 -1.4818430397767681
13672 1.5262389685791264
13891 0.6065925288579992
14012 3.8630154263214513
14044 2.9223507504641293
14072 3.3609234825242154
14135 2.3541187431092285
14167 3.7026727762462723
14195 1.7781538171722764
14237 -1.3944966966083199
14300 6.9985096422506015
14352 0.9464204733261844
14381 0.2288676653980985
14490 3.3096301881366648
14529 2.8088549002241754
14670 6.9985096422506015
14774 6.9985096422506015
14906 0.4013639403639497
15057 1.152070867192877
15155 0.6904112007410705
15212 3.7796338173824005
15241 12.2236534994278
15332 -4.656935190436861
15407 2.2711218235382606
15472 2.735829765209286
15517 1.886521853894058
15551 1.1578679848772029
15624 3.8630154263214513
15672 0.7275212103923018
15685 0.8716404581364162
15692 3.8204558119026557
15752 6.9985096422506015
15765 4.290459441148391
15783 0.48083836933832624
15814 2.262311193856106
