151
3 3.0666840095262753
657 2.0640357091199095
660 6.305362461690656
729 4.8012850649143815
800 2.434161450782765
818 6.9985096422506015
881 4.919068100570765
978 2.298029276458185
1060 0.3108345320827577
1122 3.1698682457615064
1379 0.5370414658968836
1516 4.359452312635343
1626 6.9985096422506015
1686 1.1549652252192415
1692 2.1944885975173447
1750 1.1068654304248302
1839 2.093234863812172
1942 1.691553895092994
1954 5.500028800402484
2015 4.108137884354437
2026 2.681021528714291
2038 1.880515829833846
2240 1.65617539028579
2334 0.7939518796819108
2407 2.236335707452845
2450 -0.6108568957036107
2538 1.422560539104285
2592 2.938066631704182
2621 4.108137884354437
2754 3.2849375755462935
3062 2.8396265588909295
3215 1.179961702382206
3374 1.9680717208581657
3454 6.94429823526888
3632 6.94429823526888
3807 2.3256808077886952
4096 3.3609234825242154
4158 0.18360264269230225
4208 1.5220460903190904
4230 2.0149030205422647
4261 2.262311193856106
4265 3.5327737394508745
4309 2.681021528714291
4366 1.9878743481543455
4432 3.740413104229119
4608 5.630090646958978
4613 2.211017899468555
4750 0.33155284982139466
4765 5.6600533338756085
4846 2.021775899830027
5040 4.313484033705221
5270 4.433560284789064
5279 3.4820285404456395
5284 3.5645224377654547
5307 2.9911764570181303
5340 3.3349479961209547
5392 2.130975191795019
5430 2.750014400201242
5491 3.597312260588446
5739 2.8876357780772897
5905 1.7835738846416156
5929 3.3096301881366648
5973 4.4311461731650645
5983 1.9878743481543455
6047 6.019051191372654
6049 2.035665011990694
6136 1.457246097092175
6216 4.786678912525019
6302 4.165296298194385
6338 4.827084327160058
6358 4.290459441148391
6520 4.695924549256556
6583 2.588834253506587
6589 4.513602992462601
6622 2.579669034454003
6697 4.22592092001082
6984 3.7796338173824005
7058 3.7026727762462723
7072 1.9486536350010641
7104 -0.6634879166512921
7277 5.206750173022546
7286 1.4112609838503516
7363 9.85481272663888
7487 1.8167260919585162
7620 6.5589758606345505
7764 1.7052048175261088
8276 3.21432000833234
8401 3.8204558119026557
8643 2.001297368486486
8708 1.4810567457858934
8736 1.1933746733341126
8816 1.7255100836868542
8822 2.2800107709555064
8978 1.6140145794615122
9110 2.035665011990694
9640 2.8088549002241754
9817 3.9550110997006014
9982 3.7796338173824005
9990 3.970249922219857
10194 2.455214859980597
10296 3.2849375755462935
10867 2.9066643955420775
10886 2.87137525720551
10909 2.7790019370744945
11106 2.021775899830027
11148 1.1784267118982394
11168 1.2781978656431896
11218 0.5720211847929105
11788 3.3096301881366648
11828 2.955458374416051
11934 4.05407066308416
11984 2.4237986637472186
12006 14.777291872080255
12043 2.498699971920336
12081 2.363780654020965
12089 2.8088549002241754
12122 2.3927825337470767
12254 2.335070548138534
12455 -0.2152586658680402
12550 4.290459441148391
12595 4.689098584186156
12853 1.152070867192877
12872 5.8998973535824915
12946 7.119374210637117
13222 10.244972111383474
13440 2.9540974487767095
13495 3.9539872045271784
13530 3.9539872045271784
13760 7.559267634764801
13812 4.165296298194385
13919 3.597312260588446
14104 3.420485223112132
14196 1.6746046411110493
14237 -2.7889933932166397
14399 3.502002080784121
14504 7.907974409054357
15057 5.760354335964385
15076 3.21432000833234
15121 1.5868635903955612
15155 1.380822401482141
15169 2.335070548138534
15332 -6.209246920582481
15341 0.7959741250626788
15424 3.6222476728196926
15471 0.6940608398286201
15651 1.1377234187847354
15672 1.4550424207846036
15731 2.9911764570181303
15771 0.023095714794649395
15783 0.48083836933832624
15814 2.262311193856106
