437
3 3.0666840095262753
194 0.7699986386594181
254 2.498699971920336
389 3.2838467351571774
422 5.33555260392854
473 3.1273086313427103
474 4.513602992462601
496 2.2800107709555064
500 2.1701959049483
530 2.66777630196427
531 6.9985096422506015
578 3.740413104229119
640 5.8998973535824915
657 2.0640357091199095
660 6.305362461690656
861 3.5645224377654547
881 4.919068100570765
978 2.298029276458185
989 4.433560284789064
1060 0.24866762566620615
1171 2.9209721983448818
1194 5.206750173022546
1347 4.919068100570765
1379 0.5370414658968836
1412 6.305362461690656
1492 5.8998973535824915
1536 6.305362461690656
1662 6.305362461690656
1686 1.1549652252192415
1748 4.359452312635343
1829 4.600614369452231
1842 2.0286963426746007
1863 5.8998973535824915
1869 4.433560284789064
1902 2.0149030205422647
1924 4.577958881876534
1942 3.383107790185988
1954 2.750014400201242
2019 2.344549292093078
2021 2.70805020110221
2070 5.892226812475269
2103 2.4446327506500602
2118 3.9539872045271784
2129 5.8998973535824915
2144 6.9985096422506015
2176 2.383389125409342
2271 1.0253493542166288
2311 4.8012850649143815
2328 2.9911764570181303
2334 0.7939518796819108
2356 5.362043057428582
2391 5.206750173022546
2400 5.612215281130711
2406 2.9209721983448818
2421 1.5431885268928998
2450 -0.6108568957036107
2452 8.712912306582258
2458 2.162227735299123
2478 5.389071729816501
2484 2.629859749823839
2519 1.6902419448493964
2538 4.267681617312855
2585 3.9074671888922854
2597 4.231415439328461
2631 1.7033759779413737
2640 5.471659530418572
2674 2.054495604920277
2682 4.108137884354437
2693 5.052599493195288
2705 1.6657908489852322
2721 5.389071729816501
2754 3.2849375755462935
2755 3.260840023967233
2766 3.0666840095262753
2779 9.83813620114153
2853 3.414990703794491
2862 4.407241664217533
2920 0.6795415285041667
2964 0.900435360084361
3062 2.8396265588909295
3065 4.290459441148391
3068 5.384081847927803
3120 6.419528383592959
3132 3.2373095265570386
3146 6.9985096422506015
3157 4.919068100570765
3168 2.824122372354964
3186 3.8642478746271944
3192 2.0190964507214755
3215 2.949904255955515
3223 7.563518483317184
3282 4.290459441148391
3374 1.9680717208581657
3379 3.1918471524802814
3380 4.708237486218457
3482 6.6192603762733295
3516 2.0785287164224764
3578 2.4063199481378192
3597 2.8876357780772897
3635 1.5779746429783155
3665 4.359452312635343
3690 4.491754295117623
3708 3.8630154263214513
3767 4.919068100570765
3785 2.87137525720551
3824 4.00277736869661
3831 4.290459441148391
3861 4.8012850649143815
3896 2.807596525297524
3982 2.153862445213571
3995 7.00594228036046
4004 2.4446327506500602
4006 5.309408440793835
4053 -0.07476007520910928
4070 2.2137308608496604
4081 3.1066893441399746
4088 3.5645224377654547
4096 3.3609234825242154
4114 1.3890378470656415
4158 0.1530022022435852
4214 2.465910149097345
4230 4.029806041084529
4241 2.4033897921160112
4301 3.597312260588446
4302 1.8000126109847754
4306 6.305362461690656
4341 2.6547042203969173
4370 4.919068100570765
4405 1.3460204619819507
4508 4.108137884354437
4522 0.5207142953092883
4570 4.433560284789064
4592 3.0282177286984795
4608 1.4075226617397445
4619 3.2849375755462935
4644 6.9985096422506015
4748 5.8998973535824915
4793 5.052599493195288
4838 4.419170109356452
4840 2.938066631704182
4852 1.258716730071367
4902 5.206750173022546
4970 1.9746291214043248
4989 1.3355491621146554
5017 3.260840023967233
5040 4.313484033705221
5055 2.2278250177849364
5078 5.612215281130711
5151 7.667575157280854
5238 3.6312138122641273
5279 1.7410142702228197
5290 3.740413104229119
5319 3.086486636822455
5392 2.130975191795019
5410 4.513602992462601
5419 3.8630154263214513
5421 3.8630154263214513
5464 3.5327737394508745
5484 1.8928409466523688
5491 3.597312260588446
5496 4.600614369452231
5539 1.7153059135126125
5597 3.2373095265570386
5615 2.049749751872433
5668 2.955458374416051
5670 4.513602992462601
5676 3.502002080784121
5680 6.36535148316193
5694 4.919068100570765
5715 3.502002080784121
5755 4.513602992462601
5809 2.363780654020965
5832 6.9985096422506015
5879 4.359452312635343
5905 1.7835738846416156
5973 1.4770487243883548
5983 3.975748696308691
5993 4.260901922908519
6021 7.559267634764801
6133 4.359452312635343
6136 2.91449219418435
6164 2.6290617897835795
6307 6.474619053114077
6338 2.413542163580029
6345 3.414990703794491
6351 2.8088549002241754
6376 6.133368019052551
6380 5.389071729816501
6402 1.4112609838503516
6433 3.0924137447604148
6447 1.2880826248757316
6583 6.040613258182036
6675 2.5098732725184614
6697 4.22592092001082
6721 4.766778250818684
6736 5.612215281130711
6787 9.155917763753068
6872 2.6095550068958033
7019 2.130975191795019
7025 6.057289352164426
7044 3.761031659667692
7058 7.405345552492545
7065 2.6040604875781623
7072 1.9486536350010641
7104 -1.9904637499538764
7210 7.427384342991766
7255 3.9074671888922854
7286 1.4112609838503516
7314 5.052599493195288
7339 3.5327737394508745
7401 1.886521853894058
7430 3.3096301881366648
7487 3.6334521839170324
7489 4.108137884354437
7500 5.612215281130711
7501 6.9985096422506015
7527 2.681021528714291
7563 2.335070548138534
7591 4.085365169298681
7620 2.1863252868781835
7647 3.3096301881366648
7813 2.0291467231268214
7880 6.305362461690656
7932 1.8745456628473423
7935 2.335070548138534
7941 3.740413104229119
7965 1.886521853894058
7991 1.3149298749119196
8007 1.904759441443839
8032 2.5541281188299534
8055 2.9041650800285006
8078 1.9359146092236343
8079 5.612215281130711
8084 5.8998973535824915
8086 3.3096301881366648
8089 2.681021528714291
8090 4.47267141490569
8138 4.8012850649143815
8151 5.206750173022546
8211 4.600614369452231
8216 4.00277736869661
8388 4.919068100570765
8401 3.8204558119026557
8439 2.3454540199418794
8582 5.512435106133805
8615 2.6944445490464313
8643 4.002594736972972
8710 0.551203779709388
8728 4.00277736869661
8736 1.1933746733341126
8799 7.004004161568242
8823 3.1066893441399746
8850 1.7153059135126125
8869 2.1782280766455644
8920 4.433560284789064
8926 5.052599493195288
9010 5.8419443966897635
9106 1.0850066366123312
9170 0.6116303228879563
9204 2.5098732725184614
9223 9.141797771007521
9280 3.502002080784121
9345 2.66777630196427
9355 2.1782280766455644
9384 2.6710983242293107
9483 3.6312138122641273
9496 5.612215281130711
9502 6.9985096422506015
9531 1.67063347346102
9534 5.500028800402484
9537 1.963887624372811
9589 1.3115342859107813
9640 2.8088549002241754
9686 7.262427624528255
9698 1.9878743481543455
9719 4.290459441148391
9748 2.6547042203969173
9791 2.344549292093078
9895 4.577958881876534
9939 6.9985096422506015
9986 2.0568672196412967
9990 3.4030713619027346
10058 2.6040604875781623
10154 3.3609234825242154
10194 2.455214859980597
10257 6.9985096422506015
10326 0.5230769255465112
10329 -0.630272087128793
10381 4.8012850649143815
10383 5.8998973535824915
10422 1.4175881426832082
10473 3.5563076343445528
10487 3.962459610871354
10503 2.413542163580029
10561 3.2006938814656967
10677 8.867120569578129
10678 11.444897204691335
10680 6.9985096422506015
10796 3.8630154263214513
10802 5.206750173022546
10847 4.290459441148391
10859 3.086486636822455
10867 2.9066643955420775
10868 -0.7414442912474055
10909 2.7790019370744945
11023 3.8642478746271944
11148 4.713706847592958
11170 2.5676928434072877
11218 0.5720211847929105
11299 -1.0423655237318759
11305 2.0640357091199095
11323 3.597312260588446
11334 1.994563336305142
11416 2.1782280766455644
11453 1.3637200390813515
11456 5.389071729816501
11460 4.513602992462601
11461 2.146479378330984
11524 1.5178707189086098
11580 2.5441623459970937
11665 3.5645224377654547
11671 2.2535775138873513
11695 3.6312138122641273
11704 3.1483620405405426
11707 3.2373095265570386
11816 1.9296054400303697
11887 3.3349479961209547
11894 1.5178707189086098
11952 1.5958322603783217
12006 2.955458374416051
12075 2.938066631704182
12078 6.818600195406757
12081 2.363780654020965
12089 2.8088549002241754
12193 4.05407066308416
12213 6.094531847338348
12263 2.579669034454003
12341 2.8088549002241754
12383 1.2523064517104479
12438 5.612215281130711
12455 -0.4305173317360804
12460 2.932833718051566
12504 4.359452312635343
12543 3.5645224377654547
12554 1.6609715625492831
12660 2.035665011990694
12668 4.22592092001082
12674 1.5779746429783155
12684 6.9985096422506015
12708 1.5958322603783217
12717 0.5999147077153936
12792 3.8204558119026557
12793 2.87137525720551
12826 1.2619373447714093
12837 3.4431615807611875
12853 1.152070867192877
12891 3.7796338173824005
12904 3.4431615807611875
12946 5.339530657977837
13058 4.00277736869661
13071 6.17297327364491
13080 0.8123010183501074
13133 8.867120569578129
13180 3.666305132075397
13208 3.9346028577323438
13251 4.290459441148391
13289 3.4820285404456395
13333 3.666305132075397
13366 5.389071729816501
13404 6.9985096422506015
13438 2.555858385760285
13440 2.9540974487767095
13484 5.052599493195288
13495 3.9539872045271784
13501 2.5211728277723946
13508 3.4510201673737084
13553 -1.4818430397767681
13667 3.9539872045271784
13670 2.6164830075767194
13726 4.513602992462601
13843 2.1782280766455644
13845 2.001297368486486
13872 5.052599493195288
13891 1.2131850577159984
13922 1.8986432144264027
13930 1.3601549729168554
13951 4.22592092001082
14078 2.5098732725184614
14081 4.359452312635343
14136 1.4810567457858934
14186 4.513602992462601
14194 3.7026727762462723
14195 3.5563076343445528
14267 -1.9118469665675755
14309 1.5137127087599462
14352 1.8928409466523688
14357 2.476721065201561
14370 3.666305132075397
14381 0.2288676653980985
14416 0.7739512129752414
14435 2.3933394562625097
14544 3.666305132075397
14586 4.05407066308416
14816 5.389071729816501
14830 2.7790019370744945
14906 1.204091821091849
15037 2.3163784151263815
15057 1.152070867192877
15063 3.2373095265570386
15076 3.21432000833234
15159 5.206750173022546
15169 4.670141096277068
15332 -15.523117301456201
15341 0.7959741250626788
15371 4.8012850649143815
15373 0.814360751313118
15397 2.001297368486486
15413 1.2781978656431896
15424 1.8111238364098463
15455 4.695924549256556
15471 0.6940608398286201
15472 2.735829765209286
15502 9.027205984925201
15518 7.522063319335384
15551 1.1578679848772029
15567 10.105198986390576
15575 4.108137884354437
15600 3.009525595686327
15650 2.130975191795019
15672 2.1825636311769054
15685 2.6149213744092488
15692 3.8204558119026557
15702 2.8553749158590684
15709 2.1863252868781835
15783 3.84670695470661
15786 1.7963813804610742
15842 5.8998973535824915
