279
389 1.6419233675785887
473 3.1273086313427103
927 2.0785287164224764
1060 0.24866762566620615
1171 8.762916595034646
1356 2.363780654020965
1379 1.6111243976906509
1381 2.6547042203969173
1686 2.309930450438483
1755 3.47214911763444
1757 3.9539872045271784
1839 2.093234863812172
1861 5.612215281130711
1942 0.845776947546497
1957 1.8223599096767722
1958 6.9985096422506015
1979 3.9539872045271784
2103 2.4446327506500602
2176 2.383389125409342
2247 4.438772298278144
2271 0.34178311807220957
2317 5.389071729816501
2404 4.165296298194385
2437 4.108137884354437
2450 -3.0542844785180536
2588 4.108137884354437
2631 0.21292199724267172
2640 2.735829765209286
2705 1.6657908489852322
2706 3.6312138122641273
2755 3.260840023967233
2920 1.3590830570083334
2935 0.6320391945191633
3023 6.9985096422506015
3132 3.2373095265570386
3275 3.666305132075397
3374 1.9680717208581657
3506 5.743958697400005
3598 5.833135824835422
3614 7.189140056175367
3657 2.6164830075767194
3661 4.165296298194385
3696 4.695924549256556
3737 1.8055527913603908
3754 11.799794707164983
3774 3.4510201673737084
3807 2.3256808077886952
3814 2.236335707452845
3942 3.3875917296063767
3957 4.695924549256556
4053 -0.22428022562732786
4158 0.030600440448717042
4191 4.108137884354437
4199 3.8630154263214513
4321 2.8553749158590684
4362 6.9985096422506015
4366 3.975748696308691
4593 3.9074671888922854
4621 5.443687046469091
4625 1.8452180477528222
4750 1.6577642491069733
4783 2.1782280766455644
4838 1.4730567031188173
4857 2.0712559570933964
4876 2.2449194511442365
4878 1.3672978604292356
4909 1.4690805547391779
4964 1.6918893703894442
4982 4.919068100570765
5040 1.4378280112350734
5067 2.2278250177849364
5073 4.290459441148391
5110 1.8452180477528222
5116 3.923114079673944
5154 2.4446327506500602
5249 3.3096301881366648
5251 6.9985096422506015
5269 4.8012850649143815
5306 6.9985096422506015
5316 2.236335707452845
5330 8.10814132616832
5443 2.9041650800285006
5539 3.430611827025225
5554 4.216321028057695
5555 2.4033897921160112
5563 6.213378688279949
5630 0.23830767558032406
5643 7.814934377784571
5889 2.4033897921160112
5929 3.3096301881366648
5981 8.566124747577206
5983 1.9878743481543455
6078 2.555858385760285
6081 6.9985096422506015
6140 2.211017899468555
6228 1.2947271675944
6235 2.454137038241171
6387 2.9911764570181303
6389 3.1273086313427103
6433 0.5154022907934025
6447 1.2880826248757316
6583 1.7258895023377248
6675 2.5098732725184614
6688 1.8925641683500207
6754 1.2024518914852294
6776 1.942263836902293
6887 16.128992140700277
6932 6.9985096422506015
7104 -3.3174395832564607
7170 6.474449154840566
7295 3.7026727762462723
7306 2.4876501357337513
7363 3.2849375755462935
7460 5.052599493195288
7487 1.8167260919585162
7497 1.4028006446333317
7557 3.3349479961209547
7578 1.5646118380827554
7591 4.085365169298681
7772 4.165296298194385
7812 5.612215281130711
7885 3.9539872045271784
7998 4.433560284789064
8018 4.22592092001082
8043 1.730651483187273
8047 6.9985096422506015
8050 4.165296298194385
8089 2.681021528714291
8096 4.359996593313117
8148 3.7796338173824005
8262 2.0712559570933964
8286 6.305362461690656
8490 22.448861124522843
8660 1.675499663112193
8708 1.4810567457858934
8723 1.5262389685791264
8736 1.1933746733341126
8754 12.610724923381312
8809 4.919068100570765
8850 1.7153059135126125
8880 1.67063347346102
8957 5.052599493195288
9106 1.0850066366123312
9122 1.3744921360632627
9154 4.93182029819469
9230 3.3096301881366648
9292 2.5441623459970937
9365 1.4972514317058743
9453 4.8012850649143815
9481 3.5455259370747996
9483 3.6312138122641273
9504 3.5327737394508745
9798 3.1698682457615064
9970 0.9675939027561428
10050 5.612215281130711
10076 2.750014400201242
10163 3.9074671888922854
10217 2.15432255579201
10231 3.2373095265570386
10298 4.05407066308416
10307 5.135385686814575
10325 1.8925641683500207
10514 3.8630154263214513
10573 6.9985096422506015
10579 5.052599493195288
10610 3.6312138122641273
10678 2.288979440938267
10749 1.1754637467675824
10825 8.059612082169059
10868 -0.5560832184355542
10886 2.87137525720551
10905 4.695924549256556
10940 6.305362461690656
11012 4.919068100570765
11023 1.2880826248757316
11027 2.556395731286379
11032 1.087712998210074
11037 4.05407066308416
11044 3.9074671888922854
11089 2.309930450438483
11106 4.043551799660054
11110 0.8102455191680114
11116 1.9109133070182172
11128 6.9985096422506015
11148 1.1784267118982394
11266 2.9041650800285006
11270 4.05407066308416
11287 2.0286963426746007
11294 4.600614369452231
11299 -2.0847310474637517
11304 1.2054960338664575
11379 2.0426825846493406
11386 4.231415439328461
11409 3.502002080784121
11481 1.6186122887101415
11491 1.8745456628473423
11570 1.1933746733341126
11582 4.359452312635343
11712 9.201228738904462
11800 5.052599493195288
11943 2.455214859980597
11952 1.5958322603783217
12034 4.662007760734267
12051 3.5645224377654547
12362 6.305362461690656
12383 1.2523064517104479
12400 2.9209721983448818
12455 -0.4305173317360804
12457 3.2373095265570386
12460 0.7332084295128914
12548 5.389071729816501
12581 6.9985096422506015
12717 1.1998294154307871
12792 3.8204558119026557
12960 3.1918471524802814
12978 2.383389125409342
13001 1.4730567031188173
13039 6.42864001666468
13052 3.260840023967233
13061 6.9985096422506015
13108 2.2800107709555064
13233 4.8012850649143815
13263 4.695924549256556
13271 3.3875917296063767
13401 2.465910149097345
13440 2.9540974487767095
13494 3.21432000833234
13651 5.389071729816501
13672 1.5262389685791264
13711 9.201228738904462
13719 7.814934377784571
13843 2.1782280766455644
13860 5.052599493195288
13891 1.8197775865739976
13913 5.679253117781859
13930 1.3601549729168554
13982 6.9985096422506015
14061 4.8012850649143815
14093 5.946315903030904
14104 1.710242611556066
14196 0.8373023205555247
14237 -1.3944966966083199
14267 -0.7647387866270302
14296 4.8012850649143815
14313 1.6466515087745348
14381 0.457735330796197
14586 4.05407066308416
14588 2.0785287164224764
14633 2.6547042203969173
14642 5.612215281130711
14682 3.0863770537857995
14780 4.513602992462601
14830 2.7790019370744945
14908 2.476721065201561
14935 5.612215281130711
14945 5.389071729816501
15057 1.152070867192877
15098 4.919068100570765
15181 1.751485570090115
15192 1.489121305622624
15241 3.4924724284079427
15288 6.42864001666468
15313 3.834210554532276
15332 -6.209246920582481
15338 4.290459441148391
15341 2.3879223751880367
15373 0.814360751313118
15407 2.2711218235382606
15413 2.556395731286379
15424 1.8111238364098463
15449 4.8012850649143815
15471 0.6940608398286201
15484 2.9911764570181303
15551 3.4736039546316086
15595 1.3320829541381691
15672 0.7275212103923018
15694 2.938066631704182
15771 0.023095714794649395
15783 0.48083836933832624
