114
73 5.389071729816501
289 3.086486636822455
302 1.7153059135126125
401 3.1698682457615064
495 2.8396265588909295
521 1.8986432144264027
657 2.0640357091199095
1686 1.1549652252192415
1750 1.1068654304248302
1839 2.093234863812172
1909 2.8876357780772897
2271 0.34178311807220957
2357 1.1873686492739008
2657 3.3609234825242154
2659 3.4431615807611875
2674 1.0272478024601386
2709 4.695924549256556
2924 2.0286963426746007
3313 9.391849098513111
3374 1.9680717208581657
3482 3.3096301881366648
3489 1.942263836902293
3737 1.8055527913603908
3877 6.339736491523013
3896 1.403798262648762
4179 3.414990703794491
4241 4.8067795842320225
4247 2.3163784151263815
4309 2.681021528714291
4407 10.244972111383474
4608 1.4075226617397445
4761 6.305362461690656
4846 2.021775899830027
4976 2.288979440938267
5020 6.42864001666468
5039 2.735829765209286
5055 2.2278250177849364
5083 1.5735596247691985
5101 3.414990703794491
5181 2.288979440938267
5484 0.9464204733261844
5955 2.434161450782765
5959 6.94429823526888
5973 1.4770487243883548
5993 0.8521803845817039
6164 2.6290617897835795
6262 6.886323161522375
6447 1.2880826248757316
6872 1.3047775034479017
6878 2.8553749158590684
7104 -1.3269758333025843
7154 9.83813620114153
7286 1.4112609838503516
7700 3.7026727762462723
7768 3.3096301881366648
8556 7.289439638707089
8890 2.2800107709555064
9106 1.0850066366123312
9537 1.963887624372811
9554 1.271661894663404
9624 5.612215281130711
9709 2.164615159286332
9719 4.290459441148391
10163 3.9074671888922854
10209 4.290459441148391
10210 5.982352914036261
10250 2.9209721983448818
10306 2.15432255579201
10325 1.8925641683500207
10329 -0.4201813914191953
10331 4.600614369452231
10341 3.1698682457615064
10437 4.101893581287706
10749 1.1754637467675824
10872 1.6048820958982397
10932 4.600614369452231
11304 1.2054960338664575
11671 2.2535775138873513
11840 1.6902419448493964
11969 1.5164675941596633
12023 3.6312138122641273
12028 2.591790394986348
12060 1.5220460903190904
12081 2.363780654020965
12093 1.6803896484063847
12120 10.598321218352623
12361 14.403855194743144
12383 1.2523064517104479
12407 1.67038967643192
12455 -0.6457759976041206
12594 4.513602992462601
12669 4.433560284789064
12826 1.2619373447714093
12904 3.4431615807611875
13029 1.6609715625492831
13045 1.886521853894058
13080 0.8123010183501074
13094 6.383694304960563
13381 11.224430562261421
13491 2.288979440938267
13553 -0.37046075994419203
13663 6.9985096422506015
13795 6.155696512425769
13808 5.8998973535824915
14057 12.610724923381312
14267 -0.3823693933135151
14431 1.034930298632155
14477 2.5211728277723946
14906 0.4013639403639497
15155 0.6904112007410705
15181 1.751485570090115
15332 -4.656935190436861
15672 0.7275212103923018
15704 3.7026727762462723
