277
241 1.6902419448493964
302 1.7153059135126125
389 1.6419233675785887
473 3.1273086313427103
492 3.3609234825242154
495 2.8396265588909295
500 2.1701959049483
730 4.59605855291637
1060 0.06216690641655154
1281 4.695924549256556
1381 5.309408440793835
1404 4.112665585679892
1645 6.9985096422506015
1692 2.1944885975173447
1865 4.8012850649143815
1885 3.009525595686327
1938 2.66777630196427
1942 4.228884737732485
1954 2.750014400201242
2036 1.9486536350010641
2038 3.761031659667692
2240 1.65617539028579
2271 0.6835662361444191
2287 6.9985096422506015
2334 1.5879037593638217
2357 1.1873686492739008
2421 1.5431885268928998
2452 2.1782280766455644
2519 1.6902419448493964
2538 4.267681617312855
2631 1.7033759779413737
2639 2.6040604875781623
2647 4.513602992462601
2659 3.4431615807611875
2673 6.305362461690656
2754 6.569875151092587
2853 3.414990703794491
2920 1.3590830570083334
2935 0.6320391945191633
2940 1.6278716141229383
2943 3.4431615807611875
2952 4.695924549256556
2977 3.47214911763444
3005 3.6312138122641273
3068 1.3460204619819507
3110 2.8876357780772897
3120 1.6048820958982397
3186 3.8642478746271944
3215 4.129865958337721
3449 0.9823524825522477
3482 3.3096301881366648
3559 5.206750173022546
3578 0.6015799870344548
3635 1.5779746429783155
3637 3.260840023967233
3690 1.4972514317058743
3737 1.8055527913603908
3774 1.7255100836868542
3788 2.750014400201242
3874 4.8012850649143815
3875 5.8998973535824915
3896 1.403798262648762
3951 3.9539872045271784
3982 1.0769312226067855
3995 7.00594228036046
4004 2.4446327506500602
4010 3.1918471524802814
4021 3.010896397820105
4158 0.2142030831410193
4199 3.8630154263214513
4208 1.5220460903190904
4268 5.612215281130711
4270 3.5327737394508745
4284 7.814934377784571
4319 2.049749751872433
4408 15.157798479585864
4522 0.2603571476546441
4592 3.0282177286984795
4608 2.815045323479489
4616 1.8925641683500207
4750 0.6631056996427893
4765 2.8300266669378042
4806 3.6312138122641273
4886 6.019051191372654
4914 5.735956939711631
5014 2.3541187431092285
5046 4.47267141490569
5055 2.2278250177849364
5058 3.5327737394508745
5067 2.2278250177849364
5155 3.3096301881366648
5208 2.5676928434072877
5215 4.8012850649143815
5279 1.7410142702228197
5290 3.740413104229119
5451 4.695924549256556
5517 1.6232312345664361
5539 1.7153059135126125
5659 6.9985096422506015
5680 4.774013612371447
5687 2.0785287164224764
5709 4.290459441148391
5933 5.910916748832102
5964 3.1273086313427103
5973 4.4311461731650645
5983 7.951497392617382
5990 5.876133263408364
5993 5.965262692071927
6004 6.213378688279949
6012 3.740413104229119
6047 3.009525595686327
6055 3.7796338173824005
6136 2.91449219418435
6151 1.4075226617397445
6158 7.365644579941792
6389 3.1273086313427103
6390 3.047265923669174
6402 1.4112609838503516
6433 0.5154022907934025
6449 3.9074671888922854
6577 4.05407066308416
6583 4.314723755844312
6606 5.052599493195288
6614 6.019051191372654
6754 1.2024518914852294
6908 0.33537694625979814
7025 3.028644676082213
7057 3.2849375755462935
7104 -0.6634879166512921
7210 3.713692171495883
7401 3.773043707788116
7430 3.3096301881366648
7452 4.513602992462601
7487 1.8167260919585162
7507 5.612215281130711
7563 2.335070548138534
7620 2.1863252868781835
7633 3.7490913256946845
7692 4.489838902288473
7731 2.001297368486486
7813 2.0291467231268214
7892 1.5517722705842913
7936 4.359452312635343
7941 3.740413104229119
7965 1.886521853894058
8032 1.5324768712979722
8043 1.730651483187273
8078 3.8718292184472687
8401 3.8204558119026557
8405 3.3096301881366648
8432 3.3875917296063767
8439 0.4690908039883759
8578 3.1066893441399746
8582 1.3781087765334512
8728 4.00277736869661
8856 2.3163784151263815
8880 1.67063347346102
8920 4.433560284789064
9126 6.305362461690656
9292 2.5441623459970937
9346 2.498699971920336
9442 5.612215281130711
9481 1.7727629685373998
9537 1.3092584162485406
9733 1.0850066366123312
9986 2.0568672196412967
9990 0.5671785603171224
10008 2.0568672196412967
10114 1.3014161557451966
10144 6.9985096422506015
10225 3.8630154263214513
10326 0.5230769255465112
10329 -4.621995305611148
10341 3.1698682457615064
10357 3.9539872045271784
10437 4.101893581287706
10473 1.7781538171722764
10487 1.981229805435677
10503 2.413542163580029
10561 1.6003469407328483
10610 3.6312138122641273
10616 5.8998973535824915
10749 1.1754637467675824
10770 2.4876501357337513
10867 2.9066643955420775
10868 -0.37072214562370276
10889 3.086486636822455
10937 6.9985096422506015
10983 4.919068100570765
11023 2.576165249751463
11148 5.892133559491198
11168 1.2781978656431896
11209 7.332610264150794
11210 3.21432000833234
11259 6.9985096422506015
11375 2.681021528714291
11384 6.721846965048431
11468 4.22592092001082
11524 1.5178707189086098
11570 1.1933746733341126
11739 4.600614369452231
11816 1.9296054400303697
11887 6.669895992241909
11894 4.55361215672583
11908 1.5346778372249912
11920 5.612215281130711
12011 4.8012850649143815
12022 0.8081923650016455
12078 4.091160117244055
12137 4.997399943840672
12304 6.9985096422506015
12342 4.05407066308416
12377 1.3460204619819507
12455 -0.2152586658680402
12460 1.466416859025783
12505 4.165296298194385
12554 1.6609715625492831
12648 4.108137884354437
12717 1.7997441231461808
12783 3.7972864288528054
12853 3.456212601578631
12925 5.8998973535824915
12946 1.1865623684395195
13029 1.6609715625492831
13052 3.260840023967233
13080 0.8123010183501074
13106 2.335070548138534
13208 1.3115342859107813
13333 7.332610264150794
13353 1.961557039836972
13392 2.764403137653342
13393 4.433560284789064
13440 1.4770487243883548
13553 -0.37046075994419203
13672 7.631194842895632
13694 6.9985096422506015
13845 2.001297368486486
13904 3.5327737394508745
14072 3.3609234825242154
14104 1.710242611556066
14196 2.511906961666574
14198 3.047265923669174
14237 -2.7889933932166397
14267 -0.7647387866270302
14352 2.8392614199785533
14365 3.8630154263214513
14381 0.2288676653980985
14408 4.919068100570765
14476 5.052599493195288
14500 4.108137884354437
14516 2.1782280766455644
14523 2.8553749158590684
14529 2.8088549002241754
14728 3.740413104229119
14824 4.359452312635343
14840 3.740413104229119
14906 0.4013639403639497
14918 3.5327737394508745
14977 6.305362461690656
15127 6.9985096422506015
15158 3.8204558119026557
15259 1.3320829541381691
15332 -17.07542903160182
15397 8.005189473945943
15407 4.542243647076521
15415 2.824122372354964
15418 2.1233123190494494
15424 3.6222476728196926
15453 2.236335707452845
15461 4.290459441148391
15468 1.1549652252192415
15472 2.735829765209286
15570 2.7218435232345457
15685 1.7432809162728324
15783 0.9616767386766525
15786 2.694572070691611
15805 2.008077055471865
