456
209 1.7001922757025645
254 2.498699971920336
341 4.8012850649143815
389 1.6419233675785887
422 2.66777630196427
425 5.612215281130711
486 2.70805020110221
496 2.2800107709555064
641 5.8998973535824915
657 2.0640357091199095
680 4.433560284789064
705 3.9074671888922854
736 4.433560284789064
764 10.506006242352363
861 3.5645224377654547
978 2.298029276458185
1013 2.6547042203969173
1060 0.12433381283310307
1094 2.335070548138534
1278 6.305362461690656
1291 6.305362461690656
1404 2.7417770571199283
1652 6.305362461690656
1686 1.1549652252192415
1750 1.1068654304248302
1830 3.1066893441399746
1842 10.143481713373003
1886 6.254617262685421
1893 1.7567626271909589
1896 3.567147769283231
1904 6.305362461690656
1922 1.6952047341915255
1924 2.288979440938267
1929 2.1081605140288473
1942 6.766215580371976
1977 2.6040604875781623
1997 3.009525595686327
2070 1.4730567031188173
2191 3.086486636822455
2235 3.2849375755462935
2271 0.6835662361444191
2291 3.5327737394508745
2328 2.9911764570181303
2334 3.969759398409554
2351 3.129575277392723
2357 1.1873686492739008
2421 1.5431885268928998
2442 5.587634045719271
2452 6.534684229936693
2458 2.162227735299123
2459 2.938066631704182
2519 1.6902419448493964
2538 2.84512107820857
2580 4.600614369452231
2586 3.3096301881366648
2591 7.726030852642903
2626 4.290459441148391
2631 3.4067519558827475
2638 2.130975191795019
2705 3.3315816979704644
2715 5.612215281130711
2760 4.359452312635343
2766 3.0666840095262753
2779 4.919068100570765
2820 2.4446327506500602
2853 3.414990703794491
2862 1.4690805547391779
2920 0.6795415285041667
2925 6.886323161522375
2940 6.511486456491753
2952 4.695924549256556
2964 0.900435360084361
3005 3.6312138122641273
3074 5.389071729816501
3120 12.839056767185918
3132 3.2373095265570386
3186 7.728495749254389
3215 2.359923404764412
3275 3.666305132075397
3380 7.062356229327685
3382 4.433560284789064
3392 2.20271909665386
3449 0.9823524825522477
3516 2.0785287164224764
3578 1.2031599740689096
3596 5.052599493195288
3598 1.1666271649670843
3635 1.5779746429783155
3690 2.9945028634117485
3717 3.8204558119026557
3737 1.8055527913603908
3824 4.00277736869661
3964 3.5327737394508745
3970 4.05407066308416
3985 2.5098732725184614
3995 3.50297114018023
4021 6.02179279564021
4026 5.775271556154579
4070 1.1068654304248302
4088 7.1290448755309095
4158 0.4896070471794727
4208 1.5220460903190904
4247 9.265513660505526
4260 6.305362461690656
4265 3.5327737394508745
4284 3.9074671888922854
4298 2.9041650800285006
4325 3.21432000833234
4405 2.6920409239639014
4522 0.2603571476546441
4545 5.206750173022546
4549 2.6418008155610093
4603 5.206750173022546
4608 5.630090646958978
4619 3.2849375755462935
4646 1.8686109273275278
4750 1.989317098928368
4765 11.320106667751217
4783 4.356456153291129
4818 3.8204558119026557
4822 5.8998973535824915
4838 1.4730567031188173
4852 2.517433460142734
4876 2.2449194511442365
4881 5.587634045719271
4894 4.600614369452231
4897 5.8998973535824915
4902 5.206750173022546
4914 1.4339892349279078
5002 5.612215281130711
5014 9.416474972436914
5018 5.8998973535824915
5040 5.751312044940294
5046 6.7090071223585355
5070 8.216275768708874
5114 6.305362461690656
5143 10.413500346045092
5154 4.8892655013001205
5155 3.3096301881366648
5215 4.8012850649143815
5278 3.9074671888922854
5279 3.4820285404456395
5421 3.8630154263214513
5464 14.131094957803498
5484 3.7856818933047376
5491 3.597312260588446
5510 4.108137884354437
5523 5.389071729816501
5539 1.7153059135126125
5563 3.1066893441399746
5577 4.600614369452231
5590 8.719993186626233
5641 4.359452312635343
5680 6.36535148316193
5735 3.502002080784121
5736 2.8088549002241754
5739 2.8876357780772897
5740 6.305362461690656
5773 2.735829765209286
5776 4.919068100570765
5809 2.363780654020965
5814 4.919068100570765
5872 2.5441623459970937
5889 2.4033897921160112
5895 2.4033897921160112
5905 3.567147769283231
5973 1.4770487243883548
5983 5.963623044463036
5990 5.876133263408364
5993 5.965262692071927
6004 9.320068032419924
6005 3.666305132075397
6007 4.290459441148391
6012 3.740413104229119
6072 4.22592092001082
6136 1.457246097092175
6140 2.211017899468555
6164 2.6290617897835795
6216 2.3933394562625097
6262 3.4431615807611875
6323 4.600614369452231
6338 4.827084327160058
6345 3.414990703794491
6360 6.42864001666468
6371 4.359452312635343
6390 3.047265923669174
6402 1.4112609838503516
6433 1.030804581586805
6583 7.766502760519762
6595 2.4237986637472186
6614 3.009525595686327
6697 4.22592092001082
6699 4.165296298194385
6721 2.383389125409342
6735 4.108137884354437
6754 1.2024518914852294
6766 5.206750173022546
7025 9.08593402824664
7058 3.7026727762462723
7072 5.845960905003192
7104 -0.6634879166512921
7210 12.99792260023559
7299 2.8553749158590684
7418 3.1483620405405426
7487 5.450178275875548
7557 3.3349479961209547
7559 4.108137884354437
7569 1.0170954309961207
7591 2.0426825846493406
7614 2.5676928434072877
7638 3.7026727762462723
7690 6.42864001666468
7692 2.2449194511442365
7731 6.003892105459458
7744 5.8998973535824915
7813 2.0291467231268214
7886 4.359452312635343
7932 1.8745456628473423
7935 2.335070548138534
7965 1.886521853894058
7968 3.047265923669174
7991 1.3149298749119196
8027 5.389071729816501
8032 1.5324768712979722
8043 1.730651483187273
8055 5.808330160057001
8078 9.679573046118172
8089 5.362043057428582
8090 2.236335707452845
8096 1.4533321977710387
8262 2.0712559570933964
8439 0.9381816079767518
8444 3.5780469788183606
8471 2.7938170228596353
8561 3.8630154263214513
8578 3.1066893441399746
8592 3.740413104229119
8643 4.002594736972972
8645 3.5327737394508745
8660 1.675499663112193
8708 2.962113491571787
8736 1.1933746733341126
8823 3.1066893441399746
8825 6.305362461690656
8850 1.7153059135126125
8869 4.356456153291129
8880 1.67063347346102
8886 1.3081501879265407
8904 2.1863252868781835
8925 3.5327737394508745
8979 1.7890234894091803
9010 2.9209721983448818
9106 1.0850066366123312
9170 1.2232606457759125
9384 1.3355491621146554
9393 5.304867185840875
9400 3.1273086313427103
9442 5.612215281130711
9481 1.7727629685373998
9531 3.34126694692204
9537 0.6546292081242703
9602 2.2800107709555064
9640 2.8088549002241754
9686 3.6312138122641273
9698 1.9878743481543455
9733 1.0850066366123312
9748 13.273521101984587
9798 3.1698682457615064
9817 1.3183370332335338
9852 5.8998973535824915
9990 7.373321284122592
9999 6.305362461690656
10008 2.0568672196412967
10114 3.9042484672355897
10199 2.3256808077886952
10221 2.434161450782765
10223 4.05407066308416
10302 2.6290617897835795
10325 1.8925641683500207
10326 0.5230769255465112
10329 -1.8908162613863788
10381 4.8012850649143815
10431 0.7218661529089567
10437 5.4691914417169425
10487 1.981229805435677
10537 5.206750173022546
10561 3.2006938814656967
10609 3.5327737394508745
10616 5.8998973535824915
10678 2.288979440938267
10749 1.1754637467675824
10859 3.086486636822455
10867 1.4533321977710387
10887 5.389071729816501
10895 4.290459441148391
10903 4.953442130403122
10909 5.558003874148989
10962 2.6290617897835795
10968 3.740413104229119
11023 1.2880826248757316
11027 1.2781978656431896
11032 2.175425996420148
11044 7.814934377784571
11089 4.619860900876966
11106 2.021775899830027
11148 4.713706847592958
11168 6.390989328215948
11299 -0.5211827618659379
11320 2.764403137653342
11323 3.597312260588446
11377 3.414990703794491
11393 9.85481272663888
11426 3.8630154263214513
11481 1.6186122887101415
11484 3.6312138122641273
11497 4.433560284789064
11524 3.0357414378172196
11570 3.580124020002338
11644 7.065547478901749
11763 6.305362461690656
11816 3.8592108800607394
11841 8.518879676672789
11894 3.0357414378172196
11900 2.049749751872433
11908 1.5346778372249912
11944 5.206750173022546
11969 2.274701391239495
11972 3.21432000833234
12006 5.910916748832102
12011 4.8012850649143815
12017 4.165296298194385
12022 3.232769460006582
12043 2.498699971920336
12078 2.727440078162703
12081 2.363780654020965
12104 3.2373095265570386
12129 3.3349479961209547
12312 2.7938170228596353
12355 3.5327737394508745
12455 -0.4305173317360804
12460 2.1996252885386745
12477 4.953442130403122
12487 4.8012850649143815
12505 8.33059259638877
12508 2.262311193856106
12554 1.6609715625492831
12598 2.5098732725184614
12629 3.3096301881366648
12662 4.8012850649143815
12674 4.733923928934947
12723 2.288979440938267
12750 6.305362461690656
12783 1.8986432144264027
12853 3.456212601578631
12923 6.305362461690656
12925 5.8998973535824915
12946 4.746249473758078
12978 2.383389125409342
12991 3.1066893441399746
13001 1.4730567031188173
13029 6.6438862501971325
13045 1.886521853894058
13080 3.2492040734004295
13094 6.383694304960563
13125 3.3096301881366648
13135 4.359452312635343
13169 3.3349479961209547
13180 3.666305132075397
13208 6.557671429553906
13209 7.262427624528255
13333 7.332610264150794
13353 1.961557039836972
13359 2.6290617897835795
13391 7.480826208458238
13392 5.528806275306684
13412 2.5098732725184614
13440 4.4311461731650645
13527 2.049749751872433
13547 1.6003469407328483
13553 -1.4818430397767681
13648 4.359452312635343
13672 7.631194842895632
13723 3.597312260588446
13734 1.942263836902293
13743 3.8204558119026557
13778 6.305362461690656
13812 4.165296298194385
13823 4.433560284789064
13839 4.22592092001082
13843 2.1782280766455644
13845 2.001297368486486
13891 0.6065925288579992
13933 3.7796338173824005
13936 3.3349479961209547
13938 4.290459441148391
13997 4.919068100570765
14006 6.305362461690656
14084 5.8998973535824915
14104 3.420485223112132
14151 4.359452312635343
14153 2.4876501357337513
14168 2.9041650800285006
14186 4.513602992462601
14195 7.1126152686891055
14196 3.3492092822220987
14237 -1.3944966966083199
14252 3.502002080784121
14267 -1.1471081799405454
14343 3.7796338173824005
14352 6.624943313283291
14365 7.726030852642903
14381 0.457735330796197
14395 2.7218435232345457
14431 1.034930298632155
14435 4.786678912525019
14504 3.9539872045271784
14515 3.0666840095262753
14516 2.1782280766455644
14529 2.8088549002241754
14682 1.5431885268928998
14728 3.740413104229119
14789 3.7026727762462723
14894 3.740413104229119
14906 1.204091821091849
14914 3.3096301881366648
14970 5.8998973535824915
15113 3.7796338173824005
15156 4.919068100570765
15164 4.00277736869661
15169 21.015634933246808
15256 3.3349479961209547
15332 -43.464728444077366
15363 2.555858385760285
15397 6.003892105459458
15407 2.2711218235382606
15413 1.2781978656431896
15418 2.1233123190494494
15424 5.433371509229539
15435 2.750014400201242
15471 1.3881216796572402
15479 4.433560284789064
15503 5.052599493195288
15517 1.886521853894058
15518 1.880515829833846
15551 1.1578679848772029
15570 2.7218435232345457
15574 4.8012850649143815
15622 4.72756130804193
15669 2.162227735299123
15685 1.7432809162728324
15692 3.8204558119026557
15702 2.8553749158590684
15709 4.372650573756367
15771 0.023095714794649395
15783 1.4425151080149787
15786 4.490953451152685
