73
174 1.6232312345664361
1924 2.288979440938267
1942 0.845776947546497
2349 4.22592092001082
2450 -1.832570687110832
2862 1.4690805547391779
3120 1.6048820958982397
3192 1.0095482253607377
3618 5.612215281130711
3785 2.87137525720551
4097 2.955458374416051
4151 5.206750173022546
4158 0.061200880897434085
4838 1.4730567031188173
4852 1.258716730071367
5392 2.130975191795019
5973 1.4770487243883548
5983 1.9878743481543455
5993 0.8521803845817039
6136 1.457246097092175
6338 2.413542163580029
6376 3.0666840095262753
6433 0.5154022907934025
6449 3.9074671888922854
6583 1.7258895023377248
6787 2.288979440938267
7295 3.7026727762462723
7344 3.2650672544574997
7497 1.4028006446333317
7527 2.681021528714291
7647 3.3096301881366648
8032 0.5108256237659907
8284 3.9539872045271784
8439 0.4690908039883759
9227 4.165296298194385
9229 2.3933394562625097
9391 2.735829765209286
9990 1.1343571206342449
10114 1.3014161557451966
10194 4.910429719961194
10867 1.4533321977710387
11032 1.087712998210074
11148 2.356853423796479
11312 3.3096301881366648
12216 2.87137525720551
12434 4.695924549256556
12435 3.8204558119026557
12455 -0.2152586658680402
12460 2.1996252885386745
12553 2.1431672325603808
12823 1.034930298632155
12826 1.2619373447714093
13547 1.6003469407328483
13553 -0.37046075994419203
13681 2.498699971920336
14153 2.4876501357337513
14237 -1.3944966966083199
14352 0.9464204733261844
14381 0.2288676653980985
14435 2.3933394562625097
14463 1.67063347346102
14906 0.4013639403639497
15057 1.152070867192877
15187 1.994563336305142
15212 3.7796338173824005
15247 2.498699971920336
15332 -1.5523117301456202
15341 0.7959741250626788
15468 1.1549652252192415
15471 0.6940608398286201
15484 2.9911764570181303
15672 0.7275212103923018
15783 0.48083836933832624
