146
239 6.9985096422506015
1850 3.0666840095262753
1893 3.5135252543819178
1896 1.7835738846416156
1922 1.6952047341915255
2068 3.3609234825242154
2176 2.383389125409342
2271 0.34178311807220957
2334 0.7939518796819108
2407 2.236335707452845
2442 2.7938170228596353
2450 -1.2217137914072214
2602 5.052599493195288
2603 3.3609234825242154
2630 4.22592092001082
2631 1.490453980698702
2640 2.735829765209286
2920 1.3590830570083334
3110 2.8876357780772897
3120 6.419528383592959
3186 5.152330499502926
3478 5.052599493195288
3657 2.6164830075767194
3736 3.086486636822455
3737 1.8055527913603908
3995 1.751485570090115
4070 1.1068654304248302
4097 2.955458374416051
4158 0.12240176179486817
4261 2.262311193856106
4341 2.6547042203969173
4500 5.679253117781859
4556 4.22592092001082
4765 1.4150133334689021
4840 2.938066631704182
4881 2.7938170228596353
5014 2.3541187431092285
5040 2.875656022470147
5055 2.2278250177849364
5119 2.3933394562625097
5392 2.130975191795019
5676 3.502002080784121
5715 3.502002080784121
5736 2.8088549002241754
5739 2.8876357780772897
5990 2.938066631704182
5993 0.8521803845817039
6017 6.305362461690656
6033 4.695924549256556
6433 0.5154022907934025
6698 5.206750173022546
7025 3.028644676082213
7072 1.9486536350010641
7104 -0.6634879166512921
7197 1.730651483187273
7418 3.1483620405405426
7497 0.7014003223166658
7569 1.0170954309961207
7578 0.5215372793609184
7591 2.0426825846493406
7620 2.1863252868781835
7781 2.6040604875781623
7907 2.6418008155610093
8023 11.224430562261421
8032 1.0216512475319814
8055 2.9041650800285006
8154 11.224430562261421
8439 0.9381816079767518
8444 3.5780469788183606
8736 1.1933746733341126
8816 1.7255100836868542
8840 3.1698682457615064
8850 1.7153059135126125
8977 2.6290617897835795
8993 2.973157951515452
9092 2.973157951515452
9110 2.035665011990694
9164 3.597312260588446
9360 5.206750173022546
9393 1.060973437168175
9422 3.8630154263214513
9483 3.6312138122641273
9748 5.309408440793835
10194 2.455214859980597
10258 1.8000126109847754
10287 3.009525595686327
10302 2.6290617897835795
10320 6.9985096422506015
10325 1.8925641683500207
10341 3.1698682457615064
10422 0.7087940713416041
10437 2.7345957208584712
10601 3.740413104229119
10749 2.3509274935351647
10753 2.7790019370744945
10867 8.719993186626233
10903 2.476721065201561
11032 2.175425996420148
11106 2.021775899830027
11148 1.1784267118982394
11218 0.5720211847929105
11279 5.389071729816501
11499 4.513602992462601
11524 3.0357414378172196
11894 1.5178707189086098
11945 1.9550845253313545
12078 4.091160117244055
12081 2.363780654020965
12312 2.7938170228596353
12341 2.8088549002241754
12342 4.05407066308416
12455 -0.8610346634721608
12460 2.1996252885386745
12594 4.513602992462601
12598 2.5098732725184614
12660 2.035665011990694
12946 1.1865623684395195
13108 2.2800107709555064
13208 2.6230685718215625
13310 3.666305132075397
13353 1.961557039836972
13527 2.049749751872433
13553 -0.37046075994419203
13596 3.502002080784121
13672 1.5262389685791264
13845 2.001297368486486
13857 3.9074671888922854
14196 3.3492092822220987
14237 -0.6972483483041599
14267 -3.058955146508121
14268 4.290459441148391
14381 0.457735330796197
14422 2.1233123190494494
14515 3.0666840095262753
14864 4.8012850649143815
15057 3.456212601578631
15185 5.8998973535824915
15209 2.579669034454003
15247 2.498699971920336
15332 -7.761558650728101
15397 2.001297368486486
15407 4.542243647076521
15551 1.1578679848772029
15685 0.8716404581364162
15709 2.1863252868781835
15783 0.9616767386766525
