361
3 3.0666840095262753
194 0.7699986386594181
254 2.498699971920336
389 3.2838467351571774
422 2.66777630196427
474 4.513602992462601
496 2.2800107709555064
500 2.1701959049483
521 1.8986432144264027
530 2.66777630196427
578 3.740413104229119
640 5.8998973535824915
683 3.3609234825242154
710 2.8553749158590684
730 2.298029276458185
735 6.9985096422506015
881 4.919068100570765
978 2.298029276458185
989 4.433560284789064
1060 0.24866762566620615
1105 6.305362461690656
1122 3.1698682457615064
1194 5.206750173022546
1347 4.919068100570765
1412 6.305362461690656
1492 5.8998973535824915
1516 4.359452312635343
1829 4.600614369452231
1842 4.0573926853492015
1863 5.8998973535824915
1869 4.433560284789064
1902 2.0149030205422647
1923 2.211017899468555
1924 4.577958881876534
1929 2.1081605140288473
1942 4.228884737732485
2015 4.108137884354437
2019 2.344549292093078
2021 2.70805020110221
2038 1.880515829833846
2070 2.9461134062376346
2118 3.9539872045271784
2129 5.8998973535824915
2240 1.65617539028579
2271 0.34178311807220957
2391 5.206750173022546
2400 5.612215281130711
2406 2.9209721983448818
2452 6.534684229936693
2458 2.162227735299123
2484 1.3149298749119196
2519 1.6902419448493964
2538 1.422560539104285
2585 3.9074671888922854
2592 2.938066631704182
2595 2.5211728277723946
2597 2.1157077196642304
2631 1.0646099862133587
2674 1.0272478024601386
2682 4.108137884354437
2693 5.052599493195288
2721 5.389071729816501
2754 6.569875151092587
2779 9.83813620114153
2853 3.414990703794491
2862 1.4690805547391779
2920 0.6795415285041667
2922 6.305362461690656
2940 1.6278716141229383
2964 1.800870720168722
3062 2.8396265588909295
3065 4.290459441148391
3068 5.384081847927803
3120 3.2097641917964794
3132 3.2373095265570386
3157 4.919068100570765
3180 2.7938170228596353
3186 2.576165249751463
3192 1.0095482253607377
3215 2.359923404764412
3223 2.5211728277723946
3348 6.305362461690656
3379 3.1918471524802814
3380 4.708237486218457
3445 6.9985096422506015
3482 6.6192603762733295
3578 1.8047399611033645
3597 2.8876357780772897
3635 1.5779746429783155
3690 1.4972514317058743
3774 1.7255100836868542
3824 4.00277736869661
3861 4.8012850649143815
3896 1.403798262648762
3982 1.0769312226067855
3995 7.00594228036046
4006 5.309408440793835
4070 2.2137308608496604
4081 3.1066893441399746
4096 3.3609234825242154
4158 0.3060044044871704
4198 3.7796338173824005
4301 3.597312260588446
4341 2.6547042203969173
4432 3.740413104229119
4592 3.0282177286984795
4608 7.037613308698722
4613 2.211017899468555
4657 4.165296298194385
4748 5.8998973535824915
4765 1.4150133334689021
4838 1.4730567031188173
4840 2.938066631704182
4841 4.22592092001082
4846 2.021775899830027
4852 1.258716730071367
4914 2.8679784698558155
4937 4.600614369452231
4970 1.9746291214043248
4989 2.6710983242293107
5040 4.313484033705221
5055 2.2278250177849364
5078 5.612215281130711
5151 2.555858385760285
5270 4.433560284789064
5279 3.4820285404456395
5290 3.740413104229119
5340 3.3349479961209547
5377 3.666305132075397
5464 10.598321218352623
5465 3.3349479961209547
5484 0.9464204733261844
5517 1.6232312345664361
5518 1.5868635903955612
5539 1.7153059135126125
5590 1.4533321977710387
5597 3.2373095265570386
5615 2.049749751872433
5670 4.513602992462601
5676 3.502002080784121
5680 6.36535148316193
5687 2.0785287164224764
5694 4.919068100570765
5755 4.513602992462601
5879 4.359452312635343
5905 1.7835738846416156
5933 2.955458374416051
5973 1.4770487243883548
5983 3.975748696308691
5993 5.113082307490223
6021 7.559267634764801
6133 4.359452312635343
6136 2.91449219418435
6170 4.359452312635343
6376 6.133368019052551
6380 5.389071729816501
6402 1.4112609838503516
6433 1.5462068723802074
6447 2.576165249751463
6567 2.579669034454003
6583 5.177668507013174
6589 4.513602992462601
6675 2.5098732725184614
6697 4.22592092001082
6721 2.383389125409342
6787 9.155917763753068
6872 2.6095550068958033
7019 2.130975191795019
7025 6.057289352164426
7044 1.880515829833846
7058 3.7026727762462723
7065 2.6040604875781623
7072 1.9486536350010641
7104 -0.6634879166512921
7210 1.8568460857479414
7277 5.206750173022546
7286 2.822521967700703
7401 1.886521853894058
7430 3.3096301881366648
7487 3.6334521839170324
7489 4.108137884354437
7497 0.7014003223166658
7552 1.9486536350010641
7559 4.108137884354437
7560 4.433560284789064
7563 2.335070548138534
7591 4.085365169298681
7620 6.5589758606345505
7647 3.3096301881366648
7731 2.001297368486486
7813 2.0291467231268214
7827 3.414990703794491
7906 1.4339892349279078
7932 1.8745456628473423
7965 1.886521853894058
7991 1.3149298749119196
8032 2.5541281188299534
8055 2.9041650800285006
8078 1.9359146092236343
8079 5.612215281130711
8084 5.8998973535824915
8086 3.3096301881366648
8089 2.681021528714291
8090 4.47267141490569
8138 4.8012850649143815
8151 5.206750173022546
8211 4.600614369452231
8262 2.0712559570933964
8388 4.919068100570765
8401 3.8204558119026557
8439 2.8145448239302553
8582 5.512435106133805
8622 3.2373095265570386
8710 0.551203779709388
8736 1.1933746733341126
8850 1.7153059135126125
8926 5.052599493195288
9010 2.9209721983448818
9106 1.0850066366123312
9204 2.5098732725184614
9223 6.094531847338348
9280 3.502002080784121
9345 2.66777630196427
9355 2.1782280766455644
9384 1.3355491621146554
9483 3.6312138122641273
9531 1.67063347346102
9534 5.500028800402484
9537 3.2731460406213513
9589 1.3115342859107813
9640 2.8088549002241754
9641 2.6418008155610093
9686 3.6312138122641273
9719 4.290459441148391
9765 1.7835738846416156
9895 2.288979440938267
9970 0.4837969513780714
9990 3.4030713619027346
10058 2.6040604875781623
10154 3.3609234825242154
10194 4.910429719961194
10329 -0.630272087128793
10381 4.8012850649143815
10422 0.7087940713416041
10473 1.7781538171722764
10487 1.981229805435677
10503 2.413542163580029
10561 1.6003469407328483
10678 4.577958881876534
10754 3.1698682457615064
10796 3.8630154263214513
10868 -0.18536107281185138
11023 3.8642478746271944
11148 2.356853423796479
11170 2.5676928434072877
11185 5.8998973535824915
11218 0.5720211847929105
11299 -0.5211827618659379
11323 3.597312260588446
11334 1.994563336305142
11377 3.414990703794491
11416 2.1782280766455644
11453 1.3637200390813515
11456 5.389071729816501
11460 4.513602992462601
11696 3.2373095265570386
11704 3.1483620405405426
11707 3.2373095265570386
11816 1.9296054400303697
11887 3.3349479961209547
11908 1.5346778372249912
11952 1.5958322603783217
11969 0.7582337970798316
12006 2.955458374416051
12022 0.40409618250082274
12043 4.997399943840672
12078 4.091160117244055
12089 2.8088549002241754
12122 1.1963912668735384
12193 4.05407066308416
12213 6.094531847338348
12263 2.579669034454003
12404 1.485080896085619
12438 5.612215281130711
12455 -0.2152586658680402
12460 3.666042147564457
12504 4.359452312635343
12543 3.5645224377654547
12553 6.429501697681142
12554 1.6609715625492831
12595 2.344549292093078
12598 2.5098732725184614
12660 2.035665011990694
12708 1.5958322603783217
12717 1.1998294154307871
12792 3.8204558119026557
12826 1.2619373447714093
12891 3.7796338173824005
12904 3.4431615807611875
12946 4.746249473758078
13080 0.8123010183501074
13133 8.867120569578129
13208 1.3115342859107813
13289 1.7410142702228197
13391 3.740413104229119
13440 4.4311461731650645
13484 5.052599493195288
13495 3.9539872045271784
13508 3.4510201673737084
13553 -1.111382279832576
13613 1.8111238364098463
13672 1.5262389685791264
13722 3.5327737394508745
13726 4.513602992462601
13845 2.001297368486486
13874 5.612215281130711
13891 1.2131850577159984
13922 1.8986432144264027
13930 1.3601549729168554
14078 2.5098732725184614
14104 1.710242611556066
14136 1.4810567457858934
14186 4.513602992462601
14194 3.7026727762462723
14195 5.334461451516829
14196 0.8373023205555247
14237 -0.6972483483041599
14267 -1.1471081799405454
14352 1.8928409466523688
14357 2.476721065201561
14370 3.666305132075397
14381 0.2288676653980985
14399 3.502002080784121
14431 1.034930298632155
14573 6.521680047934466
14586 4.05407066308416
14906 1.6054557614557987
15037 2.3163784151263815
15057 4.608283468771508
15076 3.21432000833234
15332 -13.970805571310581
15371 4.8012850649143815
15373 0.814360751313118
15413 2.556395731286379
15424 1.8111238364098463
15471 0.6940608398286201
15472 5.471659530418572
15502 4.513602992462601
15518 1.880515829833846
15551 1.1578679848772029
15575 4.108137884354437
15600 3.009525595686327
15650 2.130975191795019
15672 2.1825636311769054
15685 0.8716404581364162
15692 3.8204558119026557
15709 2.1863252868781835
15783 2.8850302160299575
15786 1.7963813804610742
15842 5.8998973535824915
15861 3.597312260588446
