264
276 6.9985096422506015
389 1.6419233675785887
512 2.0785287164224764
861 3.5645224377654547
1013 2.6547042203969173
1094 2.335070548138534
1171 2.9209721983448818
1268 6.305362461690656
1279 4.695924549256556
1404 1.3708885285599641
1639 4.600614369452231
1686 1.1549652252192415
1750 2.2137308608496604
1755 3.47214911763444
1830 6.213378688279949
1896 1.7835738846416156
1939 5.612215281130711
1940 2.6944445490464313
1954 8.250043200603727
1957 1.8223599096767722
2036 1.9486536350010641
2049 2.37353682896633
2064 4.6943629160890845
2103 2.4446327506500602
2167 2.66777630196427
2191 3.086486636822455
2269 1.8686109273275278
2271 0.34178311807220957
2348 12.16221198925248
2356 2.681021528714291
2421 1.5431885268928998
2450 -1.832570687110832
2458 2.162227735299123
2461 3.502002080784121
2503 4.8012850649143815
2506 3.1483620405405426
2534 3.2373095265570386
2621 4.108137884354437
2631 0.42584399448534344
2639 5.208120975156325
2645 2.591790394986348
2706 7.262427624528255
2820 2.4446327506500602
2935 0.6320391945191633
3108 4.108137884354437
3329 3.962459610871354
3339 8.45184184002164
3374 1.9680717208581657
3380 2.3541187431092285
3578 1.2031599740689096
3598 1.1666271649670843
3612 3.1918471524802814
3844 3.7026727762462723
3896 2.807596525297524
4004 2.4446327506500602
4053 -0.5233205264637649
4096 3.3609234825242154
4114 1.3890378470656415
4158 0.09180132134615113
4208 4.566138270957271
4302 3.6000252219695508
4307 2.824122372354964
4405 1.3460204619819507
4419 13.078356937906028
4435 5.8998973535824915
4502 2.8088549002241754
4621 2.7218435232345457
4650 4.695924549256556
4750 0.33155284982139466
4912 1.9296054400303697
4964 0.563963123463148
4970 1.9746291214043248
4988 3.7796338173824005
5040 1.4378280112350734
5093 4.8012850649143815
5116 1.961557039836972
5119 4.786678912525019
5150 4.695924549256556
5156 2.211017899468555
5484 0.9464204733261844
5517 3.2464624691328723
5539 6.86122365405045
5576 6.9985096422506015
5577 9.201228738904462
5590 2.9066643955420775
5597 6.474619053114077
5618 5.8998973535824915
5676 7.004004161568242
5722 6.721846965048431
5993 1.7043607691634077
6136 1.457246097092175
6156 1.8000126109847754
6235 2.454137038241171
6250 1.7727629685373998
6322 5.8998973535824915
6340 10.413500346045092
6402 1.4112609838503516
6557 3.1483620405405426
6583 2.588834253506587
6634 3.9539872045271784
6714 5.612215281130711
6721 2.383389125409342
6735 4.108137884354437
6754 1.2024518914852294
6887 1.152070867192877
6931 6.305362461690656
7104 -3.3174395832564607
7197 1.730651483187273
7215 2.344549292093078
7482 1.8055527913603908
7487 1.8167260919585162
7534 1.242767428663689
7551 9.602570129828763
7555 3.740413104229119
7578 2.0861491174436737
7722 3.5327737394508745
7731 2.001297368486486
7968 3.047265923669174
7981 4.085365169298681
7998 4.433560284789064
8089 2.681021528714291
8090 2.236335707452845
8148 3.7796338173824005
8160 4.165296298194385
8439 0.9381816079767518
8440 4.00277736869661
8447 3.9074671888922854
8452 4.165296298194385
8488 12.16221198925248
8660 1.675499663112193
8710 1.6536113391281642
8863 3.1918471524802814
8880 1.67063347346102
8886 1.3081501879265407
8928 2.6710983242293107
8987 2.211017899468555
9070 5.612215281130711
9106 1.0850066366123312
9285 3.047265923669174
9292 5.088324691994187
9345 2.66777630196427
9365 2.9945028634117485
9481 7.091051874149599
9483 7.262427624528255
9589 1.3115342859107813
9645 2.021775899830027
9686 3.6312138122641273
9709 2.164615159286332
9748 2.6547042203969173
9768 5.052599493195288
9817 1.3183370332335338
9833 23.178092557928707
9970 0.4837969513780714
9982 3.7796338173824005
9986 2.0568672196412967
9990 0.5671785603171224
10029 4.847597327494437
10114 2.6028323114903933
10296 3.2849375755462935
10302 2.6290617897835795
10326 0.5230769255465112
10329 -0.21009069570959765
10422 0.7087940713416041
10440 5.8998973535824915
10678 9.155917763753068
10749 1.1754637467675824
10825 6.0447090616267936
10868 -0.37072214562370276
10889 3.086486636822455
11023 1.2880826248757316
11032 1.087712998210074
11110 1.6204910383360227
11260 5.8998973535824915
11299 -5.211827618659379
11304 1.2054960338664575
11305 2.0640357091199095
11334 1.994563336305142
11336 4.433560284789064
11416 2.1782280766455644
11438 6.669895992241909
11646 2.3541187431092285
11769 1.6466515087745348
11860 6.305362461690656
11900 2.049749751872433
11908 3.0693556744499824
11969 0.7582337970798316
11992 4.695924549256556
12022 0.8081923650016455
12066 3.7796338173824005
12078 1.3637200390813515
12213 3.047265923669174
12254 2.335070548138534
12263 2.579669034454003
12375 3.260840023967233
12457 3.2373095265570386
12460 2.1996252885386745
12477 2.476721065201561
12553 3.214750848840571
12554 1.6609715625492831
12599 4.695924549256556
12682 4.600614369452231
12708 3.1916645207566434
12710 8.216275768708874
12717 0.5999147077153936
12823 1.034930298632155
12898 5.8998973535824915
12991 3.1066893441399746
13029 1.6609715625492831
13039 6.42864001666468
13104 3.2373095265570386
13108 2.2800107709555064
13338 2.5211728277723946
13384 2.0568672196412967
13438 5.11171677152057
13508 1.7255100836868542
13514 5.612215281130711
13553 -0.37046075994419203
13672 3.052477937158253
13750 2.162227735299123
13859 14.777291872080255
13867 1.087712998210074
13891 0.6065925288579992
14012 3.8630154263214513
14044 5.844701500928259
14085 3.1698682457615064
14135 4.708237486218457
14188 3.597312260588446
14196 0.8373023205555247
14237 -0.6972483483041599
14267 -0.3823693933135151
14352 1.8928409466523688
14381 0.2288676653980985
14416 0.7739512129752414
14422 2.1233123190494494
14431 2.06986059726431
14453 3.414990703794491
14473 3.2849375755462935
14490 6.6192603762733295
14507 1.8510151654371483
14515 3.0666840095262753
14563 5.283601631122019
14612 4.372650573756367
14708 5.389071729816501
15057 2.304141734385754
15097 3.6312138122641273
15155 1.380822401482141
15159 5.206750173022546
15177 5.8998973535824915
15181 3.50297114018023
15241 6.984944856815885
15295 4.165296298194385
15317 3.0666840095262753
15332 -4.656935190436861
15407 2.2711218235382606
15471 0.6940608398286201
15476 4.600614369452231
15517 3.773043707788116
15528 3.666305132075397
15551 4.6314719395088115
15669 4.324455470598246
15672 2.910084841569207
15765 4.290459441148391
15783 0.48083836933832624
15786 0.8981906902305371
