122
76 15.620250519067639
174 3.2464624691328723
1059 12.610724923381312
1817 6.9985096422506015
1822 19.067113003274734
1929 2.1081605140288473
2094 6.9985096422506015
2167 2.66777630196427
2224 1.981229805435677
2450 -1.2217137914072214
2519 3.3804838896987928
2959 1.1873686492739008
3144 4.00277736869661
3165 3.7796338173824005
3647 2.1081605140288473
3990 2.6290617897835795
4214 2.465910149097345
4646 3.7372218546550555
4677 4.919068100570765
4912 1.9296054400303697
4970 5.923887364212974
4989 1.3355491621146554
4992 3.260840023967233
5033 2.1233123190494494
5055 2.2278250177849364
5233 4.22592092001082
5414 2.8876357780772897
5630 0.4766153511606481
5839 2.579669034454003
5846 5.612215281130711
6269 3.9539872045271784
7028 2.764403137653342
7103 24.006425324571907
7104 -1.9904637499538764
7344 1.6325336272287498
7534 1.242767428663689
7539 4.600614369452231
7578 0.5215372793609184
7823 5.8998973535824915
7935 4.670141096277068
8523 0.7256326357044336
8643 2.001297368486486
8710 0.551203779709388
9008 9.391849098513111
9069 3.260840023967233
9081 4.433560284789064
9106 1.0850066366123312
9254 11.799794707164983
9276 2.6944445490464313
9292 2.5441623459970937
9559 -0.3327957754198957
9709 2.164615159286332
9977 3.8630154263214513
10029 2.4237986637472186
10079 5.8998973535824915
10326 0.5230769255465112
10447 2.4397929468198853
10559 3.8630154263214513
10610 3.6312138122641273
10827 3.740413104229119
10868 -0.18536107281185138
11032 2.175425996420148
11110 0.8102455191680114
11165 2.1863252868781835
11218 1.144042369585821
11299 -1.0423655237318759
11308 2.5098732725184614
11453 1.3637200390813515
11484 3.6312138122641273
11522 2.555858385760285
11526 3.2838467351571774
11640 12.610724923381312
11778 2.8553749158590684
11963 4.919068100570765
12386 4.22592092001082
12391 3.1918471524802814
12407 1.67038967643192
12455 -0.2152586658680402
12598 5.019746545036923
12708 3.1916645207566434
12781 2.498699971920336
12785 2.8088549002241754
12803 2.727440078162703
12942 3.9539872045271784
13003 4.433560284789064
13005 7.726030852642903
13045 1.886521853894058
13189 3.7490913256946845
13553 -0.7409215198883841
13734 1.942263836902293
13750 4.324455470598246
13822 3.740413104229119
13825 2.7218435232345457
13862 11.338901452147201
13867 2.175425996420148
13891 1.2131850577159984
13973 5.052599493195288
14166 4.108137884354437
14267 -0.7647387866270302
14416 3.0958048519009655
14447 6.296724081081085
14454 6.305362461690656
14455 4.911652429623528
14682 1.5431885268928998
15155 2.0712336022232116
15191 4.359452312635343
15192 1.489121305622624
15278 2.465910149097345
15292 2.211017899468555
15332 -3.1046234602912404
15341 0.7959741250626788
15446 3.5327737394508745
15471 0.6940608398286201
15472 2.735829765209286
15551 1.1578679848772029
15651 1.1377234187847354
15669 2.162227735299123
15684 6.9985096422506015
15685 2.6149213744092488
15735 2.938066631704182
15827 1.9109133070182172
15828 1.0931477941960308
