42
801 5.389071729816501
1964 3.260840023967233
2638 2.130975191795019
2959 1.1873686492739008
3516 2.0785287164224764
3614 1.4378280112350734
3635 1.5779746429783155
3982 1.0769312226067855
3995 1.751485570090115
4070 1.1068654304248302
4108 3.1066893441399746
4219 1.7567626271909589
4563 4.695924549256556
4909 1.4690805547391779
5630 0.3574615133704861
6057 3.8204558119026557
6908 0.33537694625979814
8523 0.7256326357044336
8978 1.6140145794615122
9559 -0.08319894385497392
9580 3.3096301881366648
10307 2.5676928434072877
10447 1.2198964734099427
10751 0.7939518796819108
11218 0.5720211847929105
11299 -0.5211827618659379
11677 1.7255100836868542
12391 3.1918471524802814
12833 0.9630282097258448
13189 1.8745456628473423
13263 4.695924549256556
13734 1.942263836902293
13767 2.6547042203969173
13819 5.612215281130711
13891 1.2131850577159984
14416 0.7739512129752414
15292 2.211017899468555
15306 0.7199882180847567
15397 2.001297368486486
15595 1.3320829541381691
15827 1.9109133070182172
15828 1.0931477941960308
