252
209 1.7001922757025645
237 4.359452312635343
279 2.6418008155610093
359 5.389071729816501
389 1.6419233675785887
551 3.9074671888922854
607 2.5211728277723946
631 4.00277736869661
683 3.3609234825242154
730 4.59605855291637
1005 6.305362461690656
1140 4.165296298194385
1498 3.7796338173824005
1533 4.108137884354437
1686 1.1549652252192415
1687 2.413542163580029
1691 4.108137884354437
1889 3.414990703794491
1938 2.66777630196427
1942 1.691553895092994
2021 2.70805020110221
2064 1.5647876386963615
2070 10.31139692183172
2085 4.600614369452231
2235 3.2849375755462935
2269 1.8686109273275278
2271 0.34178311807220957
2357 2.3747372985478017
2450 -1.2217137914072214
2538 7.112802695521426
2631 0.8516879889706869
2640 2.735829765209286
2705 1.6657908489852322
2757 3.2849375755462935
2813 12.32441365306331
2862 10.283563883174246
2920 0.6795415285041667
2935 1.2640783890383267
2943 3.4431615807611875
3117 3.2373095265570386
3120 1.6048820958982397
3132 3.2373095265570386
3168 2.824122372354964
3186 1.2880826248757316
3192 3.028644676082213
3215 0.589980851191103
3223 2.5211728277723946
3230 2.8876357780772897
3394 3.047265923669174
3407 2.085854756514549
3413 5.052599493195288
3423 7.405345552492545
3540 5.389071729816501
3642 3.47214911763444
3690 4.491754295117623
3708 11.589046278964354
3709 2.9041650800285006
3774 1.7255100836868542
3785 2.87137525720551
3820 1.7890234894091803
3904 5.389071729816501
4082 3.9074671888922854
4155 8.00555473739322
4158 0.09180132134615113
4304 4.290459441148391
4309 2.681021528714291
4504 3.6312138122641273
4522 0.2603571476546441
4665 5.206750173022546
4711 1.9296054400303697
4750 0.33155284982139466
4809 2.8088549002241754
4818 3.8204558119026557
4829 5.612215281130711
4846 2.021775899830027
4914 1.4339892349279078
4937 4.600614369452231
4963 2.3933394562625097
4989 1.3355491621146554
5006 3.086486636822455
5012 4.108137884354437
5040 1.4378280112350734
5083 1.5735596247691985
5116 1.961557039836972
5156 4.42203579893711
5226 6.305362461690656
5282 4.919068100570765
5290 3.740413104229119
5309 2.5326015235960173
5377 10.998915396226192
5410 4.513602992462601
5419 3.8630154263214513
5430 2.750014400201242
5431 4.22592092001082
5484 0.9464204733261844
5516 6.305362461690656
5539 1.7153059135126125
5627 5.206750173022546
5876 7.559267634764801
5960 7.262427624528255
5973 1.4770487243883548
5993 0.8521803845817039
6026 5.33555260392854
6088 1.2146844599208637
6158 4.910429719961194
6164 2.6290617897835795
6221 2.8553749158590684
6307 6.474619053114077
6345 3.414990703794491
6351 5.617709800448351
6389 3.1273086313427103
6395 8.867120569578129
6414 3.1483620405405426
6433 1.5462068723802074
6534 4.695924549256556
6583 0.8629447511688624
6787 9.155917763753068
6814 5.8998973535824915
6951 9.391849098513111
6970 2.1863252868781835
7025 5.047741126803689
7044 1.880515829833846
7057 3.2849375755462935
7215 2.344549292093078
7286 2.822521967700703
7300 6.305362461690656
7314 5.052599493195288
7401 1.886521853894058
7487 1.8167260919585162
7497 2.1042009669499975
7527 2.681021528714291
7533 4.919068100570765
7552 5.845960905003192
7569 2.0341908619922413
7764 1.7052048175261088
7906 2.8679784698558155
7907 5.283601631122019
8153 2.8396265588909295
8216 4.00277736869661
8284 3.9539872045271784
8367 6.305362461690656
8439 0.9381816079767518
8622 22.66116668589927
8736 1.1933746733341126
8823 3.1066893441399746
8838 4.513602992462601
8896 2.938066631704182
9170 0.6116303228879563
9355 8.712912306582258
9393 1.060973437168175
9399 4.22592092001082
9489 6.305362461690656
9531 1.67063347346102
9537 2.618516832497081
9597 3.1273086313427103
9970 0.4837969513780714
9986 2.0568672196412967
9990 0.5671785603171224
10006 2.6944445490464313
10194 2.455214859980597
10264 4.8012850649143815
10329 -0.21009069570959765
10491 3.086486636822455
10561 1.6003469407328483
10659 3.4431615807611875
10791 4.05407066308416
10909 2.7790019370744945
10933 6.305362461690656
11032 1.087712998210074
11034 4.787496781134966
11035 4.8012850649143815
11089 2.309930450438483
11148 2.356853423796479
11185 5.8998973535824915
11665 3.5645224377654547
11695 14.52485524905651
11814 5.612215281130711
11840 1.6902419448493964
11850 2.455214859980597
11887 3.3349479961209547
11894 1.5178707189086098
11908 1.5346778372249912
12022 0.40409618250082274
12043 2.498699971920336
12160 10.105198986390576
12388 10.413500346045092
12396 5.8998973535824915
12447 2.8396265588909295
12455 -0.4305173317360804
12460 6.598875865616023
12553 2.1431672325603808
12793 2.87137525720551
12823 1.034930298632155
12826 1.2619373447714093
12833 0.9630282097258448
12946 1.1865623684395195
12978 2.383389125409342
12995 4.165296298194385
13027 6.305362461690656
13054 6.305362461690656
13058 4.00277736869661
13208 2.6230685718215625
13319 1.8055527913603908
13384 2.0568672196412967
13494 3.21432000833234
13501 2.5211728277723946
13553 -1.111382279832576
13572 1.8745456628473423
13670 2.6164830075767194
13722 3.5327737394508745
13724 8.867120569578129
13726 4.513602992462601
13775 3.2849375755462935
13845 2.001297368486486
13862 3.7796338173824005
13907 4.513602992462601
14010 4.8012850649143815
14081 8.718904625270685
14237 -2.7889933932166397
14242 2.5326015235960173
14267 -0.3823693933135151
14293 5.206750173022546
14399 3.502002080784121
14416 0.7739512129752414
14431 1.034930298632155
14473 3.2849375755462935
14544 3.666305132075397
14556 2.8876357780772897
14560 5.206750173022546
14573 9.782520071901699
14599 4.433560284789064
14612 2.1863252868781835
14906 1.204091821091849
15057 2.304141734385754
15247 2.498699971920336
15332 -3.1046234602912404
15341 0.7959741250626788
15348 2.10066984229969
15358 5.159338068908006
15429 4.433560284789064
15456 3.1273086313427103
15458 2.8088549002241754
15518 1.880515829833846
15522 5.8998973535824915
15570 2.7218435232345457
15602 5.052599493195288
15650 2.130975191795019
15709 8.745301147512734
15712 4.165296298194385
15780 5.052599493195288
15783 0.9616767386766525
15786 0.8981906902305371
