216
3 3.0666840095262753
389 1.6419233675785887
729 4.8012850649143815
736 4.433560284789064
1060 0.43516834491586076
1122 6.339736491523013
1281 4.695924549256556
1356 2.363780654020965
1379 1.0740829317937672
1516 4.359452312635343
1839 4.186469727624344
1842 4.0573926853492015
1923 2.211017899468555
1942 2.537330842639491
2015 4.108137884354437
2019 4.689098584186156
2235 3.2849375755462935
2240 1.65617539028579
2271 0.34178311807220957
2351 3.129575277392723
2421 3.0863770537857995
2538 1.422560539104285
2592 2.938066631704182
2595 2.5211728277723946
2630 4.22592092001082
2631 0.21292199724267172
2639 2.6040604875781623
2674 1.0272478024601386
2754 16.42468787773147
2940 3.2557432282458767
3062 2.8396265588909295
3186 2.576165249751463
3192 1.0095482253607377
3215 1.179961702382206
3217 6.9985096422506015
3374 1.9680717208581657
3717 3.8204558119026557
3737 1.8055527913603908
3788 2.750014400201242
4053 -0.07476007520910928
4070 1.1068654304248302
4096 3.3609234825242154
4158 0.2142030831410193
4198 3.7796338173824005
4230 2.0149030205422647
4261 2.262311193856106
4284 3.9074671888922854
4386 4.600614369452231
4407 3.414990703794491
4432 3.740413104229119
4487 3.1066893441399746
4522 0.2603571476546441
4608 7.037613308698722
4750 0.6631056996427893
4765 5.6600533338756085
4838 1.4730567031188173
4846 2.021775899830027
4914 1.4339892349279078
4989 2.6710983242293107
5040 2.875656022470147
5043 3.502002080784121
5055 4.455650035569873
5058 3.5327737394508745
5067 2.2278250177849364
5270 4.433560284789064
5279 1.7410142702228197
5340 3.3349479961209547
5392 2.130975191795019
5430 2.750014400201242
5539 1.7153059135126125
5680 1.5913378707904824
5739 5.775271556154579
5755 4.513602992462601
5852 2.4876501357337513
5929 3.3096301881366648
5973 1.4770487243883548
5983 1.9878743481543455
5993 1.7043607691634077
6047 6.019051191372654
6170 4.359452312635343
6219 2.298029276458185
6302 8.33059259638877
6338 2.413542163580029
6351 2.8088549002241754
6360 6.42864001666468
6387 2.9911764570181303
6402 1.4112609838503516
6447 1.2880826248757316
6583 0.8629447511688624
6584 6.9985096422506015
6589 4.513602992462601
6614 3.009525595686327
6787 2.288979440938267
6984 3.7796338173824005
7058 3.7026727762462723
7072 1.9486536350010641
7104 -0.6634879166512921
7210 5.5705382572438245
7277 5.206750173022546
7487 1.8167260919585162
7497 2.8056012892666633
7559 4.108137884354437
7578 1.0430745587218369
7620 4.372650573756367
7764 1.7052048175261088
7808 2.8396265588909295
7813 1.0145733615634107
7904 2.211017899468555
8032 1.0216512475319814
8148 3.7796338173824005
8401 3.8204558119026557
8439 0.4690908039883759
8444 1.7890234894091803
8708 1.4810567457858934
8736 1.1933746733341126
8850 1.7153059135126125
8886 2.6163003758530814
8890 2.2800107709555064
8904 2.1863252868781835
8928 1.3355491621146554
8978 1.6140145794615122
9110 6.106995035972082
9113 4.108137884354437
9170 0.6116303228879563
9391 5.471659530418572
9481 3.5455259370747996
9537 0.6546292081242703
9640 2.8088549002241754
9748 2.6547042203969173
9817 3.9550110997006014
9990 3.4030713619027346
10194 4.910429719961194
10199 2.3256808077886952
10329 -0.630272087128793
10658 2.9041650800285006
10749 1.1754637467675824
10867 2.9066643955420775
10886 2.87137525720551
10889 3.086486636822455
10903 2.476721065201561
11032 2.175425996420148
11106 2.021775899830027
11126 6.305362461690656
11148 4.713706847592958
11170 5.135385686814575
11218 0.5720211847929105
11252 3.3096301881366648
11299 -0.5211827618659379
11305 2.0640357091199095
11384 6.721846965048431
11468 4.22592092001082
11491 1.8745456628473423
11707 3.2373095265570386
11828 2.955458374416051
11840 1.6902419448493964
11887 6.669895992241909
11894 1.5178707189086098
11908 1.5346778372249912
11934 4.05407066308416
11943 2.455214859980597
11952 1.5958322603783217
12006 11.821833497664205
12022 0.40409618250082274
12043 4.997399943840672
12078 1.3637200390813515
12081 2.363780654020965
12089 2.8088549002241754
12108 6.305362461690656
12122 1.1963912668735384
12137 7.4960999157610075
12312 2.7938170228596353
12460 2.1996252885386745
12553 1.0715836162801904
12708 1.5958322603783217
12717 2.3996588308615743
12823 1.034930298632155
12826 2.5238746895428186
12853 1.152070867192877
12872 5.8998973535824915
12946 5.339530657977837
13039 3.21432000833234
13106 2.335070548138534
13222 6.829981407588982
13314 2.0286963426746007
13440 2.9540974487767095
13553 -0.7409215198883841
13672 1.5262389685791264
13760 3.7796338173824005
13812 4.165296298194385
13919 3.597312260588446
14104 3.420485223112132
14196 0.8373023205555247
14237 -2.09174504491248
14267 -0.7647387866270302
14352 0.9464204733261844
14371 4.600614369452231
14381 0.2288676653980985
14399 3.502002080784121
14431 1.034930298632155
14523 2.8553749158590684
14599 4.433560284789064
14906 0.4013639403639497
15057 4.608283468771508
15076 6.42864001666468
15332 -6.209246920582481
15341 1.5919482501253577
15407 4.542243647076521
15429 4.433560284789064
15468 2.309930450438483
15471 0.6940608398286201
15472 2.735829765209286
15551 2.3157359697544058
15650 2.130975191795019
15672 1.4550424207846036
15731 2.9911764570181303
15783 0.9616767386766525
