223
389 1.6419233675785887
861 3.5645224377654547
1013 2.6547042203969173
1094 2.335070548138534
1279 4.695924549256556
1404 1.3708885285599641
1639 4.600614369452231
1686 1.1549652252192415
1750 1.1068654304248302
1755 3.47214911763444
1830 6.213378688279949
1939 5.612215281130711
1954 8.250043200603727
1957 1.8223599096767722
2036 1.9486536350010641
2049 2.37353682896633
2064 4.6943629160890845
2103 2.4446327506500602
2167 2.66777630196427
2191 3.086486636822455
2271 0.34178311807220957
2348 12.16221198925248
2356 2.681021528714291
2421 1.5431885268928998
2450 -1.832570687110832
2458 2.162227735299123
2461 3.502002080784121
2503 4.8012850649143815
2506 3.1483620405405426
2534 3.2373095265570386
2621 4.108137884354437
2631 0.42584399448534344
2639 5.208120975156325
2645 2.591790394986348
2706 7.262427624528255
2820 2.4446327506500602
2935 0.6320391945191633
3108 4.108137884354437
3329 3.962459610871354
3339 8.45184184002164
3374 1.9680717208581657
3380 2.3541187431092285
3578 1.2031599740689096
3598 1.1666271649670843
3612 3.1918471524802814
3844 3.7026727762462723
3896 2.807596525297524
4004 2.4446327506500602
4053 -0.4485604512546557
4096 3.3609234825242154
4114 1.3890378470656415
4158 0.061200880897434085
4208 4.566138270957271
4302 3.6000252219695508
4307 2.824122372354964
4419 13.078356937906028
4435 5.8998973535824915
4502 2.8088549002241754
4621 2.7218435232345457
4650 4.695924549256556
4750 0.33155284982139466
4964 0.563963123463148
4970 1.9746291214043248
4988 3.7796338173824005
5040 1.4378280112350734
5116 1.961557039836972
5119 2.3933394562625097
5150 4.695924549256556
5156 2.211017899468555
5484 0.9464204733261844
5517 3.2464624691328723
5539 5.145917740537838
5577 4.600614369452231
5590 1.4533321977710387
5597 6.474619053114077
5618 5.8998973535824915
5722 6.721846965048431
5993 0.8521803845817039
6136 1.457246097092175
6156 1.8000126109847754
6235 1.2270685191205855
6250 1.7727629685373998
6322 5.8998973535824915
6340 10.413500346045092
6557 3.1483620405405426
6583 2.588834253506587
6634 3.9539872045271784
6721 2.383389125409342
6735 4.108137884354437
6754 1.2024518914852294
6887 1.152070867192877
7104 -2.6539516666051686
7487 1.8167260919585162
7534 1.242767428663689
7551 9.602570129828763
7555 3.740413104229119
7578 2.0861491174436737
7731 2.001297368486486
7968 3.047265923669174
7981 2.0426825846493406
7998 4.433560284789064
8089 2.681021528714291
8090 2.236335707452845
8148 3.7796338173824005
8160 4.165296298194385
8439 0.4690908039883759
8447 3.9074671888922854
8452 4.165296298194385
8488 12.16221198925248
8660 1.675499663112193
8710 1.6536113391281642
8863 3.1918471524802814
8880 1.67063347346102
8928 1.3355491621146554
8987 2.211017899468555
9070 5.612215281130711
9345 2.66777630196427
9365 2.9945028634117485
9481 5.318288905612199
9483 7.262427624528255
9589 1.3115342859107813
9645 2.021775899830027
9686 3.6312138122641273
9709 2.164615159286332
9748 2.6547042203969173
9768 5.052599493195288
9817 1.3183370332335338
9833 23.178092557928707
9970 0.4837969513780714
9982 3.7796338173824005
9986 2.0568672196412967
9990 0.5671785603171224
10029 4.847597327494437
10114 2.6028323114903933
10296 3.2849375755462935
10302 2.6290617897835795
10326 0.5230769255465112
10329 -0.21009069570959765
10440 5.8998973535824915
10678 9.155917763753068
10749 1.1754637467675824
10825 6.0447090616267936
10889 3.086486636822455
11023 1.2880826248757316
11032 1.087712998210074
11110 1.6204910383360227
11260 5.8998973535824915
11299 -5.211827618659379
11304 1.2054960338664575
11305 2.0640357091199095
11334 1.994563336305142
11336 4.433560284789064
11416 2.1782280766455644
11438 6.669895992241909
11769 1.6466515087745348
11900 2.049749751872433
11908 3.0693556744499824
11969 0.7582337970798316
11992 4.695924549256556
12022 0.8081923650016455
12066 3.7796338173824005
12078 1.3637200390813515
12254 2.335070548138534
12263 2.579669034454003
12460 0.7332084295128914
12477 2.476721065201561
12553 2.1431672325603808
12554 1.6609715625492831
12682 4.600614369452231
12708 3.1916645207566434
12710 8.216275768708874
12717 0.5999147077153936
12823 1.034930298632155
12898 5.8998973535824915
12991 3.1066893441399746
13029 1.6609715625492831
13039 6.42864001666468
13104 3.2373095265570386
13108 2.2800107709555064
13338 2.5211728277723946
13384 2.0568672196412967
13438 5.11171677152057
13508 1.7255100836868542
13514 5.612215281130711
13553 -0.37046075994419203
13672 3.052477937158253
13859 14.777291872080255
13867 1.087712998210074
14012 3.8630154263214513
14044 5.844701500928259
14135 4.708237486218457
14196 0.8373023205555247
14237 -0.6972483483041599
14352 1.8928409466523688
14381 0.2288676653980985
14416 0.7739512129752414
14422 2.1233123190494494
14431 2.06986059726431
14453 3.414990703794491
14473 3.2849375755462935
14490 6.6192603762733295
14507 1.8510151654371483
14515 3.0666840095262753
14563 5.283601631122019
14612 4.372650573756367
14708 5.389071729816501
15057 1.152070867192877
15155 1.380822401482141
15159 5.206750173022546
15177 5.8998973535824915
15181 3.50297114018023
15241 3.4924724284079427
15295 4.165296298194385
15317 3.0666840095262753
15332 -4.656935190436861
15407 2.2711218235382606
15517 3.773043707788116
15551 4.6314719395088115
15669 4.324455470598246
15672 2.910084841569207
15765 4.290459441148391
15783 0.48083836933832624
15786 0.8981906902305371
