420
93 6.9985096422506015
195 6.305362461690656
241 1.6902419448493964
254 2.498699971920336
256 6.9985096422506015
389 3.2838467351571774
401 3.1698682457615064
422 2.66777630196427
496 2.2800107709555064
512 2.0785287164224764
641 5.8998973535824915
657 2.0640357091199095
683 3.3609234825242154
740 6.9985096422506015
741 6.9985096422506015
762 5.612215281130711
986 3.9539872045271784
1056 5.389071729816501
1060 0.12433381283310307
1094 4.670141096277068
1368 5.8998973535824915
1377 6.9985096422506015
1404 1.3708885285599641
1513 4.433560284789064
1514 5.206750173022546
1562 6.9985096422506015
1637 4.600614369452231
1750 1.1068654304248302
1830 3.1066893441399746
1835 4.919068100570765
1842 12.172178056047604
1886 6.254617262685421
1893 1.7567626271909589
1922 5.085614202574576
1929 2.1081605140288473
1935 4.433560284789064
1938 2.66777630196427
1942 9.303546423011467
2015 4.108137884354437
2036 7.794614540004257
2038 1.880515829833846
2070 2.9461134062376346
2081 5.612215281130711
2176 2.383389125409342
2191 3.086486636822455
2235 3.2849375755462935
2240 1.65617539028579
2271 0.6835662361444191
2301 9.391849098513111
2334 0.7939518796819108
2351 4.6943629160890845
2357 1.1873686492739008
2388 9.602570129828763
2442 2.7938170228596353
2450 -1.2217137914072214
2458 2.162227735299123
2459 2.938066631704182
2519 1.6902419448493964
2538 5.69024215641714
2595 5.042345655544789
2624 4.695924549256556
2631 1.2775319834560304
2682 4.108137884354437
2701 2.7218435232345457
2715 5.612215281130711
2754 3.2849375755462935
2766 9.200052028578826
2810 3.597312260588446
2853 3.414990703794491
2862 2.9381611094783557
2968 3.4431615807611875
3063 5.389071729816501
3120 14.443938863084158
3122 5.206750173022546
3158 6.9985096422506015
3186 2.576165249751463
3192 1.0095482253607377
3198 4.359452312635343
3213 8.867120569578129
3223 2.5211728277723946
3274 4.919068100570765
3379 3.1918471524802814
3380 4.708237486218457
3596 5.052599493195288
3634 6.305362461690656
3690 2.9945028634117485
3717 3.8204558119026557
3737 5.416658374081172
3840 1.2980660688599148
3964 3.5327737394508745
3974 3.3875917296063767
3982 1.0769312226067855
4053 -0.07476007520910928
4070 1.1068654304248302
4158 0.45900660673075566
4230 2.0149030205422647
4247 4.632756830252763
4286 2.130975191795019
4302 7.2000504439391015
4319 2.049749751872433
4405 2.6920409239639014
4423 3.8630154263214513
4432 3.740413104229119
4437 4.8067795842320225
4522 0.5207142953092883
4549 2.6418008155610093
4566 3.597312260588446
4608 8.445135970438468
4611 8.33059259638877
4625 1.8452180477528222
4750 0.6631056996427893
4765 5.6600533338756085
4783 2.1782280766455644
4803 5.612215281130711
4846 2.021775899830027
4881 2.7938170228596353
4899 3.0666840095262753
4906 3.9074671888922854
4914 1.4339892349279078
4916 6.305362461690656
4937 4.600614369452231
4943 4.22592092001082
4996 4.290459441148391
5014 7.062356229327685
5018 5.8998973535824915
5033 2.1233123190494494
5040 7.189140056175367
5055 2.2278250177849364
5116 1.961557039836972
5119 2.3933394562625097
5143 5.206750173022546
5155 3.3096301881366648
5269 4.8012850649143815
5278 3.9074671888922854
5290 7.480826208458238
5308 6.305362461690656
5340 3.3349479961209547
5369 3.047265923669174
5377 3.666305132075397
5414 2.8876357780772897
5464 14.131094957803498
5484 1.8928409466523688
5518 1.5868635903955612
5539 3.430611827025225
5578 5.8998973535824915
5590 1.4533321977710387
5620 3.8204558119026557
5668 5.910916748832102
5687 4.157057432844953
5716 4.695924549256556
5739 5.775271556154579
5809 2.363780654020965
5814 4.919068100570765
5872 2.5441623459970937
5876 3.7796338173824005
5905 1.7835738846416156
5973 2.9540974487767095
5983 5.963623044463036
5993 4.260901922908519
6003 3.3609234825242154
6004 3.1066893441399746
6005 3.666305132075397
6007 4.290459441148391
6072 4.22592092001082
6136 1.457246097092175
6151 2.815045323479489
6158 2.455214859980597
6185 5.612215281130711
6204 6.305362461690656
6223 2.8088549002241754
6262 3.4431615807611875
6338 4.827084327160058
6345 3.414990703794491
6360 3.21432000833234
6364 3.260840023967233
6371 4.359452312635343
6376 9.200052028578826
6390 3.047265923669174
6411 2.434161450782765
6447 1.2880826248757316
6452 6.9985096422506015
6567 2.579669034454003
6583 5.177668507013174
6589 9.027205984925201
6700 6.9985096422506015
6729 2.1944885975173447
6754 1.2024518914852294
6787 9.155917763753068
6908 0.33537694625979814
6912 5.8998973535824915
7025 2.0190964507214755
7028 2.764403137653342
7072 1.9486536350010641
7104 -4.644415416559045
7197 1.730651483187273
7210 9.284230428739708
7212 17.699692060747473
7277 5.206750173022546
7299 2.8553749158590684
7321 3.3875917296063767
7346 3.5645224377654547
7401 1.886521853894058
7424 6.721846965048431
7487 3.6334521839170324
7497 0.7014003223166658
7552 7.794614540004257
7563 4.670141096277068
7620 2.1863252868781835
7758 5.389071729816501
7808 2.8396265588909295
7813 4.058293446253643
7817 3.9074671888922854
7845 4.847597327494437
7904 4.42203579893711
7906 1.4339892349279078
7932 3.7490913256946845
7965 3.773043707788116
8032 5.108256237659907
8043 1.730651483187273
8078 1.9359146092236343
8262 4.142511914186793
8323 3.1698682457615064
8401 3.8204558119026557
8439 1.4072724119651276
8622 3.2373095265570386
8643 8.005189473945943
8645 3.5327737394508745
8683 1.6803896484063847
8708 1.4810567457858934
8710 2.204815118837552
8732 4.05407066308416
8736 2.3867493466682252
8869 6.534684229936693
8880 1.67063347346102
8904 2.1863252868781835
8928 1.3355491621146554
9010 2.9209721983448818
9115 3.047265923669174
9164 3.597312260588446
9170 1.2232606457759125
9182 3.666305132075397
9223 9.141797771007521
9236 6.305362461690656
9343 3.8630154263214513
9346 2.498699971920336
9384 5.342196648458621
9393 1.060973437168175
9479 6.9985096422506015
9481 3.5455259370747996
9531 1.67063347346102
9537 3.2731460406213513
9554 1.271661894663404
9698 1.9878743481543455
9748 10.61881688158767
9798 3.1698682457615064
9808 3.009525595686327
9817 1.3183370332335338
9970 0.4837969513780714
9990 7.940499844439714
10030 2.413542163580029
10067 5.206750173022546
10114 3.9042484672355897
10118 5.8998973535824915
10194 2.455214859980597
10258 1.8000126109847754
10302 7.887185369350739
10325 1.8925641683500207
10329 -1.4706348699671836
10437 6.836489302146179
10473 1.7781538171722764
10491 3.086486636822455
10546 4.8012850649143815
10600 4.919068100570765
10601 3.740413104229119
10661 3.3349479961209547
10749 1.1754637467675824
10784 5.612215281130711
10796 7.726030852642903
10859 3.086486636822455
10867 2.9066643955420775
10868 -0.18536107281185138
10898 4.8012850649143815
10903 2.476721065201561
10906 2.035665011990694
10909 2.7790019370744945
11023 1.2880826248757316
11034 1.5958322603783217
11110 0.8102455191680114
11148 7.070560271389437
11168 3.834593596929569
11170 5.135385686814575
11209 3.666305132075397
11252 3.3096301881366648
11299 -1.0423655237318759
11304 1.2054960338664575
11377 6.829981407588982
11416 2.1782280766455644
11450 4.524622387712212
11459 3.047265923669174
11497 4.433560284789064
11597 3.0666840095262753
11625 2.91449219418435
11695 3.6312138122641273
11769 1.6466515087745348
11841 2.8396265588909295
11894 3.0357414378172196
11901 5.8998973535824915
11917 4.433560284789064
11934 8.10814132616832
11969 3.791168985399158
11987 4.8012850649143815
12006 2.955458374416051
12022 1.616384730003291
12042 5.283601631122019
12043 4.997399943840672
12092 4.108137884354437
12093 1.6803896484063847
12193 4.05407066308416
12309 3.5645224377654547
12312 2.7938170228596353
12342 4.05407066308416
12347 4.919068100570765
12355 7.065547478901749
12383 1.2523064517104479
12426 12.610724923381312
12455 -0.8610346634721608
12460 2.1996252885386745
12477 12.383605326007805
12543 3.5645224377654547
12546 4.359452312635343
12553 5.3579180814009515
12554 1.6609715625492831
12598 2.5098732725184614
12629 3.3096301881366648
12674 1.5779746429783155
12717 0.5999147077153936
12828 3.597312260588446
12833 0.9630282097258448
12853 1.152070867192877
12946 6.526093026417357
12952 6.9985096422506015
13001 1.4730567031188173
13024 15.620250519067639
13029 3.3219431250985663
13080 2.436903055050322
13088 2.7790019370744945
13094 3.1918471524802814
13169 3.3349479961209547
13333 10.998915396226192
13359 2.6290617897835795
13440 2.9540974487767095
13442 10.778143459633002
13475 7.640911623805311
13508 1.7255100836868542
13527 2.049749751872433
13553 -0.37046075994419203
13672 1.5262389685791264
13722 7.065547478901749
13723 3.597312260588446
13743 3.8204558119026557
13838 2.3163784151263815
13843 6.534684229936693
13845 2.001297368486486
13890 5.362043057428582
13891 2.4263701154319968
13921 2.1782280766455644
14104 10.261455669336396
14135 4.708237486218457
14161 10.413500346045092
14168 2.9041650800285006
14186 4.513602992462601
14196 5.023813923333148
14237 -3.4862417415207996
14252 3.502002080784121
14267 -2.2942163598810907
14323 6.305362461690656
14352 1.8928409466523688
14381 0.2288676653980985
14395 2.7218435232345457
14449 3.21432000833234
14504 3.9539872045271784
14551 6.9985096422506015
14556 2.8876357780772897
14573 3.260840023967233
14634 5.8998973535824915
14792 6.305362461690656
14834 5.052599493195288
14880 4.22592092001082
14891 8.45184184002164
14894 3.740413104229119
14906 0.8027278807278994
14993 5.8998973535824915
14997 6.305362461690656
15019 4.8012850649143815
15076 3.21432000833234
15164 8.00555473739322
15169 11.67535274069267
15259 2.6641659082763383
15296 6.9985096422506015
15332 -17.07542903160182
15341 0.7959741250626788
15349 5.052599493195288
15407 6.813365470614782
15413 3.834593596929569
15414 5.8998973535824915
15418 2.1233123190494494
15424 5.433371509229539
15429 13.300680854367194
15456 3.1273086313427103
15472 2.735829765209286
15503 5.052599493195288
15570 2.7218435232345457
15622 2.363780654020965
15672 2.1825636311769054
15702 2.8553749158590684
15709 6.5589758606345505
15731 5.982352914036261
15771 0.023095714794649395
15783 1.4425151080149787
15786 4.490953451152685
