40
2070 1.4730567031188173
2450 -1.2217137914072214
2631 0.21292199724267172
2766 3.0666840095262753
2862 1.4690805547391779
3192 1.0095482253607377
3407 2.085854756514549
3708 3.8630154263214513
4070 1.1068654304248302
4158 0.030600440448717042
5040 1.4378280112350734
5377 3.666305132075397
6088 1.2146844599208637
6308 5.206750173022546
6433 0.5154022907934025
6787 2.288979440938267
7044 1.880515829833846
7190 5.612215281130711
7497 0.7014003223166658
7527 2.681021528714291
8439 0.4690908039883759
9384 1.3355491621146554
9391 2.735829765209286
9537 0.6546292081242703
11034 1.5958322603783217
11352 5.612215281130711
11385 3.8630154263214513
11840 1.6902419448493964
11984 2.4237986637472186
12042 2.6418008155610093
12122 1.1963912668735384
12460 1.466416859025783
12826 1.2619373447714093
12946 0.5932811842197597
12978 2.383389125409342
14237 -1.3944966966083199
14416 0.7739512129752414
14556 2.8876357780772897
15057 1.152070867192877
15794 2.5676928434072877
