28
1924 2.288979440938267
2667 3.9074671888922854
2862 1.4690805547391779
3618 5.612215281130711
4158 0.030600440448717042
4290 4.919068100570765
4522 0.2603571476546441
5993 0.8521803845817039
6338 4.827084327160058
6402 1.4112609838503516
6433 0.5154022907934025
6982 6.305362461690656
7497 0.7014003223166658
7527 2.681021528714291
8732 4.05407066308416
8932 6.9985096422506015
9227 4.165296298194385
10114 1.3014161557451966
10194 2.455214859980597
12434 4.695924549256556
12598 2.5098732725184614
12823 1.034930298632155
12938 5.612215281130711
13086 4.359452312635343
15187 1.994563336305142
15212 3.7796338173824005
15247 2.498699971920336
15471 1.3881216796572402
