104
730 4.59605855291637
744 3.3875917296063767
810 2.8396265588909295
1896 1.7835738846416156
1922 1.6952047341915255
2001 5.206750173022546
2103 2.4446327506500602
2334 0.7939518796819108
2442 2.7938170228596353
2450 -3.665141374221664
2602 5.052599493195288
2631 0.21292199724267172
2717 6.9985096422506015
2952 4.695924549256556
2964 0.900435360084361
3068 1.3460204619819507
3186 1.2880826248757316
3215 0.589980851191103
3578 0.6015799870344548
3670 10.778143459633002
3737 3.6111055827207816
3995 1.751485570090115
4097 2.955458374416051
4145 2.008077055471865
4158 0.09180132134615113
4230 2.0149030205422647
4405 1.3460204619819507
4608 1.4075226617397445
4765 4.245040000406706
4914 1.4339892349279078
5040 1.4378280112350734
5055 8.911300071139745
5056 6.305362461690656
5200 3.3096301881366648
5279 3.4820285404456395
5339 1.1784267118982394
5518 1.5868635903955612
5929 3.3096301881366648
5993 2.5565411537451115
6004 6.213378688279949
6133 4.359452312635343
6136 1.457246097092175
6151 1.4075226617397445
6158 4.910429719961194
6228 1.2947271675944
6235 1.2270685191205855
6433 0.5154022907934025
6628 3.1918471524802814
7025 5.047741126803689
7058 3.7026727762462723
7104 -1.3269758333025843
7401 1.886521853894058
7482 1.8055527913603908
7487 1.8167260919585162
7692 4.489838902288473
7813 1.0145733615634107
7854 6.721846965048431
7965 1.886521853894058
7981 2.0426825846493406
8009 6.9985096422506015
8032 2.043302495063963
8078 1.9359146092236343
8304 4.600614369452231
8582 1.3781087765334512
8645 3.5327737394508745
8896 2.938066631704182
9260 6.305362461690656
9640 2.8088549002241754
9781 4.00277736869661
9990 1.1343571206342449
10329 -0.4201813914191953
10487 5.943689416307031
10503 2.413542163580029
10867 1.4533321977710387
11023 1.2880826248757316
11089 2.309930450438483
11209 3.666305132075397
11344 3.1483620405405426
11520 3.1066893441399746
11769 1.6466515087745348
11778 2.8553749158590684
12006 2.955458374416051
12078 6.818600195406757
12260 12.610724923381312
12377 1.3460204619819507
12455 -0.6457759976041206
12595 2.344549292093078
12708 1.5958322603783217
12946 1.7798435526592793
13553 -0.37046075994419203
14195 1.7781538171722764
14196 2.511906961666574
14237 -2.09174504491248
14267 -0.7647387866270302
14463 1.67063347346102
14515 3.0666840095262753
14906 0.4013639403639497
15057 3.456212601578631
15332 -9.313870380873722
15424 1.8111238364098463
15587 1.2947271675944
15672 0.7275212103923018
15685 0.8716404581364162
15783 0.48083836933832624
