315
3 3.0666840095262753
254 2.498699971920336
389 3.2838467351571774
422 2.66777630196427
496 2.2800107709555064
500 2.1701959049483
521 1.8986432144264027
530 2.66777630196427
578 3.740413104229119
640 5.8998973535824915
683 3.3609234825242154
689 6.9985096422506015
710 2.8553749158590684
730 2.298029276458185
736 4.433560284789064
881 4.919068100570765
978 2.298029276458185
1060 0.1865007192496546
1105 6.305362461690656
1122 3.1698682457615064
1194 5.206750173022546
1250 5.8998973535824915
1347 4.919068100570765
1514 5.206750173022546
1516 4.359452312635343
1686 1.1549652252192415
1829 4.600614369452231
1842 6.086089028023802
1884 1.9486536350010641
1902 2.0149030205422647
1923 2.211017899468555
1924 2.288979440938267
1929 2.1081605140288473
1938 2.66777630196427
1942 5.074661685278982
2015 4.108137884354437
2019 2.344549292093078
2021 2.70805020110221
2038 1.880515829833846
2070 2.9461134062376346
2118 3.9539872045271784
2240 1.65617539028579
2275 6.9985096422506015
2349 8.45184184002164
2391 5.206750173022546
2452 2.1782280766455644
2458 2.162227735299123
2538 2.84512107820857
2592 2.938066631704182
2595 2.5211728277723946
2631 0.6387659917280152
2640 2.735829765209286
2674 1.0272478024601386
2754 6.569875151092587
2810 7.194624521176892
2820 2.4446327506500602
2853 3.414990703794491
2862 2.9381611094783557
2920 0.6795415285041667
2922 6.305362461690656
2940 1.6278716141229383
2964 1.800870720168722
3062 2.8396265588909295
3068 4.038061385945852
3120 1.6048820958982397
3132 3.2373095265570386
3186 2.576165249751463
3192 3.028644676082213
3215 2.949904255955515
3223 2.5211728277723946
3348 6.305362461690656
3379 6.383694304960563
3380 2.3541187431092285
3490 4.108137884354437
3597 2.8876357780772897
3635 3.155949285956631
3690 1.4972514317058743
3759 2.4033897921160112
3774 1.7255100836868542
3982 2.153862445213571
3995 5.254456710270345
4006 2.6547042203969173
4096 3.3609234825242154
4158 0.3366048449358875
4198 7.559267634764801
4301 3.597312260588446
4341 2.6547042203969173
4355 5.8998973535824915
4432 3.740413104229119
4522 0.2603571476546441
4592 3.0282177286984795
4608 7.037613308698722
4613 2.211017899468555
4750 0.33155284982139466
4765 1.4150133334689021
4838 2.9461134062376346
4840 2.938066631704182
4841 4.22592092001082
4846 2.021775899830027
4912 3.8592108800607394
4914 2.8679784698558155
4939 3.4431615807611875
4970 1.9746291214043248
4989 2.6710983242293107
5040 4.313484033705221
5055 2.2278250177849364
5151 2.555858385760285
5270 4.433560284789064
5279 3.4820285404456395
5290 3.740413104229119
5340 3.3349479961209547
5377 3.666305132075397
5464 10.598321218352623
5484 0.9464204733261844
5518 1.5868635903955612
5539 1.7153059135126125
5668 2.955458374416051
5670 4.513602992462601
5676 3.502002080784121
5680 4.774013612371447
5687 2.0785287164224764
5755 4.513602992462601
5879 4.359452312635343
5905 1.7835738846416156
5933 2.955458374416051
5973 1.4770487243883548
5983 3.975748696308691
5993 5.113082307490223
5999 2.5098732725184614
6021 3.7796338173824005
6136 2.91449219418435
6170 4.359452312635343
6189 4.919068100570765
6280 4.8012850649143815
6376 6.133368019052551
6380 5.389071729816501
6402 1.4112609838503516
6433 1.5462068723802074
6447 5.152330499502926
6567 2.579669034454003
6583 2.588834253506587
6589 4.513602992462601
6609 3.1918471524802814
6622 2.579669034454003
6721 2.383389125409342
6735 4.108137884354437
6787 11.444897204691335
6872 2.6095550068958033
6908 0.33537694625979814
7019 2.130975191795019
7025 3.028644676082213
7058 3.7026727762462723
7072 1.9486536350010641
7104 -0.6634879166512921
7210 1.8568460857479414
7277 5.206750173022546
7286 2.822521967700703
7401 1.886521853894058
7487 1.8167260919585162
7497 1.4028006446333317
7552 1.9486536350010641
7559 4.108137884354437
7591 2.0426825846493406
7620 4.372650573756367
7647 3.3096301881366648
7731 4.002594736972972
7813 2.0291467231268214
7827 3.414990703794491
7838 2.1081605140288473
7906 1.4339892349279078
7966 6.305362461690656
8032 1.0216512475319814
8055 2.9041650800285006
8078 1.9359146092236343
8090 4.47267141490569
8211 4.600614369452231
8262 2.0712559570933964
8388 4.919068100570765
8401 3.8204558119026557
8439 1.8763632159535035
8582 2.7562175530669024
8584 6.9985096422506015
8622 3.2373095265570386
8736 2.3867493466682252
8850 1.7153059135126125
9010 2.9209721983448818
9106 1.0850066366123312
9170 0.6116303228879563
9204 5.019746545036923
9280 3.502002080784121
9355 2.1782280766455644
9384 1.3355491621146554
9400 3.1273086313427103
9483 3.6312138122641273
9531 1.67063347346102
9534 2.750014400201242
9537 3.2731460406213513
9589 1.3115342859107813
9590 9.928890564409993
9640 2.8088549002241754
9642 6.9985096422506015
9970 0.4837969513780714
9986 2.0568672196412967
9990 3.4030713619027346
10058 2.6040604875781623
10154 3.3609234825242154
10194 7.365644579941792
10329 -0.8403627828383906
10393 3.9492582428086496
10422 0.7087940713416041
10487 1.981229805435677
10503 2.413542163580029
10678 4.577958881876534
10749 1.1754637467675824
10754 6.339736491523013
10868 -0.18536107281185138
11023 2.576165249751463
11032 1.087712998210074
11034 1.5958322603783217
11148 2.356853423796479
11185 5.8998973535824915
11218 0.5720211847929105
11295 3.2373095265570386
11334 1.994563336305142
11377 3.414990703794491
11453 4.091160117244055
11460 4.513602992462601
11696 3.2373095265570386
11707 3.2373095265570386
11836 2.37353682896633
11840 1.6902419448493964
11887 3.3349479961209547
11908 1.5346778372249912
11939 2.681021528714291
11945 1.9550845253313545
11952 1.5958322603783217
11969 0.7582337970798316
12006 2.955458374416051
12009 3.502002080784121
12022 0.40409618250082274
12043 4.997399943840672
12078 2.727440078162703
12089 2.8088549002241754
12122 1.1963912668735384
12213 3.047265923669174
12263 2.579669034454003
12447 2.8396265588909295
12455 -0.2152586658680402
12460 3.666042147564457
12504 4.359452312635343
12543 3.5645224377654547
12553 9.644252546521713
12554 1.6609715625492831
12595 2.344549292093078
12598 2.5098732725184614
12708 1.5958322603783217
12717 1.7997441231461808
12792 7.640911623805311
12826 2.5238746895428186
12891 3.7796338173824005
12904 3.4431615807611875
12946 2.373124736879039
13080 0.8123010183501074
13208 1.3115342859107813
13354 3.656051294424899
13391 3.740413104229119
13440 4.4311461731650645
13495 3.9539872045271784
13508 1.7255100836868542
13553 -1.111382279832576
13565 3.975748696308691
13672 1.5262389685791264
13722 3.5327737394508745
13754 3.8204558119026557
13845 2.001297368486486
13891 1.2131850577159984
13922 1.8986432144264027
14104 1.710242611556066
14186 4.513602992462601
14194 7.405345552492545
14195 5.334461451516829
14196 2.511906961666574
14267 -0.3823693933135151
14293 5.206750173022546
14352 1.8928409466523688
14370 3.666305132075397
14381 0.2288676653980985
14399 3.502002080784121
14431 1.034930298632155
14573 9.782520071901699
14586 4.05407066308416
14682 1.5431885268928998
14754 3.8204558119026557
14906 1.6054557614557987
15057 4.608283468771508
15063 3.2373095265570386
15076 3.21432000833234
15247 2.498699971920336
15332 -12.418493841164961
15351 3.5645224377654547
15413 2.556395731286379
15424 1.8111238364098463
15471 0.6940608398286201
15472 5.471659530418572
15502 4.513602992462601
15517 1.886521853894058
15518 1.880515829833846
15600 3.009525595686327
15650 2.130975191795019
15669 2.162227735299123
15672 2.1825636311769054
15685 1.7432809162728324
15709 4.372650573756367
15783 4.327545324044936
15786 5.389144141383222
