151
174 1.6232312345664361
389 1.6419233675785887
677 6.305362461690656
1839 2.093234863812172
1842 2.0286963426746007
1850 3.0666840095262753
1878 5.612215281130711
1896 1.7835738846416156
1922 1.6952047341915255
1924 2.288979440938267
1982 6.305362461690656
2070 1.4730567031188173
2271 0.34178311807220957
2394 4.05407066308416
2450 -1.832570687110832
2538 2.84512107820857
2862 1.4690805547391779
2920 0.6795415285041667
2977 3.47214911763444
3068 1.3460204619819507
3110 2.8876357780772897
3192 3.028644676082213
3215 1.7699425535733089
3489 1.942263836902293
3690 1.4972514317058743
3774 1.7255100836868542
3840 1.2980660688599148
4114 1.3890378470656415
4158 0.09180132134615113
4172 3.414990703794491
4283 4.8012850649143815
4307 2.824122372354964
4314 2.764403137653342
4405 2.6920409239639014
4437 2.4033897921160112
4522 0.2603571476546441
4551 3.9074671888922854
4625 1.8452180477528222
4767 6.9985096422506015
4838 2.9461134062376346
4846 2.021775899830027
4862 3.047265923669174
4878 1.3672978604292356
4914 1.4339892349279078
4989 4.006647486343966
5055 2.2278250177849364
5151 2.555858385760285
5249 3.3096301881366648
5377 3.666305132075397
5392 2.130975191795019
5587 2.5326015235960173
5680 1.5913378707904824
5770 3.4431615807611875
5809 2.363780654020965
5891 3.1273086313427103
5905 5.350721653924847
5944 3.8204558119026557
5973 1.4770487243883548
5983 1.9878743481543455
5993 0.8521803845817039
6118 6.305362461690656
6136 2.91449219418435
6235 1.2270685191205855
6416 4.600614369452231
6433 0.5154022907934025
6449 3.9074671888922854
6595 2.4237986637472186
6688 1.8925641683500207
6908 0.33537694625979814
6998 4.8012850649143815
7025 1.0095482253607377
7104 -1.3269758333025843
7274 3.0666840095262753
7344 1.6325336272287498
7790 5.8998973535824915
7854 3.3609234825242154
7892 3.1035445411685827
7906 1.4339892349279078
8032 2.5541281188299534
8250 9.83813620114153
8256 3.3607792968127694
8337 3.910169050662709
8405 3.3096301881366648
8439 0.4690908039883759
8582 1.3781087765334512
8822 2.2800107709555064
8850 1.7153059135126125
8890 2.2800107709555064
8906 3.047265923669174
9126 6.305362461690656
9170 0.6116303228879563
9641 5.283601631122019
9698 1.9878743481543455
9970 0.4837969513780714
9986 2.0568672196412967
10001 4.128071418239819
10229 6.305362461690656
10329 -0.21009069570959765
10422 0.7087940713416041
10437 1.3672978604292356
10487 1.981229805435677
10503 2.413542163580029
10532 2.9209721983448818
10868 -0.18536107281185138
10945 4.919068100570765
11034 1.5958322603783217
11168 1.2781978656431896
11266 2.9041650800285006
11299 -0.5211827618659379
11312 3.3096301881366648
11379 2.0426825846493406
11386 2.1157077196642304
11503 2.8876357780772897
11580 2.5441623459970937
11969 1.5164675941596633
11975 2.9209721983448818
12120 7.065547478901749
12377 1.3460204619819507
12455 -0.2152586658680402
12460 0.7332084295128914
12674 1.5779746429783155
12685 5.389071729816501
13057 3.8204558119026557
13369 7.814934377784571
13391 3.740413104229119
13403 3.502002080784121
13708 3.9539872045271784
13759 2.955458374416051
13845 2.001297368486486
13930 2.7203099458337108
14072 3.3609234825242154
14196 3.3492092822220987
14237 -1.3944966966083199
14267 -0.7647387866270302
14357 2.476721065201561
14370 3.666305132075397
14381 0.2288676653980985
14416 1.5479024259504828
14455 1.637217476541176
14463 1.67063347346102
14558 2.476721065201561
15039 4.513602992462601
15057 2.304141734385754
15187 1.994563336305142
15332 -3.1046234602912404
15341 0.7959741250626788
15413 2.556395731286379
15424 5.433371509229539
15435 2.750014400201242
15672 0.7275212103923018
15783 1.4425151080149787
