102
174 4.869693703699308
389 1.6419233675785887
422 2.66777630196427
695 2.9911764570181303
2002 5.206750173022546
2030 3.3349479961209547
2247 2.219386149139072
2271 0.34178311807220957
2349 4.22592092001082
2357 1.1873686492739008
2450 -1.2217137914072214
2812 3.9539872045271784
2940 1.6278716141229383
3189 3.5645224377654547
3399 6.305362461690656
3404 2.465910149097345
3618 5.612215281130711
3658 2.938066631704182
3759 2.4033897921160112
3785 5.74275051441102
3928 5.052599493195288
3949 2.7790019370744945
4093 5.612215281130711
4158 0.061200880897434085
4211 5.052599493195288
4222 2.3256808077886952
4522 0.2603571476546441
4677 4.919068100570765
4750 0.6631056996427893
4838 1.4730567031188173
5052 4.22592092001082
5111 3.21432000833234
5243 3.6312138122641273
5491 3.597312260588446
5700 3.1483620405405426
5889 2.4033897921160112
5973 1.4770487243883548
6079 3.502002080784121
6132 6.9985096422506015
6307 3.2373095265570386
6338 2.413542163580029
6721 4.766778250818684
7042 3.8630154263214513
7497 1.4028006446333317
7503 14.087773647769666
7527 2.681021528714291
7534 1.242767428663689
7591 2.0426825846493406
7633 1.8745456628473423
7906 1.4339892349279078
8262 2.0712559570933964
9170 0.6116303228879563
9229 2.3933394562625097
9970 0.4837969513780714
9986 2.0568672196412967
9990 1.1343571206342449
10001 2.0640357091199095
10114 1.3014161557451966
10194 4.910429719961194
10610 3.6312138122641273
10749 1.1754637467675824
10868 -0.18536107281185138
11148 1.1784267118982394
11218 0.5720211847929105
11295 3.2373095265570386
11524 1.5178707189086098
11975 2.9209721983448818
11977 3.7026727762462723
12064 3.3349479961209547
12122 1.1963912668735384
12218 2.6547042203969173
12460 2.1996252885386745
12598 2.5098732725184614
12792 3.8204558119026557
12826 1.2619373447714093
12853 2.304141734385754
13075 3.9539872045271784
13102 2.735829765209286
13291 5.612215281130711
13547 1.6003469407328483
13576 3.9074671888922854
13720 3.666305132075397
13759 5.910916748832102
13864 6.9985096422506015
14107 2.4237986637472186
14237 -0.6972483483041599
14267 -1.1471081799405454
14309 1.5137127087599462
14416 1.5479024259504828
14447 3.1483620405405426
14498 3.0282177286984795
14525 4.22592092001082
14599 4.433560284789064
14894 3.740413104229119
15000 5.8998973535824915
15057 1.152070867192877
15086 5.206750173022546
15212 3.7796338173824005
15247 2.498699971920336
15332 -1.5523117301456202
15427 6.305362461690656
15471 0.6940608398286201
