129
174 3.2464624691328723
1928 2.4876501357337513
2167 2.66777630196427
2240 3.31235078057158
2450 -2.4434275828144427
2536 1.7835738846416156
2913 1.720394983020084
2959 3.5621059478217028
3407 2.085854756514549
3578 1.2031599740689096
3928 5.052599493195288
3990 2.6290617897835795
4025 6.9985096422506015
4108 3.1066893441399746
4314 2.764403137653342
4422 4.359452312635343
4438 3.47214911763444
4522 0.2603571476546441
4563 4.695924549256556
4750 0.994658549464184
4924 3.2849375755462935
4970 1.9746291214043248
5233 4.22592092001082
5293 3.4431615807611875
5392 4.261950383590038
5555 2.4033897921160112
5590 1.4533321977710387
5630 0.23830767558032406
6057 3.8204558119026557
6242 2.9041650800285006
6754 1.2024518914852294
6908 0.33537694625979814
7028 2.764403137653342
7104 -1.3269758333025843
7215 2.344549292093078
7255 3.9074671888922854
7316 3.1273086313427103
7497 0.7014003223166658
7534 2.485534857327378
7569 1.0170954309961207
7633 3.7490913256946845
7813 1.0145733615634107
7845 2.4237986637472186
7887 2.973157951515452
7907 2.6418008155610093
8089 2.681021528714291
8150 4.433560284789064
8230 2.37353682896633
8479 6.9985096422506015
8523 0.7256326357044336
8643 2.001297368486486
8648 2.434161450782765
8710 0.551203779709388
8711 6.9985096422506015
9057 8.10814132616832
9106 1.0850066366123312
9122 1.3744921360632627
9151 1.258716730071367
9365 1.4972514317058743
9423 2.8876357780772897
9559 -0.6655915508397914
9580 3.3096301881366648
9733 1.0850066366123312
9977 3.8630154263214513
10001 2.0640357091199095
10258 1.8000126109847754
10341 3.1698682457615064
10446 3.1483620405405426
10447 3.0497411835248567
10678 2.288979440938267
10720 6.9985096422506015
10735 4.8012850649143815
10749 2.3509274935351647
10825 4.029806041084529
11032 1.087712998210074
11102 1.3304600282218215
11218 1.144042369585821
11299 -0.5211827618659379
11304 1.2054960338664575
11308 2.5098732725184614
11453 6.818600195406757
11499 4.513602992462601
11774 3.0282177286984795
11778 2.8553749158590684
11884 5.612215281130711
11907 2.434161450782765
12022 0.8081923650016455
12145 3.1918471524802814
12242 3.8630154263214513
12391 3.1918471524802814
12455 -0.4305173317360804
12708 1.5958322603783217
12801 1.9109133070182172
12803 2.727440078162703
12853 2.304141734385754
13001 1.4730567031188173
13021 3.6312138122641273
13189 3.7490913256946845
13348 5.8998973535824915
13446 5.8998973535824915
13553 -0.7409215198883841
13661 3.7026727762462723
13672 1.5262389685791264
13718 1.3425178314307487
13734 3.884527673804586
13918 2.8396265588909295
14167 3.7026727762462723
14237 -0.6972483483041599
14267 -1.1471081799405454
14309 4.541138126279838
14315 3.009525595686327
14352 0.9464204733261844
14416 0.7739512129752414
14431 1.034930298632155
14455 3.274434953082352
14692 2.8396265588909295
14906 0.4013639403639497
15192 1.489121305622624
15259 1.3320829541381691
15292 2.211017899468555
15306 0.7199882180847567
15397 2.001297368486486
15435 2.750014400201242
15471 0.6940608398286201
15472 2.735829765209286
15595 1.3320829541381691
15651 1.1377234187847354
15827 1.9109133070182172
15862 3.9074671888922854
