206
389 1.6419233675785887
488 3.6312138122641273
1404 1.3708885285599641
1533 4.108137884354437
1579 5.8998973535824915
1686 1.1549652252192415
1750 3.320596291274491
1755 3.47214911763444
1838 3.414990703794491
1924 2.288979440938267
1942 2.537330842639491
2009 2.413542163580029
2049 2.37353682896633
2224 1.981229805435677
2258 2.87137525720551
2271 1.7089155903610478
2365 3.7026727762462723
2406 2.9209721983448818
2444 3.666305132075397
2450 -0.6108568957036107
2458 2.162227735299123
2459 5.876133263408364
2477 5.052599493195288
2592 2.938066631704182
2597 2.1157077196642304
2631 0.21292199724267172
2674 1.0272478024601386
2833 3.666305132075397
2920 0.6795415285041667
2924 4.0573926853492015
2964 0.900435360084361
3048 2.5098732725184614
3195 4.359452312635343
3215 0.589980851191103
3277 4.600614369452231
3326 5.8998973535824915
3739 4.00277736869661
3780 2.465910149097345
3820 1.7890234894091803
3896 1.403798262648762
3990 2.6290617897835795
4114 1.3890378470656415
4158 0.030600440448717042
4174 3.3875917296063767
4208 4.566138270957271
4226 3.3609234825242154
4286 2.130975191795019
4307 2.824122372354964
4321 2.8553749158590684
4376 8.867120569578129
4391 3.260840023967233
4405 2.6920409239639014
4416 2.727440078162703
4519 8.867120569578129
4522 0.5207142953092883
4586 3.009525595686327
4589 6.9985096422506015
4866 2.5211728277723946
4878 4.101893581287706
4912 1.9296054400303697
4989 2.6710983242293107
5033 2.1233123190494494
5040 1.4378280112350734
5055 2.2278250177849364
5067 2.2278250177849364
5110 1.8452180477528222
5151 2.555858385760285
5307 2.9911764570181303
5539 1.7153059135126125
5554 2.1081605140288473
5596 3.5645224377654547
5680 1.5913378707904824
5737 3.740413104229119
5891 3.1273086313427103
5900 2.8553749158590684
5904 6.305362461690656
5983 1.9878743481543455
5993 1.7043607691634077
6021 3.7796338173824005
6433 0.5154022907934025
6482 4.22592092001082
6583 0.8629447511688624
6751 2.5441623459970937
6754 3.607355674455688
6819 1.7153059135126125
6848 4.05407066308416
6908 0.33537694625979814
6974 5.8998973535824915
7025 4.038192901442951
7044 1.880515829833846
7072 3.8973072700021283
7104 -1.3269758333025843
7210 1.8568460857479414
7311 2.236335707452845
7449 5.389071729816501
7534 1.242767428663689
7764 1.7052048175261088
7774 6.9985096422506015
7781 2.6040604875781623
7904 2.211017899468555
7981 2.0426825846493406
8055 2.9041650800285006
8090 2.236335707452845
8091 6.9985096422506015
8103 4.600614369452231
8262 2.0712559570933964
8439 0.4690908039883759
8471 5.587634045719271
8645 3.5327737394508745
8731 2.0286963426746007
8904 2.1863252868781835
9343 3.8630154263214513
9481 1.7727629685373998
9537 2.618516832497081
9795 3.9074671888922854
9817 1.3183370332335338
9990 1.7015356809513673
10029 2.4237986637472186
10053 12.610724923381312
10177 6.9985096422506015
10326 1.0461538510930224
10329 -0.21009069570959765
10345 5.8998973535824915
10394 6.9985096422506015
10437 1.3672978604292356
10610 3.6312138122641273
10749 1.1754637467675824
10859 3.086486636822455
10867 5.813328791084155
10903 2.476721065201561
10958 5.612215281130711
11023 1.2880826248757316
11032 3.263138994630222
11148 5.892133559491198
11165 2.1863252868781835
11295 6.474619053114077
11320 2.764403137653342
11334 1.994563336305142
11407 3.1483620405405426
11419 3.1273086313427103
11570 1.1933746733341126
11724 6.9985096422506015
11828 2.955458374416051
11850 2.455214859980597
11894 7.589353594543049
11900 2.049749751872433
11908 6.138711348899965
11918 4.433560284789064
11939 2.681021528714291
11945 3.910169050662709
12042 2.6418008155610093
12070 2.87137525720551
12078 5.454880156325406
12081 2.363780654020965
12111 1.994563336305142
12122 1.1963912668735384
12135 3.740413104229119
12137 2.498699971920336
12140 4.108137884354437
12175 2.955458374416051
12447 2.8396265588909295
12455 -0.4305173317360804
12460 0.7332084295128914
12553 1.0715836162801904
12554 1.6609715625492831
12660 4.071330023981388
12717 2.3996588308615743
12781 2.498699971920336
12783 1.8986432144264027
12826 1.2619373447714093
12853 2.304141734385754
12946 2.9664059210987985
13080 1.6246020367002147
13108 2.2800107709555064
13390 2.236335707452845
13440 1.4770487243883548
13508 1.7255100836868542
13553 -1.4818430397767681
13672 1.5262389685791264
13708 3.9539872045271784
13733 6.305362461690656
13769 3.1273086313427103
13838 2.3163784151263815
13843 2.1782280766455644
14021 4.108137884354437
14196 5.023813923333148
14237 -1.3944966966083199
14267 -0.3823693933135151
14313 1.6466515087745348
14352 0.9464204733261844
14395 2.7218435232345457
14521 3.666305132075397
14529 2.8088549002241754
14679 3.7796338173824005
14906 0.8027278807278994
15121 1.5868635903955612
15174 6.305362461690656
15209 2.579669034454003
15259 3.9962488624145074
15332 -15.523117301456201
15373 1.628721502626236
15424 1.8111238364098463
15453 2.236335707452845
15694 2.938066631704182
15783 8.174252278751545
15857 12.266736038105101
