208
279 5.283601631122019
359 5.389071729816501
389 3.2838467351571774
631 4.00277736869661
690 4.22592092001082
710 2.8553749158590684
1060 0.3108345320827577
1356 2.363780654020965
1624 3.7026727762462723
1639 4.600614369452231
1687 2.413542163580029
1942 1.691553895092994
2064 1.5647876386963615
2070 2.9461134062376346
2271 0.34178311807220957
2357 3.5621059478217028
2450 -0.6108568957036107
2538 5.69024215641714
2631 0.42584399448534344
2735 3.9074671888922854
2813 12.32441365306331
2862 2.9381611094783557
2925 3.4431615807611875
2935 1.2640783890383267
2964 0.900435360084361
3117 3.2373095265570386
3120 1.6048820958982397
3132 3.2373095265570386
3186 1.2880826248757316
3192 1.0095482253607377
3215 0.589980851191103
3223 2.5211728277723946
3230 2.8876357780772897
3249 2.750014400201242
3374 1.9680717208581657
3392 2.20271909665386
3394 3.047265923669174
3498 2.87137525720551
3540 5.389071729816501
3578 0.6015799870344548
3690 1.4972514317058743
3708 3.8630154263214513
3774 3.4510201673737084
3831 12.871378323445173
3904 5.389071729816501
3995 1.751485570090115
3997 5.389071729816501
4021 1.5054481989100525
4155 4.00277736869661
4158 0.030600440448717042
4171 5.8998973535824915
4208 1.5220460903190904
4286 2.130975191795019
4302 1.8000126109847754
4459 3.2849375755462935
4504 3.6312138122641273
4665 5.206750173022546
4750 0.33155284982139466
4852 1.258716730071367
4924 3.2849375755462935
4937 4.600614369452231
5012 4.108137884354437
5040 1.4378280112350734
5083 1.5735596247691985
5110 1.8452180477528222
5156 2.211017899468555
5271 5.612215281130711
5377 3.666305132075397
5517 1.6232312345664361
5518 3.1737271807911225
5627 5.206750173022546
5700 3.1483620405405426
5785 5.052599493195288
5960 3.6312138122641273
5986 3.3609234825242154
5993 0.8521803845817039
6026 2.66777630196427
6043 1.5913378707904824
6088 1.2146844599208637
6165 3.3096301881366648
6249 5.612215281130711
6307 3.2373095265570386
6345 3.414990703794491
6395 4.433560284789064
6402 1.4112609838503516
6414 3.1483620405405426
6433 0.5154022907934025
6453 4.8012850649143815
6488 3.0666840095262753
6534 4.695924549256556
6567 2.579669034454003
6786 3.7026727762462723
6787 4.577958881876534
6827 14.403855194743144
6951 9.391849098513111
7025 1.0095482253607377
7104 -0.6634879166512921
7148 5.8998973535824915
7170 1.6186122887101415
7286 4.2337829515510546
7430 3.3096301881366648
7487 1.8167260919585162
7497 2.8056012892666633
7533 4.919068100570765
7552 11.691921810006384
7647 3.3096301881366648
7692 2.2449194511442365
7695 5.8998973535824915
7845 2.4237986637472186
7904 2.211017899468555
7906 5.735956939711631
7907 7.925402446683028
8086 3.3096301881366648
8153 2.8396265588909295
8439 0.4690908039883759
8581 5.389071729816501
8615 2.6944445490464313
8622 6.474619053114077
8723 1.5262389685791264
8736 1.1933746733341126
8741 3.086486636822455
8838 4.513602992462601
8928 1.3355491621146554
8946 2.7218435232345457
9010 2.9209721983448818
9032 4.8012850649143815
9170 2.446521291551825
9353 2.476721065201561
9355 6.534684229936693
9393 1.060973437168175
9537 2.618516832497081
9597 3.1273086313427103
9786 3.1483620405405426
9864 4.513602992462601
9990 1.1343571206342449
10326 1.0461538510930224
10329 -0.4201813914191953
10402 5.389071729816501
10561 1.6003469407328483
10868 -0.18536107281185138
10909 2.7790019370744945
11035 4.8012850649143815
11148 1.1784267118982394
11210 3.21432000833234
11273 5.389071729816501
11481 1.6186122887101415
11501 4.8012850649143815
11695 3.6312138122641273
11894 1.5178707189086098
11900 2.049749751872433
11908 1.5346778372249912
11975 2.9209721983448818
12122 1.1963912668735384
12160 5.052599493195288
12293 3.7026727762462723
12460 5.865667436103132
12553 4.2863344651207615
12820 3.3349479961209547
12823 1.034930298632155
12833 0.9630282097258448
12853 2.304141734385754
12946 1.7798435526592793
12951 4.00277736869661
12960 3.1918471524802814
12978 2.383389125409342
13029 1.6609715625492831
13169 3.3349479961209547
13208 1.3115342859107813
13290 4.8012850649143815
13412 2.5098732725184614
13495 3.9539872045271784
13508 3.4510201673737084
13553 -0.37046075994419203
13572 1.8745456628473423
13845 2.001297368486486
13867 1.087712998210074
13921 2.1782280766455644
13922 1.8986432144264027
14010 4.8012850649143815
14044 1.4611753752320646
14107 2.4237986637472186
14237 -2.7889933932166397
14242 2.5326015235960173
14267 -0.3823693933135151
14431 1.034930298632155
14473 3.2849375755462935
14475 4.695924549256556
14556 5.775271556154579
14560 5.206750173022546
14571 3.2373095265570386
14612 2.1863252868781835
14906 0.4013639403639497
15057 1.152070867192877
15332 -6.209246920582481
15341 1.5919482501253577
15424 1.8111238364098463
15478 4.359452312635343
15578 1.7945029551738059
15622 2.363780654020965
15648 2.5676928434072877
15650 2.130975191795019
15671 3.7796338173824005
15672 0.7275212103923018
15709 4.372650573756367
15712 4.165296298194385
15783 0.9616767386766525
15786 0.8981906902305371
15814 4.524622387712212
