70
389 1.6419233675785887
690 4.22592092001082
1842 2.0286963426746007
2070 2.9461134062376346
2271 0.6835662361444191
2450 -1.2217137914072214
2538 1.422560539104285
2639 2.6040604875781623
2862 2.9381611094783557
2935 0.6320391945191633
3120 1.6048820958982397
3192 1.0095482253607377
3985 2.5098732725184614
4053 -0.14952015041821856
4158 0.061200880897434085
4522 0.2603571476546441
4608 1.4075226617397445
4838 1.4730567031188173
4863 4.05407066308416
4939 3.4431615807611875
4988 3.7796338173824005
5083 1.5735596247691985
5377 3.666305132075397
5993 0.8521803845817039
6088 1.2146844599208637
6235 1.2270685191205855
6433 0.5154022907934025
6787 2.288979440938267
6872 1.3047775034479017
6959 4.165296298194385
7497 0.7014003223166658
7527 5.362043057428582
7552 1.9486536350010641
7647 3.3096301881366648
7906 1.4339892349279078
8736 1.1933746733341126
8816 1.7255100836868542
8904 2.1863252868781835
9384 1.3355491621146554
9391 5.471659530418572
9765 1.7835738846416156
9817 1.3183370332335338
9986 2.0568672196412967
10194 4.910429719961194
10633 4.433560284789064
10808 4.919068100570765
11032 1.087712998210074
11110 0.8102455191680114
11299 -0.5211827618659379
11305 2.0640357091199095
11695 3.6312138122641273
12126 5.612215281130711
12460 3.666042147564457
12823 1.034930298632155
12826 2.5238746895428186
13553 -0.37046075994419203
13672 1.5262389685791264
14237 -0.6972483483041599
14267 -0.3823693933135151
14416 1.5479024259504828
14573 3.260840023967233
14906 0.4013639403639497
15057 2.304141734385754
15155 2.0712336022232116
15187 1.994563336305142
15247 2.498699971920336
15341 0.7959741250626788
15468 1.1549652252192415
15794 2.5676928434072877
15814 2.262311193856106
