51
254 2.498699971920336
730 4.59605855291637
744 3.3875917296063767
810 2.8396265588909295
2038 1.880515829833846
2450 -1.832570687110832
2631 0.21292199724267172
3120 1.6048820958982397
3192 1.0095482253607377
3215 0.589980851191103
3737 1.8055527913603908
4319 2.049749751872433
4838 1.4730567031188173
5040 1.4378280112350734
5517 1.6232312345664361
5539 1.7153059135126125
5739 2.8876357780772897
5933 2.955458374416051
5973 2.9540974487767095
5983 1.9878743481543455
5993 1.7043607691634077
6136 1.457246097092175
6235 1.2270685191205855
6414 3.1483620405405426
7025 1.0095482253607377
7487 1.8167260919585162
7620 2.1863252868781835
8032 1.0216512475319814
8869 2.1782280766455644
9106 1.0850066366123312
9481 1.7727629685373998
9986 2.0568672196412967
10329 -0.4201813914191953
10867 1.4533321977710387
11209 3.666305132075397
11312 3.3096301881366648
11840 1.6902419448493964
12455 -0.4305173317360804
12460 0.7332084295128914
12853 1.152070867192877
13353 1.961557039836972
13390 2.236335707452845
13845 2.001297368486486
13930 4.080464918750566
14104 1.710242611556066
14153 2.4876501357337513
14196 0.8373023205555247
14473 3.2849375755462935
15472 2.735829765209286
15672 0.7275212103923018
15783 0.48083836933832624
