183
401 3.1698682457615064
607 2.5211728277723946
744 3.3875917296063767
810 2.8396265588909295
816 6.9985096422506015
1826 6.305362461690656
1896 3.567147769283231
1909 2.8876357780772897
1936 6.9985096422506015
1942 0.845776947546497
1986 2.4237986637472186
2070 1.4730567031188173
2235 3.2849375755462935
2328 2.9911764570181303
2334 0.7939518796819108
2342 4.919068100570765
2421 1.5431885268928998
2450 -1.832570687110832
2484 2.629859749823839
2538 1.422560539104285
2601 3.1066893441399746
2631 0.6387659917280152
2813 4.108137884354437
2862 1.4690805547391779
2997 3.047265923669174
3094 4.00277736869661
3120 4.814646287694719
3165 3.7796338173824005
3180 2.7938170228596353
3186 1.2880826248757316
3215 0.589980851191103
3498 5.74275051441102
3537 10.778143459633002
3578 0.6015799870344548
3657 2.6164830075767194
3774 1.7255100836868542
3820 1.7890234894091803
3831 12.871378323445173
3898 3.047265923669174
3942 6.775183459212753
3974 3.3875917296063767
4053 -0.07476007520910928
4097 2.955458374416051
4158 0.09180132134615113
4275 4.165296298194385
4286 2.130975191795019
4405 1.3460204619819507
4522 0.2603571476546441
4750 0.33155284982139466
4809 2.8088549002241754
4857 2.0712559570933964
4886 3.009525595686327
4912 1.9296054400303697
4914 1.4339892349279078
4934 3.7026727762462723
4989 1.3355491621146554
5033 2.1233123190494494
5040 1.4378280112350734
5135 5.389071729816501
5409 3.502002080784121
5440 5.206750173022546
5518 1.5868635903955612
5539 1.7153059135126125
5895 2.4033897921160112
5905 1.7835738846416156
5973 1.4770487243883548
5993 0.8521803845817039
6088 1.2146844599208637
6228 1.2947271675944
6414 9.445086121621628
6518 4.695924549256556
6787 2.288979440938267
6819 1.7153059135126125
6872 1.3047775034479017
7072 1.9486536350010641
7104 -1.9904637499538764
7197 1.730651483187273
7312 4.632756830252763
7401 5.659565561682174
7487 1.8167260919585162
7497 0.7014003223166658
7544 5.206750173022546
7620 2.1863252868781835
7647 3.3096301881366648
7692 2.2449194511442365
7813 1.0145733615634107
7845 2.4237986637472186
7895 5.8998973535824915
7906 5.735956939711631
7907 5.283601631122019
7924 3.2849375755462935
7969 3.5327737394508745
8007 1.904759441443839
8032 1.0216512475319814
8622 6.474619053114077
8645 3.5327737394508745
8723 1.5262389685791264
8741 3.086486636822455
8822 2.2800107709555064
8842 5.389071729816501
8880 1.67063347346102
9151 1.258716730071367
9154 2.465910149097345
9345 2.66777630196427
9346 4.997399943840672
9355 4.356456153291129
9393 2.12194687433635
9481 1.7727629685373998
9709 1.082307579643166
9733 1.0850066366123312
9765 1.7835738846416156
9864 4.513602992462601
9970 0.4837969513780714
9990 0.5671785603171224
10006 2.6944445490464313
10329 -0.21009069570959765
10867 1.4533321977710387
10903 2.476721065201561
10906 2.035665011990694
11023 2.576165249751463
11034 1.5958322603783217
11148 2.356853423796479
11168 1.2781978656431896
11209 3.666305132075397
11273 5.389071729816501
11277 3.7796338173824005
11299 -0.5211827618659379
11308 2.5098732725184614
11491 1.8745456628473423
11570 1.1933746733341126
11584 4.433560284789064
11695 3.6312138122641273
11840 3.3804838896987928
11894 7.589353594543049
11902 4.433560284789064
11908 1.5346778372249912
11969 0.7582337970798316
12022 0.8081923650016455
12043 2.498699971920336
12081 2.363780654020965
12216 2.87137525720551
12218 7.964112661190752
12455 -0.8610346634721608
12460 5.865667436103132
12501 4.919068100570765
12717 0.5999147077153936
12946 1.1865623684395195
13046 3.47214911763444
13058 4.00277736869661
13208 1.3115342859107813
13316 3.047265923669174
13353 1.961557039836972
13392 2.764403137653342
13423 3.9539872045271784
13438 2.555858385760285
13547 3.2006938814656967
13553 -0.37046075994419203
13681 2.498699971920336
13719 3.9074671888922854
13761 2.6040604875781623
13908 4.290459441148391
13930 1.3601549729168554
14237 -4.88073843812912
14267 -0.7647387866270302
14308 2.0640357091199095
14313 3.2933030175490696
14381 0.2288676653980985
14573 3.260840023967233
14612 2.1863252868781835
14835 5.206750173022546
14906 0.4013639403639497
15057 3.456212601578631
15121 3.1737271807911225
15145 12.610724923381312
15332 -1.5523117301456202
15341 0.7959741250626788
15358 5.159338068908006
15424 1.8111238364098463
15578 1.7945029551738059
15650 2.130975191795019
15702 2.8553749158590684
15723 5.8998973535824915
15786 0.8981906902305371
