157
254 2.498699971920336
389 1.6419233675785887
401 3.1698682457615064
422 2.66777630196427
496 2.2800107709555064
500 2.1701959049483
578 3.740413104229119
607 2.5211728277723946
1060 0.06216690641655154
1328 5.389071729816501
1379 0.5370414658968836
1466 5.206750173022546
1490 6.305362461690656
1516 4.359452312635343
1692 4.388977195034689
1750 1.1068654304248302
1772 5.052599493195288
1822 2.383389125409342
1842 2.0286963426746007
1902 2.0149030205422647
1922 1.6952047341915255
1942 2.537330842639491
1986 2.4237986637472186
2019 2.344549292093078
2070 1.4730567031188173
2167 2.66777630196427
2407 4.47267141490569
2458 2.162227735299123
2459 5.876133263408364
2484 5.259719499647678
2631 0.42584399448534344
2853 3.414990703794491
2964 0.900435360084361
2997 12.189063694676696
3068 2.6920409239639014
3120 1.6048820958982397
3215 1.7699425535733089
3700 1.2947271675944
4021 1.5054481989100525
4053 -0.14952015041821856
4088 3.5645224377654547
4158 0.030600440448717042
4230 2.0149030205422647
4334 3.1698682457615064
4405 1.3460204619819507
4420 4.00277736869661
4841 4.22592092001082
4878 1.3672978604292356
4902 5.206750173022546
4912 1.9296054400303697
4914 1.4339892349279078
4989 1.3355491621146554
5033 2.1233123190494494
5055 2.2278250177849364
5208 2.5676928434072877
5307 2.9911764570181303
5539 1.7153059135126125
5680 1.5913378707904824
5779 3.21432000833234
5993 0.8521803845817039
6047 3.009525595686327
6235 1.2270685191205855
6402 1.4112609838503516
6433 0.5154022907934025
6614 3.009525595686327
6657 2.138697237888929
7072 1.9486536350010641
7104 -1.3269758333025843
7197 1.730651483187273
7401 3.773043707788116
7764 1.7052048175261088
7808 2.8396265588909295
7813 1.0145733615634107
7924 3.2849375755462935
8032 0.5108256237659907
8439 1.4072724119651276
8582 2.7562175530669024
8710 0.551203779709388
8784 2.146479378330984
8840 3.1698682457615064
8979 1.7890234894091803
9069 3.260840023967233
9280 3.502002080784121
9355 2.1782280766455644
9400 3.1273086313427103
9483 3.6312138122641273
9537 1.963887624372811
9733 1.0850066366123312
9970 0.4837969513780714
9990 1.1343571206342449
10001 2.0640357091199095
10058 2.6040604875781623
10329 -0.21009069570959765
10456 2.8553749158590684
10487 1.981229805435677
10503 2.413542163580029
10647 3.5327737394508745
10859 6.17297327364491
10868 -0.37072214562370276
10895 4.290459441148391
10903 2.476721065201561
10909 2.7790019370744945
11066 4.05407066308416
11089 2.309930450438483
11148 2.356853423796479
11168 1.2781978656431896
11218 0.5720211847929105
11299 -1.0423655237318759
11305 2.0640357091199095
11459 3.047265923669174
11591 2.7218435232345457
11850 2.455214859980597
11894 4.55361215672583
12034 0.9324015521468534
12043 2.498699971920336
12078 1.3637200390813515
12137 2.498699971920336
12218 2.6547042203969173
12455 -0.2152586658680402
12460 0.7332084295128914
12513 3.740413104229119
12553 1.0715836162801904
12554 1.6609715625492831
12660 2.035665011990694
12708 1.5958322603783217
12717 1.1998294154307871
12946 2.373124736879039
13080 0.8123010183501074
13208 1.3115342859107813
13359 2.6290617897835795
13361 5.206750173022546
13547 1.6003469407328483
13553 -1.111382279832576
13613 1.8111238364098463
13672 1.5262389685791264
13700 6.305362461690656
13812 4.165296298194385
13845 2.001297368486486
13867 1.087712998210074
13930 1.3601549729168554
14078 2.5098732725184614
14195 3.5563076343445528
14196 1.6746046411110493
14267 -1.1471081799405454
14313 1.6466515087745348
14395 2.7218435232345457
14906 0.8027278807278994
15057 1.152070867192877
15155 0.6904112007410705
15169 2.335070548138534
15332 -3.1046234602912404
15348 2.10066984229969
15351 3.5645224377654547
15407 4.542243647076521
15471 0.6940608398286201
15771 0.023095714794649395
15783 1.4425151080149787
