173
389 3.2838467351571774
508 6.305362461690656
690 4.22592092001082
710 2.8553749158590684
716 4.513602992462601
1060 0.12433381283310307
1097 6.9985096422506015
1341 6.9985096422506015
1686 1.1549652252192415
1687 4.827084327160058
1842 2.0286963426746007
1889 3.414990703794491
1893 1.7567626271909589
1942 0.845776947546497
2070 2.9461134062376346
2264 8.718904625270685
2357 2.3747372985478017
2402 4.513602992462601
2421 1.5431885268928998
2450 -1.2217137914072214
2513 1.8280256472124494
2631 0.6387659917280152
2862 2.9381611094783557
3090 3.047265923669174
3180 5.587634045719271
3192 1.0095482253607377
3215 0.589980851191103
3230 5.775271556154579
3394 3.047265923669174
3407 4.171709513029098
3413 5.052599493195288
3498 2.87137525720551
3505 4.00277736869661
3537 5.389071729816501
3642 3.47214911763444
3710 6.9985096422506015
3774 1.7255100836868542
3831 4.290459441148391
3903 4.433560284789064
3997 5.389071729816501
4008 3.21432000833234
4021 1.5054481989100525
4158 0.061200880897434085
4208 1.5220460903190904
4265 3.5327737394508745
4459 3.2849375755462935
4500 2.8396265588909295
4711 1.9296054400303697
4838 1.4730567031188173
4876 2.2449194511442365
5309 7.5978045707880515
5342 3.6312138122641273
5484 0.9464204733261844
5510 4.108137884354437
5517 1.6232312345664361
5518 1.5868635903955612
5539 1.7153059135126125
5700 3.1483620405405426
5715 3.502002080784121
5852 2.4876501357337513
5876 7.559267634764801
6026 5.33555260392854
6078 2.555858385760285
6088 1.2146844599208637
6169 2.4033897921160112
6170 4.359452312635343
6249 5.612215281130711
6345 3.414990703794491
6351 5.617709800448351
6414 3.1483620405405426
6453 4.8012850649143815
6518 4.695924549256556
6729 2.1944885975173447
6787 4.577958881876534
6862 6.9985096422506015
6872 1.3047775034479017
6935 4.919068100570765
7181 3.260840023967233
7203 3.1066893441399746
7286 1.4112609838503516
7497 3.507001611583329
7502 6.9985096422506015
7552 5.845960905003192
7647 3.3096301881366648
7813 1.0145733615634107
7906 11.471913879423262
7907 2.6418008155610093
8254 6.9985096422506015
8439 0.9381816079767518
8622 9.711928579671117
8736 2.3867493466682252
8842 5.389071729816501
8880 1.67063347346102
8993 2.973157951515452
9032 4.8012850649143815
9122 1.3744921360632627
9170 0.6116303228879563
9355 4.356456153291129
9448 4.290459441148391
9481 1.7727629685373998
9537 1.963887624372811
9765 1.7835738846416156
10132 6.9985096422506015
10194 2.455214859980597
10264 4.8012850649143815
10326 1.5692307766395337
10329 -0.21009069570959765
10422 0.7087940713416041
10784 5.612215281130711
10825 2.0149030205422647
10939 5.206750173022546
11034 4.787496781134966
11501 4.8012850649143815
11690 4.919068100570765
11695 7.262427624528255
11788 3.3096301881366648
11894 1.5178707189086098
11908 1.5346778372249912
11941 6.305362461690656
12022 0.40409618250082274
12081 2.363780654020965
12122 1.1963912668735384
12175 2.955458374416051
12246 4.290459441148391
12341 2.8088549002241754
12455 -0.2152586658680402
12460 6.598875865616023
12553 2.1431672325603808
12833 0.9630282097258448
12853 2.304141734385754
12946 0.5932811842197597
12951 8.00555473739322
12960 3.1918471524802814
12991 3.1066893441399746
12998 6.9985096422506015
13028 4.8012850649143815
13045 1.886521853894058
13147 4.290459441148391
13423 3.9539872045271784
13494 3.21432000833234
13508 1.7255100836868542
13553 -0.7409215198883841
13572 1.8745456628473423
13672 1.5262389685791264
13724 4.433560284789064
13838 4.632756830252763
13845 2.001297368486486
13846 3.3096301881366648
13867 2.175425996420148
13908 4.290459441148391
14044 1.4611753752320646
14237 -3.4862417415207996
14294 5.612215281130711
14303 12.610724923381312
14348 5.8998973535824915
14352 0.9464204733261844
14515 3.0666840095262753
14556 5.775271556154579
14563 2.6418008155610093
14573 3.260840023967233
14612 2.1863252868781835
14817 4.919068100570765
14906 1.204091821091849
15057 2.304141734385754
15076 3.21432000833234
15332 -3.1046234602912404
15341 0.7959741250626788
15348 4.20133968459938
15435 2.750014400201242
15456 3.1273086313427103
15518 1.880515829833846
15671 3.7796338173824005
15783 0.9616767386766525
