213
254 2.498699971920336
389 1.6419233675785887
401 3.1698682457615064
422 2.66777630196427
496 2.2800107709555064
500 2.1701959049483
578 3.740413104229119
607 2.5211728277723946
734 6.305362461690656
1060 0.12433381283310307
1094 2.335070548138534
1294 5.8998973535824915
1328 5.389071729816501
1466 5.206750173022546
1490 6.305362461690656
1516 4.359452312635343
1590 6.9985096422506015
1687 2.413542163580029
1692 4.388977195034689
1750 3.320596291274491
1772 5.052599493195288
1822 2.383389125409342
1896 1.7835738846416156
1902 2.0149030205422647
1922 1.6952047341915255
1938 2.66777630196427
1942 2.537330842639491
1954 2.750014400201242
1957 1.8223599096767722
1986 2.4237986637472186
2019 2.344549292093078
2070 1.4730567031188173
2167 2.66777630196427
2407 4.47267141490569
2450 -1.2217137914072214
2458 2.162227735299123
2459 5.876133263408364
2484 5.259719499647678
2631 0.42584399448534344
2853 3.414990703794491
2964 0.900435360084361
2997 12.189063694676696
3068 2.6920409239639014
3132 3.2373095265570386
3215 3.5398851071466177
3407 2.085854756514549
3578 0.6015799870344548
3700 1.2947271675944
3737 1.8055527913603908
3746 10.413500346045092
3896 1.403798262648762
4004 4.8892655013001205
4026 2.8876357780772897
4053 -0.22428022562732786
4145 2.008077055471865
4158 0.061200880897434085
4230 4.029806041084529
4334 3.1698682457615064
4405 1.3460204619819507
4416 1.3637200390813515
4420 4.00277736869661
4608 2.815045323479489
4841 4.22592092001082
4878 1.3672978604292356
4902 5.206750173022546
4912 1.9296054400303697
4914 2.8679784698558155
4989 1.3355491621146554
5033 2.1233123190494494
5040 1.4378280112350734
5055 2.2278250177849364
5208 2.5676928434072877
5307 2.9911764570181303
5339 1.1784267118982394
5369 3.047265923669174
5539 1.7153059135126125
5636 2.973157951515452
5680 1.5913378707904824
5779 3.21432000833234
5993 1.7043607691634077
6047 3.009525595686327
6064 2.138697237888929
6216 2.3933394562625097
6235 1.2270685191205855
6360 6.42864001666468
6402 1.4112609838503516
6414 3.1483620405405426
6433 0.5154022907934025
6614 3.009525595686327
6657 2.138697237888929
6754 1.2024518914852294
7025 1.0095482253607377
7072 1.9486536350010641
7104 -1.9904637499538764
7197 1.730651483187273
7210 1.8568460857479414
7344 1.6325336272287498
7379 4.22592092001082
7401 3.773043707788116
7473 6.305362461690656
7487 3.6334521839170324
7614 2.5676928434072877
7620 2.1863252868781835
7764 1.7052048175261088
7808 2.8396265588909295
7813 1.0145733615634107
7854 3.3609234825242154
7874 6.9985096422506015
7924 3.2849375755462935
7971 3.414990703794491
8032 0.5108256237659907
8439 1.4072724119651276
8582 2.7562175530669024
8710 0.551203779709388
8784 2.146479378330984
8840 3.1698682457615064
8978 1.6140145794615122
8979 1.7890234894091803
9069 3.260840023967233
9280 3.502002080784121
9344 4.359452312635343
9355 2.1782280766455644
9400 3.1273086313427103
9483 3.6312138122641273
9537 1.963887624372811
9597 3.1273086313427103
9733 1.0850066366123312
9970 0.9675939027561428
9986 2.0568672196412967
9990 1.1343571206342449
10001 2.0640357091199095
10058 2.6040604875781623
10329 -0.4201813914191953
10437 2.7345957208584712
10456 2.8553749158590684
10487 1.981229805435677
10503 2.413542163580029
10647 3.5327737394508745
10859 6.17297327364491
10868 -0.37072214562370276
10895 4.290459441148391
10903 2.476721065201561
10909 2.7790019370744945
11057 2.555858385760285
11066 4.05407066308416
11089 1.1549652252192415
11148 2.356853423796479
11168 1.2781978656431896
11218 2.288084739171642
11299 -0.5211827618659379
11305 2.0640357091199095
11459 3.047265923669174
11497 8.867120569578129
11841 2.8396265588909295
11850 2.455214859980597
11894 4.55361215672583
11954 5.612215281130711
11990 4.108137884354437
12034 0.9324015521468534
12043 2.498699971920336
12078 2.727440078162703
12089 5.617709800448351
12137 2.498699971920336
12218 2.6547042203969173
12455 -0.2152586658680402
12460 0.7332084295128914
12513 3.740413104229119
12550 4.290459441148391
12553 1.0715836162801904
12554 1.6609715625492831
12660 2.035665011990694
12708 3.1916645207566434
12717 1.1998294154307871
12834 5.389071729816501
12946 3.5596871053185586
13080 0.8123010183501074
13208 1.3115342859107813
13359 2.6290617897835795
13361 5.206750173022546
13547 1.6003469407328483
13553 -1.111382279832576
13613 1.8111238364098463
13672 3.052477937158253
13700 6.305362461690656
13812 4.165296298194385
13845 2.001297368486486
13867 2.175425996420148
13930 1.3601549729168554
14008 2.001297368486486
14078 2.5098732725184614
14195 5.334461451516829
14196 0.8373023205555247
14237 -1.3944966966083199
14267 -1.5294775732540604
14313 1.6466515087745348
14352 0.9464204733261844
14395 2.7218435232345457
14515 6.133368019052551
14906 0.8027278807278994
15057 1.152070867192877
15155 0.6904112007410705
15158 3.8204558119026557
15169 2.335070548138534
15332 -7.761558650728101
15348 2.10066984229969
15351 3.5645224377654547
15407 4.542243647076521
15424 3.6222476728196926
15471 0.6940608398286201
15587 1.2947271675944
15672 0.7275212103923018
15771 0.023095714794649395
15783 1.923353477353305
