36
194 0.7699986386594181
521 1.8986432144264027
2068 3.3609234825242154
2536 1.7835738846416156
2705 1.6657908489852322
2935 0.6320391945191633
4366 1.9878743481543455
4750 0.33155284982139466
5430 2.750014400201242
6754 1.2024518914852294
6908 0.6707538925195963
7104 -0.6634879166512921
7497 0.7014003223166658
8710 0.551203779709388
9106 1.0850066366123312
9206 4.919068100570765
9353 2.476721065201561
9559 -0.24959683156492177
9580 3.3096301881366648
10326 0.5230769255465112
10329 -0.21009069570959765
11102 0.6652300141109108
11110 0.8102455191680114
11524 1.5178707189086098
11769 1.6466515087745348
12455 -0.2152586658680402
12801 1.9109133070182172
13189 1.8745456628473423
13734 3.884527673804586
13914 5.612215281130711
14237 -0.6972483483041599
14267 -0.3823693933135151
14416 0.7739512129752414
14682 1.5431885268928998
15403 4.165296298194385
15828 1.0931477941960308
