26
683 3.3609234825242154
1842 2.0286963426746007
2538 1.422560539104285
3180 2.7938170228596353
3537 5.389071729816501
4158 0.061200880897434085
6088 1.2146844599208637
7286 1.4112609838503516
7497 0.7014003223166658
7552 1.9486536350010641
7906 1.4339892349279078
9537 0.6546292081242703
9986 2.0568672196412967
10194 2.455214859980597
11161 5.389071729816501
11943 2.455214859980597
11969 0.7582337970798316
12072 6.305362461690656
12460 1.466416859025783
14237 -0.6972483483041599
14455 1.637217476541176
14556 2.8876357780772897
15057 1.152070867192877
15247 2.498699971920336
15484 2.9911764570181303
15709 4.372650573756367
