142
254 2.498699971920336
389 1.6419233675785887
810 2.8396265588909295
1823 5.8998973535824915
1893 1.7567626271909589
1960 3.1483620405405426
2334 1.5879037593638217
2351 1.5647876386963615
2369 4.108137884354437
2450 -2.4434275828144427
2615 6.305362461690656
2631 0.21292199724267172
2862 1.4690805547391779
2919 2.1944885975173447
2924 2.0286963426746007
2940 1.6278716141229383
2964 0.900435360084361
3180 2.7938170228596353
3192 1.0095482253607377
3215 1.179961702382206
3431 4.359452312635343
3459 5.206750173022546
3612 3.1918471524802814
3690 1.4972514317058743
3691 3.7026727762462723
3723 4.22592092001082
3820 1.7890234894091803
4145 2.008077055471865
4158 0.09180132134615113
4405 1.3460204619819507
4416 1.3637200390813515
4522 0.2603571476546441
4536 2.70805020110221
4608 1.4075226617397445
4750 0.6631056996427893
4765 5.6600533338756085
4848 9.391849098513111
4878 1.3672978604292356
4881 2.7938170228596353
4912 1.9296054400303697
4914 1.4339892349279078
5020 3.21432000833234
5039 2.735829765209286
5046 4.47267141490569
5055 4.455650035569873
5119 7.180018368787529
5200 3.3096301881366648
5316 2.236335707452845
5339 1.1784267118982394
5636 2.973157951515452
5779 3.21432000833234
5886 6.9985096422506015
5905 1.7835738846416156
5973 1.4770487243883548
5993 0.8521803845817039
6043 1.5913378707904824
6287 4.513602992462601
6587 4.00277736869661
6622 2.579669034454003
6628 3.1918471524802814
6908 0.33537694625979814
7025 2.0190964507214755
7104 -1.3269758333025843
7264 3.597312260588446
7487 1.8167260919585162
7614 2.5676928434072877
7764 1.7052048175261088
7991 1.3149298749119196
8032 1.0216512475319814
8718 2.824122372354964
8731 2.0286963426746007
8886 2.6163003758530814
8978 3.2280291589230243
9229 2.3933394562625097
9391 2.735829765209286
9446 6.305362461690656
9537 0.6546292081242703
9573 3.3096301881366648
9741 5.612215281130711
9778 10.413500346045092
9990 0.5671785603171224
10295 4.433560284789064
10329 -0.8403627828383906
10437 1.3672978604292356
10868 -0.18536107281185138
11032 2.175425996420148
11089 1.1549652252192415
11139 2.87137525720551
11218 0.5720211847929105
11299 -0.5211827618659379
11416 2.1782280766455644
11503 2.8876357780772897
11570 1.1933746733341126
11788 3.3096301881366648
11894 1.5178707189086098
11969 1.5164675941596633
12010 3.6312138122641273
12022 0.40409618250082274
12078 4.091160117244055
12095 3.502002080784121
12263 2.579669034454003
12455 -0.2152586658680402
12460 2.1996252885386745
12674 3.155949285956631
12708 1.5958322603783217
12783 1.8986432144264027
12826 1.2619373447714093
12834 5.389071729816501
12838 4.919068100570765
12853 1.152070867192877
12891 3.7796338173824005
12946 2.373124736879039
13094 6.383694304960563
13392 2.764403137653342
13399 3.086486636822455
13553 -0.37046075994419203
13722 3.5327737394508745
13775 3.2849375755462935
13838 2.3163784151263815
13843 2.1782280766455644
13886 6.9985096422506015
14085 3.1698682457615064
14153 2.4876501357337513
14195 1.7781538171722764
14267 -0.3823693933135151
14381 0.2288676653980985
14416 0.7739512129752414
14447 6.296724081081085
14455 1.637217476541176
14700 4.00277736869661
14761 5.612215281130711
14906 0.4013639403639497
15057 1.152070867192877
15259 1.3320829541381691
15332 -3.1046234602912404
15341 0.7959741250626788
15424 1.8111238364098463
15465 5.052599493195288
15587 1.2947271675944
15651 1.1377234187847354
15672 0.7275212103923018
15783 2.8850302160299575
