259
302 1.7153059135126125
389 1.6419233675785887
502 2.5676928434072877
551 3.9074671888922854
619 3.666305132075397
1060 0.43516834491586076
1094 2.335070548138534
1294 5.8998973535824915
1310 3.7796338173824005
1379 0.5370414658968836
1466 10.413500346045092
1515 3.740413104229119
1516 4.359452312635343
1692 2.1944885975173447
1750 2.2137308608496604
1752 5.612215281130711
1896 1.7835738846416156
1928 2.4876501357337513
1938 2.66777630196427
1942 9.303546423011467
1986 2.4237986637472186
1999 3.5327737394508745
2036 5.845960905003192
2049 2.37353682896633
2167 2.66777630196427
2242 7.907974409054357
2334 2.3818556390457326
2365 3.7026727762462723
2407 2.236335707452845
2421 1.5431885268928998
2452 2.1782280766455644
2477 5.052599493195288
2484 1.3149298749119196
2631 0.8516879889706869
2862 1.4690805547391779
2924 2.0286963426746007
2935 0.6320391945191633
2940 1.6278716141229383
2943 3.4431615807611875
2964 3.601741440337444
2997 12.189063694676696
3165 3.7796338173824005
3186 6.440413124378658
3215 0.589980851191103
3525 5.612215281130711
3578 1.2031599740689096
3610 3.2849375755462935
3661 4.165296298194385
3747 6.9985096422506015
3981 3.3609234825242154
4021 1.5054481989100525
4053 -0.07476007520910928
4145 4.01615411094373
4155 4.00277736869661
4158 0.1530022022435852
4208 1.5220460903190904
4241 16.823728544812077
4286 2.130975191795019
4321 2.8553749158590684
4405 1.3460204619819507
4407 3.414990703794491
4408 10.105198986390576
4522 0.5207142953092883
4616 1.8925641683500207
4783 2.1782280766455644
4846 2.021775899830027
4866 2.5211728277723946
4878 1.3672978604292356
4881 2.7938170228596353
4912 1.9296054400303697
4914 4.301967704783723
4989 2.6710983242293107
5033 2.1233123190494494
5040 2.875656022470147
5046 4.47267141490569
5055 2.2278250177849364
5128 6.9985096422506015
5284 3.5645224377654547
5307 2.9911764570181303
5339 2.356853423796479
5363 3.0666840095262753
5392 4.261950383590038
5517 1.6232312345664361
5518 1.5868635903955612
5905 1.7835738846416156
5965 3.740413104229119
5983 1.9878743481543455
5990 5.876133263408364
5993 1.7043607691634077
6005 3.666305132075397
6047 6.019051191372654
6065 4.22592092001082
6136 2.91449219418435
6158 2.455214859980597
6172 4.919068100570765
6198 4.600614369452231
6235 2.454137038241171
6342 6.305362461690656
6389 3.1273086313427103
6433 1.030804581586805
6449 3.9074671888922854
6520 9.391849098513111
6614 3.009525595686327
6697 4.22592092001082
6751 2.5441623459970937
6913 6.305362461690656
6971 3.597312260588446
7072 1.9486536350010641
7104 -1.3269758333025843
7210 9.284230428739708
7222 4.695924549256556
7274 3.0666840095262753
7401 1.886521853894058
7421 3.2373095265570386
7452 4.513602992462601
7487 1.8167260919585162
7591 2.0426825846493406
7622 2.764403137653342
7633 1.8745456628473423
7692 2.2449194511442365
7882 4.359452312635343
7924 6.569875151092587
7935 2.335070548138534
8007 3.809518882887678
8030 3.1918471524802814
8032 3.0649537425959443
8043 5.191954449561819
8439 0.4690908039883759
8683 1.6803896484063847
8696 4.919068100570765
8697 6.305362461690656
8710 0.551203779709388
8731 2.0286963426746007
8736 1.1933746733341126
8840 3.1698682457615064
8890 2.2800107709555064
8920 4.433560284789064
8928 1.3355491621146554
8980 9.027205984925201
9010 2.9209721983448818
9069 3.260840023967233
9122 1.3744921360632627
9154 2.465910149097345
9188 4.359452312635343
9346 2.498699971920336
9393 1.060973437168175
9481 1.7727629685373998
9537 1.3092584162485406
9698 1.9878743481543455
9748 2.6547042203969173
9970 0.9675939027561428
9986 2.0568672196412967
9990 1.7015356809513673
10002 6.9985096422506015
10029 2.4237986637472186
10329 -2.310997652805574
10422 0.7087940713416041
10437 5.4691914417169425
10473 1.7781538171722764
10491 3.086486636822455
10608 10.413500346045092
10647 7.065547478901749
10770 2.4876501357337513
10805 3.666305132075397
10867 5.813328791084155
10886 2.87137525720551
10903 2.476721065201561
10959 12.610724923381312
10983 4.919068100570765
11008 5.206750173022546
11032 1.087712998210074
11089 2.309930450438483
11102 0.6652300141109108
11148 15.319547254677113
11209 3.666305132075397
11295 6.474619053114077
11299 -0.5211827618659379
11305 4.128071418239819
11312 3.3096301881366648
11320 2.764403137653342
11353 2.8088549002241754
11406 5.283601631122019
11450 2.262311193856106
11461 6.439438134992953
11570 2.3867493466682252
11671 2.2535775138873513
11790 4.489838902288473
11850 2.455214859980597
11894 12.142965751268878
11908 4.604033511674974
11969 0.7582337970798316
12034 0.9324015521468534
12043 2.498699971920336
12070 2.87137525720551
12078 2.727440078162703
12111 1.994563336305142
12139 4.00277736869661
12292 2.5211728277723946
12447 2.8396265588909295
12455 -0.2152586658680402
12460 0.7332084295128914
12513 3.740413104229119
12636 5.612215281130711
12660 2.035665011990694
12695 6.305362461690656
12708 3.1916645207566434
12717 4.7993176617231486
12718 6.9985096422506015
12772 1.886521853894058
12783 1.8986432144264027
12785 2.8088549002241754
12793 2.87137525720551
12853 1.152070867192877
12946 1.1865623684395195
13029 1.6609715625492831
13033 4.919068100570765
13080 1.6246020367002147
13106 4.670141096277068
13108 2.2800107709555064
13139 6.305362461690656
13208 2.6230685718215625
13333 3.666305132075397
13393 4.433560284789064
13440 1.4770487243883548
13527 2.049749751872433
13530 3.9539872045271784
13553 -0.7409215198883841
13672 1.5262389685791264
13708 3.9539872045271784
13750 4.324455470598246
13791 3.047265923669174
13837 3.666305132075397
13845 2.001297368486486
13867 5.43856499105037
13930 1.3601549729168554
13933 3.7796338173824005
14195 1.7781538171722764
14196 0.8373023205555247
14237 -2.7889933932166397
14267 -1.9118469665675755
14308 2.0640357091199095
14516 2.1782280766455644
14587 5.052599493195288
15121 3.1737271807911225
15155 1.380822401482141
15172 6.305362461690656
15259 3.9962488624145074
15326 3.2373095265570386
15332 -7.761558650728101
15341 0.7959741250626788
15407 9.084487294153043
15413 1.2781978656431896
15573 5.052599493195288
15587 1.2947271675944
15616 5.389071729816501
15709 2.1863252868781835
15771 0.023095714794649395
15783 0.9616767386766525
15857 6.133368019052551
