75
1938 5.33555260392854
1942 0.845776947546497
1960 6.296724081081085
2421 1.5431885268928998
2450 -1.832570687110832
2631 0.42584399448534344
3374 1.9680717208581657
3386 2.6290617897835795
3407 2.085854756514549
3746 5.206750173022546
3896 1.403798262648762
4004 2.4446327506500602
4145 2.008077055471865
4158 0.030600440448717042
4208 1.5220460903190904
4619 3.2849375755462935
4679 4.919068100570765
4750 0.33155284982139466
4914 1.4339892349279078
5040 1.4378280112350734
5539 1.7153059135126125
5700 3.1483620405405426
6043 1.5913378707904824
6047 3.009525595686327
6088 1.2146844599208637
6284 6.9985096422506015
6433 1.5462068723802074
6787 2.288979440938267
6970 2.1863252868781835
6983 3.414990703794491
7019 2.130975191795019
7104 -0.6634879166512921
7906 1.4339892349279078
8032 0.5108256237659907
9229 2.3933394562625097
9345 2.66777630196427
9355 2.1782280766455644
9384 1.3355491621146554
9481 1.7727629685373998
9970 0.4837969513780714
9986 4.113734439282593
9989 6.9985096422506015
9990 0.5671785603171224
10194 2.455214859980597
10329 -0.21009069570959765
10437 1.3672978604292356
10898 4.8012850649143815
11148 1.1784267118982394
11407 3.1483620405405426
11520 3.1066893441399746
11816 3.8592108800607394
11908 1.5346778372249912
11934 4.05407066308416
11954 5.612215281130711
12122 1.1963912668735384
12460 0.7332084295128914
12595 2.344549292093078
12708 1.5958322603783217
12717 1.1998294154307871
12946 0.5932811842197597
13553 -0.7409215198883841
13720 3.666305132075397
13867 1.087712998210074
14085 3.1698682457615064
14196 0.8373023205555247
14237 -1.3944966966083199
14294 5.612215281130711
14352 0.9464204733261844
14431 1.034930298632155
14573 3.260840023967233
14906 0.8027278807278994
15158 3.8204558119026557
15317 3.0666840095262753
15587 1.2947271675944
15786 0.8981906902305371
