76
389 1.6419233675785887
1839 2.093234863812172
1842 2.0286963426746007
1942 1.691553895092994
2070 1.4730567031188173
2258 2.87137525720551
2271 0.34178311807220957
2534 3.2373095265570386
2833 3.666305132075397
2862 2.9381611094783557
3120 3.2097641917964794
3193 6.9985096422506015
3407 4.171709513029098
3788 2.750014400201242
4026 2.8876357780772897
4158 0.030600440448717042
4214 2.465910149097345
4619 3.2849375755462935
4840 2.938066631704182
5012 4.108137884354437
5040 1.4378280112350734
5307 2.9911764570181303
5316 2.236335707452845
5700 3.1483620405405426
5905 1.7835738846416156
5929 3.3096301881366648
5993 2.5565411537451115
6047 3.009525595686327
6088 1.2146844599208637
6433 0.5154022907934025
6449 3.9074671888922854
6787 4.577958881876534
6983 3.414990703794491
7058 3.7026727762462723
7497 1.4028006446333317
7906 4.301967704783723
8032 0.5108256237659907
8439 0.4690908039883759
8736 1.1933746733341126
9345 2.66777630196427
9355 2.1782280766455644
9384 1.3355491621146554
9537 0.6546292081242703
9640 2.8088549002241754
9795 3.9074671888922854
9990 0.5671785603171224
10194 2.455214859980597
10561 3.2006938814656967
11034 1.5958322603783217
11089 1.1549652252192415
11305 2.0640357091199095
11377 3.414990703794491
11695 3.6312138122641273
11816 3.8592108800607394
11894 1.5178707189086098
12122 1.1963912668735384
12460 2.932833718051566
12629 3.3096301881366648
12672 5.8998973535824915
12946 1.1865623684395195
12951 4.00277736869661
13399 3.086486636822455
13508 1.7255100836868542
13553 -0.7409215198883841
13867 1.087712998210074
14237 -1.3944966966083199
14294 5.612215281130711
14352 0.9464204733261844
14556 2.8876357780772897
14573 6.521680047934466
14906 0.8027278807278994
15057 1.152070867192877
15155 0.6904112007410705
15247 2.498699971920336
15332 -3.1046234602912404
15783 1.4425151080149787
