330
401 3.1698682457615064
606 4.8012850649143815
637 6.9985096422506015
1057 5.612215281130711
1839 2.093234863812172
1888 4.600614369452231
1906 3.597312260588446
1922 1.6952047341915255
1986 2.4237986637472186
1997 3.009525595686327
2064 1.5647876386963615
2162 50.7178919321841
2163 12.610724923381312
2302 3.009525595686327
2305 6.9985096422506015
2334 1.5879037593638217
2411 4.359452312635343
2450 -4.2759982699252745
2638 2.130975191795019
2640 2.735829765209286
2674 2.054495604920277
2787 15.959235762401407
2920 2.718166114016667
2935 0.6320391945191633
2959 7.1242118956434055
2960 6.305362461690656
2964 1.800870720168722
2979 6.9985096422506015
2981 4.00277736869661
3108 8.216275768708874
3215 0.589980851191103
3296 3.597312260588446
3386 2.6290617897835795
3418 4.919068100570765
3449 1.9647049651044954
3598 1.1666271649670843
3700 1.2947271675944
3763 10.791936781765338
3814 2.236335707452845
3820 7.156093957636721
4019 4.919068100570765
4026 2.8876357780772897
4110 2.764403137653342
4222 4.6513616155773905
4230 12.089418123253587
4261 2.262311193856106
4262 3.1698682457615064
4265 3.5327737394508745
4286 8.523900767180075
4297 3.3096301881366648
4366 1.9878743481543455
4371 4.433560284789064
4405 1.3460204619819507
4502 14.044274501120878
4522 0.2603571476546441
4536 2.70805020110221
4586 3.009525595686327
4613 2.211017899468555
4616 3.7851283367000415
4620 8.33059259638877
4750 0.6631056996427893
4751 6.829981407588982
4808 9.027205984925201
4882 2.130975191795019
4909 1.4690805547391779
4943 4.22592092001082
4963 2.3933394562625097
4964 5.075668111168333
4991 3.9539872045271784
5033 2.1233123190494494
5067 4.455650035569873
5135 5.389071729816501
5156 6.633053698405666
5208 5.135385686814575
5246 4.513602992462601
5339 1.1784267118982394
5510 4.108137884354437
5535 4.433560284789064
5555 2.4033897921160112
5570 7.262427624528255
5630 0.5957691889508101
5650 12.610724923381312
5722 3.3609234825242154
5779 3.21432000833234
5848 4.108137884354437
5861 2.750014400201242
5874 2.579669034454003
5889 7.210169376348034
5891 3.1273086313427103
5900 2.8553749158590684
5933 2.955458374416051
5934 2.8876357780772897
5940 6.9985096422506015
5973 1.4770487243883548
5999 5.019746545036923
6026 5.33555260392854
6121 6.9985096422506015
6122 3.502002080784121
6130 3.0666840095262753
6140 2.211017899468555
6151 1.4075226617397445
6156 1.8000126109847754
6433 1.030804581586805
6558 4.359452312635343
6577 4.05407066308416
6610 12.610724923381312
6657 12.832183427333575
6754 2.4049037829704587
6794 3.9074671888922854
6872 1.3047775034479017
6908 3.3537694625979815
6909 6.305362461690656
6984 7.559267634764801
7006 4.05407066308416
7025 2.0190964507214755
7104 -3.980927499907753
7170 4.855836866130424
7197 1.730651483187273
7253 6.9985096422506015
7286 1.4112609838503516
7299 2.8553749158590684
7320 6.305362461690656
7344 1.6325336272287498
7531 17.699692060747473
7534 1.242767428663689
7557 3.3349479961209547
7591 2.0426825846493406
7678 6.305362461690656
7682 6.9985096422506015
7688 3.086486636822455
7724 10.791936781765338
7764 1.7052048175261088
7813 2.0291467231268214
7838 12.648963084173083
7853 5.8998973535824915
7892 1.5517722705842913
7949 5.088324691994187
7981 2.0426825846493406
7986 3.597312260588446
7991 14.464228624031115
8007 1.904759441443839
8096 2.9066643955420775
8142 2.9041650800285006
8170 12.610724923381312
8230 4.74707365793266
8308 9.83813620114153
8444 1.7890234894091803
8513 5.8998973535824915
8514 84.33923632981833
8515 26.945358649082504
8517 6.9985096422506015
8523 6.530693721339903
8548 6.9985096422506015
8578 3.1066893441399746
8628 3.9074671888922854
8665 10.413500346045092
8710 2.204815118837552
8712 3.3349479961209547
8731 2.0286963426746007
8752 4.433560284789064
8753 9.027205984925201
8856 2.3163784151263815
8886 1.3081501879265407
8904 2.1863252868781835
8928 6.677745810573277
8942 4.919068100570765
8946 2.7218435232345457
8987 4.42203579893711
9122 2.7489842721265254
9170 1.2232606457759125
9292 2.5441623459970937
9384 1.3355491621146554
9457 12.610724923381312
9559 -0.6655915508397914
9667 3.7796338173824005
9675 4.108137884354437
9719 4.290459441148391
9970 2.418984756890357
9974 3.8630154263214513
9979 4.786678912525019
10015 3.5645224377654547
10076 2.750014400201242
10256 4.8012850649143815
10258 1.8000126109847754
10296 3.2849375755462935
10300 9.201228738904462
10307 5.135385686814575
10326 2.092307702186045
10447 0.6099482367049713
10749 5.877318733837912
10751 0.7939518796819108
10753 5.558003874148989
10754 6.339736491523013
10825 2.0149030205422647
10868 -0.5560832184355542
10962 2.6290617897835795
11023 1.2880826248757316
11027 1.2781978656431896
11110 4.051227595840057
11139 5.74275051441102
11165 2.1863252868781835
11168 1.2781978656431896
11169 6.9985096422506015
11170 5.135385686814575
11218 2.288084739171642
11263 4.695924549256556
11299 -2.0847310474637517
11304 2.410992067732915
11327 3.5645224377654547
11347 1.6746046411110493
11351 19.205140259657526
11386 2.1157077196642304
11431 5.206750173022546
11452 6.305362461690656
11453 1.3637200390813515
11461 2.146479378330984
11481 1.6186122887101415
11569 6.9985096422506015
11570 2.3867493466682252
11591 5.443687046469091
11660 4.359452312635343
11704 3.1483620405405426
11772 8.216275768708874
11781 2.591790394986348
11783 4.00277736869661
11790 2.2449194511442365
11825 2.9041650800285006
11840 1.6902419448493964
11881 2.70805020110221
11889 2.7790019370744945
11900 2.049749751872433
11905 6.569875151092587
11908 1.5346778372249912
11947 9.084653186095439
11952 1.5958322603783217
12022 1.2122885475024683
12028 2.591790394986348
12033 2.5211728277723946
12040 3.5645224377654547
12063 3.9074671888922854
12070 5.74275051441102
12078 2.727440078162703
12085 5.389071729816501
12093 1.6803896484063847
12122 3.589173800620615
12145 3.1918471524802814
12245 4.290459441148391
12292 2.5211728277723946
12374 6.9985096422506015
12377 1.3460204619819507
12383 2.5046129034208957
12450 3.1483620405405426
12455 -1.7220693269443217
12598 2.5098732725184614
12711 5.389071729816501
12717 1.1998294154307871
12723 2.288979440938267
12748 10.778143459633002
12783 1.8986432144264027
12797 2.7218435232345457
12801 15.287306456145737
12803 23.183240664382975
12805 9.284230428739708
12891 3.7796338173824005
12942 3.9539872045271784
12967 12.610724923381312
13080 0.8123010183501074
13104 3.2373095265570386
13189 3.7490913256946845
13302 4.359452312635343
13338 2.5211728277723946
13357 3.3875917296063767
13384 4.113734439282593
13438 5.11171677152057
13494 3.21432000833234
13495 3.9539872045271784
13501 2.5211728277723946
13553 -0.37046075994419203
13565 3.975748696308691
13576 7.814934377784571
13718 1.3425178314307487
13750 4.324455470598246
13791 6.094531847338348
13812 4.165296298194385
13891 1.2131850577159984
14044 1.4611753752320646
14153 2.4876501357337513
14174 3.5890059103476117
14188 3.597312260588446
14219 6.9985096422506015
14237 -6.972483483041599
14267 -1.1471081799405454
14292 6.9985096422506015
14308 2.0640357091199095
14309 1.5137127087599462
14333 5.389071729816501
14345 3.9539872045271784
14381 0.2288676653980985
14416 1.5479024259504828
14422 2.1233123190494494
14470 3.7796338173824005
14744 3.4431615807611875
14755 5.206750173022546
14759 5.052599493195288
14878 4.513602992462601
14906 0.8027278807278994
14908 2.476721065201561
15037 2.3163784151263815
15069 4.359452312635343
15155 2.0712336022232116
15192 2.978242611245248
15209 7.73900710336201
15283 4.47267141490569
15288 3.21432000833234
15292 2.211017899468555
15332 -7.761558650728101
15341 0.7959741250626788
15373 1.628721502626236
15413 8.947385059502327
15447 4.919068100570765
15471 0.6940608398286201
15484 2.9911764570181303
15517 3.773043707788116
15595 1.3320829541381691
15672 0.7275212103923018
15685 1.7432809162728324
15694 2.938066631704182
15827 3.8218266140364343
15828 7.652034559372216
15851 12.610724923381312
