335
3 3.0666840095262753
241 1.6902419448493964
389 1.6419233675785887
422 2.66777630196427
496 2.2800107709555064
500 2.1701959049483
502 2.5676928434072877
578 3.740413104229119
607 2.5211728277723946
683 3.3609234825242154
710 2.8553749158590684
729 4.8012850649143815
736 4.433560284789064
737 4.8012850649143815
776 6.9985096422506015
1060 0.1865007192496546
1157 6.9985096422506015
1200 10.413500346045092
1366 6.9985096422506015
1488 5.052599493195288
1515 3.740413104229119
1683 6.9985096422506015
1686 1.1549652252192415
1733 5.8998973535824915
1750 1.1068654304248302
1839 2.093234863812172
1842 2.0286963426746007
1896 1.7835738846416156
1902 2.0149030205422647
1942 5.074661685278982
1954 2.750014400201242
1977 2.6040604875781623
2015 8.216275768708874
2038 1.880515829833846
2070 1.4730567031188173
2155 3.9539872045271784
2258 5.74275051441102
2334 0.7939518796819108
2351 1.5647876386963615
2356 2.681021528714291
2357 2.3747372985478017
2421 1.5431885268928998
2452 2.1782280766455644
2458 2.162227735299123
2484 2.629859749823839
2534 3.2373095265570386
2536 1.7835738846416156
2538 2.84512107820857
2631 1.0646099862133587
2640 2.735829765209286
2674 2.054495604920277
2705 1.6657908489852322
2833 3.666305132075397
2840 5.612215281130711
2853 3.414990703794491
2862 1.4690805547391779
2920 0.6795415285041667
2935 0.6320391945191633
2940 6.511486456491753
2989 4.433560284789064
3062 2.8396265588909295
3068 1.3460204619819507
3120 8.024410479491198
3165 3.7796338173824005
3186 5.152330499502926
3192 2.0190964507214755
3194 6.9985096422506015
3195 8.718904625270685
3215 1.7699425535733089
3362 3.8204558119026557
3404 2.465910149097345
3431 8.718904625270685
3458 5.389071729816501
3478 5.052599493195288
3516 2.0785287164224764
3690 1.4972514317058743
3691 3.7026727762462723
3851 6.305362461690656
3995 1.751485570090115
4023 5.206750173022546
4070 1.1068654304248302
4088 3.5645224377654547
4158 0.1530022022435852
4167 2.0712559570933964
4172 3.414990703794491
4197 4.695924549256556
4208 1.5220460903190904
4241 2.4033897921160112
4247 2.3163784151263815
4302 1.8000126109847754
4385 3.1273086313427103
4404 5.389071729816501
4406 6.9985096422506015
4410 5.052599493195288
4416 1.3637200390813515
4437 2.4033897921160112
4566 3.597312260588446
4592 6.056435457396959
4608 8.445135970438468
4619 3.2849375755462935
4668 3.3609234825242154
4714 5.052599493195288
4838 1.4730567031188173
4841 4.22592092001082
4878 1.3672978604292356
4881 11.175268091438541
4899 3.0666840095262753
4938 3.4431615807611875
5014 2.3541187431092285
5040 4.313484033705221
5046 2.236335707452845
5047 3.3349479961209547
5055 2.2278250177849364
5065 5.471659530418572
5142 4.919068100570765
5151 2.555858385760285
5232 3.3096301881366648
5279 1.7410142702228197
5307 5.982352914036261
5392 2.130975191795019
5510 4.108137884354437
5517 1.6232312345664361
5590 1.4533321977710387
5680 1.5913378707904824
5755 4.513602992462601
5758 3.666305132075397
5929 3.3096301881366648
5983 3.975748696308691
5993 3.4087215383268155
6223 5.617709800448351
6228 1.2947271675944
6242 2.9041650800285006
6277 4.22592092001082
6287 9.027205984925201
6360 6.42864001666468
6364 3.260840023967233
6419 5.206750173022546
6433 1.5462068723802074
6468 3.1483620405405426
6614 6.019051191372654
6622 2.579669034454003
6699 4.165296298194385
6721 2.383389125409342
6754 1.2024518914852294
6787 2.288979440938267
6908 0.33537694625979814
7025 2.0190964507214755
7058 3.7026727762462723
7072 1.9486536350010641
7104 -2.6539516666051686
7170 1.6186122887101415
7210 3.713692171495883
7264 3.597312260588446
7286 1.4112609838503516
7497 0.7014003223166658
7552 1.9486536350010641
7591 4.085365169298681
7620 2.1863252868781835
7731 2.001297368486486
7740 3.5327737394508745
7813 1.0145733615634107
7845 2.4237986637472186
7892 3.1035445411685827
7906 2.8679784698558155
7935 2.335070548138534
8035 5.8998973535824915
8078 1.9359146092236343
8096 1.4533321977710387
8323 3.1698682457615064
8391 5.11171677152057
8405 3.3096301881366648
8439 1.8763632159535035
8582 1.3781087765334512
8615 2.6944445490464313
8723 1.5262389685791264
8788 2.146479378330984
8823 3.1066893441399746
8856 4.632756830252763
8869 4.356456153291129
8978 1.6140145794615122
9106 1.0850066366123312
9229 2.3933394562625097
9280 3.502002080784121
9345 2.66777630196427
9360 5.206750173022546
9384 2.6710983242293107
9391 2.735829765209286
9405 5.206750173022546
9422 3.8630154263214513
9429 6.721846965048431
9534 2.750014400201242
9537 1.3092584162485406
9602 2.2800107709555064
9640 2.8088549002241754
9681 3.8204558119026557
9698 1.9878743481543455
9755 5.206750173022546
9786 3.1483620405405426
9795 3.9074671888922854
9986 4.113734439282593
9990 1.1343571206342449
10114 1.3014161557451966
10194 4.910429719961194
10196 2.5211728277723946
10223 4.05407066308416
10278 3.2849375755462935
10296 3.2849375755462935
10302 2.6290617897835795
10325 1.8925641683500207
10326 0.5230769255465112
10329 -1.8908162613863788
10350 5.612215281130711
10393 1.9746291214043248
10431 0.7218661529089567
10503 2.413542163580029
10611 4.433560284789064
10749 1.1754637467675824
10770 2.4876501357337513
10868 -0.5560832184355542
10886 2.87137525720551
10903 2.476721065201561
10981 6.17297327364491
10997 3.1483620405405426
11023 1.2880826248757316
11032 1.087712998210074
11034 1.5958322603783217
11054 4.919068100570765
11089 1.1549652252192415
11110 0.8102455191680114
11148 4.713706847592958
11149 5.8998973535824915
11218 2.288084739171642
11243 3.8630154263214513
11353 2.8088549002241754
11461 2.146479378330984
11497 4.433560284789064
11499 4.513602992462601
11570 3.580124020002338
11665 3.5645224377654547
11671 2.2535775138873513
11707 3.2373095265570386
11739 4.600614369452231
11769 1.6466515087745348
11788 3.3096301881366648
11894 4.55361215672583
11905 3.2849375755462935
11945 1.9550845253313545
11956 4.695924549256556
11961 3.3096301881366648
11969 0.7582337970798316
12023 3.6312138122641273
12059 4.919068100570765
12078 1.3637200390813515
12218 2.6547042203969173
12447 2.8396265588909295
12455 -0.2152586658680402
12460 2.1996252885386745
12553 1.0715836162801904
12554 1.6609715625492831
12558 2.4446327506500602
12595 2.344549292093078
12636 5.612215281130711
12674 3.155949285956631
12717 3.5994882462923616
12741 4.05407066308416
12783 3.7972864288528054
12826 1.2619373447714093
12946 6.526093026417357
12951 4.00277736869661
12991 3.1066893441399746
13080 0.8123010183501074
13130 7.907974409054357
13175 4.695924549256556
13208 1.3115342859107813
13284 4.919068100570765
13390 2.236335707452845
13392 2.764403137653342
13399 3.086486636822455
13438 2.555858385760285
13547 1.6003469407328483
13553 -0.7409215198883841
13572 1.8745456628473423
13653 5.389071729816501
13670 2.6164830075767194
13672 1.5262389685791264
13720 3.666305132075397
13838 2.3163784151263815
13843 4.356456153291129
13845 2.001297368486486
13867 2.175425996420148
13890 2.681021528714291
13891 0.6065925288579992
13930 1.3601549729168554
14072 3.3609234825242154
14085 6.339736491523013
14195 1.7781538171722764
14196 2.511906961666574
14237 -1.3944966966083199
14267 -0.7647387866270302
14352 0.9464204733261844
14381 0.2288676653980985
14408 9.83813620114153
14504 3.9539872045271784
14558 2.476721065201561
14563 2.6418008155610093
14581 4.8012850649143815
14682 1.5431885268928998
14728 3.740413104229119
14835 5.206750173022546
14906 0.8027278807278994
15057 1.152070867192877
15076 3.21432000833234
15169 9.340282192554136
15256 3.3349479961209547
15332 -13.970805571310581
15363 2.555858385760285
15407 4.542243647076521
15413 1.2781978656431896
15424 3.6222476728196926
15425 5.8998973535824915
15429 4.433560284789064
15467 6.9985096422506015
15471 0.6940608398286201
15480 4.359452312635343
15502 4.513602992462601
15583 5.389071729816501
15657 4.600614369452231
15672 0.7275212103923018
15685 0.8716404581364162
15709 2.1863252868781835
15719 3.597312260588446
15720 4.695924549256556
15771 0.023095714794649395
15783 0.9616767386766525
15786 4.490953451152685
