215
160 4.919068100570765
389 1.6419233675785887
521 1.8986432144264027
569 3.0282177286984795
572 4.600614369452231
657 2.0640357091199095
671 4.00277736869661
683 6.721846965048431
730 2.298029276458185
734 6.305362461690656
978 2.298029276458185
1013 5.309408440793835
1060 0.06216690641655154
1062 2.591790394986348
1356 4.72756130804193
1379 0.5370414658968836
1404 1.3708885285599641
1690 2.455214859980597
1750 1.1068654304248302
1757 3.9539872045271784
1826 6.305362461690656
1942 0.845776947546497
2342 4.919068100570765
2407 2.236335707452845
2513 1.8280256472124494
2538 1.422560539104285
2595 5.042345655544789
2621 4.108137884354437
2631 0.21292199724267172
2875 6.9985096422506015
2926 6.9985096422506015
2940 1.6278716141229383
3132 3.2373095265570386
3394 3.047265923669174
3404 2.465910149097345
3493 6.9985096422506015
3498 2.87137525720551
3620 6.305362461690656
3690 1.4972514317058743
3774 1.7255100836868542
3831 4.290459441148391
3883 5.8998973535824915
3896 1.403798262648762
3901 2.363780654020965
3944 5.612215281130711
3961 7.887185369350739
4096 6.721846965048431
4144 6.9985096422506015
4158 0.09180132134615113
4167 2.0712559570933964
4170 4.22592092001082
4279 5.052599493195288
4285 4.919068100570765
4332 6.9985096422506015
4422 4.359452312635343
4506 6.305362461690656
4522 0.2603571476546441
4608 2.815045323479489
4665 5.206750173022546
4852 1.258716730071367
4982 4.919068100570765
5040 1.4378280112350734
5309 5.065203047192035
5387 6.305362461690656
5419 3.8630154263214513
5484 1.8928409466523688
5517 1.6232312345664361
5518 1.5868635903955612
5687 2.0785287164224764
5755 4.513602992462601
5779 3.21432000833234
5993 0.8521803845817039
6004 3.1066893441399746
6020 3.9074671888922854
6088 6.073422299604319
6123 2.288979440938267
6158 2.455214859980597
6165 3.3096301881366648
6169 2.4033897921160112
6197 6.9985096422506015
6307 3.2373095265570386
6338 2.413542163580029
6360 3.21432000833234
6374 4.600614369452231
6375 4.919068100570765
6376 6.133368019052551
6414 3.1483620405405426
6518 9.391849098513111
6586 2.288979440938267
6621 5.389071729816501
6729 2.1944885975173447
6787 2.288979440938267
6998 4.8012850649143815
7085 44.33560284789064
7104 -0.6634879166512921
7197 1.730651483187273
7299 2.8553749158590684
7312 2.3163784151263815
7379 4.22592092001082
7487 1.8167260919585162
7497 1.4028006446333317
7534 1.242767428663689
7552 5.845960905003192
7578 0.5215372793609184
7597 2.1863252868781835
7613 4.290459441148391
7730 6.9985096422506015
7906 11.471913879423262
7907 7.925402446683028
8167 3.6312138122641273
8230 2.37353682896633
8262 2.0712559570933964
8439 0.4690908039883759
8622 6.474619053114077
8723 1.5262389685791264
8741 3.086486636822455
8816 3.4510201673737084
8850 1.7153059135126125
8977 2.6290617897835795
8986 17.699692060747473
8993 5.946315903030904
9010 2.9209721983448818
9032 4.8012850649143815
9151 1.258716730071367
9213 3.7026727762462723
9355 2.1782280766455644
9357 4.00277736869661
9384 5.342196648458621
9391 2.735829765209286
9393 1.060973437168175
9398 6.9985096422506015
9423 2.8876357780772897
9513 5.389071729816501
9537 0.6546292081242703
9704 12.610724923381312
9765 3.567147769283231
9791 2.344549292093078
9825 10.413500346045092
9864 9.027205984925201
9986 4.113734439282593
9990 3.970249922219857
9998 5.612215281130711
10055 3.009525595686327
10194 4.910429719961194
10325 1.8925641683500207
10326 0.5230769255465112
10329 -0.21009069570959765
10601 3.740413104229119
10661 3.3349479961209547
10734 2.735829765209286
10868 -0.37072214562370276
10972 5.389071729816501
11023 1.2880826248757316
11034 4.787496781134966
11066 4.05407066308416
11148 2.356853423796479
11161 5.389071729816501
11330 4.359452312635343
11461 2.146479378330984
11690 4.919068100570765
11704 3.1483620405405426
11785 1.9680717208581657
11840 1.6902419448493964
11844 4.290459441148391
11894 1.5178707189086098
11908 1.5346778372249912
11918 4.433560284789064
11943 7.365644579941792
11969 0.7582337970798316
11975 2.9209721983448818
12111 1.994563336305142
12126 5.612215281130711
12167 6.9985096422506015
12460 2.932833718051566
12462 5.612215281130711
12668 4.22592092001082
12783 1.8986432144264027
12826 1.2619373447714093
12992 4.6513616155773905
13029 1.6609715625492831
13080 1.6246020367002147
13208 1.3115342859107813
13314 2.0286963426746007
13319 3.6111055827207816
13412 2.5098732725184614
13440 1.4770487243883548
13572 1.8745456628473423
13586 5.612215281130711
13672 1.5262389685791264
13722 3.5327737394508745
13724 4.433560284789064
13838 2.3163784151263815
13867 3.263138994630222
13891 0.6065925288579992
14081 4.359452312635343
14237 -0.6972483483041599
14267 -0.3823693933135151
14297 3.6312138122641273
14352 2.8392614199785533
14381 0.2288676653980985
14556 2.8876357780772897
14637 3.3349479961209547
14728 3.740413104229119
15057 1.152070867192877
15332 -12.418493841164961
15348 2.10066984229969
15358 2.579669034454003
15435 2.750014400201242
15551 1.1578679848772029
15650 2.130975191795019
15709 2.1863252868781835
15723 5.8998973535824915
15771 0.023095714794649395
15783 0.48083836933832624
15794 2.5676928434072877
