262
194 3.0799945546376724
241 3.3804838896987928
512 2.0785287164224764
521 1.8986432144264027
592 2.4446327506500602
657 4.128071418239819
744 3.3875917296063767
1060 0.12433381283310307
1114 3.9074671888922854
1165 6.9985096422506015
1191 5.052599493195288
1381 2.6547042203969173
1507 3.8630154263214513
1648 4.600614369452231
1686 1.1549652252192415
1687 2.413542163580029
1691 4.108137884354437
1693 6.305362461690656
1742 6.305362461690656
1884 3.8973072700021283
1902 2.0149030205422647
1924 2.288979440938267
2036 1.9486536350010641
2068 3.3609234825242154
2228 6.305362461690656
2334 0.7939518796819108
2354 4.290459441148391
2421 1.5431885268928998
2432 4.108137884354437
2450 -1.832570687110832
2519 1.6902419448493964
2536 5.350721653924847
2705 1.6657908489852322
2796 2.335070548138534
2858 7.726030852642903
2920 0.6795415285041667
2948 4.695924549256556
2959 4.749474597095603
3014 4.22592092001082
3017 6.305362461690656
3068 1.3460204619819507
3100 2.7938170228596353
3110 2.8876357780772897
3143 4.438772298278144
3160 4.513602992462601
3174 6.305362461690656
3344 5.389071729816501
3387 6.305362461690656
3449 0.9823524825522477
3482 3.3096301881366648
3547 4.433560284789064
3578 1.2031599740689096
3635 1.5779746429783155
3690 1.4972514317058743
3780 2.465910149097345
3825 6.721846965048431
3827 3.2849375755462935
3859 4.600614369452231
3896 1.403798262648762
3982 2.153862445213571
3995 1.751485570090115
4026 2.8876357780772897
4081 3.1066893441399746
4108 9.320068032419924
4110 2.764403137653342
4219 1.7567626271909589
4400 2.938066631704182
4427 3.597312260588446
4442 6.305362461690656
4507 4.59605855291637
4616 1.8925641683500207
4621 5.443687046469091
4646 1.8686109273275278
4695 2.87137525720551
4711 3.8592108800607394
4750 0.6631056996427893
4895 5.052599493195288
4919 5.206750173022546
4956 2.413542163580029
5033 2.1233123190494494
5161 3.047265923669174
5238 3.6312138122641273
5241 4.433560284789064
5243 3.6312138122641273
5255 4.8012850649143815
5273 3.21432000833234
5283 3.2849375755462935
5388 3.47214911763444
5392 2.130975191795019
5410 4.513602992462601
5430 5.500028800402484
5478 4.433560284789064
5484 0.9464204733261844
5630 0.5957691889508101
5635 2.20271909665386
5668 2.955458374416051
5681 4.8012850649143815
5833 4.695924549256556
5950 4.00277736869661
6057 3.8204558119026557
6228 1.2947271675944
6233 3.1918471524802814
6250 1.7727629685373998
6269 3.9539872045271784
6433 0.5154022907934025
6447 1.2880826248757316
6495 5.8998973535824915
6699 8.33059259638877
6718 3.9539872045271784
6751 2.5441623459970937
6754 1.2024518914852294
6908 1.6768847312989907
7104 -3.980927499907753
7401 1.886521853894058
7427 3.9074671888922854
7614 2.5676928434072877
7633 1.8745456628473423
7731 2.001297368486486
7808 2.8396265588909295
7811 5.052599493195288
7949 2.5441623459970937
8005 4.165296298194385
8018 4.22592092001082
8142 2.9041650800285006
8242 2.035665011990694
8391 2.555858385760285
8496 3.502002080784121
8523 1.4512652714088672
8710 1.102407559418776
8795 3.502002080784121
8850 1.7153059135126125
8873 5.052599493195288
8886 1.3081501879265407
8978 4.842043738384536
9044 3.8630154263214513
9120 6.9985096422506015
9122 2.7489842721265254
9204 10.039493090073845
9206 4.919068100570765
9229 2.3933394562625097
9310 3.4431615807611875
9346 4.997399943840672
9353 2.476721065201561
9405 5.206750173022546
9537 0.6546292081242703
9559 -0.9151883824047131
9580 3.3096301881366648
9728 3.21432000833234
9733 1.0850066366123312
9811 3.9074671888922854
9977 3.8630154263214513
10012 4.290459441148391
10095 8.867120569578129
10127 5.8998973535824915
10234 5.389071729816501
10284 6.9985096422506015
10326 0.5230769255465112
10329 -0.21009069570959765
10447 4.269637656934799
10448 5.206750173022546
10473 1.7781538171722764
10487 1.981229805435677
10534 6.9985096422506015
10628 4.165296298194385
10739 2.37353682896633
10749 2.3509274935351647
10814 4.359452312635343
10868 -0.9268053640592568
10968 3.740413104229119
11037 4.05407066308416
11102 1.9956900423327322
11218 1.7160635543787315
11299 -1.0423655237318759
11304 1.2054960338664575
11353 2.8088549002241754
11390 6.9985096422506015
11420 5.612215281130711
11453 4.091160117244055
11481 1.6186122887101415
11522 2.555858385760285
11663 5.389071729816501
11677 3.4510201673737084
11939 5.362043057428582
11969 3.0329351883193265
12010 7.262427624528255
12022 0.8081923650016455
12033 2.5211728277723946
12057 2.10066984229969
12122 1.1963912668735384
12210 3.1698682457615064
12241 2.579669034454003
12250 2.498699971920336
12263 2.579669034454003
12292 2.5211728277723946
12386 4.22592092001082
12391 3.1918471524802814
12435 3.8204558119026557
12461 11.224430562261421
12610 2.4237986637472186
12697 6.305362461690656
12723 2.288979440938267
12790 1.5095719160939147
12796 2.9209721983448818
12801 1.9109133070182172
12803 1.3637200390813515
12972 2.8553749158590684
12983 4.22592092001082
13021 3.6312138122641273
13045 3.773043707788116
13189 1.8745456628473423
13209 3.6312138122641273
13354 1.8280256472124494
13359 5.258123579567159
13440 1.4770487243883548
13460 2.955458374416051
13479 3.7796338173824005
13501 2.5211728277723946
13565 1.9878743481543455
13575 4.165296298194385
13613 1.8111238364098463
13677 5.206750173022546
13718 1.3425178314307487
13734 9.711319184511465
13738 8.45184184002164
13759 2.955458374416051
13767 2.6547042203969173
13867 2.175425996420148
13890 2.681021528714291
13891 0.6065925288579992
14136 1.4810567457858934
14153 2.4876501357337513
14237 -2.09174504491248
14273 6.305362461690656
14309 1.5137127087599462
14315 9.02857678705898
14352 0.9464204733261844
14381 0.457735330796197
14414 5.8998973535824915
14431 2.06986059726431
14433 4.22592092001082
14507 5.553045496311444
14606 3.6312138122641273
14633 2.6547042203969173
14656 2.2811529755342836
14682 1.5431885268928998
14921 4.600614369452231
14996 6.305362461690656
15265 4.165296298194385
15292 2.211017899468555
15306 1.4399764361695133
15313 1.917105277266138
15319 6.305362461690656
15358 5.159338068908006
15397 2.001297368486486
15600 3.009525595686327
15651 1.1377234187847354
15672 1.4550424207846036
15677 4.733923928934947
15827 3.8218266140364343
15828 1.0931477941960308
15859 6.305362461690656
15862 3.9074671888922854
