347
119 5.8998973535824915
422 2.66777630196427
476 7.726030852642903
488 3.6312138122641273
496 2.2800107709555064
598 5.612215281130711
1060 0.06216690641655154
1404 4.112665585679892
1686 1.1549652252192415
1687 2.413542163580029
1750 2.2137308608496604
1780 5.206750173022546
1782 2.7218435232345457
1820 3.3875917296063767
1848 5.389071729816501
1864 3.047265923669174
1884 1.9486536350010641
1885 3.009525595686327
1954 5.500028800402484
1957 1.8223599096767722
1977 2.6040604875781623
2004 5.052599493195288
2085 4.600614369452231
2087 2.8876357780772897
2224 3.962459610871354
2240 1.65617539028579
2242 3.9539872045271784
2271 0.34178311807220957
2334 1.5879037593638217
2450 -3.665141374221664
2452 4.356456153291129
2458 2.162227735299123
2487 4.108137884354437
2513 3.656051294424899
2538 1.422560539104285
2548 5.612215281130711
2592 2.938066631704182
2631 0.42584399448534344
2674 1.0272478024601386
2701 8.165530569703638
2746 5.389071729816501
2754 3.2849375755462935
2755 3.260840023967233
2757 3.2849375755462935
2853 3.414990703794491
2862 1.4690805547391779
2874 3.047265923669174
2920 1.3590830570083334
2924 4.0573926853492015
2952 4.695924549256556
2982 5.052599493195288
3078 5.612215281130711
3110 2.8876357780772897
3215 1.7699425535733089
3281 5.052599493195288
3401 5.8998973535824915
3407 2.085854756514549
3449 0.9823524825522477
3475 5.052599493195288
3506 0.8205655282000008
3516 2.0785287164224764
3661 4.165296298194385
3690 1.4972514317058743
3700 1.2947271675944
3862 3.0666840095262753
3874 4.8012850649143815
3896 1.403798262648762
4004 2.4446327506500602
4021 1.5054481989100525
4070 1.1068654304248302
4158 0.030600440448717042
4205 3.666305132075397
4208 3.044092180638181
4223 2.1863252868781835
4227 5.8998973535824915
4262 3.1698682457615064
4265 3.5327737394508745
4270 3.5327737394508745
4366 1.9878743481543455
4378 4.695924549256556
4405 1.3460204619819507
4416 2.727440078162703
4437 2.4033897921160112
4459 3.2849375755462935
4487 3.1066893441399746
4502 2.8088549002241754
4522 0.2603571476546441
4625 5.5356541432584665
4711 1.9296054400303697
4734 5.8998973535824915
4783 4.356456153291129
4857 4.142511914186793
4914 1.4339892349279078
4991 3.9539872045271784
4992 3.260840023967233
5017 3.260840023967233
5040 1.4378280112350734
5067 2.2278250177849364
5079 4.513602992462601
5103 3.414990703794491
5116 1.961557039836972
5151 2.555858385760285
5156 2.211017899468555
5315 5.8998973535824915
5330 4.05407066308416
5339 1.1784267118982394
5369 3.047265923669174
5430 2.750014400201242
5515 5.052599493195288
5539 5.145917740537838
5546 5.389071729816501
5554 2.1081605140288473
5597 3.2373095265570386
5668 2.955458374416051
5737 3.740413104229119
5807 4.00277736869661
5885 5.8998973535824915
5900 5.710749831718137
5905 1.7835738846416156
5934 5.775271556154579
5955 2.434161450782765
5981 2.8553749158590684
5983 1.9878743481543455
6004 3.1066893441399746
6005 3.666305132075397
6026 5.33555260392854
6049 2.035665011990694
6053 4.359452312635343
6064 2.138697237888929
6078 2.555858385760285
6205 2.955458374416051
6323 4.600614369452231
6374 4.600614369452231
6433 3.0924137447604148
6447 1.2880826248757316
6500 5.612215281130711
6507 2.6290617897835795
6638 5.8998973535824915
6644 4.513602992462601
6725 5.8998973535824915
6776 1.942263836902293
6819 1.7153059135126125
6835 5.206750173022546
6908 0.6707538925195963
7025 3.028644676082213
7046 5.389071729816501
7072 1.9486536350010641
7104 -1.9904637499538764
7105 5.612215281130711
7160 9.83813620114153
7197 1.730651483187273
7274 3.0666840095262753
7286 1.4112609838503516
7327 3.5327737394508745
7401 1.886521853894058
7555 7.480826208458238
7556 5.8998973535824915
7578 1.0430745587218369
7591 2.0426825846493406
7699 7.559267634764801
7723 5.8998973535824915
7764 1.7052048175261088
7793 5.052599493195288
7834 3.5327737394508745
7882 8.718904625270685
7887 2.973157951515452
7932 1.8745456628473423
7935 2.335070548138534
7949 2.5441623459970937
7965 5.659565561682174
7981 4.085365169298681
7991 2.629859749823839
8030 3.1918471524802814
8078 5.807743827670903
8090 2.236335707452845
8242 4.071330023981388
8352 5.8998973535824915
8401 3.8204558119026557
8439 0.9381816079767518
8444 1.7890234894091803
8483 4.165296298194385
8643 2.001297368486486
8672 2.8876357780772897
8723 3.052477937158253
8724 5.8998973535824915
8727 5.8998973535824915
8728 12.008332106089831
8732 4.05407066308416
8736 1.1933746733341126
8788 2.146479378330984
8840 9.50960473728452
8850 1.7153059135126125
8869 2.1782280766455644
8880 1.67063347346102
8928 1.3355491621146554
9106 1.0850066366123312
9223 6.094531847338348
9395 5.8998973535824915
9399 4.22592092001082
9481 5.318288905612199
9537 0.6546292081242703
9640 2.8088549002241754
9817 1.3183370332335338
9895 2.288979440938267
9970 1.4513908541342142
9983 3.1066893441399746
9986 4.113734439282593
10031 2.498699971920336
10196 2.5211728277723946
10250 2.9209721983448818
10261 3.9539872045271784
10287 3.009525595686327
10307 2.5676928434072877
10326 0.5230769255465112
10347 5.8998973535824915
10415 5.612215281130711
10422 0.7087940713416041
10431 0.7218661529089567
10437 5.4691914417169425
10445 3.3875917296063767
10473 1.7781538171722764
10584 5.8998973535824915
10610 3.6312138122641273
10658 2.9041650800285006
10770 2.4876501357337513
10801 4.433560284789064
10867 1.4533321977710387
10903 2.476721065201561
11023 10.304660999005852
11032 2.175425996420148
11089 2.309930450438483
11091 5.612215281130711
11102 0.6652300141109108
11106 2.021775899830027
11107 5.8998973535824915
11148 1.1784267118982394
11168 1.2781978656431896
11252 6.6192603762733295
11266 2.9041650800285006
11270 4.05407066308416
11289 5.8998973535824915
11295 3.2373095265570386
11299 -0.5211827618659379
11317 3.0666840095262753
11327 3.5645224377654547
11339 4.00277736869661
11409 3.502002080784121
11439 5.052599493195288
11450 2.262311193856106
11491 1.8745456628473423
11501 4.8012850649143815
11524 3.0357414378172196
11644 3.5327737394508745
11696 3.2373095265570386
11769 1.6466515087745348
11774 3.0282177286984795
11780 4.8012850649143815
11781 2.591790394986348
11836 2.37353682896633
11870 3.5645224377654547
11894 1.5178707189086098
11908 7.673389186124956
11945 1.9550845253313545
11975 2.9209721983448818
11977 3.7026727762462723
12001 2.5676928434072877
12053 4.290459441148391
12064 3.3349479961209547
12175 2.955458374416051
12218 5.309408440793835
12377 1.3460204619819507
12455 -0.4305173317360804
12554 3.3219431250985663
12717 2.3996588308615743
12719 5.8998973535824915
12741 4.05407066308416
12823 1.034930298632155
12826 2.5238746895428186
12828 3.597312260588446
12879 4.433560284789064
12943 5.8998973535824915
12996 4.22592092001082
13029 1.6609715625492831
13075 3.9539872045271784
13077 3.047265923669174
13255 5.8998973535824915
13306 9.027205984925201
13393 4.433560284789064
13440 1.4770487243883548
13460 2.955458374416051
13508 5.176530251060562
13536 5.612215281130711
13553 -1.8523037997209602
13572 1.8745456628473423
13613 1.8111238364098463
13672 3.052477937158253
13697 5.8998973535824915
13751 4.108137884354437
13761 2.6040604875781623
13769 3.1273086313427103
13845 2.001297368486486
13890 2.681021528714291
13891 0.6065925288579992
14005 8.867120569578129
14078 2.5098732725184614
14101 4.695924549256556
14195 1.7781538171722764
14196 5.023813923333148
14237 -4.88073843812912
14239 5.612215281130711
14267 -0.3823693933135151
14357 2.476721065201561
14416 0.7739512129752414
14563 2.6418008155610093
14588 2.0785287164224764
14620 8.61729022316804
14633 2.6547042203969173
14640 4.290459441148391
14644 7.194624521176892
14754 3.8204558119026557
14874 4.8012850649143815
14906 1.6054557614557987
15003 4.695924549256556
15034 4.919068100570765
15146 4.290459441148391
15155 3.4520560037053527
15158 3.8204558119026557
15192 2.978242611245248
15265 4.165296298194385
15295 4.165296298194385
15326 9.711928579671117
15332 -9.313870380873722
15341 0.7959741250626788
15373 0.814360751313118
15389 5.206750173022546
15415 2.824122372354964
15453 2.236335707452845
15536 4.600614369452231
15580 3.8630154263214513
15624 3.8630154263214513
15672 0.7275212103923018
15685 1.7432809162728324
15698 5.8998973535824915
15702 2.8553749158590684
15704 3.7026727762462723
15708 2.9911764570181303
15783 1.923353477353305
