330
178 5.8998973535824915
194 0.7699986386594181
241 3.3804838896987928
389 3.2838467351571774
422 2.66777630196427
496 4.560021541911013
500 2.1701959049483
502 2.5676928434072877
578 3.740413104229119
607 2.5211728277723946
657 2.0640357091199095
666 3.260840023967233
683 3.3609234825242154
710 2.8553749158590684
729 4.8012850649143815
736 4.433560284789064
737 4.8012850649143815
861 3.5645224377654547
978 2.298029276458185
1018 3.7796338173824005
1060 0.12433381283310307
1200 5.206750173022546
1488 5.052599493195288
1531 5.8998973535824915
1733 5.8998973535824915
1830 3.1066893441399746
1842 4.0573926853492015
1893 1.7567626271909589
1902 2.0149030205422647
1922 1.6952047341915255
1924 2.288979440938267
1942 5.920438632825479
2006 3.5645224377654547
2008 5.8998973535824915
2009 4.827084327160058
2015 12.32441365306331
2070 4.419170109356452
2191 3.086486636822455
2334 0.7939518796819108
2351 1.5647876386963615
2357 2.3747372985478017
2421 1.5431885268928998
2452 2.1782280766455644
2458 2.162227735299123
2484 3.944789624735759
2536 1.7835738846416156
2631 0.8516879889706869
2640 2.735829765209286
2674 1.0272478024601386
2853 3.414990703794491
2862 1.4690805547391779
2935 0.6320391945191633
2940 3.2557432282458767
2989 4.433560284789064
3068 5.384081847927803
3120 8.024410479491198
3186 3.8642478746271944
3192 1.0095482253607377
3215 1.179961702382206
3362 3.8204558119026557
3404 2.465910149097345
3431 4.359452312635343
3459 10.413500346045092
3478 5.052599493195288
3516 2.0785287164224764
3632 3.47214911763444
3657 2.6164830075767194
3690 2.9945028634117485
3774 1.7255100836868542
3780 2.465910149097345
3995 1.751485570090115
4070 1.1068654304248302
4155 4.00277736869661
4158 0.18360264269230225
4167 2.0712559570933964
4172 3.414990703794491
4197 4.695924549256556
4208 3.044092180638181
4247 2.3163784151263815
4302 5.400037832954326
4385 3.1273086313427103
4404 5.389071729816501
4592 3.0282177286984795
4608 8.445135970438468
4619 3.2849375755462935
4625 1.8452180477528222
4714 5.052599493195288
4750 0.33155284982139466
4765 1.4150133334689021
4818 3.8204558119026557
4841 4.22592092001082
4881 5.587634045719271
4899 3.0666840095262753
4914 1.4339892349279078
4976 2.288979440938267
5006 3.086486636822455
5014 2.3541187431092285
5040 1.4378280112350734
5047 3.3349479961209547
5065 2.735829765209286
5142 4.919068100570765
5151 2.555858385760285
5156 2.211017899468555
5232 3.3096301881366648
5279 1.7410142702228197
5307 5.982352914036261
5309 2.5326015235960173
5392 2.130975191795019
5405 4.8012850649143815
5451 4.695924549256556
5464 3.5327737394508745
5510 4.108137884354437
5636 5.946315903030904
5680 1.5913378707904824
5755 4.513602992462601
5809 2.363780654020965
5960 3.6312138122641273
5983 1.9878743481543455
5993 4.260901922908519
6047 3.009525595686327
6223 5.617709800448351
6242 2.9041650800285006
6256 5.206750173022546
6277 4.22592092001082
6305 3.9539872045271784
6335 2.476721065201561
6338 2.413542163580029
6358 4.290459441148391
6360 3.21432000833234
6364 3.260840023967233
6376 3.0666840095262753
6419 5.206750173022546
6433 1.030804581586805
6533 6.669895992241909
6622 2.579669034454003
6751 2.5441623459970937
6754 1.2024518914852294
6787 6.866938322814802
6908 0.33537694625979814
7025 2.0190964507214755
7104 -3.3174395832564607
7170 3.237224577420283
7210 3.713692171495883
7264 3.597312260588446
7325 2.8088549002241754
7487 1.8167260919585162
7497 2.1042009669499975
7552 3.8973072700021283
7591 2.0426825846493406
7620 2.1863252868781835
7731 2.001297368486486
7740 3.5327737394508745
7781 2.6040604875781623
7845 2.4237986637472186
7904 2.211017899468555
7906 4.301967704783723
7935 2.335070548138534
8035 5.8998973535824915
8043 1.730651483187273
8078 1.9359146092236343
8096 1.4533321977710387
8153 2.8396265588909295
8162 6.305362461690656
8323 3.1698682457615064
8336 6.305362461690656
8391 2.555858385760285
8405 3.3096301881366648
8439 1.8763632159535035
8582 5.512435106133805
8622 3.2373095265570386
8822 2.2800107709555064
8856 4.632756830252763
8886 1.3081501879265407
8978 1.6140145794615122
9010 2.9209721983448818
9106 1.0850066366123312
9122 1.3744921360632627
9280 3.502002080784121
9345 2.66777630196427
9355 2.1782280766455644
9365 1.4972514317058743
9405 5.206750173022546
9422 3.8630154263214513
9429 3.3609234825242154
9534 2.750014400201242
9537 1.3092584162485406
9602 2.2800107709555064
9681 3.8204558119026557
9709 5.41153789821583
9786 3.1483620405405426
9817 1.3183370332335338
9986 4.113734439282593
9990 1.1343571206342449
10076 2.750014400201242
10194 2.455214859980597
10278 3.2849375755462935
10302 2.6290617897835795
10326 0.5230769255465112
10329 -1.8908162613863788
10350 5.612215281130711
10431 1.4437323058179135
10503 2.413542163580029
10611 4.433560284789064
10670 3.086486636822455
10749 1.1754637467675824
10868 -0.5560832184355542
10886 2.87137525720551
10981 3.086486636822455
11054 4.919068100570765
11089 1.1549652252192415
11110 0.8102455191680114
11148 2.356853423796479
11149 5.8998973535824915
11218 1.7160635543787315
11299 -0.5211827618659379
11308 2.5098732725184614
11485 3.3875917296063767
11497 8.867120569578129
11499 4.513602992462601
11570 2.3867493466682252
11707 3.2373095265570386
11769 3.2933030175490696
11816 3.8592108800607394
11894 4.55361215672583
11900 2.049749751872433
11905 3.2849375755462935
11908 1.5346778372249912
11918 4.433560284789064
11945 1.9550845253313545
11952 1.5958322603783217
11956 4.695924549256556
11969 1.5164675941596633
12006 2.955458374416051
12023 3.6312138122641273
12059 4.919068100570765
12078 1.3637200390813515
12081 2.363780654020965
12089 2.8088549002241754
12122 1.1963912668735384
12218 2.6547042203969173
12378 3.3349479961209547
12388 5.206750173022546
12455 -0.2152586658680402
12460 4.399250577077349
12477 2.476721065201561
12554 1.6609715625492831
12595 2.344549292093078
12598 2.5098732725184614
12674 1.5779746429783155
12717 2.9995735385769677
12781 2.498699971920336
12783 1.8986432144264027
12946 5.339530657977837
12978 2.383389125409342
12991 3.1066893441399746
13080 2.436903055050322
13130 3.9539872045271784
13175 4.695924549256556
13180 3.666305132075397
13208 1.3115342859107813
13411 2.8088549002241754
13440 1.4770487243883548
13494 3.21432000833234
13508 1.7255100836868542
13547 1.6003469407328483
13553 -1.111382279832576
13565 1.9878743481543455
13572 1.8745456628473423
13670 2.6164830075767194
13672 1.5262389685791264
13720 3.666305132075397
13832 4.290459441148391
13843 4.356456153291129
13845 2.001297368486486
13867 2.175425996420148
13890 2.681021528714291
13930 2.7203099458337108
13933 3.7796338173824005
14008 2.001297368486486
14043 15.118535269529602
14054 5.389071729816501
14072 3.3609234825242154
14085 3.1698682457615064
14146 4.22592092001082
14186 4.513602992462601
14194 3.7026727762462723
14195 3.5563076343445528
14196 2.511906961666574
14237 -1.3944966966083199
14352 0.9464204733261844
14381 0.2288676653980985
14408 4.919068100570765
14446 4.8012850649143815
14449 6.42864001666468
14558 2.476721065201561
14588 2.0785287164224764
14612 2.1863252868781835
14656 1.1405764877671418
14682 1.5431885268928998
14728 3.740413104229119
14906 1.204091821091849
14921 4.600614369452231
15035 6.305362461690656
15057 1.152070867192877
15111 6.305362461690656
15169 7.005211644415603
15187 3.989126672610284
15247 4.997399943840672
15256 3.3349479961209547
15259 1.3320829541381691
15332 -10.866182111019342
15363 2.555858385760285
15407 4.542243647076521
15413 1.2781978656431896
15424 5.433371509229539
15425 5.8998973535824915
15429 4.433560284789064
15468 1.1549652252192415
15471 0.6940608398286201
15502 4.513602992462601
15518 1.880515829833846
15583 5.389071729816501
15657 4.600614369452231
15672 1.4550424207846036
15685 0.8716404581364162
15709 2.1863252868781835
15719 3.597312260588446
15720 4.695924549256556
15783 0.9616767386766525
15786 3.5927627609221484
