207
401 3.1698682457615064
441 6.9985096422506015
491 3.1066893441399746
592 2.4446327506500602
611 5.612215281130711
888 4.05407066308416
927 2.0785287164224764
1379 1.0740829317937672
1432 6.9985096422506015
1444 6.9985096422506015
1582 6.9985096422506015
1653 6.305362461690656
1690 2.455214859980597
1703 4.00277736869661
1755 3.47214911763444
1844 5.612215281130711
2064 1.5647876386963615
2087 2.8876357780772897
2174 5.206750173022546
2262 6.305362461690656
2308 5.8998973535824915
2309 3.7796338173824005
2334 0.7939518796819108
2450 -0.6108568957036107
2536 1.7835738846416156
2538 1.422560539104285
2810 3.597312260588446
2908 4.290459441148391
2919 4.388977195034689
2920 0.6795415285041667
2940 1.6278716141229383
2959 1.1873686492739008
3362 3.8204558119026557
3374 3.9361434417163315
3457 5.8998973535824915
3614 1.4378280112350734
3780 2.465910149097345
3826 6.9985096422506015
3961 2.6290617897835795
3982 1.0769312226067855
4167 2.0712559570933964
4230 2.0149030205422647
4232 4.6513616155773905
4234 6.9985096422506015
4320 6.9985096422506015
4522 0.7810714429639324
4625 1.8452180477528222
4650 14.087773647769666
4750 0.33155284982139466
4806 3.6312138122641273
4866 2.5211728277723946
4876 4.489838902288473
4909 1.4690805547391779
4930 6.9985096422506015
4963 4.786678912525019
5033 2.1233123190494494
5043 3.502002080784121
5504 17.699692060747473
5518 1.5868635903955612
5554 2.1081605140288473
5630 0.11915383779016203
5729 4.359452312635343
5812 3.1698682457615064
5864 4.290459441148391
5883 4.290459441148391
5964 3.1273086313427103
6004 3.1066893441399746
6088 1.2146844599208637
6123 2.288979440938267
6151 1.4075226617397445
6335 2.476721065201561
6369 6.9985096422506015
6402 1.4112609838503516
6433 1.030804581586805
6819 1.7153059135126125
6853 3.260840023967233
6983 6.829981407588982
7104 -4.644415416559045
7170 1.6186122887101415
7286 2.822521967700703
7340 4.600614369452231
7497 0.7014003223166658
7578 0.5215372793609184
7591 2.0426825846493406
7688 3.086486636822455
7701 10.893641436792382
7764 1.7052048175261088
8096 1.4533321977710387
8262 2.0712559570933964
8360 39.35254480456612
8447 7.814934377784571
8523 2.9025305428177344
8615 5.3888890980928625
8645 3.5327737394508745
8672 2.8876357780772897
8731 2.0286963426746007
8770 6.9985096422506015
8799 3.502002080784121
8886 5.232600751706163
8925 3.5327737394508745
8928 1.3355491621146554
9106 1.0850066366123312
9122 1.3744921360632627
9276 2.6944445490464313
9384 2.6710983242293107
9428 2.498699971920336
9466 4.695924549256556
9501 5.206750173022546
9559 -0.49919366312984353
9705 6.9985096422506015
9706 17.699692060747473
9709 1.082307579643166
9970 0.4837969513780714
10030 2.413542163580029
10278 3.2849375755462935
10306 2.15432255579201
10410 5.8998973535824915
10422 0.7087940713416041
10425 6.305362461690656
10436 8.580918882296782
10441 3.7026727762462723
10447 0.6099482367049713
10455 4.513602992462601
10491 3.086486636822455
10500 3.666305132075397
10522 5.982352914036261
10579 5.052599493195288
10751 0.7939518796819108
10792 6.9985096422506015
10815 6.9985096422506015
10868 -0.7414442912474055
10930 3.502002080784121
11023 1.2880826248757316
11027 2.556395731286379
11032 3.263138994630222
11055 6.305362461690656
11106 2.021775899830027
11114 3.047265923669174
11116 3.8218266140364343
11168 1.2781978656431896
11178 6.9985096422506015
11212 3.9539872045271784
11218 1.144042369585821
11236 3.5645224377654547
11299 -1.0423655237318759
11304 1.2054960338664575
11336 26.601361708734387
11344 3.1483620405405426
11433 4.513602992462601
11823 11.224430562261421
11841 2.8396265588909295
11957 6.305362461690656
11969 1.5164675941596633
12033 2.5211728277723946
12057 2.10066984229969
12062 3.47214911763444
12089 8.426564700672525
12093 1.6803896484063847
12122 4.7855650674941534
12196 4.165296298194385
12210 6.339736491523013
12292 5.042345655544789
12298 5.206750173022546
12347 9.83813620114153
12377 2.6920409239639014
12455 -0.2152586658680402
12796 2.9209721983448818
12801 1.9109133070182172
12803 4.091160117244055
12878 3.5327737394508745
13001 1.4730567031188173
13189 1.8745456628473423
13294 4.290459441148391
13393 4.433560284789064
13494 3.21432000833234
13508 1.7255100836868542
13553 -0.37046075994419203
13565 1.9878743481543455
13718 1.3425178314307487
13843 4.356456153291129
13867 4.350851992840296
13891 0.6065925288579992
13968 3.3349479961209547
14237 -0.6972483483041599
14267 -1.1471081799405454
14337 16.836645843392134
14486 2.6164830075767194
14498 6.056435457396959
14588 2.0785287164224764
14637 3.3349479961209547
14682 1.5431885268928998
14718 5.389071729816501
14906 0.4013639403639497
15250 3.7796338173824005
15259 1.3320829541381691
15292 2.211017899468555
15332 -4.656935190436861
15373 1.628721502626236
15397 2.001297368486486
15508 5.8998973535824915
15575 4.108137884354437
15595 1.3320829541381691
15669 2.162227735299123
15685 1.7432809162728324
15708 2.9911764570181303
15771 0.04619142958929879
15828 5.465738970980154
