42
496 2.2800107709555064
1020 6.9985096422506015
2009 4.827084327160058
2240 1.65617539028579
2421 1.5431885268928998
2450 -1.832570687110832
2631 0.21292199724267172
3068 2.6920409239639014
3374 1.9680717208581657
4158 0.030600440448717042
4319 2.049749751872433
4433 5.389071729816501
4838 1.4730567031188173
5636 2.973157951515452
5993 0.8521803845817039
6235 1.2270685191205855
7104 -0.6634879166512921
7321 3.3875917296063767
8032 0.5108256237659907
8582 2.7562175530669024
8886 1.3081501879265407
10503 2.413542163580029
11959 2.2449194511442365
11969 0.7582337970798316
12078 1.3637200390813515
12089 2.8088549002241754
12377 1.3460204619819507
12455 -0.2152586658680402
12460 0.7332084295128914
12946 0.5932811842197597
13080 0.8123010183501074
13494 3.21432000833234
13930 1.3601549729168554
14043 3.7796338173824005
14153 2.4876501357337513
14196 0.8373023205555247
14237 -0.6972483483041599
15057 1.152070867192877
15121 1.5868635903955612
15332 -1.5523117301456202
15471 0.6940608398286201
15677 1.5779746429783155
