41
683 3.3609234825242154
2450 -1.2217137914072214
2862 1.4690805547391779
2935 0.6320391945191633
4158 0.030600440448717042
4279 5.052599493195288
5932 5.612215281130711
5973 1.4770487243883548
5993 0.8521803845817039
6088 1.2146844599208637
6787 2.288979440938267
6983 3.414990703794491
7497 0.7014003223166658
7552 5.845960905003192
7906 1.4339892349279078
9170 0.6116303228879563
9384 1.3355491621146554
9986 2.0568672196412967
10114 1.3014161557451966
10194 2.455214859980597
11161 5.389071729816501
11477 5.612215281130711
11952 3.1916645207566434
11969 0.7582337970798316
12122 2.3927825337470767
12125 6.305362461690656
12460 2.1996252885386745
12853 1.152070867192877
12946 0.5932811842197597
13412 2.5098732725184614
13553 -0.37046075994419203
13908 4.290459441148391
14107 2.4237986637472186
14416 0.7739512129752414
14447 3.1483620405405426
14817 4.919068100570765
14838 5.389071729816501
14906 0.4013639403639497
15247 2.498699971920336
15468 1.1549652252192415
15794 2.5676928434072877
