206
174 1.6232312345664361
194 0.7699986386594181
302 1.7153059135126125
365 3.414990703794491
424 4.513602992462601
512 2.0785287164224764
552 6.9985096422506015
1842 2.0286963426746007
1850 3.0666840095262753
1923 2.211017899468555
1938 2.66777630196427
2047 5.8998973535824915
2070 1.4730567031188173
2155 3.9539872045271784
2235 3.2849375755462935
2271 0.34178311807220957
2292 5.612215281130711
2324 12.008332106089831
2334 1.5879037593638217
2407 2.236335707452845
2440 5.612215281130711
2450 -1.832570687110832
2513 1.8280256472124494
2631 0.8516879889706869
2893 2.5098732725184614
2920 1.3590830570083334
2935 0.6320391945191633
2966 5.612215281130711
3068 1.3460204619819507
3120 8.024410479491198
3180 2.7938170228596353
3186 1.2880826248757316
3223 2.5211728277723946
3404 2.465910149097345
3435 6.9985096422506015
3523 4.8012850649143815
3578 0.6015799870344548
3941 6.9985096422506015
3995 1.751485570090115
4016 3.9074671888922854
4158 0.2142030831410193
4312 6.9985096422506015
4341 2.6547042203969173
4437 2.4033897921160112
4519 4.433560284789064
4522 0.2603571476546441
4533 6.17297327364491
4608 2.815045323479489
4663 3.8630154263214513
4765 1.4150133334689021
4838 1.4730567031188173
4881 5.587634045719271
5040 1.4378280112350734
5046 2.236335707452845
5047 3.3349479961209547
5055 2.2278250177849364
5110 3.6904360955056443
5119 2.3933394562625097
5189 4.433560284789064
5224 4.600614369452231
5539 1.7153059135126125
5590 1.4533321977710387
5687 2.0785287164224764
5739 2.8876357780772897
5779 3.21432000833234
5901 2.455214859980597
5905 1.7835738846416156
5960 3.6312138122641273
5993 0.8521803845817039
6078 2.555858385760285
6136 1.457246097092175
6198 4.600614369452231
6235 2.454137038241171
6257 5.206750173022546
6262 3.4431615807611875
6268 6.9985096422506015
6360 3.21432000833234
6383 6.9985096422506015
6390 6.094531847338348
6411 2.434161450782765
6433 0.5154022907934025
6586 2.288979440938267
6590 3.8204558119026557
6614 6.019051191372654
6622 2.579669034454003
6856 3.2849375755462935
6872 1.3047775034479017
6922 4.22592092001082
7019 2.130975191795019
7025 1.0095482253607377
7104 -1.3269758333025843
7143 5.8998973535824915
7197 1.730651483187273
7210 1.8568460857479414
7215 2.344549292093078
7311 2.236335707452845
7327 3.5327737394508745
7497 0.7014003223166658
7620 2.1863252868781835
7688 3.086486636822455
7813 1.0145733615634107
7904 2.211017899468555
7948 5.389071729816501
8032 0.5108256237659907
8230 4.74707365793266
8231 5.612215281130711
8582 1.3781087765334512
8708 1.4810567457858934
8850 3.430611827025225
8978 1.6140145794615122
9223 3.047265923669174
9345 2.66777630196427
9422 3.8630154263214513
9481 1.7727629685373998
9510 7.559267634764801
9602 2.2800107709555064
9698 1.9878743481543455
9990 0.5671785603171224
10038 17.699692060747473
10196 2.5211728277723946
10329 -0.21009069570959765
10422 1.4175881426832082
10437 2.7345957208584712
10503 2.413542163580029
10749 1.1754637467675824
10867 4.359996593313117
10868 -0.37072214562370276
10981 3.086486636822455
11057 2.555858385760285
11089 1.1549652252192415
11102 0.6652300141109108
11218 0.5720211847929105
11299 -0.5211827618659379
11317 3.0666840095262753
11461 2.146479378330984
11491 1.8745456628473423
11522 2.555858385760285
11570 1.1933746733341126
11781 2.591790394986348
11785 1.9680717208581657
11841 2.8396265588909295
11918 4.433560284789064
11952 1.5958322603783217
11969 0.7582337970798316
11975 2.9209721983448818
12022 0.8081923650016455
12078 4.091160117244055
12312 2.7938170228596353
12460 1.466416859025783
12558 2.4446327506500602
12598 2.5098732725184614
12717 0.5999147077153936
12853 1.152070867192877
12946 1.7798435526592793
12951 8.00555473739322
13102 2.735829765209286
13228 6.9985096422506015
13245 5.8998973535824915
13346 2.9041650800285006
13456 5.206750173022546
13495 3.9539872045271784
13547 1.6003469407328483
13553 -0.37046075994419203
13594 5.206750173022546
13596 3.502002080784121
13613 1.8111238364098463
13845 2.001297368486486
13891 0.6065925288579992
13921 2.1782280766455644
13922 1.8986432144264027
14044 1.4611753752320646
14107 2.4237986637472186
14153 2.4876501357337513
14174 1.7945029551738059
14191 4.8012850649143815
14196 1.6746046411110493
14237 -2.09174504491248
14308 2.0640357091199095
14309 1.5137127087599462
14315 3.009525595686327
14381 0.2288676653980985
14408 4.919068100570765
14416 0.7739512129752414
14439 3.1273086313427103
14440 4.433560284789064
14449 3.21432000833234
14455 4.911652429623528
14515 3.0666840095262753
14526 6.9985096422506015
14558 2.476721065201561
14620 4.30864511158402
14906 0.4013639403639497
15032 6.305362461690656
15057 4.608283468771508
15155 1.380822401482141
15195 3.0282177286984795
15259 1.3320829541381691
15332 -3.1046234602912404
15341 1.5919482501253577
15358 5.159338068908006
15471 0.6940608398286201
15507 6.9985096422506015
15669 4.324455470598246
15685 0.8716404581364162
15771 0.023095714794649395
15783 2.4041918466916314
