33
389 1.6419233675785887
1830 3.1066893441399746
1886 3.1273086313427103
1909 2.8876357780772897
1922 3.390409468383051
1942 0.845776947546497
2191 3.086486636822455
2271 0.34178311807220957
2674 1.0272478024601386
3120 1.6048820958982397
3578 0.6015799870344548
4616 1.8925641683500207
4943 8.45184184002164
5905 1.7835738846416156
5993 0.8521803845817039
6433 0.5154022907934025
7104 -0.6634879166512921
7904 2.211017899468555
7935 2.335070548138534
8439 0.4690908039883759
11277 3.7796338173824005
11280 5.206750173022546
11299 -1.0423655237318759
12455 -0.2152586658680402
12460 0.7332084295128914
12471 5.8998973535824915
12477 2.476721065201561
12717 0.5999147077153936
13001 1.4730567031188173
15332 -4.656935190436861
15471 0.6940608398286201
15783 0.48083836933832624
15786 0.8981906902305371
