144
389 1.6419233675785887
1922 1.6952047341915255
1928 2.4876501357337513
1942 1.691553895092994
2068 3.3609234825242154
2136 11.799794707164983
2240 3.31235078057158
2271 2.392481826505467
2407 2.236335707452845
2437 4.108137884354437
2450 -7.941139644146939
2536 3.567147769283231
2537 6.9985096422506015
2580 4.600614369452231
2674 2.054495604920277
2677 6.9985096422506015
2901 3.3349479961209547
2920 2.718166114016667
2968 3.4431615807611875
3055 4.600614369452231
3120 1.6048820958982397
3215 1.7699425535733089
3271 4.00277736869661
3593 3.666305132075397
3635 3.155949285956631
3700 1.2947271675944
4002 5.8998973535824915
4021 1.5054481989100525
4070 1.1068654304248302
4105 5.206750173022546
4158 0.030600440448717042
4208 1.5220460903190904
4222 4.6513616155773905
4341 2.6547042203969173
4366 1.9878743481543455
4405 1.3460204619819507
4437 16.823728544812077
4522 1.0414285906185765
4616 7.570256673400083
4693 4.8012850649143815
5039 2.735829765209286
5067 4.455650035569873
5191 4.433560284789064
5208 2.5676928434072877
5518 1.5868635903955612
5570 14.52485524905651
5905 7.134295538566462
5929 3.3096301881366648
5983 1.9878743481543455
6235 2.454137038241171
6402 4.2337829515510546
6433 0.5154022907934025
6447 1.2880826248757316
6548 2.0785287164224764
6622 2.579669034454003
6721 2.383389125409342
6872 1.3047775034479017
6908 1.0061308387793944
7104 -2.6539516666051686
7197 1.730651483187273
7274 3.0666840095262753
7311 2.236335707452845
7722 3.5327737394508745
7764 1.7052048175261088
7808 17.037759353345578
7892 4.655316811752874
7997 3.8204558119026557
8032 2.5541281188299534
8034 6.9985096422506015
8036 12.610724923381312
8439 0.4690908039883759
8444 5.367070468227541
8784 2.146479378330984
8866 3.8630154263214513
9428 2.498699971920336
9537 0.6546292081242703
9686 7.262427624528255
9855 4.8012850649143815
9990 0.5671785603171224
10076 5.500028800402484
10287 6.019051191372654
10770 2.4876501357337513
10868 -0.9268053640592568
10967 7.262427624528255
10979 9.320068032419924
11023 1.2880826248757316
11148 3.5352801356947183
11165 2.1863252868781835
11280 5.206750173022546
11299 -1.0423655237318759
11324 4.695924549256556
11386 2.1157077196642304
11769 3.2933030175490696
11776 6.305362461690656
11777 6.9985096422506015
11945 5.865253575994063
12070 2.87137525720551
12129 6.669895992241909
12135 3.740413104229119
12455 -0.6457759976041206
12460 0.7332084295128914
12471 11.799794707164983
12505 8.33059259638877
12717 0.5999147077153936
12728 5.8998973535824915
12826 2.5238746895428186
12853 1.152070867192877
12896 3.2373095265570386
13029 6.6438862501971325
13338 2.5211728277723946
13384 2.0568672196412967
13553 -0.7409215198883841
13801 3.6312138122641273
13930 1.3601549729168554
14044 4.383526125696194
14111 3.7026727762462723
14174 3.5890059103476117
14195 1.7781538171722764
14237 -12.550470269474879
14242 2.5326015235960173
14267 -3.058955146508121
14383 4.8012850649143815
14416 2.3218536389257243
14431 1.034930298632155
14519 3.086486636822455
14906 0.8027278807278994
15057 1.152070867192877
15155 2.0712336022232116
15195 3.0282177286984795
15332 -4.656935190436861
15341 0.7959741250626788
15407 2.2711218235382606
15471 0.6940608398286201
15518 1.880515829833846
15524 5.206750173022546
15528 3.666305132075397
15669 2.162227735299123
15672 0.7275212103923018
15685 1.7432809162728324
15725 3.5645224377654547
15783 2.4041918466916314
15786 6.28733483161376
15787 6.9985096422506015
15861 3.597312260588446
