93
45 4.8012850649143815
533 4.695924549256556
1327 6.9985096422506015
1367 4.433560284789064
1731 5.389071729816501
1830 3.1066893441399746
1922 1.6952047341915255
2036 1.9486536350010641
2049 2.37353682896633
2064 4.6943629160890845
2191 3.086486636822455
2269 1.8686109273275278
2334 0.7939518796819108
2443 8.00555473739322
2446 2.5326015235960173
2450 -1.2217137914072214
2603 6.721846965048431
2631 0.21292199724267172
3057 4.47267141490569
3436 4.695924549256556
3578 0.6015799870344548
3581 12.610724923381312
3780 2.465910149097345
3804 2.750014400201242
4158 0.030600440448717042
4208 1.5220460903190904
4223 4.372650573756367
4333 1.4651201535230811
4366 1.9878743481543455
4437 4.8067795842320225
4522 0.5207142953092883
4616 1.8925641683500207
4899 3.0666840095262753
4963 4.786678912525019
5581 3.0666840095262753
5630 0.11915383779016203
5999 2.5098732725184614
6275 5.8998973535824915
6447 3.8642478746271944
6533 3.3349479961209547
6628 3.1918471524802814
6751 2.5441623459970937
6877 5.612215281130711
6908 0.6707538925195963
7210 1.8568460857479414
7286 2.822521967700703
7578 1.0430745587218369
7813 1.0145733615634107
8032 1.0216512475319814
8690 2.7938170228596353
8784 2.146479378330984
9365 1.4972514317058743
9428 2.498699971920336
9537 0.6546292081242703
9554 1.271661894663404
9709 1.082307579643166
9711 1.8686109273275278
9817 2.6366740664670676
10069 3.4431615807611875
10329 -0.21009069570959765
10437 1.3672978604292356
11165 2.1863252868781835
11299 -0.5211827618659379
11418 3.597312260588446
11438 3.3349479961209547
11461 2.146479378330984
11602 6.9985096422506015
11605 6.9985096422506015
11914 4.290459441148391
12001 5.135385686814575
12137 2.498699971920336
12477 4.953442130403122
12783 1.8986432144264027
13325 6.9985096422506015
13337 5.8998973535824915
13393 4.433560284789064
13502 6.305362461690656
13553 -0.7409215198883841
13565 1.9878743481543455
13787 6.305362461690656
13891 0.6065925288579992
14196 1.6746046411110493
14237 -0.6972483483041599
14267 -0.3823693933135151
14446 4.8012850649143815
14906 0.8027278807278994
15057 1.152070867192877
15332 -1.5523117301456202
15341 0.7959741250626788
15629 5.389071729816501
15783 0.9616767386766525
15786 2.694572070691611
15814 9.049244775424423
