374
194 5.389990470615927
241 1.6902419448493964
279 2.6418008155610093
392 6.9985096422506015
512 2.0785287164224764
592 2.4446327506500602
631 4.00277736869661
657 2.0640357091199095
705 3.9074671888922854
800 9.73664580313106
819 3.8204558119026557
1030 6.9985096422506015
1060 0.12433381283310307
1142 6.9985096422506015
1307 6.9985096422506015
1379 0.5370414658968836
1513 4.433560284789064
1648 9.201228738904462
1686 2.309930450438483
1691 4.108137884354437
1864 3.047265923669174
1884 1.9486536350010641
1893 1.7567626271909589
1900 8.580918882296782
1924 2.288979440938267
1929 4.216321028057695
1940 2.6944445490464313
2217 4.9753002714675025
2258 2.87137525720551
2281 6.9985096422506015
2351 1.5647876386963615
2357 1.1873686492739008
2388 4.8012850649143815
2401 5.8998973535824915
2424 2.219386149139072
2432 4.108137884354437
2450 -3.0542844785180536
2536 5.350721653924847
2639 2.6040604875781623
2705 1.6657908489852322
2741 6.9985096422506015
2862 1.4690805547391779
2888 5.8998973535824915
2948 4.695924549256556
2959 7.1242118956434055
3100 2.7938170228596353
3143 8.877544596556287
3160 4.513602992462601
3252 5.052599493195288
3254 5.612215281130711
3297 3.9539872045271784
3344 5.389071729816501
3404 2.465910149097345
3423 3.7026727762462723
3448 6.254617262685421
3482 6.6192603762733295
3516 2.0785287164224764
3547 4.433560284789064
3578 1.2031599740689096
3598 1.1666271649670843
3774 3.4510201673737084
3807 2.3256808077886952
3840 1.2980660688599148
3982 1.0769312226067855
3985 2.5098732725184614
4016 3.9074671888922854
4021 6.02179279564021
4108 3.1066893441399746
4170 8.45184184002164
4208 1.5220460903190904
4219 5.270287881572877
4277 3.7026727762462723
4282 2.8553749158590684
4286 2.130975191795019
4321 2.8553749158590684
4326 3.9539872045271784
4366 1.9878743481543455
4381 2.0149030205422647
4398 3.9539872045271784
4405 1.3460204619819507
4441 4.05407066308416
4487 3.1066893441399746
4507 2.298029276458185
4508 4.108137884354437
4512 5.206750173022546
4537 1.0196238773494795
4553 5.8998973535824915
4616 1.8925641683500207
4694 6.305362461690656
4751 3.414990703794491
4876 2.2449194511442365
4886 3.009525595686327
4895 5.052599493195288
4909 1.4690805547391779
4956 2.413542163580029
4964 0.563963123463148
4970 1.9746291214043248
4972 6.305362461690656
4976 4.577958881876534
5022 4.22592092001082
5033 2.1233123190494494
5046 2.236335707452845
5113 6.305362461690656
5141 16.836645843392134
5146 12.32441365306331
5186 6.9985096422506015
5208 2.5676928434072877
5241 4.433560284789064
5249 6.6192603762733295
5255 4.8012850649143815
5272 3.597312260588446
5293 6.886323161522375
5392 2.130975191795019
5402 4.919068100570765
5517 1.6232312345664361
5518 1.5868635903955612
5556 4.433560284789064
5590 1.4533321977710387
5630 0.8340768645311343
5635 4.40543819330772
5668 2.955458374416051
5809 2.363780654020965
5839 5.159338068908006
5905 3.567147769283231
5973 1.4770487243883548
6043 1.5913378707904824
6047 3.009525595686327
6085 5.389071729816501
6151 2.815045323479489
6233 6.383694304960563
6235 1.2270685191205855
6269 3.9539872045271784
6402 1.4112609838503516
6433 0.5154022907934025
6539 9.73664580313106
6631 4.359452312635343
6688 1.8925641683500207
6698 5.206750173022546
6699 4.165296298194385
6721 2.383389125409342
6729 2.1944885975173447
6754 1.2024518914852294
6786 3.7026727762462723
6908 2.683015570078385
7025 1.0095482253607377
7042 3.8630154263214513
7104 -3.3174395832564607
7215 2.344549292093078
7247 4.22592092001082
7286 4.2337829515510546
7306 2.4876501357337513
7311 2.236335707452845
7312 2.3163784151263815
7366 5.206750173022546
7497 0.7014003223166658
7622 2.764403137653342
7633 1.8745456628473423
7764 1.7052048175261088
7811 5.052599493195288
7813 1.0145733615634107
7826 3.1273086313427103
7827 3.414990703794491
7838 2.1081605140288473
7840 1.5691640132961604
7854 6.721846965048431
7864 3.502002080784121
7887 2.973157951515452
7949 2.5441623459970937
7968 3.047265923669174
7991 1.3149298749119196
8007 1.904759441443839
8032 1.0216512475319814
8041 7.194624521176892
8064 4.165296298194385
8096 1.4533321977710387
8236 4.600614369452231
8283 2.8876357780772897
8496 3.502002080784121
8523 5.805061085635469
8530 6.305362461690656
8557 6.9985096422506015
8568 4.919068100570765
8572 17.699692060747473
8643 2.001297368486486
8683 1.6803896484063847
8710 1.102407559418776
8795 3.502002080784121
8886 1.3081501879265407
8904 2.1863252868781835
9106 1.0850066366123312
9110 6.106995035972082
9122 1.3744921360632627
9164 3.597312260588446
9175 3.597312260588446
9204 2.5098732725184614
9229 2.3933394562625097
9231 6.9985096422506015
9276 2.6944445490464313
9346 7.4960999157610075
9353 9.906884260806244
9537 1.3092584162485406
9559 -1.4143820455345566
9564 6.305362461690656
9580 3.3096301881366648
9611 6.9985096422506015
9670 5.8998973535824915
9709 1.082307579643166
9733 1.0850066366123312
9765 1.7835738846416156
9779 3.6674473366541744
9979 2.3933394562625097
10008 2.0568672196412967
10012 4.290459441148391
10015 3.5645224377654547
10029 4.847597327494437
10076 2.750014400201242
10095 8.867120569578129
10196 5.042345655544789
10202 2.591790394986348
10234 10.778143459633002
10258 1.8000126109847754
10276 4.8012850649143815
10290 4.290459441148391
10329 -0.8403627828383906
10422 0.7087940713416041
10437 1.3672978604292356
10447 6.709430603754685
10456 2.8553749158590684
10473 3.5563076343445528
10487 11.887378832614061
10514 3.8630154263214513
10522 2.9911764570181303
10559 7.726030852642903
10675 5.8998973535824915
10753 2.7790019370744945
10868 -0.5560832184355542
10872 3.2097641917964794
10936 3.9074671888922854
11102 7.317530155220019
11110 0.8102455191680114
11114 3.047265923669174
11115 9.201228738904462
11116 1.9109133070182172
11165 2.1863252868781835
11168 1.2781978656431896
11195 4.165296298194385
11218 0.5720211847929105
11269 6.9985096422506015
11299 -1.5635482855978138
11305 4.128071418239819
11320 2.764403137653342
11353 2.8088549002241754
11416 2.1782280766455644
11426 3.8630154263214513
11442 6.305362461690656
11443 3.260840023967233
11453 4.091160117244055
11454 4.695924549256556
11482 6.305362461690656
11505 5.052599493195288
11522 5.11171677152057
11526 4.9257701027357665
11580 2.5441623459970937
11646 4.708237486218457
11677 3.4510201673737084
11774 3.0282177286984795
11801 6.305362461690656
11839 7.194624521176892
11881 2.70805020110221
11900 4.099499503744866
11908 1.5346778372249912
11956 4.695924549256556
11984 7.271395991241656
12022 1.616384730003291
12064 3.3349479961209547
12093 6.721558593625539
12129 3.3349479961209547
12210 3.1698682457615064
12241 5.159338068908006
12242 7.726030852642903
12341 2.8088549002241754
12377 1.3460204619819507
12383 1.2523064517104479
12391 6.383694304960563
12404 1.485080896085619
12429 5.206750173022546
12435 7.640911623805311
12455 -0.8610346634721608
12610 2.4237986637472186
12699 5.052599493195288
12723 2.288979440938267
12727 6.9985096422506015
12796 2.9209721983448818
12803 4.091160117244055
12805 1.8568460857479414
12946 0.5932811842197597
13021 3.6312138122641273
13029 1.6609715625492831
13045 1.886521853894058
13077 3.047265923669174
13164 6.305362461690656
13189 1.8745456628473423
13208 1.3115342859107813
13283 9.83813620114153
13354 3.656051294424899
13384 2.0568672196412967
13390 11.181678537264226
13460 5.910916748832102
13479 3.7796338173824005
13553 -2.593225319609344
13565 5.963623044463036
13572 3.7490913256946845
13575 8.33059259638877
13662 4.290459441148391
13670 2.6164830075767194
13672 1.5262389685791264
13687 6.305362461690656
13734 13.595846858316051
13738 4.22592092001082
13753 3.7026727762462723
13767 7.964112661190752
13817 3.5645224377654547
13843 2.1782280766455644
13867 2.175425996420148
13891 0.6065925288579992
14023 6.305362461690656
14136 5.924226983143574
14237 -0.6972483483041599
14309 1.5137127087599462
14315 3.009525595686327
14343 3.7796338173824005
14352 1.8928409466523688
14425 5.612215281130711
14431 1.034930298632155
14486 5.232966015153439
14493 3.3096301881366648
14507 7.404060661748593
14516 2.1782280766455644
14521 7.332610264150794
14535 6.9985096422506015
14563 2.6418008155610093
14626 2.750014400201242
14647 3.8630154263214513
14656 11.405764877671418
14682 3.0863770537857995
14782 5.206750173022546
14901 2.5326015235960173
14906 0.8027278807278994
14926 5.389071729816501
14996 6.305362461690656
15037 2.3163784151263815
15063 3.2373095265570386
15192 2.978242611245248
15242 3.414990703794491
15278 2.465910149097345
15289 5.052599493195288
15292 2.211017899468555
15306 7.199882180847567
15317 3.0666840095262753
15319 6.305362461690656
15332 -18.627740761747443
15341 0.7959741250626788
15397 2.001297368486486
15447 4.919068100570765
15468 1.1549652252192415
15517 1.886521853894058
15518 3.761031659667692
15600 3.009525595686327
15672 1.4550424207846036
15827 5.732739921054652
15828 1.0931477941960308
15858 6.9985096422506015
15859 6.305362461690656
15862 3.9074671888922854
