34
1893 1.7567626271909589
1986 7.271395991241656
2484 1.3149298749119196
3598 2.3332543299341686
3678 3.00617266089474
3942 6.775183459212753
4520 3.1273086313427103
4576 6.257564269543647
4989 1.3355491621146554
5083 1.5735596247691985
5518 1.5868635903955612
6123 2.288979440938267
6533 3.3349479961209547
6898 2.162227735299123
6919 1.422560539104285
7433 5.389071729816501
8193 3.6312138122641273
8439 0.4690908039883759
8987 2.211017899468555
9372 2.3256808077886952
9645 2.021775899830027
9709 1.082307579643166
10046 5.389071729816501
10114 1.3014161557451966
11034 3.1916645207566434
11943 2.455214859980597
12283 2.6040604875781623
12936 4.108137884354437
13040 10.791936781765338
13319 1.8055527913603908
13354 1.8280256472124494
13491 2.288979440938267
15332 -1.5523117301456202
15655 3.9539872045271784
