227
279 2.6418008155610093
365 6.829981407588982
468 5.206750173022546
484 4.513602992462601
491 3.1066893441399746
496 2.2800107709555064
607 2.5211728277723946
619 3.666305132075397
906 4.05407066308416
927 2.0785287164224764
975 5.8998973535824915
978 4.59605855291637
1025 5.389071729816501
1062 2.591790394986348
1379 0.5370414658968836
1404 1.3708885285599641
1681 12.610724923381312
1685 3.2373095265570386
1750 1.1068654304248302
1893 1.7567626271909589
1986 7.271395991241656
2030 3.3349479961209547
2064 1.5647876386963615
2087 5.775271556154579
2103 2.4446327506500602
2357 1.1873686492739008
2450 -0.6108568957036107
2484 3.944789624735759
2567 1.7153059135126125
2796 2.335070548138534
2920 1.3590830570083334
3095 4.695924549256556
3180 2.7938170228596353
3189 3.5645224377654547
3392 2.20271909665386
3578 1.2031599740689096
3598 5.833135824835422
3614 1.4378280112350734
3642 3.47214911763444
3678 13.02674819721054
3759 2.4033897921160112
3807 2.3256808077886952
3942 6.775183459212753
3982 2.153862445213571
4076 3.4431615807611875
4319 2.049749751872433
4400 2.938066631704182
4520 6.254617262685421
4576 18.772692808630943
4581 5.052599493195288
4857 2.0712559570933964
4862 3.047265923669174
4964 1.6918893703894442
4989 2.6710983242293107
5083 3.147119249538397
5119 2.3933394562625097
5173 3.7026727762462723
5278 3.9074671888922854
5518 1.5868635903955612
5561 4.513602992462601
5630 0.3574615133704861
5687 2.0785287164224764
5739 2.8876357780772897
5889 2.4033897921160112
5973 2.9540974487767095
5993 0.8521803845817039
6088 1.2146844599208637
6105 4.8012850649143815
6123 2.288979440938267
6205 2.955458374416051
6228 1.2947271675944
6242 2.9041650800285006
6345 3.414990703794491
6387 5.982352914036261
6395 4.433560284789064
6533 3.3349479961209547
6887 2.304141734385754
6898 6.48668320589737
6919 19.91584754745999
7104 -0.6634879166512921
7312 9.265513660505526
7325 2.8088549002241754
7344 1.6325336272287498
7401 3.773043707788116
7427 3.9074671888922854
7433 5.389071729816501
7483 5.8998973535824915
7512 4.22592092001082
7578 1.0430745587218369
7594 4.290459441148391
7597 2.1863252868781835
7640 12.008332106089831
7691 3.5645224377654547
7692 2.2449194511442365
7716 5.389071729816501
7731 2.001297368486486
8182 2.681021528714291
8193 14.52485524905651
8205 8.580918882296782
8230 2.37353682896633
8256 1.6803896484063847
8301 2.413542163580029
8395 5.612215281130711
8439 0.4690908039883759
8444 1.7890234894091803
8467 5.389071729816501
8607 6.305362461690656
8621 2.6418008155610093
8643 2.001297368486486
8806 3.47214911763444
8814 8.45184184002164
8823 3.1066893441399746
8882 5.052599493195288
8886 1.3081501879265407
8983 4.22592092001082
8987 17.68814319574844
9010 2.9209721983448818
9076 8.580918882296782
9325 11.799794707164983
9372 2.3256808077886952
9384 1.3355491621146554
9531 5.01190042038306
9644 4.359452312635343
9645 8.087103599320107
9671 4.600614369452231
9709 1.082307579643166
9872 4.165296298194385
9919 5.052599493195288
9970 0.4837969513780714
10046 5.389071729816501
10055 3.009525595686327
10076 2.750014400201242
10114 2.6028323114903933
10161 3.6312138122641273
10196 2.5211728277723946
10233 3.4431615807611875
10326 1.0461538510930224
10329 -0.21009069570959765
10796 3.8630154263214513
10868 -0.18536107281185138
10906 2.035665011990694
10981 3.086486636822455
10997 3.1483620405405426
11034 17.55415486416154
11089 1.1549652252192415
11102 0.6652300141109108
11110 0.8102455191680114
11140 2.15432255579201
11175 5.389071729816501
11299 -0.5211827618659379
11304 1.2054960338664575
11481 1.6186122887101415
11625 1.457246097092175
11637 4.433560284789064
11665 3.5645224377654547
11677 3.4510201673737084
11702 7.907974409054357
11850 2.455214859980597
11943 2.455214859980597
11969 1.5164675941596633
11970 5.206750173022546
12001 5.135385686814575
12022 0.40409618250082274
12028 2.591790394986348
12034 1.8648031042937068
12122 1.1963912668735384
12231 4.359452312635343
12283 5.208120975156325
12294 4.8012850649143815
12383 1.2523064517104479
12593 8.718904625270685
12598 2.5098732725184614
12646 4.05407066308416
12648 4.108137884354437
12679 1.5958322603783217
12717 1.1998294154307871
12773 1.7652350335351346
12823 3.104790895896465
12863 5.389071729816501
12936 8.216275768708874
13040 10.791936781765338
13057 3.8204558119026557
13106 7.005211644415603
13107 5.052599493195288
13147 4.290459441148391
13208 2.6230685718215625
13319 5.416658374081172
13346 2.9041650800285006
13354 5.4840769416373485
13440 1.4770487243883548
13460 2.955458374416051
13491 18.311835527506137
13501 7.563518483317184
13553 -1.8523037997209602
13563 5.389071729816501
13572 1.8745456628473423
13599 4.290459441148391
14041 5.052599493195288
14135 2.3541187431092285
14136 1.4810567457858934
14174 7.1780118206952235
14237 -1.3944966966083199
14267 -1.1471081799405454
14268 4.290459441148391
14308 2.0640357091199095
14380 4.22592092001082
14431 3.104790895896465
14439 3.1273086313427103
14486 2.6164830075767194
14515 3.0666840095262753
14569 15.157798479585864
14577 4.433560284789064
14656 1.1405764877671418
14682 1.5431885268928998
14789 3.7026727762462723
15047 6.9985096422506015
15155 1.380822401482141
15181 1.751485570090115
15192 1.489121305622624
15332 -23.2846759521843
15458 2.8088549002241754
15578 3.5890059103476117
15592 2.87137525720551
15651 4.5508936751389415
15655 3.9539872045271784
15719 3.597312260588446
15771 0.04619142958929879
