264
241 1.6902419448493964
389 1.6419233675785887
1060 0.3108345320827577
1066 6.9985096422506015
1087 5.389071729816501
1094 2.335070548138534
1179 6.9985096422506015
1379 0.5370414658968836
1381 2.6547042203969173
1384 6.305362461690656
1593 6.9985096422506015
1686 1.1549652252192415
1687 4.827084327160058
1688 4.919068100570765
1750 1.1068654304248302
1842 2.0286963426746007
1929 4.216321028057695
1938 2.66777630196427
1939 5.612215281130711
1957 1.8223599096767722
2025 4.165296298194385
2049 16.61475780276431
2051 8.00332890589281
2052 6.9985096422506015
2070 2.9461134062376346
2087 2.8876357780772897
2167 8.00332890589281
2271 0.6835662361444191
2351 3.129575277392723
2407 2.236335707452845
2421 1.5431885268928998
2450 -0.6108568957036107
2458 2.162227735299123
2461 10.506006242352363
2484 1.3149298749119196
2519 1.6902419448493964
2597 2.1157077196642304
2631 0.21292199724267172
2639 2.6040604875781623
2701 2.7218435232345457
2705 1.6657908489852322
2820 2.4446327506500602
2830 13.078356937906028
2964 0.900435360084361
3362 3.8204558119026557
3578 0.6015799870344548
3586 3.2849375755462935
3717 3.8204558119026557
3737 1.8055527913603908
3750 9.391849098513111
3785 2.87137525720551
3820 1.7890234894091803
3864 6.305362461690656
4021 3.010896397820105
4053 -0.5233205264637649
4097 2.955458374416051
4158 0.030600440448717042
4214 2.465910149097345
4219 3.5135252543819178
4223 2.1863252868781835
4275 4.165296298194385
4291 4.108137884354437
4297 3.3096301881366648
4298 2.9041650800285006
4302 1.8000126109847754
4309 2.681021528714291
4314 2.764403137653342
4321 2.8553749158590684
4388 7.640911623805311
4507 2.298029276458185
4625 1.8452180477528222
4750 0.33155284982139466
4765 1.4150133334689021
4783 2.1782280766455644
4940 4.513602992462601
4956 7.2406264907400875
4970 1.9746291214043248
5022 4.22592092001082
5067 2.2278250177849364
5120 3.8630154263214513
5155 3.3096301881366648
5208 2.5676928434072877
5534 3.3875917296063767
5596 3.5645224377654547
5598 4.919068100570765
5643 3.9074671888922854
5652 3.3096301881366648
5687 2.0785287164224764
5889 4.8067795842320225
5901 4.910429719961194
5933 2.955458374416051
5992 4.359452312635343
6050 17.699692060747473
6216 2.3933394562625097
6250 1.7727629685373998
6254 12.610724923381312
6266 6.9985096422506015
6345 3.414990703794491
6387 2.9911764570181303
6433 1.030804581586805
6582 6.9985096422506015
6657 2.138697237888929
6735 12.32441365306331
6983 3.414990703794491
7076 4.86832290156553
7104 -1.3269758333025843
7152 3.8204558119026557
7197 1.730651483187273
7286 1.4112609838503516
7497 1.4028006446333317
7534 1.242767428663689
7569 1.0170954309961207
7633 1.8745456628473423
7645 5.612215281130711
7647 6.6192603762733295
7718 5.8998973535824915
7731 4.002594736972972
7757 8.45184184002164
7813 1.0145733615634107
7906 1.4339892349279078
7991 1.3149298749119196
8007 1.904759441443839
8032 1.0216512475319814
8078 1.9359146092236343
8089 16.086129172285744
8090 8.94534282981138
8096 1.4533321977710387
8142 2.9041650800285006
8211 4.600614369452231
8221 4.290459441148391
8439 0.9381816079767518
8710 1.6536113391281642
8736 2.3867493466682252
8979 1.7890234894091803
9061 3.6312138122641273
9069 3.260840023967233
9115 3.047265923669174
9122 1.3744921360632627
9229 2.3933394562625097
9346 2.498699971920336
9354 3.8204558119026557
9355 2.1782280766455644
9365 1.4972514317058743
9384 1.3355491621146554
9391 2.735829765209286
9534 2.750014400201242
9537 0.6546292081242703
9543 6.9985096422506015
9641 2.6418008155610093
9817 2.6366740664670676
9889 6.9985096422506015
10029 7.271395991241656
10031 2.498699971920336
10329 -0.630272087128793
10422 0.7087940713416041
10529 5.206750173022546
10661 3.3349479961209547
10678 18.311835527506137
10749 1.1754637467675824
10751 0.7939518796819108
10759 3.0666840095262753
10788 4.108137884354437
10808 4.919068100570765
10889 3.086486636822455
10895 4.290459441148391
10906 2.035665011990694
11032 1.087712998210074
11089 1.1549652252192415
11168 3.834593596929569
11299 -0.5211827618659379
11305 2.0640357091199095
11334 1.994563336305142
11386 2.1157077196642304
11407 3.1483620405405426
11481 1.6186122887101415
11484 3.6312138122641273
11491 1.8745456628473423
11769 1.6466515087745348
11781 2.591790394986348
11783 4.00277736869661
11789 6.9985096422506015
11804 3.7796338173824005
11843 6.9985096422506015
11849 5.389071729816501
11908 1.5346778372249912
11952 1.5958322603783217
11969 0.7582337970798316
11990 4.108137884354437
12022 0.40409618250082274
12026 6.9985096422506015
12075 2.938066631704182
12093 1.6803896484063847
12095 7.004004161568242
12096 6.305362461690656
12237 4.108137884354437
12263 5.159338068908006
12455 -0.2152586658680402
12460 0.7332084295128914
12554 1.6609715625492831
12629 3.3096301881366648
12708 1.5958322603783217
12717 0.5999147077153936
12741 4.05407066308416
12783 1.8986432144264027
12820 3.3349479961209547
12826 1.2619373447714093
12853 2.304141734385754
12969 3.7026727762462723
12992 4.6513616155773905
13029 11.626800937844981
13052 3.260840023967233
13133 4.433560284789064
13253 6.9985096422506015
13302 4.359452312635343
13384 2.0568672196412967
13408 4.8012850649143815
13553 -1.4818430397767681
13572 1.8745456628473423
13613 1.8111238364098463
13718 1.3425178314307487
13743 3.8204558119026557
13834 4.00277736869661
13843 2.1782280766455644
13859 8.866375123248154
13893 4.05407066308416
13913 2.8396265588909295
14044 1.4611753752320646
14065 6.9985096422506015
14085 3.1698682457615064
14136 1.4810567457858934
14166 4.108137884354437
14174 1.7945029551738059
14196 0.8373023205555247
14237 -2.7889933932166397
14267 -0.3823693933135151
14332 4.22592092001082
14340 4.108137884354437
14342 6.9985096422506015
14352 0.9464204733261844
14381 0.2288676653980985
14416 0.7739512129752414
14422 2.1233123190494494
14431 3.104790895896465
14476 5.052599493195288
14620 2.15432255579201
14632 5.612215281130711
14644 3.597312260588446
14656 2.2811529755342836
14681 4.22592092001082
14780 4.513602992462601
14906 1.204091821091849
15020 3.086486636822455
15057 1.152070867192877
15121 1.5868635903955612
15155 0.6904112007410705
15241 6.984944856815885
15332 -10.866182111019342
15341 0.7959741250626788
15471 4.16436503897172
15517 1.886521853894058
15669 2.162227735299123
15765 4.290459441148391
15783 0.48083836933832624
15798 4.695924549256556
