245
194 0.7699986386594181
209 1.7001922757025645
254 2.498699971920336
373 2.750014400201242
583 2.9041650800285006
810 2.8396265588909295
927 2.0785287164224764
1013 2.6547042203969173
1060 0.1865007192496546
1379 2.1481658635875345
1390 3.260840023967233
1416 8.718904625270685
1721 6.305362461690656
1750 1.1068654304248302
1842 2.0286963426746007
1889 3.414990703794491
1893 1.7567626271909589
1938 2.66777630196427
2051 2.66777630196427
2064 1.5647876386963615
2070 1.4730567031188173
2103 2.4446327506500602
2334 1.5879037593638217
2351 1.5647876386963615
2356 2.681021528714291
2421 1.5431885268928998
2450 -0.6108568957036107
2484 1.3149298749119196
2594 3.5645224377654547
2652 4.108137884354437
2812 3.9539872045271784
2924 2.0286963426746007
2935 1.8961175835574902
3142 5.052599493195288
3271 4.00277736869661
3392 2.20271909665386
3409 8.00555473739322
3506 6.564524225600007
3578 1.2031599740689096
3598 11.666271649670843
3605 6.305362461690656
3612 9.575541457440844
3614 5.751312044940294
3678 5.010287768157901
3709 2.9041650800285006
3804 2.750014400201242
3982 1.0769312226067855
4026 2.8876357780772897
4097 2.955458374416051
4205 7.332610264150794
4219 5.270287881572877
4250 4.695924549256556
4302 1.8000126109847754
4333 1.4651201535230811
4366 1.9878743481543455
4380 5.389071729816501
4400 2.938066631704182
4405 2.6920409239639014
4576 2.085854756514549
4651 3.8630154263214513
4751 3.414990703794491
4758 4.600614369452231
4852 1.258716730071367
4857 26.926327442214152
4876 2.2449194511442365
4958 6.305362461690656
4964 1.6918893703894442
5083 1.5735596247691985
5155 3.3096301881366648
5156 2.211017899468555
5339 1.1784267118982394
5496 4.600614369452231
5517 1.6232312345664361
5570 3.6312138122641273
5577 4.600614369452231
5630 0.3574615133704861
5721 4.22592092001082
5889 4.8067795842320225
5891 3.1273086313427103
5955 2.434161450782765
5981 2.8553749158590684
6044 6.305362461690656
6147 4.00277736869661
6169 2.4033897921160112
6206 4.22592092001082
6228 2.5894543351888
6433 0.5154022907934025
6468 3.1483620405405426
6469 4.513602992462601
6533 3.3349479961209547
6681 10.778143459633002
6754 1.2024518914852294
6776 1.942263836902293
6887 14.9769212735074
6898 2.162227735299123
7025 1.0095482253607377
7104 -1.3269758333025843
7112 5.052599493195288
7344 4.89760088168625
7401 1.886521853894058
7482 1.8055527913603908
7521 5.389071729816501
7701 3.6312138122641273
7740 3.5327737394508745
7892 3.1035445411685827
7921 6.305362461690656
8041 3.597312260588446
8160 4.165296298194385
8182 2.681021528714291
8230 2.37353682896633
8276 3.21432000833234
8356 4.165296298194385
8391 2.555858385760285
8592 3.740413104229119
8645 3.5327737394508745
8675 5.206750173022546
8715 4.919068100570765
8755 5.8998973535824915
8810 3.502002080784121
8928 1.3355491621146554
8979 1.7890234894091803
8987 4.42203579893711
9122 1.3744921360632627
9170 0.6116303228879563
9229 2.3933394562625097
9365 5.989005726823497
9372 4.6513616155773905
9573 3.3096301881366648
9645 4.043551799660054
9676 5.389071729816501
9680 3.597312260588446
9709 5.41153789821583
9765 3.567147769283231
9811 3.9074671888922854
9899 4.8012850649143815
9970 0.4837969513780714
9983 3.1066893441399746
10019 5.8998973535824915
10071 6.305362461690656
10114 5.205664622980787
10231 3.2373095265570386
10278 3.2849375755462935
10329 -0.8403627828383906
10424 4.8012850649143815
10431 1.4437323058179135
10441 3.7026727762462723
10487 1.981229805435677
10561 1.6003469407328483
10661 3.3349479961209547
10681 6.305362461690656
10822 5.8998973535824915
10876 5.206750173022546
10962 2.6290617897835795
11027 1.2781978656431896
11032 4.350851992840296
11034 1.5958322603783217
11116 5.732739921054652
11168 1.2781978656431896
11173 5.8998973535824915
11195 8.33059259638877
11228 3.3096301881366648
11244 5.8998973535824915
11287 2.0286963426746007
11299 -1.0423655237318759
11304 3.616488101599373
11321 6.305362461690656
11416 2.1782280766455644
11481 1.6186122887101415
11570 4.7734986933364505
11571 5.612215281130711
11625 1.457246097092175
11677 5.176530251060562
11703 5.206750173022546
11790 2.2449194511442365
11828 2.955458374416051
11844 4.290459441148391
11911 3.414990703794491
11918 4.433560284789064
12034 1.8648031042937068
12062 3.47214911763444
12066 3.7796338173824005
12093 1.6803896484063847
12321 3.4431615807611875
12383 1.2523064517104479
12447 2.8396265588909295
12455 -0.4305173317360804
12498 4.695924549256556
12598 2.5098732725184614
12648 4.108137884354437
12773 0.8826175167675673
12783 1.8986432144264027
12818 3.1483620405405426
12832 3.3096301881366648
12833 0.9630282097258448
12960 3.1918471524802814
13001 1.4730567031188173
13029 1.6609715625492831
13208 1.3115342859107813
13384 2.0568672196412967
13491 4.577958881876534
13505 3.0666840095262753
13513 3.7026727762462723
13527 2.049749751872433
13547 3.2006938814656967
13671 11.224430562261421
13723 3.597312260588446
13773 4.433560284789064
13817 3.5645224377654547
13834 4.00277736869661
13891 0.6065925288579992
13918 2.8396265588909295
14044 2.9223507504641293
14164 8.216275768708874
14234 6.305362461690656
14237 -2.09174504491248
14267 -0.7647387866270302
14381 1.1443383269904925
14450 4.165296298194385
14507 1.8510151654371483
14508 6.305362461690656
14523 2.8553749158590684
14527 2.938066631704182
14656 5.702882438835709
14783 6.305362461690656
14793 6.305362461690656
14808 4.695924549256556
14908 2.476721065201561
15121 4.760590771186684
15155 0.6904112007410705
15181 5.254456710270345
15313 13.419736940862967
15317 3.0666840095262753
15332 -9.313870380873722
15341 2.3879223751880367
15351 3.5645224377654547
15413 1.2781978656431896
15468 1.1549652252192415
15471 2.08218251948586
15536 4.600614369452231
15578 3.5890059103476117
15587 1.2947271675944
15609 4.8012850649143815
15654 6.305362461690656
15669 2.162227735299123
15771 0.023095714794649395
