311
302 1.7153059135126125
318 4.919068100570765
327 2.20271909665386
468 5.206750173022546
484 4.513602992462601
492 3.3609234825242154
496 2.2800107709555064
500 2.1701959049483
534 4.433560284789064
607 2.5211728277723946
619 3.666305132075397
646 2.219386149139072
688 5.206750173022546
703 3.7026727762462723
726 5.8998973535824915
755 4.8012850649143815
760 4.513602992462601
764 3.502002080784121
906 4.05407066308416
916 5.8998973535824915
927 4.157057432844953
978 6.894087829374555
1025 5.389071729816501
1062 2.591790394986348
1338 6.305362461690656
1356 4.72756130804193
1379 1.0740829317937672
1404 1.3708885285599641
1534 6.9985096422506015
1685 3.2373095265570386
1750 2.2137308608496604
1922 1.6952047341915255
1984 4.513602992462601
1986 2.4237986637472186
2030 3.3349479961209547
2086 4.8012850649143815
2247 2.219386149139072
2356 2.681021528714291
2357 1.1873686492739008
2434 2.413542163580029
2484 1.3149298749119196
2538 1.422560539104285
2567 10.291835481075676
2568 6.305362461690656
2599 5.389071729816501
2674 1.0272478024601386
2723 6.9985096422506015
2796 4.670141096277068
2829 2.8088549002241754
2920 0.6795415285041667
2924 4.0573926853492015
2935 0.6320391945191633
2953 5.8998973535824915
2964 0.900435360084361
3180 2.7938170228596353
3407 2.085854756514549
3578 1.8047399611033645
3598 4.666508659868337
3614 1.4378280112350734
3642 3.47214911763444
3678 15.030863304473701
3679 5.206750173022546
3680 6.305362461690656
3690 1.4972514317058743
3709 2.9041650800285006
3759 2.4033897921160112
3794 4.919068100570765
3807 2.3256808077886952
3820 1.7890234894091803
3901 2.363780654020965
3902 4.8012850649143815
3942 3.3875917296063767
3982 2.153862445213571
4053 -0.14952015041821856
4167 2.0712559570933964
4302 1.8000126109847754
4304 4.290459441148391
4358 3.5645224377654547
4381 4.029806041084529
4400 2.938066631704182
4432 11.221239312687356
4520 3.1273086313427103
4522 0.2603571476546441
4533 3.086486636822455
4576 8.343419026058196
4581 5.052599493195288
4695 2.87137525720551
4753 3.9074671888922854
4815 2.7218435232345457
4818 3.8204558119026557
4838 1.4730567031188173
4842 4.433560284789064
4851 5.8998973535824915
4852 1.258716730071367
4857 4.142511914186793
4865 3.0282177286984795
4964 2.255852493852592
5083 3.147119249538397
5111 3.21432000833234
5156 2.211017899468555
5208 2.5676928434072877
5278 3.9074671888922854
5540 3.1698682457615064
5561 4.513602992462601
5581 3.0666840095262753
5596 3.5645224377654547
5630 0.5957691889508101
5711 2.6290617897835795
5715 3.502002080784121
5721 4.22592092001082
5739 2.8876357780772897
5828 2.5676928434072877
5955 2.434161450782765
5959 3.47214911763444
5973 2.9540974487767095
5993 0.8521803845817039
5999 2.5098732725184614
6088 2.4293689198417274
6105 4.8012850649143815
6205 2.955458374416051
6223 2.8088549002241754
6262 3.4431615807611875
6368 2.5098732725184614
6387 5.982352914036261
6396 5.612215281130711
6729 2.1944885975173447
6754 1.2024518914852294
6776 1.942263836902293
6898 10.811138676495615
6916 5.612215281130711
6919 17.07072646925142
7099 5.8998973535824915
7312 4.632756830252763
7321 3.3875917296063767
7512 4.22592092001082
7566 4.8012850649143815
7578 1.0430745587218369
7590 8.45184184002164
7594 4.290459441148391
7597 4.372650573756367
7640 12.008332106089831
7692 2.2449194511442365
7731 2.001297368486486
8032 0.5108256237659907
8046 4.108137884354437
8096 1.4533321977710387
8148 3.7796338173824005
8155 6.213378688279949
8182 2.681021528714291
8193 10.893641436792382
8205 12.871378323445173
8256 3.3607792968127694
8257 5.206750173022546
8301 2.413542163580029
8395 5.612215281130711
8439 0.4690908039883759
8444 1.7890234894091803
8467 5.389071729816501
8621 2.6418008155610093
8643 2.001297368486486
8683 3.3607792968127694
8694 5.8998973535824915
8814 4.22592092001082
8830 5.612215281130711
8882 5.052599493195288
8886 1.3081501879265407
8928 1.3355491621146554
8979 1.7890234894091803
8983 4.22592092001082
8987 13.266107396811332
9010 2.9209721983448818
9076 4.290459441148391
9151 1.258716730071367
9154 2.465910149097345
9182 7.332610264150794
9211 3.502002080784121
9372 6.977042423366086
9459 5.8998973535824915
9483 3.6312138122641273
9531 3.34126694692204
9645 8.087103599320107
9671 4.600614369452231
9709 1.082307579643166
9733 1.0850066366123312
9765 1.7835738846416156
9868 6.305362461690656
9872 4.165296298194385
9919 10.105198986390576
9970 0.9675939027561428
10055 3.009525595686327
10087 5.612215281130711
10114 3.9042484672355897
10152 5.8998973535824915
10161 3.6312138122641273
10231 6.474619053114077
10233 3.4431615807611875
10248 5.389071729816501
10306 2.15432255579201
10326 1.0461538510930224
10486 5.612215281130711
10595 4.05407066308416
10655 3.8204558119026557
10751 0.7939518796819108
10759 3.0666840095262753
10872 3.2097641917964794
10906 2.035665011990694
10981 3.086486636822455
10997 3.1483620405405426
11034 9.574993562269931
11089 1.1549652252192415
11116 1.9109133070182172
11175 5.389071729816501
11195 4.165296298194385
11299 -0.5211827618659379
11304 1.2054960338664575
11419 3.1273086313427103
11481 3.237224577420283
11625 2.91449219418435
11669 4.919068100570765
11677 6.902040334747417
11754 3.1918471524802814
11850 4.910429719961194
11911 3.414990703794491
11969 0.7582337970798316
11970 5.206750173022546
12001 2.5676928434072877
12028 2.591790394986348
12034 1.8648031042937068
12070 2.87137525720551
12122 1.1963912668735384
12283 7.812181462734487
12287 5.052599493195288
12294 4.8012850649143815
12341 2.8088549002241754
12383 1.2523064517104479
12450 3.1483620405405426
12593 4.359452312635343
12646 4.05407066308416
12679 3.1916645207566434
12708 1.5958322603783217
12723 2.288979440938267
12772 3.773043707788116
12773 2.647852550302702
12797 2.7218435232345457
12823 2.06986059726431
12826 1.2619373447714093
12936 4.108137884354437
13018 5.8998973535824915
13024 5.206750173022546
13039 3.21432000833234
13040 10.791936781765338
13057 3.8204558119026557
13062 5.8998973535824915
13106 4.670141096277068
13118 5.8998973535824915
13147 4.290459441148391
13153 2.2278250177849364
13208 1.3115342859107813
13319 1.8055527913603908
13342 6.9985096422506015
13346 2.9041650800285006
13354 5.4840769416373485
13384 2.0568672196412967
13440 2.9540974487767095
13460 2.955458374416051
13491 13.733876645629604
13508 1.7255100836868542
13553 -3.7046075994419203
13572 1.8745456628473423
13599 4.290459441148391
13859 2.955458374416051
13922 1.8986432144264027
13929 5.8998973535824915
13933 3.7796338173824005
14148 8.718904625270685
14174 7.1780118206952235
14237 -1.3944966966083199
14267 -0.7647387866270302
14268 4.290459441148391
14308 4.128071418239819
14381 0.2288676653980985
14403 2.4446327506500602
14422 2.1233123190494494
14431 3.104790895896465
14439 3.1273086313427103
14486 2.6164830075767194
14556 2.8876357780772897
14569 5.052599493195288
14577 4.433560284789064
14656 4.562305951068567
14682 1.5431885268928998
14692 2.8396265588909295
14699 4.8012850649143815
15077 4.600614369452231
15078 5.8998973535824915
15121 1.5868635903955612
15155 1.380822401482141
15192 1.489121305622624
15313 1.917105277266138
15332 -35.70316979334926
15458 5.617709800448351
15471 0.6940608398286201
15578 3.5890059103476117
15592 5.74275051441102
15651 3.4131702563542063
15672 0.7275212103923018
15719 3.597312260588446
15738 9.201228738904462
15771 0.04619142958929879
15816 3.9539872045271784
15860 5.612215281130711
