119
389 1.6419233675785887
422 2.66777630196427
496 2.2800107709555064
500 4.3403918098966
578 3.740413104229119
1060 0.06216690641655154
1094 2.335070548138534
1269 5.612215281130711
1902 2.0149030205422647
1922 1.6952047341915255
1942 0.845776947546497
2009 4.827084327160058
2070 1.4730567031188173
2271 0.34178311807220957
2357 1.1873686492739008
2450 -0.6108568957036107
2452 2.1782280766455644
2458 2.162227735299123
2631 0.8516879889706869
2638 2.130975191795019
2659 3.4431615807611875
2853 3.414990703794491
2893 2.5098732725184614
2935 0.6320391945191633
2964 1.800870720168722
3068 5.384081847927803
3120 1.6048820958982397
3215 2.359923404764412
3219 8.718904625270685
3243 4.359452312635343
3578 0.6015799870344548
3995 1.751485570090115
4158 0.030600440448717042
4241 2.4033897921160112
4405 1.3460204619819507
4522 0.5207142953092883
4592 3.0282177286984795
4616 1.8925641683500207
4651 3.8630154263214513
4657 4.165296298194385
4750 0.994658549464184
4841 4.22592092001082
4871 2.4876501357337513
4976 2.288979440938267
5154 2.4446327506500602
5173 3.7026727762462723
5192 4.8012850649143815
5392 4.261950383590038
5518 1.5868635903955612
5540 3.1698682457615064
5620 3.8204558119026557
5680 1.5913378707904824
5773 2.735829765209286
5809 2.363780654020965
6164 2.6290617897835795
6250 1.7727629685373998
6433 1.030804581586805
6729 2.1944885975173447
7104 -0.6634879166512921
7286 1.4112609838503516
7578 1.0430745587218369
7692 2.2449194511442365
7731 2.001297368486486
7813 1.0145733615634107
7997 3.8204558119026557
8032 1.0216512475319814
8043 1.730651483187273
8078 1.9359146092236343
8405 3.3096301881366648
8439 2.3454540199418794
8582 5.512435106133805
8856 2.3163784151263815
9280 3.502002080784121
9285 6.094531847338348
9393 4.2438937486727
9537 0.6546292081242703
9640 2.8088549002241754
9709 3.246922738929498
10175 4.695924549256556
10329 -1.260544174257586
10422 0.7087940713416041
10503 2.413542163580029
10868 -0.18536107281185138
11148 2.356853423796479
11165 2.1863252868781835
11280 5.206750173022546
11881 2.70805020110221
12078 1.3637200390813515
12135 3.740413104229119
12378 3.3349479961209547
12455 -0.2152586658680402
12554 3.3219431250985663
12674 1.5779746429783155
12717 1.7997441231461808
12826 1.2619373447714093
12853 1.152070867192877
13080 1.6246020367002147
13412 2.5098732725184614
13526 5.389071729816501
13553 -0.37046075994419203
13565 1.9878743481543455
13936 3.3349479961209547
14043 3.7796338173824005
14072 3.3609234825242154
14196 1.6746046411110493
14237 -1.3944966966083199
14352 0.9464204733261844
14441 5.052599493195288
14563 2.6418008155610093
14656 2.2811529755342836
14906 0.4013639403639497
15057 1.152070867192877
15317 3.0666840095262753
15332 -3.1046234602912404
15397 2.001297368486486
15407 2.2711218235382606
15677 1.5779746429783155
15783 1.4425151080149787
15786 1.7963813804610742
