199
327 2.20271909665386
389 1.6419233675785887
422 2.66777630196427
496 2.2800107709555064
500 4.3403918098966
578 3.740413104229119
1060 0.06216690641655154
1094 2.335070548138534
1269 5.612215281130711
1902 2.0149030205422647
1922 1.6952047341915255
1942 0.845776947546497
2009 4.827084327160058
2026 2.681021528714291
2051 2.66777630196427
2070 1.4730567031188173
2271 0.34178311807220957
2357 1.1873686492739008
2421 1.5431885268928998
2450 -0.6108568957036107
2452 2.1782280766455644
2458 8.648910941196492
2519 1.6902419448493964
2538 2.84512107820857
2631 1.490453980698702
2638 2.130975191795019
2659 3.4431615807611875
2853 3.414990703794491
2862 1.4690805547391779
2893 2.5098732725184614
2935 1.2640783890383267
2964 3.601741440337444
3068 5.384081847927803
3120 1.6048820958982397
3186 2.576165249751463
3215 2.949904255955515
3219 8.718904625270685
3243 4.359452312635343
3249 2.750014400201242
3282 4.290459441148391
3407 2.085854756514549
3423 3.7026727762462723
3537 5.389071729816501
3578 0.6015799870344548
3690 1.4972514317058743
3774 1.7255100836868542
3995 3.50297114018023
4158 0.09180132134615113
4241 2.4033897921160112
4400 2.938066631704182
4405 1.3460204619819507
4522 0.7810714429639324
4592 3.0282177286984795
4616 1.8925641683500207
4625 1.8452180477528222
4651 3.8630154263214513
4657 4.165296298194385
4750 0.994658549464184
4841 4.22592092001082
4866 2.5211728277723946
4871 2.4876501357337513
4976 2.288979440938267
5001 5.612215281130711
5017 3.260840023967233
5058 3.5327737394508745
5154 2.4446327506500602
5173 3.7026727762462723
5192 9.602570129828763
5249 6.6192603762733295
5392 4.261950383590038
5518 1.5868635903955612
5540 3.1698682457615064
5620 3.8204558119026557
5680 1.5913378707904824
5713 4.359452312635343
5773 2.735829765209286
5809 2.363780654020965
5993 0.8521803845817039
5994 5.8998973535824915
6164 2.6290617897835795
6250 1.7727629685373998
6376 3.0666840095262753
6433 1.030804581586805
6729 4.388977195034689
6787 4.577958881876534
7104 -1.3269758333025843
7286 1.4112609838503516
7497 0.7014003223166658
7504 6.305362461690656
7552 1.9486536350010641
7578 1.0430745587218369
7692 2.2449194511442365
7731 2.001297368486486
7813 1.0145733615634107
7906 2.8679784698558155
7997 3.8204558119026557
8032 1.0216512475319814
8043 1.730651483187273
8078 1.9359146092236343
8082 3.47214911763444
8323 3.1698682457615064
8405 3.3096301881366648
8439 2.3454540199418794
8582 5.512435106133805
8622 3.2373095265570386
8723 1.5262389685791264
8856 2.3163784151263815
8928 1.3355491621146554
9020 6.305362461690656
9170 0.6116303228879563
9192 4.00277736869661
9280 3.502002080784121
9285 6.094531847338348
9345 2.66777630196427
9355 2.1782280766455644
9393 6.365840623009049
9537 1.3092584162485406
9640 2.8088549002241754
9709 4.329230318572664
9986 2.0568672196412967
10030 2.413542163580029
10175 4.695924549256556
10194 2.455214859980597
10329 -1.6807255656767812
10341 3.1698682457615064
10422 0.7087940713416041
10503 2.413542163580029
10749 1.1754637467675824
10868 -0.18536107281185138
11034 1.5958322603783217
11062 3.6312138122641273
11148 2.356853423796479
11165 2.1863252868781835
11202 2.9209721983448818
11280 5.206750173022546
11524 1.5178707189086098
11555 3.5327737394508745
11850 2.455214859980597
11881 2.70805020110221
11908 3.0693556744499824
11945 1.9550845253313545
11952 1.5958322603783217
12022 0.40409618250082274
12078 1.3637200390813515
12093 1.6803896484063847
12122 1.1963912668735384
12135 3.740413104229119
12378 3.3349479961209547
12455 -0.2152586658680402
12460 2.1996252885386745
12553 1.0715836162801904
12554 8.304857812746416
12660 2.035665011990694
12674 1.5779746429783155
12717 1.7997441231461808
12826 1.2619373447714093
12837 3.4431615807611875
12853 1.152070867192877
12951 4.00277736869661
13045 1.886521853894058
13080 2.436903055050322
13208 2.6230685718215625
13412 2.5098732725184614
13452 4.359452312635343
13526 5.389071729816501
13527 2.049749751872433
13553 -0.7409215198883841
13565 1.9878743481543455
13724 4.433560284789064
13845 4.002594736972972
13936 3.3349479961209547
14043 3.7796338173824005
14072 3.3609234825242154
14196 1.6746046411110493
14237 -2.09174504491248
14294 5.612215281130711
14348 5.8998973535824915
14352 0.9464204733261844
14441 5.052599493195288
14556 2.8876357780772897
14563 2.6418008155610093
14571 3.2373095265570386
14656 4.562305951068567
14906 0.8027278807278994
15057 1.152070867192877
15076 3.21432000833234
15116 3.8630154263214513
15247 2.498699971920336
15317 3.0666840095262753
15332 -4.656935190436861
15397 2.001297368486486
15407 2.2711218235382606
15418 2.1233123190494494
15472 2.735829765209286
15518 1.880515829833846
15648 2.5676928434072877
15677 1.5779746429783155
15783 2.4041918466916314
15786 2.694572070691611
