111
492 3.3609234825242154
607 2.5211728277723946
688 5.206750173022546
703 3.7026727762462723
760 4.513602992462601
906 4.05407066308416
1922 1.6952047341915255
1986 2.4237986637472186
2064 1.5647876386963615
2271 0.34178311807220957
2450 -0.6108568957036107
2567 1.7153059135126125
2796 2.335070548138534
2920 0.6795415285041667
2924 2.0286963426746007
2964 1.800870720168722
3598 2.3332543299341686
3617 5.8998973535824915
3678 7.014402875421061
3737 1.8055527913603908
3794 4.919068100570765
3820 1.7890234894091803
3942 3.3875917296063767
3982 1.0769312226067855
4053 -0.07476007520910928
4070 1.1068654304248302
4304 4.290459441148391
4381 2.0149030205422647
4534 4.433560284789064
4576 2.085854756514549
4802 4.513602992462601
4852 1.258716730071367
4964 0.563963123463148
5055 2.2278250177849364
5278 3.9074671888922854
5711 2.6290617897835795
5715 3.502002080784121
5758 3.666305132075397
5993 0.8521803845817039
5999 2.5098732725184614
6375 4.919068100570765
6396 5.612215281130711
6718 3.9539872045271784
6919 9.957923773729995
6970 4.372650573756367
7312 2.3163784151263815
7527 2.681021528714291
8032 1.0216512475319814
8182 2.681021528714291
8193 3.6312138122641273
8256 1.6803896484063847
8439 0.4690908039883759
8660 1.675499663112193
8710 0.551203779709388
8723 1.5262389685791264
8814 4.22592092001082
8873 5.052599493195288
8908 3.6312138122641273
8977 2.6290617897835795
8987 2.211017899468555
9076 4.290459441148391
9151 1.258716730071367
9182 3.666305132075397
9372 4.6513616155773905
9531 1.67063347346102
9597 3.1273086313427103
9645 8.087103599320107
9812 4.290459441148391
10114 1.3014161557451966
10217 4.30864511158402
10659 3.4431615807611875
10868 -0.18536107281185138
11028 4.919068100570765
11034 3.1916645207566434
11110 0.8102455191680114
11140 2.15432255579201
11299 -0.5211827618659379
11625 1.457246097092175
11669 4.919068100570765
11969 0.7582337970798316
12034 0.9324015521468534
12283 7.812181462734487
12341 2.8088549002241754
12455 -0.2152586658680402
12708 1.5958322603783217
12773 3.530470067070269
12823 1.034930298632155
13040 3.597312260588446
13080 0.8123010183501074
13147 4.290459441148391
13319 3.6111055827207816
13346 2.9041650800285006
13354 1.8280256472124494
13401 2.465910149097345
13491 2.288979440938267
13553 -1.111382279832576
14135 2.3541187431092285
14381 0.2288676653980985
14416 0.7739512129752414
14431 1.034930298632155
14439 3.1273086313427103
14599 4.433560284789064
14906 0.4013639403639497
15256 3.3349479961209547
15332 -12.418493841164961
15341 0.7959741250626788
15413 1.2781978656431896
15458 2.8088549002241754
15578 1.7945029551738059
15592 2.87137525720551
15622 2.363780654020965
