79
389 1.6419233675785887
631 4.00277736869661
683 3.3609234825242154
862 2.344549292093078
1938 2.66777630196427
1942 0.845776947546497
2009 4.827084327160058
2036 1.9486536350010641
2292 5.612215281130711
2421 3.0863770537857995
2450 -1.2217137914072214
2538 1.422560539104285
2586 3.3096301881366648
2631 1.0646099862133587
3068 4.038061385945852
3192 2.0190964507214755
3215 0.589980851191103
4158 0.061200880897434085
4976 2.288979440938267
5013 4.8012850649143815
5279 1.7410142702228197
5518 1.5868635903955612
5590 1.4533321977710387
5924 6.9985096422506015
5964 3.1273086313427103
6136 2.91449219418435
6387 2.9911764570181303
6787 2.288979440938267
7104 -0.6634879166512921
7286 1.4112609838503516
7497 0.7014003223166658
7552 1.9486536350010641
7813 1.0145733615634107
8032 2.043302495063963
8043 1.730651483187273
8439 0.4690908039883759
8582 4.134326329600354
8708 1.4810567457858934
8856 4.632756830252763
8886 1.3081501879265407
8920 4.433560284789064
9557 4.290459441148391
9986 2.0568672196412967
9990 1.1343571206342449
10325 1.8925641683500207
10326 1.5692307766395337
10503 2.413542163580029
10865 6.9985096422506015
11161 5.389071729816501
11168 1.2781978656431896
11704 3.1483620405405426
11840 1.6902419448493964
11841 2.8396265588909295
11952 1.5958322603783217
12022 0.40409618250082274
12377 1.3460204619819507
12455 -0.6457759976041206
12460 2.1996252885386745
12595 2.344549292093078
12717 0.5999147077153936
12946 1.1865623684395195
13071 3.086486636822455
13845 2.001297368486486
13930 1.3601549729168554
14043 3.7796338173824005
14196 0.8373023205555247
14237 -1.3944966966083199
14416 0.7739512129752414
14447 3.1483620405405426
14573 3.260840023967233
14659 6.9985096422506015
15057 1.152070867192877
15247 2.498699971920336
15332 -1.5523117301456202
15709 4.372650573756367
15783 0.48083836933832624
15786 1.7963813804610742
15794 2.5676928434072877
15805 4.01615411094373
