136
194 3.0799945546376724
241 1.6902419448493964
279 2.6418008155610093
592 2.4446327506500602
657 2.0640357091199095
800 4.86832290156553
1648 9.201228738904462
1686 1.1549652252192415
1924 2.288979440938267
2450 -1.2217137914072214
2536 3.567147769283231
2705 1.6657908489852322
2948 4.695924549256556
2959 1.1873686492739008
3143 2.219386149139072
3252 5.052599493195288
3297 3.9539872045271784
3423 3.7026727762462723
3807 2.3256808077886952
3840 1.2980660688599148
3985 2.5098732725184614
4021 1.5054481989100525
4108 3.1066893441399746
4282 2.8553749158590684
4405 1.3460204619819507
4512 5.206750173022546
4553 5.8998973535824915
4616 1.8925641683500207
4964 0.563963123463148
4976 2.288979440938267
5255 4.8012850649143815
5402 4.919068100570765
5517 1.6232312345664361
5590 1.4533321977710387
5630 0.11915383779016203
5635 2.20271909665386
6043 1.5913378707904824
6047 3.009525595686327
6269 3.9539872045271784
6433 0.5154022907934025
6539 2.434161450782765
6631 4.359452312635343
6698 5.206750173022546
6721 2.383389125409342
6754 1.2024518914852294
6908 1.6768847312989907
7025 1.0095482253607377
7247 4.22592092001082
7286 1.4112609838503516
7306 2.4876501357337513
7311 2.236335707452845
7366 5.206750173022546
7497 0.7014003223166658
7838 2.1081605140288473
7854 3.3609234825242154
7864 3.502002080784121
7949 2.5441623459970937
7968 3.047265923669174
8096 1.4533321977710387
8496 3.502002080784121
8523 2.9025305428177344
8530 6.305362461690656
8683 1.6803896484063847
8710 0.551203779709388
8886 1.3081501879265407
9204 2.5098732725184614
9276 2.6944445490464313
9346 4.997399943840672
9353 2.476721065201561
9559 -0.41599471927486964
9580 3.3096301881366648
10012 4.290459441148391
10095 4.433560284789064
10196 5.042345655544789
10234 5.389071729816501
10290 4.290459441148391
10422 0.7087940713416041
10447 2.4397929468198853
10473 1.7781538171722764
10487 9.906149027178385
10522 2.9911764570181303
10559 3.8630154263214513
10561 1.6003469407328483
10827 3.740413104229119
10868 -0.37072214562370276
11102 0.6652300141109108
11110 0.8102455191680114
11114 3.047265923669174
11299 -1.0423655237318759
11320 2.764403137653342
11416 2.1782280766455644
11442 6.305362461690656
11443 3.260840023967233
11453 1.3637200390813515
11482 6.305362461690656
11677 1.7255100836868542
11774 3.0282177286984795
12022 0.40409618250082274
12391 6.383694304960563
12435 3.8204558119026557
12455 -0.4305173317360804
12610 2.4237986637472186
12699 5.052599493195288
12723 2.288979440938267
12796 2.9209721983448818
12805 1.8568460857479414
13189 1.8745456628473423
13384 2.0568672196412967
13460 5.910916748832102
13553 -0.7409215198883841
13565 3.975748696308691
13687 6.305362461690656
13734 7.769055347609172
13738 4.22592092001082
13753 3.7026727762462723
13767 2.6547042203969173
13867 1.087712998210074
13891 0.6065925288579992
14023 6.305362461690656
14136 2.962113491571787
14315 3.009525595686327
14507 1.8510151654371483
14516 2.1782280766455644
14521 3.666305132075397
14656 4.562305951068567
14682 1.5431885268928998
14901 2.5326015235960173
14926 5.389071729816501
15192 1.489121305622624
15242 3.414990703794491
15292 2.211017899468555
15306 0.7199882180847567
15317 3.0666840095262753
15397 2.001297368486486
15672 0.7275212103923018
15827 1.9109133070182172
