324
302 1.7153059135126125
318 4.919068100570765
327 2.20271909665386
468 5.206750173022546
484 4.513602992462601
492 3.3609234825242154
496 2.2800107709555064
500 2.1701959049483
534 4.433560284789064
607 2.5211728277723946
619 3.666305132075397
646 2.219386149139072
688 5.206750173022546
703 3.7026727762462723
726 5.8998973535824915
755 4.8012850649143815
761 5.612215281130711
764 3.502002080784121
906 4.05407066308416
916 5.8998973535824915
927 4.157057432844953
978 6.894087829374555
1025 5.389071729816501
1062 2.591790394986348
1094 2.335070548138534
1220 5.8998973535824915
1338 6.305362461690656
1356 4.72756130804193
1379 1.0740829317937672
1404 1.3708885285599641
1516 4.359452312635343
1685 3.2373095265570386
1750 2.2137308608496604
1984 4.513602992462601
1986 2.4237986637472186
2030 3.3349479961209547
2086 4.8012850649143815
2103 2.4446327506500602
2247 2.219386149139072
2357 1.1873686492739008
2434 2.413542163580029
2484 2.629859749823839
2567 10.291835481075676
2568 6.305362461690656
2599 5.389071729816501
2674 1.0272478024601386
2796 4.670141096277068
2829 2.8088549002241754
2920 0.6795415285041667
2924 4.0573926853492015
2935 0.6320391945191633
2953 5.8998973535824915
2964 0.900435360084361
3180 2.7938170228596353
3407 2.085854756514549
3506 1.6411310564000017
3578 1.8047399611033645
3598 3.4998814949012527
3614 1.4378280112350734
3642 3.47214911763444
3678 16.032920858105282
3679 5.206750173022546
3680 6.305362461690656
3690 1.4972514317058743
3709 2.9041650800285006
3759 2.4033897921160112
3794 4.919068100570765
3807 2.3256808077886952
3820 1.7890234894091803
3901 2.363780654020965
3902 4.8012850649143815
3942 3.3875917296063767
3982 2.153862445213571
4053 -0.14952015041821856
4167 2.0712559570933964
4304 4.290459441148391
4335 2.938066631704182
4358 3.5645224377654547
4381 2.0149030205422647
4400 2.938066631704182
4416 1.3637200390813515
4432 11.221239312687356
4520 3.1273086313427103
4522 0.2603571476546441
4533 3.086486636822455
4576 8.343419026058196
4581 5.052599493195288
4695 2.87137525720551
4753 3.9074671888922854
4818 3.8204558119026557
4838 1.4730567031188173
4842 4.433560284789064
4851 5.8998973535824915
4852 1.258716730071367
4857 6.213767871280189
4865 3.0282177286984795
4894 4.600614369452231
4964 2.81981561731574
5014 2.3541187431092285
5083 3.147119249538397
5111 3.21432000833234
5156 2.211017899468555
5208 2.5676928434072877
5267 4.919068100570765
5278 3.9074671888922854
5540 3.1698682457615064
5561 4.513602992462601
5581 9.200052028578826
5590 1.4533321977710387
5596 3.5645224377654547
5630 0.5957691889508101
5711 2.6290617897835795
5715 3.502002080784121
5721 4.22592092001082
5739 2.8876357780772897
5828 2.5676928434072877
5941 5.389071729816501
5955 2.434161450782765
5959 3.47214911763444
5973 1.4770487243883548
5993 0.8521803845817039
5999 2.5098732725184614
6088 1.2146844599208637
6223 2.8088549002241754
6262 3.4431615807611875
6368 2.5098732725184614
6387 5.982352914036261
6396 5.612215281130711
6729 2.1944885975173447
6754 1.2024518914852294
6776 3.884527673804586
6887 2.304141734385754
6898 12.97336641179474
6916 5.612215281130711
6919 14.225605391042851
7099 5.8998973535824915
7123 4.513602992462601
7312 4.632756830252763
7321 3.3875917296063767
7433 5.389071729816501
7512 4.22592092001082
7566 4.8012850649143815
7578 0.5215372793609184
7590 8.45184184002164
7594 4.290459441148391
7597 4.372650573756367
7640 12.008332106089831
7692 2.2449194511442365
7731 2.001297368486486
8032 0.5108256237659907
8046 4.108137884354437
8096 2.9066643955420775
8148 3.7796338173824005
8155 6.213378688279949
8182 2.681021528714291
8193 10.893641436792382
8205 12.871378323445173
8256 3.3607792968127694
8257 5.206750173022546
8301 2.413542163580029
8391 2.555858385760285
8395 5.612215281130711
8439 0.4690908039883759
8444 1.7890234894091803
8467 5.389071729816501
8621 2.6418008155610093
8643 2.001297368486486
8683 3.3607792968127694
8694 5.8998973535824915
8814 4.22592092001082
8830 5.612215281130711
8882 5.052599493195288
8886 1.3081501879265407
8928 1.3355491621146554
8979 1.7890234894091803
8983 4.22592092001082
8987 11.055089497342776
9010 2.9209721983448818
9076 4.290459441148391
9151 2.517433460142734
9182 7.332610264150794
9211 3.502002080784121
9372 6.977042423366086
9459 5.8998973535824915
9483 3.6312138122641273
9531 3.34126694692204
9645 8.087103599320107
9671 4.600614369452231
9698 1.9878743481543455
9709 1.082307579643166
9733 1.0850066366123312
9765 1.7835738846416156
9868 6.305362461690656
9872 4.165296298194385
9919 10.105198986390576
9970 0.9675939027561428
10055 3.009525595686327
10087 5.612215281130711
10114 3.9042484672355897
10152 5.8998973535824915
10161 3.6312138122641273
10231 6.474619053114077
10233 3.4431615807611875
10248 5.389071729816501
10306 2.15432255579201
10326 1.0461538510930224
10437 1.3672978604292356
10486 5.612215281130711
10595 4.05407066308416
10655 3.8204558119026557
10751 0.7939518796819108
10759 3.0666840095262753
10872 3.2097641917964794
10906 2.035665011990694
10981 3.086486636822455
10997 3.1483620405405426
11034 9.574993562269931
11089 1.1549652252192415
11110 0.8102455191680114
11116 1.9109133070182172
11175 5.389071729816501
11195 4.165296298194385
11236 3.5645224377654547
11299 -1.0423655237318759
11304 1.2054960338664575
11419 3.1273086313427103
11481 4.855836866130424
11547 5.052599493195288
11625 4.371738291276525
11669 4.919068100570765
11677 6.902040334747417
11754 3.1918471524802814
11850 4.910429719961194
11911 3.414990703794491
11969 0.7582337970798316
11970 5.206750173022546
11972 3.21432000833234
12001 2.5676928434072877
12028 2.591790394986348
12034 0.9324015521468534
12103 4.695924549256556
12122 1.1963912668735384
12283 7.812181462734487
12287 5.052599493195288
12294 4.8012850649143815
12341 2.8088549002241754
12383 1.2523064517104479
12440 4.8012850649143815
12450 3.1483620405405426
12595 2.344549292093078
12646 4.05407066308416
12679 3.1916645207566434
12708 1.5958322603783217
12723 2.288979440938267
12772 3.773043707788116
12773 3.530470067070269
12797 2.7218435232345457
12823 2.06986059726431
12826 2.5238746895428186
12843 6.305362461690656
12936 4.108137884354437
13018 5.8998973535824915
13024 5.206750173022546
13039 3.21432000833234
13040 10.791936781765338
13057 7.640911623805311
13062 5.8998973535824915
13106 4.670141096277068
13118 5.8998973535824915
13147 4.290459441148391
13153 2.2278250177849364
13208 1.3115342859107813
13319 3.6111055827207816
13346 2.9041650800285006
13354 5.4840769416373485
13440 2.9540974487767095
13444 4.22592092001082
13460 2.955458374416051
13491 11.444897204691335
13508 1.7255100836868542
13553 -3.7046075994419203
13565 1.9878743481543455
13572 1.8745456628473423
13599 4.290459441148391
13859 2.955458374416051
13922 1.8986432144264027
13929 5.8998973535824915
13933 3.7796338173824005
14148 8.718904625270685
14174 7.1780118206952235
14208 1.1873686492739008
14237 -1.3944966966083199
14267 -1.5294775732540604
14308 6.192107127359728
14381 0.6866029961942954
14422 4.246624638098899
14431 3.104790895896465
14439 3.1273086313427103
14486 2.6164830075767194
14556 2.8876357780772897
14569 5.052599493195288
14656 3.4217294633014257
14682 1.5431885268928998
14692 2.8396265588909295
14699 4.8012850649143815
15077 4.600614369452231
15078 5.8998973535824915
15121 1.5868635903955612
15155 1.380822401482141
15181 1.751485570090115
15192 1.489121305622624
15313 1.917105277266138
15332 -37.255481523494886
15458 5.617709800448351
15471 0.6940608398286201
15578 3.5890059103476117
15592 5.74275051441102
15651 3.4131702563542063
15655 3.9539872045271784
15672 1.4550424207846036
15719 3.597312260588446
15738 9.201228738904462
15771 0.04619142958929879
15860 5.612215281130711
