157
45 4.8012850649143815
241 3.3804838896987928
254 2.498699971920336
263 5.8998973535824915
389 3.2838467351571774
422 2.66777630196427
496 2.2800107709555064
512 2.0785287164224764
571 5.8998973535824915
787 2.035665011990694
1060 0.12433381283310307
1842 8.114785370698403
1896 1.7835738846416156
1938 5.33555260392854
1942 3.383107790185988
1954 2.750014400201242
2070 1.4730567031188173
2271 0.6835662361444191
2292 11.224430562261421
2312 11.799794707164983
2351 1.5647876386963615
2445 4.513602992462601
2450 -1.2217137914072214
2458 2.162227735299123
2538 2.84512107820857
2586 3.3096301881366648
2595 2.5211728277723946
2631 0.42584399448534344
2639 2.6040604875781623
2920 0.6795415285041667
2964 2.701306080253083
3168 5.648244744709928
3192 5.047741126803689
3215 1.7699425535733089
3690 2.9945028634117485
3737 1.8055527913603908
4053 -0.07476007520910928
4145 2.008077055471865
4158 0.24480352358973634
4199 3.8630154263214513
4262 3.1698682457615064
4405 2.6920409239639014
4407 3.414990703794491
4507 2.298029276458185
4570 4.433560284789064
4608 1.4075226617397445
4619 3.2849375755462935
4695 2.87137525720551
4711 1.9296054400303697
4750 0.33155284982139466
4765 2.8300266669378042
4852 1.258716730071367
4914 1.4339892349279078
5040 1.4378280112350734
5079 4.513602992462601
5458 5.206750173022546
5465 6.669895992241909
5476 12.610724923381312
5809 2.363780654020965
6004 3.1066893441399746
6020 3.9074671888922854
6088 1.2146844599208637
6136 1.457246097092175
6228 1.2947271675944
6235 1.2270685191205855
6242 2.9041650800285006
6376 3.0666840095262753
6433 0.5154022907934025
7072 1.9486536350010641
7210 1.8568460857479414
7269 5.052599493195288
7286 1.4112609838503516
7329 4.8012850649143815
7497 0.7014003223166658
7578 0.5215372793609184
7690 3.21432000833234
7904 2.211017899468555
7932 1.8745456628473423
8032 0.5108256237659907
8323 3.1698682457615064
8439 1.4072724119651276
8471 2.7938170228596353
8736 1.1933746733341126
8869 2.1782280766455644
9223 6.094531847338348
9238 6.94429823526888
9391 2.735829765209286
9537 0.6546292081242703
9554 1.271661894663404
9986 2.0568672196412967
9990 3.4030713619027346
10194 2.455214859980597
10210 2.9911764570181303
10225 3.8630154263214513
10329 -0.630272087128793
10393 1.9746291214043248
10636 3.9539872045271784
10867 1.4533321977710387
10903 2.476721065201561
11032 1.087712998210074
11148 3.5352801356947183
11299 -0.5211827618659379
11312 6.6192603762733295
11461 4.292958756661968
11586 21.452297205741957
11769 1.6466515087745348
11788 3.3096301881366648
11840 6.7609677793975855
11841 2.8396265588909295
11894 1.5178707189086098
11952 1.5958322603783217
11969 2.274701391239495
11984 2.4237986637472186
12139 4.00277736869661
12213 3.047265923669174
12460 2.1996252885386745
12554 1.6609715625492831
12598 2.5098732725184614
12674 3.155949285956631
12708 1.5958322603783217
12717 0.5999147077153936
12826 1.2619373447714093
12946 4.152968289538318
13045 1.886521853894058
13080 0.8123010183501074
13391 3.740413104229119
13440 1.4770487243883548
13451 3.4431615807611875
13495 3.9539872045271784
13553 -0.7409215198883841
13572 1.8745456628473423
13596 3.502002080784121
13845 2.001297368486486
14076 11.799794707164983
14104 1.710242611556066
14196 1.6746046411110493
14237 -0.6972483483041599
14267 -0.3823693933135151
14352 1.8928409466523688
14449 3.21432000833234
14486 2.6164830075767194
14620 2.15432255579201
14633 2.6547042203969173
14656 3.4217294633014257
14700 4.00277736869661
14906 0.8027278807278994
15057 4.608283468771508
15187 1.994563336305142
15247 2.498699971920336
15332 -4.656935190436861
15407 2.2711218235382606
15468 2.309930450438483
15471 2.08218251948586
15472 2.735829765209286
15587 1.2947271675944
15702 2.8553749158590684
15783 0.48083836933832624
