160
310 4.00277736869661
1942 0.845776947546497
2009 2.413542163580029
2019 2.344549292093078
2070 1.4730567031188173
2103 2.4446327506500602
2240 1.65617539028579
2258 2.87137525720551
2301 4.695924549256556
2334 0.7939518796819108
2421 1.5431885268928998
2450 -1.832570687110832
2484 1.3149298749119196
2536 1.7835738846416156
2538 1.422560539104285
2631 0.21292199724267172
2674 1.0272478024601386
2833 3.666305132075397
3052 3.2373095265570386
3068 2.6920409239639014
3120 1.6048820958982397
3186 2.576165249751463
3192 2.0190964507214755
3195 4.359452312635343
3205 3.1273086313427103
3215 1.179961702382206
3223 2.5211728277723946
3226 5.612215281130711
3329 1.981229805435677
3449 0.9823524825522477
3506 0.8205655282000008
3614 1.4378280112350734
3647 2.1081605140288473
3788 2.750014400201242
4158 0.2142030831410193
4297 3.3096301881366648
4405 2.6920409239639014
4576 2.085854756514549
4838 1.4730567031188173
4857 2.0712559570933964
5036 4.695924549256556
5047 3.3349479961209547
5067 2.2278250177849364
5200 3.3096301881366648
5308 6.305362461690656
5369 3.047265923669174
5517 1.6232312345664361
5539 1.7153059135126125
5680 1.5913378707904824
5722 3.3609234825242154
5905 1.7835738846416156
5993 0.8521803845817039
6015 3.1918471524802814
6136 1.457246097092175
6228 1.2947271675944
6235 1.2270685191205855
6238 4.513602992462601
6469 4.513602992462601
6776 1.942263836902293
6872 1.3047775034479017
6887 1.152070867192877
6919 1.422560539104285
7001 4.290459441148391
7104 -0.6634879166512921
7152 3.8204558119026557
7299 2.8553749158590684
7497 0.7014003223166658
7578 0.5215372793609184
7620 2.1863252868781835
7813 1.0145733615634107
7906 1.4339892349279078
8032 0.5108256237659907
8230 4.74707365793266
8231 5.612215281130711
8439 0.9381816079767518
8582 2.7562175530669024
8672 8.66290733423187
8716 5.612215281130711
8856 2.3163784151263815
8890 4.560021541911013
8896 2.938066631704182
8977 2.6290617897835795
8987 2.211017899468555
9284 3.9074671888922854
9285 3.047265923669174
9345 2.66777630196427
9365 1.4972514317058743
9391 2.735829765209286
9481 1.7727629685373998
9510 7.559267634764801
9537 0.6546292081242703
10001 4.128071418239819
10031 2.498699971920336
10194 2.455214859980597
10221 2.434161450782765
10329 -0.630272087128793
10601 3.740413104229119
10867 2.9066643955420775
11034 1.5958322603783217
11148 1.1784267118982394
11287 2.0286963426746007
11304 1.2054960338664575
11334 1.994563336305142
11386 2.1157077196642304
11551 5.389071729816501
11570 1.1933746733341126
11840 6.7609677793975855
12022 0.40409618250082274
12104 3.2373095265570386
12105 5.612215281130711
12447 2.8396265588909295
12455 -0.6457759976041206
12460 1.466416859025783
12674 1.5779746429783155
12826 1.2619373447714093
12833 0.9630282097258448
12946 1.1865623684395195
12960 3.1918471524802814
12976 3.9539872045271784
13052 3.260840023967233
13491 2.288979440938267
13527 2.049749751872433
13553 -0.37046075994419203
13594 5.206750173022546
13681 2.498699971920336
13734 3.884527673804586
13832 4.290459441148391
13845 2.001297368486486
13930 4.080464918750566
14044 1.4611753752320646
14078 2.5098732725184614
14196 3.3492092822220987
14237 -2.7889933932166397
14267 -0.3823693933135151
14416 3.869756064876207
14440 4.433560284789064
14447 3.1483620405405426
14455 6.548869906164704
14507 1.8510151654371483
14528 4.05407066308416
14558 2.476721065201561
14590 1.8337236683270872
14606 3.6312138122641273
14700 4.00277736869661
14908 2.476721065201561
15053 6.9985096422506015
15057 2.304141734385754
15121 1.5868635903955612
15155 0.6904112007410705
15187 1.994563336305142
15332 -1.5523117301456202
15341 0.7959741250626788
15397 2.001297368486486
15413 2.556395731286379
15418 2.1233123190494494
15622 2.363780654020965
15718 4.108137884354437
15771 0.023095714794649395
15783 0.9616767386766525
15794 2.5676928434072877
