104
174 1.6232312345664361
1822 2.383389125409342
1850 3.0666840095262753
2258 2.87137525720551
2311 4.8012850649143815
2344 4.600614369452231
2421 1.5431885268928998
2450 -1.832570687110832
2631 0.6387659917280152
2674 1.0272478024601386
2816 5.052599493195288
2833 3.666305132075397
2919 2.1944885975173447
2964 0.900435360084361
3192 1.0095482253607377
3195 4.359452312635343
3215 1.179961702382206
3226 5.612215281130711
3329 3.962459610871354
3362 3.8204558119026557
3700 1.2947271675944
3737 1.8055527913603908
3788 2.750014400201242
3809 6.305362461690656
4070 1.1068654304248302
4158 0.09180132134615113
4314 2.764403137653342
4319 2.049749751872433
4551 3.9074671888922854
4608 1.4075226617397445
4619 3.2849375755462935
4750 0.6631056996427893
4848 9.391849098513111
5043 3.502002080784121
5046 2.236335707452845
5083 1.5735596247691985
5200 3.3096301881366648
5540 3.1698682457615064
5809 2.363780654020965
6033 4.695924549256556
6169 2.4033897921160112
7104 -1.9904637499538764
7380 5.052599493195288
7546 5.8998973535824915
7578 1.0430745587218369
8032 2.5541281188299534
8391 2.555858385760285
8643 2.001297368486486
8716 5.612215281130711
8788 2.146479378330984
8795 3.502002080784121
8814 4.22592092001082
8850 1.7153059135126125
8856 2.3163784151263815
8886 2.6163003758530814
8890 2.2800107709555064
8928 1.3355491621146554
9122 1.3744921360632627
9270 3.1066893441399746
9276 2.6944445490464313
9391 2.735829765209286
9393 3.1829203115045246
9641 2.6418008155610093
9778 10.413500346045092
10329 -0.21009069570959765
10422 0.7087940713416041
10662 6.9985096422506015
11148 1.1784267118982394
11165 2.1863252868781835
11407 6.296724081081085
11551 5.389071729816501
11679 4.433560284789064
11840 1.6902419448493964
11965 5.8998973535824915
12022 0.8081923650016455
12023 3.6312138122641273
12213 3.047265923669174
12217 4.600614369452231
12455 -0.6457759976041206
12460 1.466416859025783
12826 1.2619373447714093
12946 2.373124736879039
13052 3.260840023967233
13314 2.0286963426746007
13353 1.961557039836972
13596 3.502002080784121
13845 2.001297368486486
14061 4.8012850649143815
14237 -0.6972483483041599
14267 -0.7647387866270302
14381 0.2288676653980985
14416 1.5479024259504828
14447 3.1483620405405426
14455 1.637217476541176
14558 2.476721065201561
14682 1.5431885268928998
15057 3.456212601578631
15171 5.052599493195288
15332 -4.656935190436861
15397 2.001297368486486
15424 1.8111238364098463
15783 0.9616767386766525
15786 2.694572070691611
15794 2.5676928434072877
