170
174 11.362618641965053
1893 1.7567626271909589
1922 1.6952047341915255
2064 3.129575277392723
2198 4.8012850649143815
2243 12.610724923381312
2271 0.34178311807220957
2302 3.009525595686327
2334 0.7939518796819108
2450 -2.4434275828144427
2569 6.9985096422506015
2752 6.305362461690656
2796 2.335070548138534
2820 2.4446327506500602
2920 0.6795415285041667
2925 3.4431615807611875
2964 1.800870720168722
3048 2.5098732725184614
3242 5.052599493195288
3578 0.6015799870344548
3598 3.4998814949012527
3614 1.4378280112350734
3677 5.612215281130711
3678 6.01234532178948
3683 5.052599493195288
3700 1.2947271675944
3768 6.9985096422506015
3794 4.919068100570765
3807 4.6513616155773905
3942 3.3875917296063767
4047 3.8630154263214513
4325 3.21432000833234
4576 2.085854756514549
4794 3.6312138122641273
4803 5.612215281130711
4852 2.517433460142734
4956 2.413542163580029
4964 1.127926246926296
4992 3.260840023967233
5012 4.108137884354437
5173 3.7026727762462723
5517 1.6232312345664361
5534 3.3875917296063767
5587 2.5326015235960173
5630 0.11915383779016203
5715 3.502002080784121
5739 2.8876357780772897
5824 6.9985096422506015
5891 3.1273086313427103
5901 4.910429719961194
5993 0.8521803845817039
6078 2.555858385760285
6108 6.9985096422506015
6387 5.982352914036261
6482 4.22592092001082
6856 3.2849375755462935
6919 7.112802695521426
7102 15.620250519067639
7104 -1.9904637499538764
7114 11.224430562261421
7197 3.461302966374546
7215 2.344549292093078
7286 1.4112609838503516
7313 6.9985096422506015
7462 3.884527673804586
7534 1.242767428663689
7578 1.0430745587218369
7633 1.8745456628473423
7759 4.359452312635343
7845 4.847597327494437
7954 16.90368368004328
7955 6.305362461690656
8032 2.043302495063963
8256 1.6803896484063847
8294 3.666305132075397
8391 2.555858385760285
8400 3.597312260588446
8439 0.4690908039883759
8620 5.8998973535824915
8660 1.675499663112193
8683 1.6803896484063847
8886 1.3081501879265407
8975 2.3933394562625097
8983 8.45184184002164
8987 4.42203579893711
9076 4.290459441148391
9106 1.0850066366123312
9122 1.3744921360632627
9170 0.6116303228879563
9372 2.3256808077886952
9537 0.6546292081242703
9645 4.043551799660054
10001 4.128071418239819
10124 6.9985096422506015
10248 5.389071729816501
10296 3.2849375755462935
10392 5.612215281130711
10422 0.7087940713416041
10437 1.3672978604292356
10443 2.4876501357337513
10698 3.8630154263214513
10749 1.1754637467675824
10751 0.7939518796819108
10752 4.513602992462601
10981 6.17297327364491
10997 15.741810202702712
11034 12.766658083026574
11110 2.430736557504034
11228 3.3096301881366648
11305 2.0640357091199095
11379 2.0426825846493406
11625 1.457246097092175
11637 4.433560284789064
11646 2.3541187431092285
11665 3.5645224377654547
11850 2.455214859980597
11902 4.433560284789064
11969 0.7582337970798316
11977 3.7026727762462723
12014 2.9911764570181303
12034 0.9324015521468534
12128 4.359452312635343
12254 4.670141096277068
12283 2.6040604875781623
12336 4.919068100570765
12341 2.8088549002241754
12455 -0.2152586658680402
12773 3.530470067070269
12853 1.152070867192877
12968 9.141797771007521
12991 3.1066893441399746
13040 3.597312260588446
13057 3.8204558119026557
13108 2.2800107709555064
13138 4.600614369452231
13147 8.580918882296782
13208 5.246137143643125
13319 5.416658374081172
13354 1.8280256472124494
13460 2.955458374416051
13491 4.577958881876534
13547 1.6003469407328483
13553 -0.37046075994419203
13672 3.052477937158253
13775 3.2849375755462935
13834 4.00277736869661
14237 -1.3944966966083199
14252 3.502002080784121
14267 -1.5294775732540604
14395 2.7218435232345457
14439 3.1273086313427103
14455 1.637217476541176
14486 2.6164830075767194
14515 3.0666840095262753
14529 2.8088549002241754
14682 3.0863770537857995
14699 4.8012850649143815
14864 4.8012850649143815
14918 3.5327737394508745
15306 0.7199882180847567
15332 -7.761558650728101
15413 1.2781978656431896
15415 2.824122372354964
15458 2.8088549002241754
15660 3.8204558119026557
15672 0.7275212103923018
15704 3.7026727762462723
15719 7.194624521176892
15762 3.9074671888922854
15771 0.023095714794649395
