105
730 2.298029276458185
1816 11.799794707164983
1822 4.766778250818684
2064 1.5647876386963615
2357 1.1873686492739008
2567 3.430611827025225
2796 2.335070548138534
2893 2.5098732725184614
2913 1.720394983020084
2920 0.6795415285041667
3409 8.00555473739322
3598 1.1666271649670843
3678 2.0041151072631602
3814 4.47267141490569
3995 1.751485570090115
4070 1.1068654304248302
4076 3.4431615807611875
4079 6.9985096422506015
4400 2.938066631704182
4416 5.454880156325406
4576 6.257564269543647
4651 3.8630154263214513
4852 1.258716730071367
4857 2.0712559570933964
4890 6.305362461690656
4939 3.4431615807611875
4964 3.9477418642420363
5083 1.5735596247691985
5630 0.23830767558032406
5850 3.047265923669174
5895 2.4033897921160112
6368 2.5098732725184614
6872 2.6095550068958033
6886 4.919068100570765
6919 5.69024215641714
6934 5.8998973535824915
7029 4.108137884354437
7104 -0.6634879166512921
7157 3.8630154263214513
7170 1.6186122887101415
7578 0.5215372793609184
7768 3.3096301881366648
7813 1.0145733615634107
7832 3.047265923669174
7834 3.5327737394508745
8250 9.83813620114153
8256 1.6803896484063847
8736 1.1933746733341126
8810 7.004004161568242
8816 1.7255100836868542
8928 1.3355491621146554
8975 2.3933394562625097
9106 3.2550199098369936
9372 2.3256808077886952
9595 4.108137884354437
9645 4.043551799660054
9811 3.9074671888922854
9965 6.9985096422506015
10060 4.8012850649143815
10114 3.9042484672355897
10310 4.695924549256556
10422 0.7087940713416041
10443 2.4876501357337513
10579 5.052599493195288
10910 4.695924549256556
10973 5.587634045719271
11027 1.2781978656431896
11034 3.1916645207566434
11110 0.8102455191680114
11524 1.5178707189086098
11625 4.371738291276525
11785 1.9680717208581657
11969 1.5164675941596633
12034 2.7972046564405604
12111 1.994563336305142
12334 3.414990703794491
12383 2.5046129034208957
12389 6.9985096422506015
12679 6.383329041513287
12773 7.943557650908105
12869 4.05407066308416
12900 4.165296298194385
12960 3.1918471524802814
13181 4.695924549256556
13319 1.8055527913603908
13553 -0.7409215198883841
13910 6.9985096422506015
13933 3.7796338173824005
14012 3.8630154263214513
14237 -2.7889933932166397
14267 -1.1471081799405454
14370 3.666305132075397
14381 0.2288676653980985
14523 2.8553749158590684
14682 1.5431885268928998
15155 1.380822401482141
15247 2.498699971920336
15326 3.2373095265570386
15332 -1.5523117301456202
15341 0.7959741250626788
15413 1.2781978656431896
15551 1.1578679848772029
15595 3.9962488624145074
15771 0.04619142958929879
15805 4.01615411094373
