119
174 6.492924938265745
194 0.7699986386594181
209 1.7001922757025645
1929 2.1081605140288473
1986 4.847597327494437
2064 1.5647876386963615
2093 6.9985096422506015
2103 2.4446327506500602
2450 -1.832570687110832
3506 4.923393169200005
3598 8.16639015476959
3614 1.4378280112350734
3678 3.00617266089474
3996 9.602570129828763
4304 4.290459441148391
4314 2.764403137653342
4341 2.6547042203969173
4507 2.298029276458185
4549 2.6418008155610093
4796 5.8998973535824915
4815 8.165530569703638
4852 2.517433460142734
4857 10.356279785466981
4964 0.563963123463148
5005 4.05407066308416
5022 4.22592092001082
5033 2.1233123190494494
5339 1.1784267118982394
5484 0.9464204733261844
5550 3.666305132075397
5734 6.9985096422506015
5889 2.4033897921160112
5973 4.4311461731650645
6131 4.359452312635343
6228 1.2947271675944
6384 6.305362461690656
6389 3.1273086313427103
6468 3.1483620405405426
6469 4.513602992462601
6776 1.942263836902293
6887 9.216566937543016
6919 7.112802695521426
6987 17.699692060747473
7104 -3.980927499907753
7152 7.640911623805311
7215 2.344549292093078
7216 6.9985096422506015
7299 2.8553749158590684
7401 1.886521853894058
7462 1.942263836902293
7764 1.7052048175261088
8880 1.67063347346102
8987 4.42203579893711
9365 2.9945028634117485
9645 4.043551799660054
9698 1.9878743481543455
9743 7.726030852642903
10001 4.128071418239819
10321 6.9985096422506015
10325 1.8925641683500207
10514 3.8630154263214513
10598 6.305362461690656
10753 2.7790019370744945
10884 7.004004161568242
11110 0.8102455191680114
11170 2.5676928434072877
11287 2.0286963426746007
11299 -0.5211827618659379
11304 1.2054960338664575
11308 2.5098732725184614
11375 2.681021528714291
11524 1.5178707189086098
11570 2.3867493466682252
11677 1.7255100836868542
11737 4.919068100570765
11836 2.37353682896633
11950 4.433560284789064
12070 2.87137525720551
12383 1.2523064517104479
12455 -0.8610346634721608
12598 2.5098732725184614
12950 12.610724923381312
13001 1.4730567031188173
13029 1.6609715625492831
13057 3.8204558119026557
13142 5.052599493195288
13281 5.612215281130711
13308 5.206750173022546
13314 2.0286963426746007
13316 3.047265923669174
13491 4.577958881876534
13513 3.7026727762462723
13547 1.6003469407328483
13553 -0.7409215198883841
13672 1.5262389685791264
13750 2.162227735299123
13769 3.1273086313427103
13834 4.00277736869661
14208 1.1873686492739008
14237 -2.09174504491248
14416 1.5479024259504828
14431 1.034930298632155
14439 3.1273086313427103
14440 8.867120569578129
14455 8.18608738270588
14456 5.8998973535824915
14507 3.7020303308742966
14523 2.8553749158590684
14908 2.476721065201561
14956 6.305362461690656
14958 6.9985096422506015
15121 1.5868635903955612
15155 2.0712336022232116
15181 1.751485570090115
15209 2.579669034454003
15332 -3.1046234602912404
15341 0.7959741250626788
15413 1.2781978656431896
15669 2.162227735299123
