374
254 2.498699971920336
389 1.6419233675785887
422 2.66777630196427
496 4.560021541911013
500 4.3403918098966
578 3.740413104229119
657 2.0640357091199095
710 2.8553749158590684
736 4.433560284789064
989 4.433560284789064
1060 0.12433381283310307
1094 4.670141096277068
1200 5.206750173022546
1269 5.612215281130711
1355 6.9985096422506015
1404 1.3708885285599641
1686 1.1549652252192415
1710 6.9985096422506015
1750 2.2137308608496604
1842 4.0573926853492015
1850 6.133368019052551
1865 4.8012850649143815
1888 4.600614369452231
1902 2.0149030205422647
1922 1.6952047341915255
1942 4.228884737732485
1954 2.750014400201242
1977 2.6040604875781623
2008 5.8998973535824915
2009 4.827084327160058
2021 2.70805020110221
2025 4.165296298194385
2038 3.761031659667692
2051 2.66777630196427
2070 1.4730567031188173
2235 3.2849375755462935
2240 3.31235078057158
2258 2.87137525720551
2271 0.34178311807220957
2301 4.695924549256556
2344 4.600614369452231
2356 2.681021528714291
2357 1.1873686492739008
2450 -3.0542844785180536
2452 2.1782280766455644
2458 8.648910941196492
2484 1.3149298749119196
2534 3.2373095265570386
2538 8.53536323462571
2631 1.490453980698702
2639 2.6040604875781623
2674 2.054495604920277
2833 3.666305132075397
2853 3.414990703794491
2893 2.5098732725184614
2920 0.6795415285041667
2935 1.8961175835574902
2964 1.800870720168722
2977 3.47214911763444
3068 8.076122771891704
3120 12.839056767185918
3166 4.600614369452231
3167 6.9985096422506015
3192 6.057289352164426
3195 8.718904625270685
3215 2.949904255955515
3219 4.359452312635343
3249 2.750014400201242
3275 3.666305132075397
3287 6.305362461690656
3329 1.981229805435677
3459 5.206750173022546
3578 0.6015799870344548
3690 2.9945028634117485
3700 2.5894543351888
3737 1.8055527913603908
3742 6.9985096422506015
3774 1.7255100836868542
3809 6.305362461690656
3814 2.236335707452845
3995 3.50297114018023
4053 -0.07476007520910928
4145 2.008077055471865
4158 0.24480352358973634
4167 2.0712559570933964
4208 1.5220460903190904
4214 4.93182029819469
4230 2.0149030205422647
4241 2.4033897921160112
4302 1.8000126109847754
4400 2.938066631704182
4405 1.3460204619819507
4472 3.7026727762462723
4586 3.009525595686327
4592 3.0282177286984795
4608 1.4075226617397445
4616 1.8925641683500207
4625 1.8452180477528222
4645 5.206750173022546
4657 4.165296298194385
4711 1.9296054400303697
4750 0.6631056996427893
4841 4.22592092001082
4855 6.9985096422506015
4871 2.4876501357337513
4881 2.7938170228596353
4886 3.009525595686327
4914 1.4339892349279078
4976 6.866938322814802
4989 1.3355491621146554
5001 5.612215281130711
5014 4.708237486218457
5017 3.260840023967233
5040 1.4378280112350734
5046 4.47267141490569
5052 4.22592092001082
5120 3.8630154263214513
5154 2.4446327506500602
5155 3.3096301881366648
5156 2.211017899468555
5192 9.602570129828763
5224 4.600614369452231
5249 3.3096301881366648
5259 5.206750173022546
5279 5.223042810668459
5349 4.8012850649143815
5392 2.130975191795019
5518 1.5868635903955612
5539 1.7153059135126125
5540 3.1698682457615064
5590 1.4533321977710387
5680 3.182675741580965
5713 4.359452312635343
5809 2.363780654020965
5905 1.7835738846416156
5973 1.4770487243883548
6136 4.371738291276525
6138 6.9985096422506015
6164 2.6290617897835795
6205 2.955458374416051
6219 2.298029276458185
6235 1.2270685191205855
6250 1.7727629685373998
6281 6.9985096422506015
6287 4.513602992462601
6351 5.617709800448351
6376 3.0666840095262753
6433 1.5462068723802074
6463 6.9985096422506015
6488 3.0666840095262753
6520 4.695924549256556
6557 3.1483620405405426
6622 2.579669034454003
6787 6.866938322814802
6819 1.7153059135126125
7025 1.0095482253607377
7044 1.880515829833846
7104 -1.9904637499538764
7181 3.260840023967233
7210 1.8568460857479414
7286 1.4112609838503516
7325 2.8088549002241754
7375 6.305362461690656
7487 1.8167260919585162
7497 0.7014003223166658
7504 6.305362461690656
7534 1.242767428663689
7563 2.335070548138534
7569 1.0170954309961207
7591 2.0426825846493406
7614 2.5676928434072877
7620 2.1863252868781835
7633 1.8745456628473423
7638 3.7026727762462723
7692 2.2449194511442365
7731 2.001297368486486
7813 2.0291467231268214
7892 1.5517722705842913
7904 4.42203579893711
7906 2.8679784698558155
7965 1.886521853894058
7997 3.8204558119026557
8032 3.5757793663619353
8043 1.730651483187273
8078 1.9359146092236343
8082 6.94429823526888
8096 1.4533321977710387
8256 1.6803896484063847
8263 3.414990703794491
8323 3.1698682457615064
8391 2.555858385760285
8405 3.3096301881366648
8439 1.8763632159535035
8444 1.7890234894091803
8582 8.268652659200708
8622 3.2373095265570386
8645 3.5327737394508745
8708 1.4810567457858934
8716 5.612215281130711
8822 2.2800107709555064
8850 1.7153059135126125
8856 4.632756830252763
8928 2.6710983242293107
8987 2.211017899468555
9010 2.9209721983448818
9020 6.305362461690656
9106 1.0850066366123312
9170 0.6116303228879563
9192 4.00277736869661
9223 3.047265923669174
9229 2.3933394562625097
9285 3.047265923669174
9311 6.305362461690656
9343 3.8630154263214513
9355 2.1782280766455644
9365 1.4972514317058743
9384 1.3355491621146554
9391 2.735829765209286
9393 3.1829203115045246
9429 6.721846965048431
9432 6.9985096422506015
9537 1.3092584162485406
9640 2.8088549002241754
9698 1.9878743481543455
9709 4.329230318572664
9807 3.1698682457615064
9880 5.612215281130711
9970 0.9675939027561428
9986 6.17060165892389
9990 0.5671785603171224
10008 2.0568672196412967
10030 2.413542163580029
10034 5.389071729816501
10114 1.3014161557451966
10175 4.695924549256556
10194 4.910429719961194
10300 4.600614369452231
10326 0.5230769255465112
10329 -1.8908162613863788
10331 4.600614369452231
10341 3.1698682457615064
10350 5.612215281130711
10422 0.7087940713416041
10437 1.3672978604292356
10503 2.413542163580029
10749 1.1754637467675824
10771 5.052599493195288
10868 -0.18536107281185138
10909 2.7790019370744945
10981 3.086486636822455
11032 1.087712998210074
11062 3.6312138122641273
11067 5.8998973535824915
11089 1.1549652252192415
11097 6.305362461690656
11148 3.5352801356947183
11165 2.1863252868781835
11168 1.2781978656431896
11202 2.9209721983448818
11280 5.206750173022546
11299 -0.5211827618659379
11474 5.389071729816501
11481 1.6186122887101415
11491 1.8745456628473423
11524 1.5178707189086098
11551 5.389071729816501
11555 3.5327737394508745
11671 2.2535775138873513
11769 1.6466515087745348
11788 3.3096301881366648
11840 5.070725834548189
11850 2.455214859980597
11881 2.70805020110221
11908 3.0693556744499824
11934 4.05407066308416
11945 1.9550845253313545
11969 1.5164675941596633
12006 2.955458374416051
12078 1.3637200390813515
12093 1.6803896484063847
12104 3.2373095265570386
12135 3.740413104229119
12378 3.3349479961209547
12455 -0.2152586658680402
12460 2.932833718051566
12554 13.287772500394265
12598 2.5098732725184614
12660 2.035665011990694
12674 1.5779746429783155
12708 1.5958322603783217
12717 1.7997441231461808
12723 2.288979440938267
12783 1.8986432144264027
12826 2.5238746895428186
12852 6.9985096422506015
12946 1.7798435526592793
12951 4.00277736869661
12976 3.9539872045271784
13045 1.886521853894058
13080 1.6246020367002147
13106 2.335070548138534
13130 3.9539872045271784
13169 3.3349479961209547
13202 7.262427624528255
13208 1.3115342859107813
13289 1.7410142702228197
13302 4.359452312635343
13316 3.047265923669174
13384 2.0568672196412967
13391 3.740413104229119
13399 3.086486636822455
13438 2.555858385760285
13452 4.359452312635343
13527 2.049749751872433
13553 -1.8523037997209602
13565 3.975748696308691
13572 3.7490913256946845
13596 3.502002080784121
13722 3.5327737394508745
13726 4.513602992462601
13753 3.7026727762462723
13845 2.001297368486486
13930 2.7203099458337108
13936 3.3349479961209547
13965 4.359452312635343
14043 3.7796338173824005
14061 4.8012850649143815
14072 3.3609234825242154
14085 3.1698682457615064
14104 1.710242611556066
14196 2.511906961666574
14237 -2.09174504491248
14267 -1.9118469665675755
14352 1.8928409466523688
14381 0.457735330796197
14441 5.052599493195288
14461 3.740413104229119
14472 4.513602992462601
14544 3.666305132075397
14556 2.8876357780772897
14558 4.953442130403122
14656 7.984035414369993
14693 6.9985096422506015
14700 4.00277736869661
14906 1.6054557614557987
15057 1.152070867192877
15116 3.8630154263214513
15155 0.6904112007410705
15169 2.335070548138534
15187 5.983690008915426
15247 7.4960999157610075
15259 1.3320829541381691
15332 -7.761558650728101
15341 1.5919482501253577
15348 2.10066984229969
15358 2.579669034454003
15407 4.542243647076521
15413 2.556395731286379
15424 3.6222476728196926
15468 1.1549652252192415
15471 2.08218251948586
15472 2.735829765209286
15483 5.8998973535824915
15518 1.880515829833846
15587 1.2947271675944
15642 5.389071729816501
15672 0.7275212103923018
15677 1.5779746429783155
15694 2.938066631704182
15709 2.1863252868781835
15719 3.597312260588446
15783 1.923353477353305
15786 8.083716212074833
15805 2.008077055471865
