285
77 5.206750173022546
241 1.6902419448493964
365 3.414990703794491
401 3.1698682457615064
468 5.206750173022546
473 3.1273086313427103
484 4.513602992462601
592 2.4446327506500602
646 2.219386149139072
671 4.00277736869661
688 5.206750173022546
703 3.7026727762462723
760 4.513602992462601
764 3.502002080784121
787 2.035665011990694
800 2.434161450782765
906 4.05407066308416
927 2.0785287164224764
975 5.8998973535824915
978 2.298029276458185
1013 2.6547042203969173
1122 3.1698682457615064
1235 6.9985096422506015
1304 6.305362461690656
1346 6.305362461690656
1356 2.363780654020965
1370 6.9985096422506015
1404 1.3708885285599641
1484 6.9985096422506015
1687 2.413542163580029
1690 2.455214859980597
1750 2.2137308608496604
1755 3.47214911763444
1886 3.1273086313427103
1957 1.8223599096767722
1986 4.847597327494437
2026 2.681021528714291
2036 1.9486536350010641
2087 2.8876357780772897
2247 2.219386149139072
2334 0.7939518796819108
2356 2.681021528714291
2357 1.1873686492739008
2421 1.5431885268928998
2484 2.629859749823839
2538 2.84512107820857
2567 1.7153059135126125
2645 2.591790394986348
2659 3.4431615807611875
2698 5.8998973535824915
2788 3.3096301881366648
2860 12.610724923381312
2924 6.086089028023802
2935 0.6320391945191633
2943 3.4431615807611875
2963 4.05407066308416
3100 2.7938170228596353
3110 2.8876357780772897
3180 2.7938170228596353
3498 2.87137525720551
3545 3.009525595686327
3558 5.8998973535824915
3589 6.9985096422506015
3598 2.3332543299341686
3642 3.47214911763444
3654 3.4431615807611875
3677 5.612215281130711
3678 12.02469064357896
3683 5.052599493195288
3690 1.4972514317058743
3737 1.8055527913603908
3794 4.919068100570765
3901 4.72756130804193
3905 12.610724923381312
3942 3.3875917296063767
3982 2.153862445213571
4024 5.612215281130711
4070 2.2137308608496604
4082 3.9074671888922854
4302 5.400037832954326
4335 2.938066631704182
4453 10.778143459633002
4520 6.254617262685421
4535 5.612215281130711
4576 20.858547565145493
4782 5.8998973535824915
4783 2.1782280766455644
4852 1.258716730071367
4964 1.127926246926296
4989 2.6710983242293107
4991 3.9539872045271784
5014 2.3541187431092285
5083 3.147119249538397
5110 1.8452180477528222
5119 2.3933394562625097
5154 2.4446327506500602
5173 3.7026727762462723
5235 6.305362461690656
5278 3.9074671888922854
5388 3.47214911763444
5561 4.513602992462601
5630 0.23830767558032406
5654 4.919068100570765
5711 5.258123579567159
5739 5.775271556154579
5828 2.5676928434072877
5973 1.4770487243883548
5982 4.919068100570765
5993 0.8521803845817039
5999 2.5098732725184614
6049 2.035665011990694
6123 2.288979440938267
6151 2.815045323479489
6205 2.955458374416051
6236 2.9209721983448818
6250 1.7727629685373998
6262 3.4431615807611875
6351 2.8088549002241754
6375 4.919068100570765
6387 5.982352914036261
6409 6.305362461690656
6721 2.383389125409342
6754 1.2024518914852294
6898 2.162227735299123
6919 11.38048431283428
7100 6.9985096422506015
7101 6.9985096422506015
7102 10.413500346045092
7215 2.344549292093078
7224 4.22592092001082
7311 2.236335707452845
7312 2.3163784151263815
7325 2.8088549002241754
7394 12.610724923381312
7434 6.9985096422506015
7462 1.942263836902293
7633 1.8745456628473423
7692 2.2449194511442365
7764 1.7052048175261088
7791 5.612215281130711
7954 8.45184184002164
7955 6.305362461690656
8032 1.5324768712979722
8043 3.461302966374546
8076 6.305362461690656
8193 10.893641436792382
8205 8.580918882296782
8256 3.3607792968127694
8315 2.764403137653342
8356 4.165296298194385
8395 5.612215281130711
8439 0.4690908039883759
8444 1.7890234894091803
8471 5.587634045719271
8636 5.8998973535824915
8683 3.3607792968127694
8736 1.1933746733341126
8806 3.47214911763444
8830 5.612215281130711
8882 10.105198986390576
8975 2.3933394562625097
8987 6.633053698405666
8993 2.973157951515452
9076 4.290459441148391
9154 2.465910149097345
9170 1.2232606457759125
9177 4.359452312635343
9182 3.666305132075397
9292 2.5441623459970937
9372 2.3256808077886952
9391 2.735829765209286
9393 2.12194687433635
9531 5.01190042038306
9602 2.2800107709555064
9645 4.043551799660054
9698 1.9878743481543455
9709 4.329230318572664
9733 1.0850066366123312
9812 4.290459441148391
9919 10.105198986390576
9970 0.9675939027561428
10114 6.5070807787259834
10199 2.3256808077886952
10326 0.5230769255465112
10329 -1.0504534785479882
10332 6.9985096422506015
10490 5.206750173022546
10561 1.6003469407328483
10739 2.37353682896633
10759 3.0666840095262753
10906 2.035665011990694
10997 25.18689632432434
10998 4.8012850649143815
11023 1.2880826248757316
11034 23.937483905674824
11140 2.15432255579201
11296 2.764403137653342
11305 2.0640357091199095
11332 4.00277736869661
11343 4.290459441148391
11344 3.1483620405405426
11375 2.681021528714291
11379 6.128047753948022
11625 1.457246097092175
11637 4.433560284789064
11665 7.1290448755309095
11677 1.7255100836868542
11774 3.0282177286984795
11836 2.37353682896633
11881 5.41610040220442
11911 3.414990703794491
11956 4.695924549256556
11969 1.5164675941596633
11975 2.9209721983448818
11982 3.9074671888922854
12022 1.2122885475024683
12034 1.8648031042937068
12047 1.4416815805510634
12057 2.10066984229969
12128 4.359452312635343
12140 4.108137884354437
12254 2.335070548138534
12283 10.41624195031265
12294 4.8012850649143815
12336 4.919068100570765
12440 4.8012850649143815
12450 3.1483620405405426
12674 3.155949285956631
12679 1.5958322603783217
12708 1.5958322603783217
12772 1.886521853894058
12773 1.7652350335351346
12826 1.2619373447714093
12853 2.304141734385754
12899 6.305362461690656
12936 4.108137884354437
12960 3.1918471524802814
12978 2.383389125409342
12991 3.1066893441399746
13001 1.4730567031188173
13040 3.597312260588446
13071 3.086486636822455
13208 1.3115342859107813
13319 7.222211165441563
13346 2.9041650800285006
13354 1.8280256472124494
13438 2.555858385760285
13443 7.004004161568242
13491 6.866938322814802
13501 2.5211728277723946
13553 -0.7409215198883841
13775 3.2849375755462935
13891 0.6065925288579992
14184 6.305362461690656
14237 -1.3944966966083199
14267 -0.3823693933135151
14381 0.457735330796197
14525 4.22592092001082
14556 2.8876357780772897
14626 2.750014400201242
14656 4.562305951068567
14699 9.602570129828763
14717 4.695924549256556
14789 3.7026727762462723
14951 5.8998973535824915
14961 4.600614369452231
14998 7.1290448755309095
15155 2.0712336022232116
15256 3.3349479961209547
15332 -24.836987682329923
15397 2.001297368486486
15456 3.1273086313427103
15458 8.426564700672525
15508 5.8998973535824915
15578 1.7945029551738059
15587 1.2947271675944
15595 1.3320829541381691
15622 2.363780654020965
15651 1.1377234187847354
15655 3.9539872045271784
15669 2.162227735299123
15672 0.7275212103923018
15677 1.5779746429783155
15719 3.597312260588446
15771 0.04619142958929879
