251
327 4.40543819330772
473 3.1273086313427103
512 2.0785287164224764
592 2.4446327506500602
681 6.9985096422506015
862 2.344549292093078
947 6.9985096422506015
989 4.433560284789064
1060 0.3108345320827577
1176 5.389071729816501
1356 9.45512261608386
1381 2.6547042203969173
1404 2.7417770571199283
1515 3.740413104229119
1579 5.8998973535824915
1690 2.455214859980597
1691 8.216275768708874
1692 2.1944885975173447
1750 1.1068654304248302
1884 1.9486536350010641
1909 2.8876357780772897
1964 3.260840023967233
1976 4.695924549256556
1999 3.5327737394508745
2017 3.3875917296063767
2064 1.5647876386963615
2162 3.1698682457615064
2357 3.5621059478217028
2450 -4.2759982699252745
2536 1.7835738846416156
2638 2.130975191795019
2674 1.0272478024601386
2688 6.305362461690656
2796 4.670141096277068
2862 1.4690805547391779
2869 6.9985096422506015
2920 1.3590830570083334
2959 2.3747372985478017
2964 1.800870720168722
2974 5.206750173022546
3062 2.8396265588909295
3100 2.7938170228596353
3118 6.305362461690656
3215 0.589980851191103
3333 5.8998973535824915
3386 2.6290617897835795
3411 6.9985096422506015
3759 2.4033897921160112
3898 3.047265923669174
3964 3.5327737394508745
4119 5.8998973535824915
4232 2.3256808077886952
4302 1.8000126109847754
4425 2.498233312684696
4500 2.8396265588909295
4507 2.298029276458185
4612 4.05407066308416
4750 0.6631056996427893
4751 3.414990703794491
4846 2.021775899830027
4852 1.258716730071367
4866 2.5211728277723946
4909 1.4690805547391779
4962 5.206750173022546
4964 0.563963123463148
5074 6.305362461690656
5110 1.8452180477528222
5296 12.610724923381312
5326 3.1483620405405426
5331 6.474619053114077
5387 6.305362461690656
5481 6.9985096422506015
5484 0.9464204733261844
5628 5.389071729816501
5630 0.3574615133704861
5685 3.9074671888922854
5812 3.1698682457615064
5834 1.65617539028579
5852 2.4876501357337513
5871 5.206750173022546
6026 2.66777630196427
6043 3.182675741580965
6049 2.035665011990694
6088 3.644053379762591
6123 2.288979440938267
6124 17.699692060747473
6157 6.9985096422506015
6164 2.6290617897835795
6165 3.3096301881366648
6219 2.298029276458185
6464 5.389071729816501
6473 5.8998973535824915
6641 5.8998973535824915
6675 2.5098732725184614
6956 5.8998973535824915
6970 2.1863252868781835
6993 4.05407066308416
7255 3.9074671888922854
7352 6.305362461690656
7475 6.9985096422506015
7497 0.7014003223166658
7578 0.5215372793609184
7614 2.5676928434072877
7663 6.305362461690656
7724 3.597312260588446
7935 2.335070548138534
8086 6.6192603762733295
8280 6.9985096422506015
8348 6.9985096422506015
8376 12.610724923381312
8514 2.008077055471865
8523 1.4512652714088672
8568 4.919068100570765
8635 6.9985096422506015
8660 1.675499663112193
8670 5.206750173022546
8708 1.4810567457858934
8710 1.6536113391281642
8718 2.824122372354964
8795 3.502002080784121
8816 3.4510201673737084
8859 6.9985096422506015
8928 1.3355491621146554
8975 9.573357825050039
8976 4.695924549256556
8978 1.6140145794615122
9006 4.108137884354437
9122 1.3744921360632627
9151 1.258716730071367
9170 1.2232606457759125
9270 3.1066893441399746
9308 3.1698682457615064
9353 2.476721065201561
9384 1.3355491621146554
9399 4.22592092001082
9423 2.8876357780772897
9425 6.9985096422506015
9554 2.543323789326808
9559 -1.3311831016795828
9862 5.612215281130711
9970 1.4513908541342142
9979 4.786678912525019
10076 2.750014400201242
10114 1.3014161557451966
10221 4.86832290156553
10282 6.9985096422506015
10306 2.15432255579201
10363 4.22592092001082
10422 2.1263822140248125
10443 2.4876501357337513
10447 1.2198964734099427
10522 2.9911764570181303
10601 3.740413104229119
10725 6.9985096422506015
10739 2.37353682896633
10864 5.8998973535824915
10868 -0.7414442912474055
11023 1.2880826248757316
11110 0.8102455191680114
11116 1.9109133070182172
11209 3.666305132075397
11218 1.7160635543787315
11299 -0.5211827618659379
11370 4.22592092001082
11406 2.6418008155610093
11453 1.3637200390813515
11478 11.224430562261421
11783 4.00277736869661
11785 3.9361434417163315
11802 6.9985096422506015
11900 2.049749751872433
11907 2.434161450782765
12012 5.389071729816501
12028 2.591790394986348
12033 2.5211728277723946
12112 6.9985096422506015
12117 4.290459441148391
12130 4.695924549256556
12455 -1.5068106610762815
12558 4.8892655013001205
12785 2.8088549002241754
12796 2.9209721983448818
12803 4.091160117244055
12805 1.8568460857479414
12833 0.9630282097258448
12853 1.152070867192877
12960 3.1918471524802814
12990 6.305362461690656
13021 3.6312138122641273
13075 3.9539872045271784
13080 0.8123010183501074
13188 16.167215189449504
13189 1.8745456628473423
13202 3.6312138122641273
13264 5.8998973535824915
13369 3.9074671888922854
13411 2.8088549002241754
13415 4.8012850649143815
13419 6.9985096422506015
13438 2.555858385760285
13542 5.052599493195288
13547 1.6003469407328483
13553 -1.111382279832576
13572 1.8745456628473423
13718 1.3425178314307487
13755 4.919068100570765
13828 3.3349479961209547
13862 3.7796338173824005
13883 5.612215281130711
13891 1.8197775865739976
13968 3.3349479961209547
14044 1.4611753752320646
14136 2.962113491571787
14196 0.8373023205555247
14237 -2.09174504491248
14381 0.457735330796197
14406 5.052599493195288
14431 1.034930298632155
14433 4.22592092001082
14490 3.3096301881366648
14534 6.9985096422506015
14575 26.945358649082504
14637 3.3349479961209547
14647 3.8630154263214513
14682 4.629565580678699
14906 0.8027278807278994
15026 5.8998973535824915
15097 3.6312138122641273
15192 1.489121305622624
15222 5.612215281130711
15225 6.9985096422506015
15250 3.7796338173824005
15292 2.211017899468555
15306 1.4399764361695133
15332 -7.761558650728101
15358 2.579669034454003
15418 2.1233123190494494
15471 0.6940608398286201
15551 1.1578679848772029
15578 1.7945029551738059
15651 1.1377234187847354
15683 5.8998973535824915
15685 5.2298427488184975
15702 2.8553749158590684
15704 3.7026727762462723
15731 5.982352914036261
15771 0.06928714438394819
15794 5.135385686814575
15827 1.9109133070182172
15828 3.2794433825880924
15841 5.206750173022546
