25
801 5.389071729816501
2959 1.1873686492739008
3516 2.0785287164224764
3614 1.4378280112350734
4070 1.1068654304248302
4219 1.7567626271909589
4563 4.695924549256556
5630 0.3574615133704861
6057 3.8204558119026557
6908 0.33537694625979814
10447 1.2198964734099427
10751 0.7939518796819108
11677 1.7255100836868542
12391 3.1918471524802814
12455 -0.2152586658680402
12598 2.5098732725184614
13767 2.6547042203969173
13867 1.087712998210074
13891 1.2131850577159984
14237 -0.6972483483041599
15306 0.7199882180847567
15397 2.001297368486486
15595 1.3320829541381691
15651 1.1377234187847354
15828 1.0931477941960308
