342
351 6.9985096422506015
473 3.1273086313427103
484 9.027205984925201
492 3.3609234825242154
496 2.2800107709555064
500 2.1701959049483
534 4.433560284789064
607 2.5211728277723946
619 3.666305132075397
688 5.206750173022546
703 3.7026727762462723
726 5.8998973535824915
755 4.8012850649143815
761 5.612215281130711
764 3.502002080784121
907 5.612215281130711
916 5.8998973535824915
927 2.0785287164224764
978 2.298029276458185
1025 5.389071729816501
1060 0.1865007192496546
1062 2.591790394986348
1094 2.335070548138534
1220 5.8998973535824915
1337 6.9985096422506015
1346 6.305362461690656
1356 7.091341962062895
1379 0.5370414658968836
1404 1.3708885285599641
1467 6.9985096422506015
1516 4.359452312635343
1685 3.2373095265570386
1807 6.9985096422506015
1842 2.0286963426746007
1886 3.1273086313427103
1957 1.8223599096767722
1984 4.513602992462601
2064 1.5647876386963615
2077 3.3875917296063767
2086 4.8012850649143815
2087 2.8876357780772897
2103 2.4446327506500602
2434 2.413542163580029
2567 5.145917740537838
2599 5.389071729816501
2639 2.6040604875781623
2674 1.0272478024601386
2698 5.8998973535824915
2796 2.335070548138534
2820 2.4446327506500602
2829 2.8088549002241754
2874 3.047265923669174
2920 0.6795415285041667
2935 0.6320391945191633
2969 5.389071729816501
3094 4.00277736869661
3100 2.7938170228596353
3180 2.7938170228596353
3192 1.0095482253607377
3407 2.085854756514549
3506 1.6411310564000017
3558 5.8998973535824915
3578 1.2031599740689096
3598 3.4998814949012527
3601 6.305362461690656
3678 16.032920858105282
3679 5.206750173022546
3737 1.8055527913603908
3794 9.83813620114153
3820 1.7890234894091803
3902 4.8012850649143815
3942 3.3875917296063767
3954 6.9985096422506015
3982 2.153862445213571
4047 3.8630154263214513
4053 -0.14952015041821856
4070 1.1068654304248302
4167 2.0712559570933964
4261 2.262311193856106
4304 4.290459441148391
4335 2.938066631704182
4358 3.5645224377654547
4416 1.3637200390813515
4453 10.778143459633002
4520 3.1273086313427103
4522 0.2603571476546441
4576 10.429273782572746
4581 5.052599493195288
4711 1.9296054400303697
4753 3.9074671888922854
4804 6.9985096422506015
4822 5.8998973535824915
4838 1.4730567031188173
4842 4.433560284789064
4852 1.258716730071367
4857 2.0712559570933964
4866 2.5211728277723946
4894 9.201228738904462
4964 2.255852493852592
5013 4.8012850649143815
5083 1.5735596247691985
5111 3.21432000833234
5120 3.8630154263214513
5127 4.8012850649143815
5156 2.211017899468555
5267 9.83813620114153
5278 3.9074671888922854
5517 1.6232312345664361
5581 9.200052028578826
5590 1.4533321977710387
5596 3.5645224377654547
5630 0.4766153511606481
5654 4.919068100570765
5666 3.47214911763444
5711 2.6290617897835795
5715 3.502002080784121
5721 4.22592092001082
5828 2.5676928434072877
5933 2.955458374416051
5941 5.389071729816501
5956 6.9985096422506015
5959 3.47214911763444
5993 0.8521803845817039
5999 2.5098732725184614
6039 6.9985096422506015
6088 1.2146844599208637
6123 2.288979440938267
6151 1.4075226617397445
6262 3.4431615807611875
6351 5.617709800448351
6368 2.5098732725184614
6387 5.982352914036261
6395 4.433560284789064
6721 2.383389125409342
6729 2.1944885975173447
6754 1.2024518914852294
6776 3.884527673804586
6887 2.304141734385754
6898 10.811138676495615
6916 5.612215281130711
6919 11.38048431283428
6944 6.305362461690656
7099 5.8998973535824915
7102 5.206750173022546
7104 -0.6634879166512921
7123 4.513602992462601
7225 6.9985096422506015
7312 4.632756830252763
7321 3.3875917296063767
7382 6.9985096422506015
7433 5.389071729816501
7512 4.22592092001082
7527 2.681021528714291
7538 5.389071729816501
7578 0.5215372793609184
7590 4.22592092001082
7594 4.290459441148391
7597 8.745301147512734
7640 8.00555473739322
7650 4.216321028057695
7692 2.2449194511442365
7731 2.001297368486486
7808 2.8396265588909295
7935 2.335070548138534
7954 8.45184184002164
8046 4.108137884354437
8076 6.305362461690656
8096 2.9066643955420775
8148 3.7796338173824005
8155 3.1066893441399746
8182 2.681021528714291
8193 10.893641436792382
8205 4.290459441148391
8256 1.6803896484063847
8257 5.206750173022546
8301 2.413542163580029
8391 2.555858385760285
8439 0.4690908039883759
8444 1.7890234894091803
8467 5.389071729816501
8621 2.6418008155610093
8636 5.8998973535824915
8683 3.3607792968127694
8694 5.8998973535824915
8788 2.146479378330984
8806 3.47214911763444
8814 4.22592092001082
8830 5.612215281130711
8886 1.3081501879265407
8908 3.6312138122641273
8928 1.3355491621146554
8979 1.7890234894091803
8987 15.477125296279887
9010 2.9209721983448818
9076 4.290459441148391
9151 2.517433460142734
9182 7.332610264150794
9211 3.502002080784121
9355 2.1782280766455644
9372 2.3256808077886952
9384 1.3355491621146554
9459 5.8998973535824915
9483 3.6312138122641273
9531 5.01190042038306
9644 4.359452312635343
9645 8.087103599320107
9671 4.600614369452231
9709 2.164615159286332
9733 3.2550199098369936
9811 3.9074671888922854
9812 4.290459441148391
9872 4.165296298194385
9970 1.4513908541342142
10055 3.009525595686327
10087 5.612215281130711
10114 3.9042484672355897
10231 3.2373095265570386
10233 3.4431615807611875
10326 1.5692307766395337
10422 0.7087940713416041
10437 1.3672978604292356
10486 5.612215281130711
10490 5.206750173022546
10595 4.05407066308416
10655 3.8204558119026557
10751 0.7939518796819108
10759 3.0666840095262753
10770 2.4876501357337513
10868 -0.18536107281185138
10872 3.2097641917964794
10906 2.035665011990694
10997 12.59344816216217
11034 9.574993562269931
11110 0.8102455191680114
11114 3.047265923669174
11116 1.9109133070182172
11175 5.389071729816501
11195 4.165296298194385
11236 3.5645224377654547
11299 -1.0423655237318759
11304 1.2054960338664575
11322 3.4431615807611875
11379 2.0426825846493406
11481 4.855836866130424
11547 5.052599493195288
11625 4.371738291276525
11637 4.433560284789064
11665 3.5645224377654547
11677 3.4510201673737084
11754 3.1918471524802814
11816 3.8592108800607394
11850 4.910429719961194
11911 3.414990703794491
11970 5.206750173022546
11975 5.8419443966897635
12014 2.9911764570181303
12022 1.2122885475024683
12034 0.9324015521468534
12103 4.695924549256556
12122 1.1963912668735384
12168 5.8998973535824915
12231 4.359452312635343
12283 10.41624195031265
12291 5.8998973535824915
12294 4.8012850649143815
12341 2.8088549002241754
12440 4.8012850649143815
12450 3.1483620405405426
12723 2.288979440938267
12772 3.773043707788116
12773 2.647852550302702
12785 2.8088549002241754
12823 5.174651493160774
12826 3.785812034314228
12843 6.305362461690656
12978 2.383389125409342
12991 6.213378688279949
13018 5.8998973535824915
13039 3.21432000833234
13040 10.791936781765338
13043 3.4431615807611875
13057 3.8204558119026557
13062 5.8998973535824915
13106 2.335070548138534
13147 4.290459441148391
13153 2.2278250177849364
13208 1.3115342859107813
13316 3.047265923669174
13319 5.416658374081172
13346 2.9041650800285006
13354 5.4840769416373485
13440 2.9540974487767095
13443 3.502002080784121
13460 2.955458374416051
13491 16.02285608656787
13508 1.7255100836868542
13553 -3.7046075994419203
13565 1.9878743481543455
13572 1.8745456628473423
13599 4.290459441148391
13693 3.666305132075397
13859 2.955458374416051
13929 5.8998973535824915
13933 3.7796338173824005
14044 1.4611753752320646
14174 5.383508865521417
14208 1.1873686492739008
14237 -0.6972483483041599
14267 -1.1471081799405454
14308 6.192107127359728
14318 6.9985096422506015
14370 3.666305132075397
14381 0.915470661592394
14422 4.246624638098899
14431 3.104790895896465
14439 3.1273086313427103
14463 1.67063347346102
14486 2.6164830075767194
14529 2.8088549002241754
14556 2.8876357780772897
14569 5.052599493195288
14656 2.2811529755342836
14682 3.0863770537857995
14692 2.8396265588909295
14699 4.8012850649143815
14717 4.695924549256556
15102 5.206750173022546
15121 1.5868635903955612
15181 1.751485570090115
15256 3.3349479961209547
15306 0.7199882180847567
15332 -34.15085806320364
15341 0.7959741250626788
15458 2.8088549002241754
15468 1.1549652252192415
15578 5.383508865521417
15592 5.74275051441102
15651 2.2754468375694707
15655 3.9539872045271784
15671 3.7796338173824005
15672 1.4550424207846036
15771 0.04619142958929879
