110
302 1.7153059135126125
389 1.6419233675785887
710 2.8553749158590684
1889 3.414990703794491
1942 0.845776947546497
2070 1.4730567031188173
2269 1.8686109273275278
2301 4.695924549256556
2450 -1.2217137914072214
2631 0.42584399448534344
2674 1.0272478024601386
3120 1.6048820958982397
3132 3.2373095265570386
3215 1.179961702382206
3226 5.612215281130711
3407 2.085854756514549
3804 2.750014400201242
3896 1.403798262648762
4053 -0.22428022562732786
4097 2.955458374416051
4145 2.008077055471865
4158 0.09180132134615113
4608 1.4075226617397445
4613 2.211017899468555
4914 1.4339892349279078
5040 1.4378280112350734
5046 2.236335707452845
5055 2.2278250177849364
5067 2.2278250177849364
5156 2.211017899468555
5307 2.9911764570181303
5539 1.7153059135126125
5905 1.7835738846416156
5993 0.8521803845817039
6136 2.91449219418435
6235 2.454137038241171
6387 2.9911764570181303
6414 3.1483620405405426
6555 2.9911764570181303
6557 3.1483620405405426
6721 2.383389125409342
6729 2.1944885975173447
6754 1.2024518914852294
7025 1.0095482253607377
7044 1.880515829833846
7210 1.8568460857479414
7344 1.6325336272287498
7487 1.8167260919585162
7615 6.305362461690656
8032 1.5324768712979722
8078 1.9359146092236343
8263 3.414990703794491
8337 3.910169050662709
8439 0.4690908039883759
8567 4.8012850649143815
8708 1.4810567457858934
8987 2.211017899468555
9285 3.047265923669174
9365 1.4972514317058743
9384 2.6710983242293107
9391 5.471659530418572
9428 2.498699971920336
9481 1.7727629685373998
9486 5.8998973535824915
9534 2.750014400201242
9765 1.7835738846416156
9970 0.4837969513780714
9986 2.0568672196412967
10194 2.455214859980597
10329 -0.21009069570959765
10749 1.1754637467675824
10825 2.0149030205422647
10983 4.919068100570765
11023 1.2880826248757316
11296 2.764403137653342
11299 -1.0423655237318759
11318 3.8630154263214513
11353 2.8088549002241754
11570 1.1933746733341126
11894 1.5178707189086098
12078 2.727440078162703
12447 2.8396265588909295
12455 -0.2152586658680402
12460 1.466416859025783
12708 1.5958322603783217
12826 3.785812034314228
12853 1.152070867192877
12869 4.05407066308416
12931 4.919068100570765
13052 3.260840023967233
13494 3.21432000833234
13527 2.049749751872433
13572 1.8745456628473423
13672 1.5262389685791264
14196 0.8373023205555247
14267 -0.3823693933135151
15057 1.152070867192877
15317 3.0666840095262753
15332 -3.1046234602912404
15341 0.7959741250626788
15407 2.2711218235382606
15413 1.2781978656431896
15471 0.6940608398286201
15587 1.2947271675944
15672 0.7275212103923018
15685 0.8716404581364162
15709 2.1863252868781835
15783 1.4425151080149787
15786 0.8981906902305371
15794 2.5676928434072877
