39
1893 1.7567626271909589
2217 2.4876501357337513
3230 2.8876357780772897
3448 3.1273086313427103
3520 2.87137525720551
3613 2.8553749158590684
3763 7.194624521176892
4976 2.288979440938267
5020 3.21432000833234
5051 4.433560284789064
5085 5.389071729816501
5574 3.4431615807611875
5725 5.389071729816501
5842 3.086486636822455
7104 -1.3269758333025843
7306 2.4876501357337513
7344 1.6325336272287498
7892 1.5517722705842913
7965 1.886521853894058
8695 5.865253575994063
9393 1.060973437168175
9733 1.0850066366123312
9779 1.8337236683270872
9986 2.0568672196412967
10326 0.5230769255465112
10753 2.7790019370744945
11137 4.435211513739613
11900 2.049749751872433
11984 2.4237986637472186
12404 1.485080896085619
12455 -0.4305173317360804
12707 2.2278250177849364
13058 4.00277736869661
13115 6.9985096422506015
13227 3.666305132075397
14477 2.5211728277723946
14588 2.0785287164224764
14590 1.8337236683270872
15341 0.7959741250626788
