252
58 4.433560284789064
269 5.206750173022546
302 1.7153059135126125
389 1.6419233675785887
422 2.66777630196427
484 4.513602992462601
500 4.3403918098966
578 3.740413104229119
927 2.0785287164224764
1379 1.0740829317937672
1404 1.3708885285599641
1471 6.9985096422506015
1637 4.600614369452231
1686 1.1549652252192415
1702 3.3609234825242154
1750 1.1068654304248302
1782 2.7218435232345457
1896 3.567147769283231
1902 2.0149030205422647
1922 1.6952047341915255
1942 0.845776947546497
1957 3.6447198193535444
2001 5.206750173022546
2009 4.827084327160058
2017 3.3875917296063767
2025 4.165296298194385
2038 1.880515829833846
2070 1.4730567031188173
2103 2.4446327506500602
2201 2.035665011990694
2269 1.8686109273275278
2271 0.6835662361444191
2276 6.305362461690656
2357 1.1873686492739008
2360 5.206750173022546
2421 1.5431885268928998
2450 -2.4434275828144427
2452 2.1782280766455644
2458 4.324455470598246
2513 1.8280256472124494
2530 6.9985096422506015
2631 1.9162979751840454
2657 3.3609234825242154
2659 6.886323161522375
2706 3.6312138122641273
2832 6.9985096422506015
2935 0.6320391945191633
2964 1.800870720168722
3068 8.076122771891704
3186 1.2880826248757316
3215 4.129865958337721
3219 4.359452312635343
3578 0.6015799870344548
3597 2.8876357780772897
3623 9.391849098513111
3700 2.5894543351888
3738 4.05407066308416
3840 1.2980660688599148
3874 4.8012850649143815
3964 3.5327737394508745
3995 1.751485570090115
4053 -0.3738003760455464
4145 8.03230822188746
4158 0.09180132134615113
4261 2.262311193856106
4262 3.1698682457615064
4295 2.9209721983448818
4313 6.9985096422506015
4405 2.6920409239639014
4425 1.249116656342348
4519 8.867120569578129
4586 3.009525595686327
4592 3.0282177286984795
4613 2.211017899468555
4657 4.165296298194385
4750 0.33155284982139466
4841 4.22592092001082
4862 3.047265923669174
4878 1.3672978604292356
4914 1.4339892349279078
4924 3.2849375755462935
5039 2.735829765209286
5058 3.5327737394508745
5119 2.3933394562625097
5173 3.7026727762462723
5200 3.3096301881366648
5418 4.00277736869661
5521 4.919068100570765
5554 2.1081605140288473
5680 1.5913378707904824
5731 2.8876357780772897
5809 2.363780654020965
5839 2.579669034454003
5901 2.455214859980597
5905 3.567147769283231
5934 2.8876357780772897
5964 3.1273086313427103
5973 1.4770487243883548
5983 1.9878743481543455
5989 5.206750173022546
6057 7.640911623805311
6064 2.138697237888929
6083 3.3349479961209547
6235 6.1353425956029275
6351 2.8088549002241754
6433 0.5154022907934025
6834 3.4431615807611875
6872 1.3047775034479017
6908 0.6707538925195963
7019 2.130975191795019
7104 -5.307903333210337
7210 1.8568460857479414
7215 2.344549292093078
7228 4.359452312635343
7290 6.305362461690656
7462 1.942263836902293
7578 1.5646118380827554
7589 6.9985096422506015
7591 4.085365169298681
7767 3.414990703794491
7813 1.0145733615634107
7838 2.1081605140288473
7846 2.7218435232345457
7965 1.886521853894058
7991 1.3149298749119196
8032 1.5324768712979722
8078 1.9359146092236343
8102 4.359452312635343
8337 3.910169050662709
8405 3.3096301881366648
8439 1.8763632159535035
8582 8.268652659200708
8672 2.8876357780772897
8731 2.0286963426746007
8745 2.5441623459970937
8805 4.8012850649143815
8856 4.632756830252763
8890 2.2800107709555064
8910 6.305362461690656
8928 4.006647486343966
8979 1.7890234894091803
9106 1.0850066366123312
9170 1.2232606457759125
9280 3.502002080784121
9391 5.471659530418572
9393 2.12194687433635
9537 3.2731460406213513
9538 4.8012850649143815
9554 1.271661894663404
9640 2.8088549002241754
9641 2.6418008155610093
9970 0.4837969513780714
9986 2.0568672196412967
10016 4.695924549256556
10056 4.359452312635343
10058 2.6040604875781623
10076 2.750014400201242
10175 4.695924549256556
10194 2.455214859980597
10215 4.695924549256556
10223 4.05407066308416
10326 0.5230769255465112
10329 -0.21009069570959765
10437 1.3672978604292356
10471 5.612215281130711
10487 5.943689416307031
10503 2.413542163580029
10636 3.9539872045271784
10658 2.9041650800285006
10671 4.695924549256556
10689 4.919068100570765
10868 -0.5560832184355542
10898 4.8012850649143815
10899 6.9985096422506015
10943 5.612215281130711
10971 3.502002080784121
10981 3.086486636822455
11037 4.05407066308416
11089 1.1549652252192415
11148 2.356853423796479
11168 1.2781978656431896
11218 0.5720211847929105
11299 -0.5211827618659379
11318 3.8630154263214513
11443 3.260840023967233
11485 3.3875917296063767
11503 2.8876357780772897
11520 3.1066893441399746
11536 6.9985096422506015
11570 3.580124020002338
11597 3.0666840095262753
11769 1.6466515087745348
11836 2.37353682896633
11954 5.612215281130711
12078 4.091160117244055
12081 4.72756130804193
12104 25.89847621245631
12111 1.994563336305142
12213 3.047265923669174
12447 2.8396265588909295
12455 -0.4305173317360804
12508 2.262311193856106
12554 6.6438862501971325
12595 2.344549292093078
12631 5.389071729816501
12674 3.155949285956631
12708 1.5958322603783217
12717 0.5999147077153936
12790 1.5095719160939147
12826 2.5238746895428186
12837 3.4431615807611875
12853 1.152070867192877
12946 0.5932811842197597
13001 1.4730567031188173
13008 5.389071729816501
13080 0.8123010183501074
13343 2.973157951515452
13412 2.5098732725184614
13553 -1.8523037997209602
13565 1.9878743481543455
13572 1.8745456628473423
13783 5.612215281130711
13832 8.580918882296782
13930 1.3601549729168554
14072 3.3609234825242154
14078 5.019746545036923
14195 1.7781538171722764
14196 5.023813923333148
14237 -0.6972483483041599
14267 -1.1471081799405454
14313 1.6466515087745348
14461 3.740413104229119
14529 2.8088549002241754
14590 1.8337236683270872
14620 2.15432255579201
14633 2.6547042203969173
14656 2.2811529755342836
14906 2.0068197018197482
15057 2.304141734385754
15076 3.21432000833234
15155 0.6904112007410705
15230 5.612215281130711
15332 -10.866182111019342
15413 1.2781978656431896
15453 2.236335707452845
15468 1.1549652252192415
15497 6.9985096422506015
15551 1.1578679848772029
15587 1.2947271675944
15672 1.4550424207846036
15771 0.023095714794649395
15783 0.48083836933832624
