108
174 3.2464624691328723
194 0.7699986386594181
389 1.6419233675785887
787 2.035665011990694
2269 1.8686109273275278
2271 0.34178311807220957
2631 0.42584399448534344
2659 3.4431615807611875
2705 1.6657908489852322
2920 0.6795415285041667
3120 1.6048820958982397
3690 1.4972514317058743
3759 2.4033897921160112
4158 0.09180132134615113
4205 3.666305132075397
4370 4.919068100570765
4556 4.22592092001082
4750 0.33155284982139466
4783 2.1782280766455644
4809 2.8088549002241754
4852 1.258716730071367
4857 2.0712559570933964
5019 4.290459441148391
5055 2.2278250177849364
5110 1.8452180477528222
5111 3.21432000833234
5346 11.224430562261421
5537 3.597312260588446
6005 3.666305132075397
6043 1.5913378707904824
6079 7.004004161568242
6088 1.2146844599208637
6097 5.8998973535824915
6156 3.6000252219695508
6228 1.2947271675944
6235 1.2270685191205855
6555 2.9911764570181303
6586 2.288979440938267
6627 5.612215281130711
6721 4.766778250818684
6819 1.7153059135126125
6874 5.612215281130711
6997 9.201228738904462
7210 1.8568460857479414
7316 3.1273086313427103
7497 1.4028006446333317
7527 2.681021528714291
7647 3.3096301881366648
7650 2.1081605140288473
8393 11.799794707164983
8683 1.6803896484063847
8736 1.1933746733341126
8886 1.3081501879265407
8977 2.6290617897835795
8978 1.6140145794615122
9375 6.9985096422506015
9393 1.060973437168175
9698 1.9878743481543455
9811 3.9074671888922854
9817 1.3183370332335338
9970 0.4837969513780714
9990 0.5671785603171224
10001 4.128071418239819
10194 7.365644579941792
10521 4.433560284789064
10749 2.3509274935351647
10868 -0.18536107281185138
11057 2.555858385760285
11148 1.1784267118982394
11304 1.2054960338664575
11416 2.1782280766455644
11503 2.8876357780772897
11794 5.206750173022546
11975 2.9209721983448818
12104 3.2373095265570386
12122 1.1963912668735384
12434 4.695924549256556
12447 2.8396265588909295
12455 -0.2152586658680402
12460 1.466416859025783
12586 5.206750173022546
12660 2.035665011990694
12826 2.5238746895428186
13244 4.919068100570765
13319 1.8055527913603908
13670 2.6164830075767194
13724 4.433560284789064
14107 4.847597327494437
14196 0.8373023205555247
14237 -1.3944966966083199
14267 -1.5294775732540604
14381 0.6866029961942954
14416 0.7739512129752414
14455 1.637217476541176
14894 7.480826208458238
14982 6.9985096422506015
15057 2.304141734385754
15187 1.994563336305142
15242 3.414990703794491
15247 2.498699971920336
15256 3.3349479961209547
15332 -4.656935190436861
15341 1.5919482501253577
15551 1.1578679848772029
15650 2.130975191795019
15685 0.8716404581364162
15709 2.1863252868781835
15783 0.48083836933832624
