59
1820 3.3875917296063767
2450 -0.6108568957036107
2631 0.21292199724267172
2674 1.0272478024601386
3219 4.359452312635343
3737 1.8055527913603908
3995 3.50297114018023
4158 0.061200880897434085
4319 2.049749751872433
4765 1.4150133334689021
5055 2.2278250177849364
5065 2.735829765209286
5156 2.211017899468555
5200 3.3096301881366648
5901 2.455214859980597
5929 3.3096301881366648
5993 1.7043607691634077
6077 4.22592092001082
6136 1.457246097092175
6219 2.298029276458185
6390 3.047265923669174
6459 6.9985096422506015
6557 3.1483620405405426
7286 1.4112609838503516
7758 5.389071729816501
7965 1.886521853894058
8032 1.0216512475319814
8090 2.236335707452845
8230 4.74707365793266
8444 1.7890234894091803
8664 2.7938170228596353
8987 2.211017899468555
9285 6.094531847338348
9345 2.66777630196427
9510 7.559267634764801
9537 0.6546292081242703
10001 4.128071418239819
10329 -0.4201813914191953
10422 0.7087940713416041
10776 4.513602992462601
10867 2.9066643955420775
10906 2.035665011990694
11299 -0.5211827618659379
11407 3.1483620405405426
11580 2.5441623459970937
13887 4.433560284789064
13913 2.8396265588909295
14196 0.8373023205555247
14237 -1.3944966966083199
14416 0.7739512129752414
14439 3.1273086313427103
14440 4.433560284789064
14455 4.911652429623528
14819 4.919068100570765
15057 1.152070867192877
15155 0.6904112007410705
15453 2.236335707452845
15519 6.9985096422506015
15783 1.923353477353305
