87
389 1.6419233675785887
512 2.0785287164224764
717 2.8396265588909295
1842 2.0286963426746007
1938 2.66777630196427
1940 2.6944445490464313
2070 2.9461134062376346
2247 4.438772298278144
2271 0.6835662361444191
2631 0.21292199724267172
2862 1.4690805547391779
2964 0.900435360084361
3192 2.0190964507214755
3506 0.8205655282000008
3598 1.1666271649670843
3737 1.8055527913603908
3759 2.4033897921160112
3785 2.87137525720551
3807 2.3256808077886952
4053 -0.07476007520910928
4158 0.09180132134615113
4205 3.666305132075397
4405 1.3460204619819507
4863 4.05407066308416
4906 3.9074671888922854
4939 3.4431615807611875
5040 1.4378280112350734
5083 1.5735596247691985
5307 2.9911764570181303
5316 2.236335707452845
5377 3.666305132075397
6079 7.004004161568242
6088 2.4293689198417274
6237 5.389071729816501
6376 3.0666840095262753
6519 5.052599493195288
6533 3.3349479961209547
6555 2.9911764570181303
6776 1.942263836902293
6959 4.165296298194385
7265 4.108137884354437
7527 2.681021528714291
8439 0.4690908039883759
8886 2.6163003758530814
8977 2.6290617897835795
8993 2.973157951515452
9391 2.735829765209286
9811 3.9074671888922854
9970 0.4837969513780714
9986 2.0568672196412967
9990 0.5671785603171224
10194 2.455214859980597
10247 4.359452312635343
10325 3.7851283367000415
10795 5.612215281130711
10825 2.0149030205422647
10868 -0.18536107281185138
11148 1.1784267118982394
11236 7.1290448755309095
11243 3.8630154263214513
11299 -1.0423655237318759
11518 3.8630154263214513
11781 2.591790394986348
11840 3.3804838896987928
11969 0.7582337970798316
11977 3.7026727762462723
12218 2.6547042203969173
12321 3.4431615807611875
12455 -0.2152586658680402
12460 2.932833718051566
12674 1.5779746429783155
13169 3.3349479961209547
13289 1.7410142702228197
13551 6.9985096422506015
13572 1.8745456628473423
14237 -0.6972483483041599
14267 -0.7647387866270302
14416 2.3218536389257243
14523 2.8553749158590684
15057 1.152070867192877
15332 -1.5523117301456202
15413 1.2781978656431896
15614 3.8630154263214513
15685 0.8716404581364162
15783 0.48083836933832624
15794 2.5676928434072877
15814 4.524622387712212
