109
172 6.9985096422506015
389 3.2838467351571774
512 2.0785287164224764
1842 2.0286963426746007
1942 1.691553895092994
2269 1.8686109273275278
2271 0.6835662361444191
2364 5.206750173022546
2450 -1.2217137914072214
2513 1.8280256472124494
2631 0.6387659917280152
2940 1.6278716141229383
3180 2.7938170228596353
3192 1.0095482253607377
3219 4.359452312635343
3690 2.9945028634117485
3759 2.4033897921160112
3785 2.87137525720551
3807 2.3256808077886952
3836 4.165296298194385
4021 1.5054481989100525
4053 -0.22428022562732786
4158 0.12240176179486817
4405 1.3460204619819507
4534 4.433560284789064
4610 5.052599493195288
4947 3.414990703794491
5083 1.5735596247691985
5539 1.7153059135126125
5809 2.363780654020965
5900 2.8553749158590684
5993 0.8521803845817039
6079 3.502002080784121
6088 1.2146844599208637
6235 1.2270685191205855
6237 5.389071729816501
6402 1.4112609838503516
6433 0.5154022907934025
6555 5.982352914036261
6959 4.165296298194385
7044 1.880515829833846
7213 6.9985096422506015
7510 5.8998973535824915
7527 2.681021528714291
7666 5.612215281130711
8032 0.5108256237659907
8262 2.0712559570933964
8337 1.9550845253313545
8439 0.4690908039883759
8616 4.919068100570765
8731 2.0286963426746007
8886 1.3081501879265407
8977 2.6290617897835795
8993 2.973157951515452
9106 1.0850066366123312
9384 1.3355491621146554
9391 2.735829765209286
9393 2.12194687433635
9400 3.1273086313427103
9423 2.8876357780772897
9481 1.7727629685373998
9537 1.3092584162485406
9698 3.975748696308691
9811 3.9074671888922854
9970 0.9675939027561428
9990 0.5671785603171224
10194 2.455214859980597
10300 4.600614369452231
10325 1.8925641683500207
10329 -0.21009069570959765
10704 6.9985096422506015
10825 2.0149030205422647
10868 -0.18536107281185138
11027 1.2781978656431896
11102 0.6652300141109108
11148 1.1784267118982394
11236 3.5645224377654547
11243 3.8630154263214513
11299 -1.5635482855978138
11318 3.8630154263214513
11570 1.1933746733341126
11840 1.6902419448493964
12022 0.40409618250082274
12321 3.4431615807611875
12447 2.8396265588909295
12455 -0.2152586658680402
12460 0.7332084295128914
12595 2.344549292093078
12823 1.034930298632155
12826 2.5238746895428186
13057 3.8204558119026557
13289 1.7410142702228197
13308 5.206750173022546
13494 3.21432000833234
13527 2.049749751872433
13672 1.5262389685791264
13845 2.001297368486486
14267 -0.3823693933135151
14352 0.9464204733261844
14416 3.0958048519009655
15057 1.152070867192877
15187 1.994563336305142
15247 2.498699971920336
15332 -1.5523117301456202
15407 2.2711218235382606
15650 4.261950383590038
15685 0.8716404581364162
15786 0.8981906902305371
15814 2.262311193856106
