67
389 1.6419233675785887
1922 1.6952047341915255
2421 1.5431885268928998
2450 -1.2217137914072214
2631 0.6387659917280152
2903 5.612215281130711
3506 0.8205655282000008
3690 1.4972514317058743
3759 2.4033897921160112
3807 4.6513616155773905
3903 4.433560284789064
4053 -0.14952015041821856
4158 0.09180132134615113
4222 2.3256808077886952
5040 1.4378280112350734
5083 1.5735596247691985
5630 0.11915383779016203
6079 3.502002080784121
6088 1.2146844599208637
6235 2.454137038241171
6237 5.389071729816501
6555 2.9911764570181303
6776 1.942263836902293
6871 5.052599493195288
6959 4.165296298194385
6997 4.600614369452231
7344 1.6325336272287498
7527 2.681021528714291
8886 1.3081501879265407
8977 5.258123579567159
8993 2.973157951515452
9391 2.735829765209286
9423 5.775271556154579
9673 6.9985096422506015
9970 0.4837969513780714
9986 2.0568672196412967
9990 0.5671785603171224
10194 2.455214859980597
10325 1.8925641683500207
10868 -0.18536107281185138
11057 2.555858385760285
11243 3.8630154263214513
11299 -1.0423655237318759
11304 1.2054960338664575
11416 2.1782280766455644
11503 2.8876357780772897
12034 0.9324015521468534
12321 3.4431615807611875
12455 -0.4305173317360804
12460 1.466416859025783
12781 2.498699971920336
12826 1.2619373447714093
13289 1.7410142702228197
13310 3.666305132075397
13438 2.555858385760285
13572 1.8745456628473423
13672 1.5262389685791264
13845 2.001297368486486
14195 3.5563076343445528
14237 -0.6972483483041599
14416 0.7739512129752414
15057 1.152070867192877
15247 2.498699971920336
15332 -1.5523117301456202
15341 0.7959741250626788
15468 1.1549652252192415
15814 2.262311193856106
