186
521 1.8986432144264027
606 4.8012850649143815
800 2.434161450782765
1922 1.6952047341915255
1923 2.211017899468555
1928 2.4876501357337513
1990 4.165296298194385
2269 3.7372218546550555
2334 1.5879037593638217
2373 6.305362461690656
2390 4.919068100570765
2407 4.47267141490569
2450 -0.6108568957036107
2674 1.0272478024601386
2685 5.8998973535824915
2786 5.612215281130711
2874 3.047265923669174
2893 2.5098732725184614
2920 2.718166114016667
2935 0.6320391945191633
2947 5.052599493195288
2959 2.3747372985478017
3598 2.3332543299341686
3614 1.4378280112350734
3774 1.7255100836868542
3820 3.5780469788183606
3995 1.751485570090115
4070 1.1068654304248302
4170 4.22592092001082
4261 2.262311193856106
4302 1.8000126109847754
4331 3.3875917296063767
4381 4.029806041084529
4507 2.298029276458185
4522 0.2603571476546441
4628 6.9985096422506015
4876 2.2449194511442365
4963 2.3933394562625097
4970 1.9746291214043248
5105 4.600614369452231
5110 1.8452180477528222
5116 3.923114079673944
5156 2.211017899468555
5339 3.5352801356947183
5421 3.8630154263214513
5484 0.9464204733261844
5491 3.597312260588446
5563 3.1066893441399746
5642 5.389071729816501
5732 6.305362461690656
5872 7.632487037991281
5898 3.9074671888922854
5934 2.8876357780772897
6130 3.0666840095262753
6151 2.815045323479489
6164 2.6290617897835795
6265 9.201228738904462
6393 4.22592092001082
6433 0.5154022907934025
6622 2.579669034454003
6848 4.05407066308416
6872 5.219110013791607
6908 0.6707538925195963
7104 -0.6634879166512921
7118 6.254617262685421
7170 1.6186122887101415
7181 6.521680047934466
7344 1.6325336272287498
7439 10.778143459633002
7519 4.05407066308416
7832 3.047265923669174
7933 6.9985096422506015
7935 2.335070548138534
7942 12.495888894583157
7991 1.3149298749119196
8444 3.5780469788183606
8516 6.305362461690656
8523 8.707591628453203
8683 1.6803896484063847
8745 2.5441623459970937
8822 4.560021541911013
8850 1.7153059135126125
8880 1.67063347346102
8886 1.3081501879265407
8954 7.1290448755309095
9078 5.8998973535824915
9115 3.047265923669174
9151 3.7761501902141013
9559 -0.5823926069848174
9562 12.610724923381312
9711 1.8686109273275278
9728 6.42864001666468
9974 3.8630154263214513
10029 7.271395991241656
10030 2.413542163580029
10098 4.695924549256556
10153 6.9985096422506015
10312 6.9985096422506015
10326 0.5230769255465112
10431 0.7218661529089567
10447 2.4397929468198853
10559 3.8630154263214513
10572 5.8998973535824915
10601 3.740413104229119
10742 1.7890234894091803
10753 2.7790019370744945
10770 2.4876501357337513
10868 -0.5560832184355542
10872 1.6048820958982397
10925 17.699692060747473
11140 2.15432255579201
11165 2.1863252868781835
11167 4.108137884354437
11279 5.389071729816501
11299 -3.6482793330615655
11332 4.00277736869661
11375 2.681021528714291
11379 4.085365169298681
11454 9.391849098513111
11522 2.555858385760285
11524 1.5178707189086098
11550 5.052599493195288
11570 2.3867493466682252
11781 2.591790394986348
11785 1.9680717208581657
11831 3.597312260588446
11835 4.8012850649143815
11882 4.8012850649143815
11900 2.049749751872433
11947 12.112870914793918
12033 5.042345655544789
12064 3.3349479961209547
12070 2.87137525720551
12362 6.305362461690656
12377 1.3460204619819507
12391 3.1918471524802814
12404 1.485080896085619
12455 -0.8610346634721608
12508 4.524622387712212
12797 2.7218435232345457
12801 1.9109133070182172
12803 2.727440078162703
12805 1.8568460857479414
12978 2.383389125409342
13080 1.6246020367002147
13108 4.560021541911013
13189 3.7490913256946845
13281 5.612215281130711
13302 4.359452312635343
13384 4.113734439282593
13505 3.0666840095262753
13553 -1.8523037997209602
13722 3.5327737394508745
13734 3.884527673804586
13781 3.8204558119026557
13843 2.1782280766455644
13867 1.087712998210074
14237 -0.6972483483041599
14267 -3.058955146508121
14381 0.457735330796197
14416 1.5479024259504828
14422 2.1233123190494494
14598 6.9985096422506015
14626 2.750014400201242
14682 3.0863770537857995
14906 1.6054557614557987
14914 3.3096301881366648
15155 3.4520560037053527
15259 1.3320829541381691
15292 4.42203579893711
15306 1.4399764361695133
15317 3.0666840095262753
15332 -6.209246920582481
15341 0.7959741250626788
15374 5.612215281130711
15413 1.2781978656431896
15517 5.659565561682174
15518 1.880515829833846
15619 12.610724923381312
15620 6.9985096422506015
15651 1.1377234187847354
15672 1.4550424207846036
15771 0.04619142958929879
15826 6.9985096422506015
15827 1.9109133070182172
15828 3.2794433825880924
