53
389 1.6419233675785887
1828 5.389071729816501
2191 3.086486636822455
2450 -0.6108568957036107
2631 0.8516879889706869
3120 1.6048820958982397
3215 0.589980851191103
3690 1.4972514317058743
4053 -0.14952015041821856
4158 0.030600440448717042
4214 2.465910149097345
4319 2.049749751872433
4840 5.876133263408364
5905 1.7835738846416156
6235 2.454137038241171
6721 2.383389125409342
7104 -0.6634879166512921
7210 1.8568460857479414
7731 2.001297368486486
7764 1.7052048175261088
8032 1.0216512475319814
8337 3.910169050662709
8439 0.9381816079767518
8708 1.4810567457858934
8928 1.3355491621146554
9345 2.66777630196427
9391 2.735829765209286
9641 2.6418008155610093
9986 2.0568672196412967
10194 2.455214859980597
10329 -0.21009069570959765
10868 -0.18536107281185138
11032 1.087712998210074
11299 -1.5635482855978138
11318 7.726030852642903
11416 2.1782280766455644
11597 3.0666840095262753
12078 1.3637200390813515
12447 2.8396265588909295
12455 -0.4305173317360804
12460 0.7332084295128914
12472 12.610724923381312
12826 1.2619373447714093
13572 1.8745456628473423
13845 2.001297368486486
14381 0.2288676653980985
14431 1.034930298632155
14805 4.22592092001082
15057 1.152070867192877
15187 1.994563336305142
15332 -1.5523117301456202
15468 1.1549652252192415
15783 0.9616767386766525
