98
389 1.6419233675785887
1922 1.6952047341915255
2038 1.880515829833846
2103 2.4446327506500602
2407 2.236335707452845
2450 -1.832570687110832
2903 5.612215281130711
2964 0.900435360084361
3141 5.612215281130711
3215 1.179961702382206
3374 1.9680717208581657
3506 3.2822621128000034
3578 1.2031599740689096
3598 3.4998814949012527
3614 1.4378280112350734
3903 4.433560284789064
4053 -0.14952015041821856
4158 0.030600440448717042
4222 2.3256808077886952
4721 4.8012850649143815
4815 5.443687046469091
4857 2.0712559570933964
4964 1.127926246926296
5083 1.5735596247691985
6151 1.4075226617397445
6235 1.2270685191205855
6776 1.942263836902293
6887 2.304141734385754
6908 0.6707538925195963
6919 2.84512107820857
7197 1.730651483187273
7838 2.1081605140288473
7845 2.4237986637472186
8046 4.108137884354437
8262 2.0712559570933964
8568 4.919068100570765
8664 2.7938170228596353
8850 1.7153059135126125
9345 2.66777630196427
9423 5.775271556154579
9458 3.6312138122641273
10114 1.3014161557451966
10163 3.9074671888922854
10358 6.9985096422506015
10431 0.7218661529089567
10441 3.7026727762462723
10658 2.9041650800285006
11057 2.555858385760285
11116 1.9109133070182172
11299 -1.0423655237318759
11304 1.2054960338664575
11406 2.6418008155610093
11416 2.1782280766455644
11418 3.597312260588446
11503 2.8876357780772897
11597 3.0666840095262753
12022 0.40409618250082274
12034 1.8648031042937068
12078 2.727440078162703
12213 3.047265923669174
12228 3.047265923669174
12455 -0.4305173317360804
12460 0.7332084295128914
12781 2.498699971920336
12853 1.152070867192877
12946 0.5932811842197597
13310 3.666305132075397
13384 2.0568672196412967
13553 -0.37046075994419203
13672 3.052477937158253
13734 1.942263836902293
13949 10.413500346045092
14136 1.4810567457858934
14195 3.5563076343445528
14196 1.6746046411110493
14237 -1.3944966966083199
14267 -0.3823693933135151
14357 2.476721065201561
14450 4.165296298194385
14493 3.3096301881366648
14527 2.938066631704182
14599 4.433560284789064
14656 1.1405764877671418
14808 4.695924549256556
15057 1.152070867192877
15063 3.2373095265570386
15250 3.7796338173824005
15283 4.47267141490569
15313 1.917105277266138
15317 3.0666840095262753
15341 1.5919482501253577
15413 1.2781978656431896
15418 2.1233123190494494
15471 0.6940608398286201
15595 1.3320829541381691
15614 11.589046278964354
15770 4.165296298194385
15771 0.023095714794649395
