148
325 4.22592092001082
356 2.591790394986348
389 3.2838467351571774
475 5.612215281130711
492 3.3609234825242154
500 4.3403918098966
530 2.66777630196427
1896 5.350721653924847
1929 2.1081605140288473
1942 0.845776947546497
2036 1.9486536350010641
2082 4.919068100570765
2103 2.4446327506500602
2235 3.2849375755462935
2269 1.8686109273275278
2438 4.919068100570765
2450 -0.6108568957036107
2536 1.7835738846416156
2631 0.6387659917280152
2964 0.900435360084361
3057 2.236335707452845
3068 1.3460204619819507
3186 1.2880826248757316
3215 2.359923404764412
3374 3.9361434417163315
3407 2.085854756514549
3774 1.7255100836868542
3780 2.465910149097345
3901 2.363780654020965
3985 2.5098732725184614
4053 -0.07476007520910928
4158 0.061200880897434085
4291 4.108137884354437
4307 2.824122372354964
4405 1.3460204619819507
4459 3.2849375755462935
4783 2.1782280766455644
4831 5.052599493195288
4838 1.4730567031188173
5033 2.1233123190494494
5040 1.4378280112350734
5052 4.22592092001082
5116 1.961557039836972
5392 2.130975191795019
5539 1.7153059135126125
5572 3.47214911763444
5590 1.4533321977710387
5680 1.5913378707904824
5990 2.938066631704182
5999 2.5098732725184614
6064 2.138697237888929
6235 1.2270685191205855
6351 2.8088549002241754
6618 2.0568672196412967
6628 3.1918471524802814
6908 0.33537694625979814
7058 3.7026727762462723
7104 -1.3269758333025843
7286 1.4112609838503516
7401 1.886521853894058
7482 3.6111055827207816
7526 6.9985096422506015
7737 6.9985096422506015
7813 2.0291467231268214
7906 1.4339892349279078
7965 1.886521853894058
7969 3.5327737394508745
7971 3.414990703794491
7981 2.0426825846493406
7991 2.629859749823839
8032 0.5108256237659907
8096 1.4533321977710387
8323 3.1698682457615064
8337 3.910169050662709
8405 3.3096301881366648
8439 0.9381816079767518
8582 1.3781087765334512
9122 1.3744921360632627
9151 2.517433460142734
9170 0.6116303228879563
9393 1.060973437168175
9481 1.7727629685373998
9640 2.8088549002241754
9641 2.6418008155610093
9686 3.6312138122641273
9876 2.6944445490464313
10307 2.5676928434072877
10446 3.1483620405405426
10503 2.413542163580029
10561 1.6003469407328483
10658 2.9041650800285006
10690 5.612215281130711
10773 5.389071729816501
10825 2.0149030205422647
10868 -0.18536107281185138
11089 1.1549652252192415
11106 4.043551799660054
11148 1.1784267118982394
11287 2.0286963426746007
11296 2.764403137653342
11299 -0.5211827618659379
11327 3.5645224377654547
11418 3.597312260588446
11491 1.8745456628473423
11535 5.8998973535824915
11555 3.5327737394508745
11722 6.305362461690656
11894 1.5178707189086098
11969 1.5164675941596633
12022 0.40409618250082274
12078 4.091160117244055
12081 2.363780654020965
12460 0.7332084295128914
12557 6.305362461690656
12717 0.5999147077153936
12946 0.5932811842197597
13208 1.3115342859107813
13379 4.513602992462601
13444 4.22592092001082
13553 -0.7409215198883841
14072 3.3609234825242154
14078 5.019746545036923
14195 3.5563076343445528
14196 5.861116243888673
14237 -0.6972483483041599
14267 -0.3823693933135151
14309 1.5137127087599462
14313 1.6466515087745348
14430 3.3096301881366648
14515 3.0666840095262753
14516 2.1782280766455644
14782 5.206750173022546
14906 0.4013639403639497
15057 1.152070867192877
15069 4.359452312635343
15112 4.8012850649143815
15209 2.579669034454003
15241 1.7462362142039713
15288 3.21432000833234
15332 -6.209246920582481
15413 1.2781978656431896
15570 2.7218435232345457
15650 2.130975191795019
15685 1.7432809162728324
15709 4.372650573756367
15771 0.06928714438394819
15783 0.48083836933832624
15786 0.8981906902305371
