227
302 1.7153059135126125
310 4.00277736869661
389 1.6419233675785887
422 2.66777630196427
496 2.2800107709555064
710 2.8553749158590684
736 4.433560284789064
861 3.5645224377654547
1200 5.206750173022546
1379 0.5370414658968836
1646 6.9985096422506015
1687 2.413542163580029
1782 2.7218435232345457
1830 3.1066893441399746
1839 2.093234863812172
1842 2.0286963426746007
1882 5.612215281130711
1893 1.7567626271909589
1942 0.845776947546497
1957 1.8223599096767722
2038 1.880515829833846
2070 1.4730567031188173
2103 4.8892655013001205
2121 5.8998973535824915
2191 3.086486636822455
2235 3.2849375755462935
2240 1.65617539028579
2271 0.6835662361444191
2334 0.7939518796819108
2356 2.681021528714291
2421 3.0863770537857995
2450 -1.2217137914072214
2452 6.534684229936693
2458 2.162227735299123
2538 1.422560539104285
2626 4.290459441148391
2631 0.8516879889706869
2674 3.081743407380416
2724 12.610724923381312
2770 5.612215281130711
2853 3.414990703794491
2911 4.05407066308416
2935 1.2640783890383267
2964 1.800870720168722
3120 3.2097641917964794
3166 4.600614369452231
3186 6.440413124378658
3192 3.028644676082213
3205 6.254617262685421
3215 2.359923404764412
3219 4.359452312635343
3223 2.5211728277723946
3378 5.8998973535824915
3490 4.108137884354437
3647 4.216321028057695
3690 1.4972514317058743
3820 1.7890234894091803
3898 3.047265923669174
3985 2.5098732725184614
3995 1.751485570090115
4053 -0.07476007520910928
4158 0.12240176179486817
4302 1.8000126109847754
4405 1.3460204619819507
4437 2.4033897921160112
4608 2.815045323479489
4619 3.2849375755462935
4750 0.6631056996427893
4765 1.4150133334689021
4838 1.4730567031188173
4841 4.22592092001082
4881 2.7938170228596353
4912 1.9296054400303697
5040 1.4378280112350734
5055 2.2278250177849364
5058 3.5327737394508745
5083 1.5735596247691985
5156 2.211017899468555
5224 4.600614369452231
5331 3.2373095265570386
5464 3.5327737394508745
5518 1.5868635903955612
5809 2.363780654020965
5851 4.00277736869661
5993 2.5565411537451115
6136 1.457246097092175
6198 4.600614369452231
6235 3.681205557361756
6242 2.9041650800285006
6338 2.413542163580029
6376 3.0666840095262753
6390 3.047265923669174
6433 0.5154022907934025
6457 5.389071729816501
6557 6.296724081081085
6628 3.1918471524802814
6729 4.388977195034689
6767 5.389071729816501
6787 2.288979440938267
6819 1.7153059135126125
6828 3.8630154263214513
6908 0.33537694625979814
7072 1.9486536350010641
7104 -0.6634879166512921
7210 1.8568460857479414
7286 1.4112609838503516
7344 1.6325336272287498
7487 1.8167260919585162
7497 0.7014003223166658
7552 1.9486536350010641
7578 0.5215372793609184
7620 2.1863252868781835
7691 3.5645224377654547
7692 2.2449194511442365
7838 2.1081605140288473
7892 1.5517722705842913
7906 1.4339892349279078
7997 3.8204558119026557
8007 3.809518882887678
8032 3.5757793663619353
8242 2.035665011990694
8337 1.9550845253313545
8439 0.4690908039883759
8616 14.757204301712296
8708 1.4810567457858934
8987 2.211017899468555
9010 2.9209721983448818
9106 1.0850066366123312
9151 3.7761501902141013
9164 3.597312260588446
9285 3.047265923669174
9292 2.5441623459970937
9384 2.6710983242293107
9391 5.471659530418572
9393 3.1829203115045246
9537 1.3092584162485406
9698 1.9878743481543455
9709 1.082307579643166
9733 1.0850066366123312
9811 3.9074671888922854
9990 0.5671785603171224
10030 2.413542163580029
10031 2.498699971920336
10076 2.750014400201242
10175 9.391849098513111
10194 2.455214859980597
10306 2.15432255579201
10329 -1.0504534785479882
10422 0.7087940713416041
10487 1.981229805435677
10647 3.5327737394508745
10659 3.4431615807611875
10709 3.666305132075397
10739 2.37353682896633
10749 1.1754637467675824
10981 3.086486636822455
11102 2.660920056443643
11140 2.15432255579201
11148 1.1784267118982394
11168 1.2781978656431896
11299 -1.0423655237318759
11318 3.8630154263214513
11461 2.146479378330984
11491 1.8745456628473423
11570 1.1933746733341126
11781 2.591790394986348
11840 1.6902419448493964
11969 0.7582337970798316
11996 4.513602992462601
12022 0.40409618250082274
12078 1.3637200390813515
12089 2.8088549002241754
12122 3.589173800620615
12292 2.5211728277723946
12355 7.065547478901749
12447 2.8396265588909295
12460 2.1996252885386745
12477 9.906884260806244
12546 4.359452312635343
12554 1.6609715625492831
12660 2.035665011990694
12674 3.155949285956631
12783 1.8986432144264027
12826 2.5238746895428186
13080 1.6246020367002147
13130 3.9539872045271784
13208 6.557671429553906
13438 2.555858385760285
13440 1.4770487243883548
13527 2.049749751872433
13553 -0.7409215198883841
13572 1.8745456628473423
13627 6.305362461690656
13843 2.1782280766455644
13845 4.002594736972972
13867 1.087712998210074
13918 2.8396265588909295
13930 1.3601549729168554
14107 2.4237986637472186
14136 1.4810567457858934
14158 11.224430562261421
14186 4.513602992462601
14196 0.8373023205555247
14237 -0.6972483483041599
14431 3.104790895896465
14512 4.165296298194385
14571 3.2373095265570386
14599 4.433560284789064
14656 1.1405764877671418
14906 0.8027278807278994
14971 5.206750173022546
15057 1.152070867192877
15076 3.21432000833234
15169 4.670141096277068
15332 -7.761558650728101
15397 2.001297368486486
15407 2.2711218235382606
15418 2.1233123190494494
15424 1.8111238364098463
15456 3.1273086313427103
15468 4.619860900876966
15551 1.1578679848772029
15672 0.7275212103923018
15719 3.597312260588446
15762 3.9074671888922854
15783 2.4041918466916314
15786 7.185525521844297
