159
389 1.6419233675785887
954 5.8998973535824915
1060 0.06216690641655154
1356 4.72756130804193
1404 2.7417770571199283
1690 4.910429719961194
1762 5.612215281130711
1842 2.0286963426746007
2087 2.8876357780772897
2103 2.4446327506500602
2492 3.047265923669174
2513 1.8280256472124494
2639 5.208120975156325
2708 4.05407066308416
2755 3.260840023967233
2862 1.4690805547391779
2920 0.6795415285041667
2935 0.6320391945191633
2964 0.900435360084361
3048 2.5098732725184614
3215 1.179961702382206
3508 6.305362461690656
3598 1.1666271649670843
3614 1.4378280112350734
3732 5.052599493195288
3785 2.87137525720551
3877 15.849341228807532
3896 2.807596525297524
3932 4.05407066308416
4021 1.5054481989100525
4053 -0.07476007520910928
4156 6.17297327364491
4158 0.061200880897434085
4174 3.3875917296063767
4208 3.044092180638181
4381 2.0149030205422647
4750 0.33155284982139466
4783 2.1782280766455644
4852 1.258716730071367
4914 2.8679784698558155
4964 0.563963123463148
5040 1.4378280112350734
5101 3.414990703794491
5154 2.4446327506500602
5208 2.5676928434072877
5318 3.1066893441399746
5339 1.1784267118982394
5484 1.8928409466523688
5491 7.194624521176892
5550 3.666305132075397
5809 2.363780654020965
6338 2.413542163580029
6433 1.030804581586805
6634 3.9539872045271784
6887 2.304141734385754
6970 2.1863252868781835
6971 3.597312260588446
7057 3.2849375755462935
7072 1.9486536350010641
7104 -0.6634879166512921
7190 5.612215281130711
7244 5.206750173022546
7344 1.6325336272287498
7633 3.7490913256946845
7731 2.001297368486486
7764 1.7052048175261088
7781 2.6040604875781623
7796 4.8012850649143815
7803 5.389071729816501
7932 1.8745456628473423
8096 1.4533321977710387
8242 4.071330023981388
8276 3.21432000833234
8391 2.555858385760285
8439 0.4690908039883759
8810 3.502002080784121
8816 1.7255100836868542
9106 3.2550199098369936
9115 3.047265923669174
9154 2.465910149097345
9391 2.735829765209286
9393 1.060973437168175
9537 1.963887624372811
9667 3.7796338173824005
9698 1.9878743481543455
9740 6.9985096422506015
9752 3.5327737394508745
9927 6.9985096422506015
9990 0.5671785603171224
10006 2.6944445490464313
10194 2.455214859980597
10287 3.009525595686327
10363 4.22592092001082
10825 2.0149030205422647
10868 -0.18536107281185138
10973 2.7938170228596353
11017 5.389071729816501
11023 1.2880826248757316
11032 1.087712998210074
11132 3.7796338173824005
11218 0.5720211847929105
11299 -1.5635482855978138
11304 1.2054960338664575
11677 3.4510201673737084
11758 6.305362461690656
11778 2.8553749158590684
11804 3.7796338173824005
11908 1.5346778372249912
12034 0.9324015521468534
12111 1.994563336305142
12259 6.305362461690656
12297 4.8012850649143815
12460 0.7332084295128914
12476 4.108137884354437
12610 4.847597327494437
12708 3.1916645207566434
12785 2.8088549002241754
12853 2.304141734385754
13046 3.47214911763444
13048 5.206750173022546
13057 3.8204558119026557
13384 2.0568672196412967
13401 2.465910149097345
13438 2.555858385760285
13491 2.288979440938267
13553 -0.7409215198883841
13767 2.6547042203969173
13838 2.3163784151263815
13891 0.6065925288579992
14085 3.1698682457615064
14237 -0.6972483483041599
14241 5.052599493195288
14267 -0.3823693933135151
14308 2.0640357091199095
14362 4.290459441148391
14381 0.2288676653980985
14431 1.034930298632155
14586 4.05407066308416
14894 3.740413104229119
14906 0.4013639403639497
15057 2.304141734385754
15076 3.21432000833234
15097 3.6312138122641273
15103 6.305362461690656
15181 3.50297114018023
15187 1.994563336305142
15230 5.612215281130711
15313 3.834210554532276
15332 -4.656935190436861
15373 2.443082253939354
15468 1.1549652252192415
15471 0.6940608398286201
15544 6.9985096422506015
15590 5.612215281130711
15650 2.130975191795019
15685 1.7432809162728324
15731 2.9911764570181303
15771 0.023095714794649395
15783 0.48083836933832624
