206
209 1.7001922757025645
491 3.1066893441399746
496 2.2800107709555064
534 4.433560284789064
688 5.206750173022546
703 3.7026727762462723
760 4.513602992462601
824 6.9985096422506015
879 3.666305132075397
906 4.05407066308416
927 4.157057432844953
972 6.9985096422506015
973 6.9985096422506015
975 5.8998973535824915
978 2.298029276458185
1062 2.591790394986348
1686 1.1549652252192415
1702 3.3609234825242154
2036 1.9486536350010641
2064 1.5647876386963615
2070 2.9461134062376346
2077 3.3875917296063767
2087 8.66290733423187
2254 6.305362461690656
2434 2.413542163580029
2484 1.3149298749119196
2552 5.612215281130711
2567 1.7153059135126125
2599 5.389071729816501
2639 5.208120975156325
2701 2.7218435232345457
2705 1.6657908489852322
2796 2.335070548138534
2893 2.5098732725184614
2919 2.1944885975173447
2920 0.6795415285041667
2935 1.2640783890383267
3180 2.7938170228596353
3558 5.8998973535824915
3578 0.6015799870344548
3601 6.305362461690656
3637 3.260840023967233
3677 5.612215281130711
3678 14.028805750842121
3679 5.206750173022546
3683 5.052599493195288
3708 3.8630154263214513
3737 1.8055527913603908
3785 2.87137525720551
3794 4.919068100570765
3820 1.7890234894091803
3896 1.403798262648762
3942 3.3875917296063767
3982 2.153862445213571
4016 3.9074671888922854
4021 1.5054481989100525
4053 -0.07476007520910928
4230 2.0149030205422647
4302 1.8000126109847754
4391 3.260840023967233
4416 5.454880156325406
4566 3.597312260588446
4576 4.171709513029098
4842 4.433560284789064
4964 0.563963123463148
5046 2.236335707452845
5055 2.2278250177849364
5083 1.5735596247691985
5518 1.5868635903955612
5630 0.11915383779016203
5739 2.8876357780772897
5901 2.455214859980597
5933 2.955458374416051
5973 1.4770487243883548
5981 2.8553749158590684
6088 1.2146844599208637
6123 2.288979440938267
6235 1.2270685191205855
6351 2.8088549002241754
6387 5.982352914036261
6395 4.433560284789064
6396 5.612215281130711
6417 6.9985096422506015
6583 0.8629447511688624
6634 3.9539872045271784
6754 1.2024518914852294
6898 6.48668320589737
6916 5.612215281130711
6919 5.69024215641714
6970 2.1863252868781835
7104 -1.3269758333025843
7286 4.2337829515510546
7433 5.389071729816501
7538 5.389071729816501
7569 1.0170954309961207
7594 4.290459441148391
7597 8.745301147512734
7692 2.2449194511442365
7711 6.9985096422506015
8032 1.5324768712979722
8155 3.1066893441399746
8193 7.262427624528255
8256 1.6803896484063847
8257 5.206750173022546
8301 2.413542163580029
8439 0.4690908039883759
8607 6.305362461690656
8690 2.7938170228596353
8712 3.3349479961209547
8809 4.919068100570765
8814 4.22592092001082
8886 1.3081501879265407
8978 1.6140145794615122
8987 6.633053698405666
9010 2.9209721983448818
9076 4.290459441148391
9136 4.433560284789064
9182 3.666305132075397
9355 2.1782280766455644
9372 6.977042423366086
9391 2.735829765209286
9484 3.9539872045271784
9602 6.840032312866519
9645 6.06532769949008
9671 4.600614369452231
9709 1.082307579643166
9733 1.0850066366123312
9970 1.4513908541342142
10055 3.009525595686327
10087 5.612215281130711
10114 1.3014161557451966
10231 3.2373095265570386
10233 3.4431615807611875
10248 5.389071729816501
10329 -0.21009069570959765
10486 5.612215281130711
10561 1.6003469407328483
10739 2.37353682896633
10770 2.4876501357337513
10788 4.108137884354437
10868 -0.18536107281185138
10896 5.612215281130711
10981 3.086486636822455
10997 9.445086121621628
11023 1.2880826248757316
11034 7.979161301891608
11057 2.555858385760285
11168 1.2781978656431896
11299 -0.5211827618659379
11394 4.165296298194385
11481 1.6186122887101415
11557 6.9985096422506015
11625 1.457246097092175
11637 4.433560284789064
11665 3.5645224377654547
11669 4.919068100570765
11754 3.1918471524802814
11816 1.9296054400303697
11836 2.37353682896633
11952 1.5958322603783217
11969 0.7582337970798316
12014 2.9911764570181303
12034 0.9324015521468534
12081 2.363780654020965
12283 15.624362925468974
12377 1.3460204619819507
12450 3.1483620405405426
12772 1.886521853894058
12773 0.8826175167675673
12823 2.06986059726431
12826 1.2619373447714093
13040 7.194624521176892
13043 3.4431615807611875
13118 5.8998973535824915
13314 2.0286963426746007
13319 3.6111055827207816
13343 2.973157951515452
13354 1.8280256472124494
13443 3.502002080784121
13491 6.866938322814802
13501 2.5211728277723946
13508 1.7255100836868542
13553 -1.8523037997209602
13978 4.00277736869661
13986 3.47214911763444
14174 1.7945029551738059
14352 0.9464204733261844
14373 6.305362461690656
14378 5.389071729816501
14431 3.104790895896465
14506 7.480826208458238
14515 3.0666840095262753
14521 7.332610264150794
14556 2.8876357780772897
14626 5.500028800402484
14682 1.5431885268928998
14699 4.8012850649143815
14998 3.5645224377654547
15259 1.3320829541381691
15264 5.612215281130711
15306 0.7199882180847567
15332 -12.418493841164961
15468 3.4648956756577247
15517 5.659565561682174
15592 11.48550102882204
15719 3.597312260588446
