236
181 5.389071729816501
194 0.7699986386594181
241 1.6902419448493964
302 1.7153059135126125
389 1.6419233675785887
422 2.66777630196427
496 2.2800107709555064
497 5.8998973535824915
502 2.5676928434072877
512 2.0785287164224764
571 5.8998973535824915
592 2.4446327506500602
657 6.192107127359728
666 3.260840023967233
729 4.8012850649143815
730 4.59605855291637
978 2.298029276458185
1060 0.12433381283310307
1311 5.206750173022546
1842 4.0573926853492015
1938 2.66777630196427
1942 4.228884737732485
1954 2.750014400201242
1960 3.1483620405405426
2015 4.108137884354437
2070 2.9461134062376346
2224 1.981229805435677
2271 0.6835662361444191
2351 1.5647876386963615
2356 2.681021528714291
2421 1.5431885268928998
2445 4.513602992462601
2450 -0.6108568957036107
2458 2.162227735299123
2519 5.070725834548189
2538 1.422560539104285
2592 2.938066631704182
2613 5.8998973535824915
2631 0.8516879889706869
2862 1.4690805547391779
2904 4.165296298194385
2920 0.6795415285041667
2935 0.6320391945191633
2964 1.800870720168722
3186 1.2880826248757316
3192 6.057289352164426
3215 1.7699425535733089
3265 3.414990703794491
3431 4.359452312635343
3632 3.47214911763444
3633 4.165296298194385
3658 2.938066631704182
3690 2.9945028634117485
3725 5.612215281130711
3780 2.465910149097345
3896 5.615193050595048
3974 3.3875917296063767
4096 3.3609234825242154
4145 2.008077055471865
4158 0.18360264269230225
4208 7.610230451595452
4262 3.1698682457615064
4302 1.8000126109847754
4385 3.1273086313427103
4507 2.298029276458185
4642 8.00555473739322
4711 1.9296054400303697
4765 1.4150133334689021
4852 1.258716730071367
4881 2.7938170228596353
4914 2.8679784698558155
4937 4.600614369452231
5006 3.086486636822455
5040 2.875656022470147
5058 3.5327737394508745
5079 4.513602992462601
5307 2.9911764570181303
5377 3.666305132075397
5451 4.695924549256556
5465 3.3349479961209547
5484 1.8928409466523688
5809 2.363780654020965
5872 5.088324691994187
5933 2.955458374416051
5981 2.8553749158590684
6004 6.213378688279949
6136 1.457246097092175
6158 4.910429719961194
6228 1.2947271675944
6235 1.2270685191205855
6305 3.9539872045271784
6351 2.8088549002241754
6358 4.290459441148391
6376 3.0666840095262753
6433 2.06160916317361
6447 1.2880826248757316
6747 8.216275768708874
6751 2.5441623459970937
6754 1.2024518914852294
7210 1.8568460857479414
7240 4.359452312635343
7264 3.597312260588446
7286 1.4112609838503516
7325 2.8088549002241754
7344 1.6325336272287498
7401 3.773043707788116
7462 1.942263836902293
7487 1.8167260919585162
7497 0.7014003223166658
7578 0.5215372793609184
7620 2.1863252868781835
7692 2.2449194511442365
7740 3.5327737394508745
7781 2.6040604875781623
7813 1.0145733615634107
7838 4.216321028057695
7906 1.4339892349279078
7932 1.8745456628473423
8032 1.5324768712979722
8263 3.414990703794491
8323 3.1698682457615064
8414 5.206750173022546
8439 0.9381816079767518
8471 2.7938170228596353
8615 2.6944445490464313
8731 2.0286963426746007
8822 2.2800107709555064
8869 2.1782280766455644
9010 2.9209721983448818
9106 1.0850066366123312
9122 1.3744921360632627
9345 2.66777630196427
9346 2.498699971920336
9391 2.735829765209286
9481 1.7727629685373998
9537 1.3092584162485406
9641 2.6418008155610093
9681 3.8204558119026557
9817 1.3183370332335338
9842 9.201228738904462
9979 4.786678912525019
9986 2.0568672196412967
9990 3.4030713619027346
10306 2.15432255579201
10329 -0.630272087128793
10420 4.290459441148391
10431 0.7218661529089567
10437 1.3672978604292356
10634 4.695924549256556
10740 5.8998973535824915
10749 1.1754637467675824
10828 4.919068100570765
10867 2.9066643955420775
11023 1.2880826248757316
11032 1.087712998210074
11034 1.5958322603783217
11148 2.356853423796479
11150 5.612215281130711
11155 5.206750173022546
11170 2.5676928434072877
11218 0.5720211847929105
11252 3.3096301881366648
11287 2.0286963426746007
11312 3.3096301881366648
11344 3.1483620405405426
11377 6.829981407588982
11450 2.262311193856106
11769 1.6466515087745348
11840 10.141451669096378
11894 1.5178707189086098
11952 1.5958322603783217
11969 2.274701391239495
12006 2.955458374416051
12042 2.6418008155610093
12095 3.502002080784121
12111 7.978253345220568
12213 6.094531847338348
12305 4.433560284789064
12414 5.8998973535824915
12455 -0.2152586658680402
12460 2.1996252885386745
12554 1.6609715625492831
12595 2.344549292093078
12632 4.919068100570765
12674 1.5779746429783155
12708 1.5958322603783217
12717 1.7997441231461808
12783 1.8986432144264027
12823 1.034930298632155
12826 1.2619373447714093
12833 0.9630282097258448
12849 4.22592092001082
12909 5.8998973535824915
12946 2.373124736879039
13033 4.919068100570765
13080 0.8123010183501074
13208 1.3115342859107813
13384 2.0568672196412967
13391 3.740413104229119
13443 3.502002080784121
13501 2.5211728277723946
13530 3.9539872045271784
13553 -0.37046075994419203
13596 3.502002080784121
13857 3.9074671888922854
14104 1.710242611556066
14196 1.6746046411110493
14237 -1.3944966966083199
14267 -0.7647387866270302
14352 3.7856818933047376
14381 0.457735330796197
14449 9.64296002499702
14498 3.0282177286984795
14620 4.30864511158402
14633 2.6547042203969173
14656 3.4217294633014257
14700 4.00277736869661
14906 0.4013639403639497
14921 4.600614369452231
15057 1.152070867192877
15160 5.8998973535824915
15169 2.335070548138534
15181 1.751485570090115
15202 1.095876308849235
15259 1.3320829541381691
15332 -6.209246920582481
15341 0.7959741250626788
15468 3.4648956756577247
15471 0.6940608398286201
15472 2.735829765209286
15570 2.7218435232345457
15587 2.5894543351888
15702 2.8553749158590684
15720 4.695924549256556
15783 0.48083836933832624
15786 0.8981906902305371
