170
174 1.6232312345664361
389 1.6419233675785887
1929 2.1081605140288473
1942 0.845776947546497
2009 7.2406264907400875
2029 6.9985096422506015
2070 1.4730567031188173
2123 6.9985096422506015
2271 1.0253493542166288
2365 3.7026727762462723
2450 -2.4434275828144427
2513 1.8280256472124494
2538 1.422560539104285
2631 0.8516879889706869
2862 1.4690805547391779
2964 0.900435360084361
3068 1.3460204619819507
3120 4.814646287694719
3180 2.7938170228596353
3192 3.028644676082213
3223 2.5211728277723946
3691 3.7026727762462723
3700 3.8841815027832003
3721 4.513602992462601
3820 1.7890234894091803
3995 1.751485570090115
4097 2.955458374416051
4114 1.3890378470656415
4158 0.12240176179486817
4208 1.5220460903190904
4223 2.1863252868781835
4297 3.3096301881366648
4319 2.049749751872433
4333 1.4651201535230811
4608 1.4075226617397445
4619 3.2849375755462935
4711 1.9296054400303697
4750 0.33155284982139466
4765 1.4150133334689021
4878 1.3672978604292356
4881 2.7938170228596353
4939 3.4431615807611875
5014 2.3541187431092285
5040 2.875656022470147
5067 6.683475053354809
5143 5.206750173022546
5154 4.8892655013001205
5156 2.211017899468555
5377 3.666305132075397
5484 0.9464204733261844
5517 1.6232312345664361
5539 1.7153059135126125
5590 1.4533321977710387
5643 3.9074671888922854
5905 3.567147769283231
6034 6.9985096422506015
6136 2.91449219418435
6238 4.513602992462601
6358 4.290459441148391
6376 3.0666840095262753
6402 1.4112609838503516
6433 0.5154022907934025
6449 3.9074671888922854
6557 3.1483620405405426
6754 1.2024518914852294
6872 1.3047775034479017
7025 1.0095482253607377
7104 -0.6634879166512921
7487 1.8167260919585162
7497 0.7014003223166658
7638 3.7026727762462723
7692 2.2449194511442365
7781 2.6040604875781623
7932 3.7490913256946845
7987 3.666305132075397
8032 2.043302495063963
8043 1.730651483187273
8044 6.9985096422506015
8262 2.0712559570933964
8439 0.9381816079767518
8444 1.7890234894091803
8582 1.3781087765334512
8643 2.001297368486486
8672 2.8876357780772897
8869 2.1782280766455644
8874 4.513602992462601
8906 3.047265923669174
8987 2.211017899468555
9106 1.0850066366123312
9223 3.047265923669174
9270 3.1066893441399746
9308 3.1698682457615064
9384 1.3355491621146554
9429 3.3609234825242154
9481 1.7727629685373998
9795 3.9074671888922854
9817 1.3183370332335338
9983 3.1066893441399746
10221 4.86832290156553
10258 3.6000252219695508
10329 -1.0504534785479882
10437 2.7345957208584712
10503 2.413542163580029
10651 6.9985096422506015
10749 1.1754637467675824
10867 1.4533321977710387
10868 -0.18536107281185138
10898 4.8012850649143815
11023 1.2880826248757316
11034 1.5958322603783217
11089 1.1549652252192415
11148 1.1784267118982394
11299 -1.0423655237318759
11407 9.445086121621628
11450 2.262311193856106
11461 2.146479378330984
11840 5.070725834548189
11894 3.0357414378172196
11908 1.5346778372249912
11945 1.9550845253313545
11969 0.7582337970798316
12015 6.9985096422506015
12078 1.3637200390813515
12111 1.994563336305142
12122 2.3927825337470767
12276 11.224430562261421
12355 3.5327737394508745
12455 -2.3678453245484423
12477 2.476721065201561
12491 4.22592092001082
12595 4.689098584186156
12674 1.5779746429783155
12773 1.7652350335351346
12783 1.8986432144264027
12823 1.034930298632155
12826 1.2619373447714093
12833 0.9630282097258448
12853 2.304141734385754
12946 0.5932811842197597
12978 2.383389125409342
13052 3.260840023967233
13077 3.047265923669174
13451 3.4431615807611875
13527 2.049749751872433
13681 2.498699971920336
13708 3.9539872045271784
13891 0.6065925288579992
14061 4.8012850649143815
14104 1.710242611556066
14195 1.7781538171722764
14200 3.47214911763444
14237 -3.4862417415207996
14252 3.502002080784121
14267 -0.3823693933135151
14381 0.2288676653980985
14416 1.5479024259504828
14431 1.034930298632155
14447 3.1483620405405426
14463 1.67063347346102
15012 4.108137884354437
15057 2.304141734385754
15187 1.994563336305142
15332 -4.656935190436861
15367 9.602570129828763
15407 2.2711218235382606
15472 2.735829765209286
15613 4.108137884354437
15783 3.84670695470661
15786 0.8981906902305371
15857 3.0666840095262753
