45
289 3.086486636822455
1842 2.0286963426746007
1886 3.1273086313427103
1960 3.1483620405405426
2538 1.422560539104285
2659 3.4431615807611875
2839 3.1483620405405426
2924 2.0286963426746007
3192 1.0095482253607377
3737 1.8055527913603908
4765 1.4150133334689021
4876 2.2449194511442365
4899 3.0666840095262753
5055 2.2278250177849364
5181 2.288979440938267
5279 1.7410142702228197
5465 3.3349479961209547
5590 1.4533321977710387
5725 5.389071729816501
5983 1.9878743481543455
5993 0.8521803845817039
6962 3.8630154263214513
7104 -0.6634879166512921
7991 1.3149298749119196
8439 0.4690908039883759
8556 3.6447198193535444
9106 1.0850066366123312
9641 2.6418008155610093
10250 2.9209721983448818
10895 4.290459441148391
11840 1.6902419448493964
12404 1.485080896085619
12407 0.83519483821596
12455 -0.2152586658680402
12460 0.7332084295128914
12491 4.22592092001082
12527 3.086486636822455
12595 2.344549292093078
12641 4.8012850649143815
12660 4.071330023981388
13795 1.5389241281064423
14104 1.710242611556066
14447 3.1483620405405426
14463 1.67063347346102
14840 3.740413104229119
