47
2064 1.5647876386963615
2484 1.3149298749119196
3192 1.0095482253607377
3449 0.9823524825522477
3598 1.1666271649670843
3637 3.260840023967233
3678 3.00617266089474
3982 1.0769312226067855
4576 4.171709513029098
4805 5.612215281130711
5809 2.363780654020965
6172 4.919068100570765
6375 4.919068100570765
6919 2.84512107820857
8032 0.5108256237659907
8193 3.6312138122641273
8439 0.4690908039883759
8987 2.211017899468555
9044 3.8630154263214513
9182 3.666305132075397
9372 2.3256808077886952
9645 2.021775899830027
9709 1.082307579643166
9812 4.290459441148391
9991 6.305362461690656
10114 1.3014161557451966
10561 1.6003469407328483
10997 3.1483620405405426
11023 1.2880826248757316
11034 3.1916645207566434
11379 2.0426825846493406
12022 0.40409618250082274
12383 1.2523064517104479
12455 -0.2152586658680402
12773 0.8826175167675673
12912 6.305362461690656
13001 1.4730567031188173
13319 3.6111055827207816
13491 2.288979440938267
13553 -0.37046075994419203
14381 0.2288676653980985
14416 0.7739512129752414
14463 1.67063347346102
14699 4.8012850649143815
15332 -4.656935190436861
15458 2.8088549002241754
15597 3.5327737394508745
