21
1923 2.211017899468555
2450 -1.2217137914072214
2536 1.7835738846416156
2674 1.0272478024601386
2901 3.3349479961209547
4108 3.1066893441399746
4341 2.6547042203969173
5647 4.513602992462601
8870 3.7026727762462723
9559 -0.08319894385497392
9580 3.3096301881366648
10447 0.6099482367049713
11032 1.087712998210074
11114 3.047265923669174
11299 -0.5211827618659379
12429 5.206750173022546
13189 1.8745456628473423
13734 1.942263836902293
13936 3.3349479961209547
15685 0.8716404581364162
15827 1.9109133070182172
