46
500 2.1701959049483
1379 0.5370414658968836
1630 5.206750173022546
1942 0.845776947546497
2365 3.7026727762462723
2421 1.5431885268928998
2513 1.8280256472124494
2690 3.1483620405405426
3215 0.589980851191103
3429 4.8012850649143815
3780 2.465910149097345
3896 1.403798262648762
4117 4.513602992462601
4158 0.030600440448717042
4208 4.566138270957271
4223 2.1863252868781835
4407 3.414990703794491
4871 2.4876501357337513
4878 1.3672978604292356
5181 2.288979440938267
6751 2.5441623459970937
7311 2.236335707452845
9428 2.498699971920336
9537 0.6546292081242703
9990 0.5671785603171224
10154 3.3609234825242154
10456 2.8553749158590684
10770 2.4876501357337513
10867 1.4533321977710387
11148 1.1784267118982394
11894 3.0357414378172196
11908 3.0693556744499824
12078 1.3637200390813515
12773 0.8826175167675673
12826 2.5238746895428186
12946 0.5932811842197597
14196 1.6746046411110493
14352 0.9464204733261844
14381 0.2288676653980985
14431 1.034930298632155
15057 1.152070867192877
15295 4.165296298194385
15332 -3.1046234602912404
15471 0.6940608398286201
15786 1.7963813804610742
15857 6.133368019052551
