103
498 3.3349479961209547
500 6.5105877148449
532 3.4431615807611875
1379 0.5370414658968836
1529 5.612215281130711
1630 5.206750173022546
1686 1.1549652252192415
1688 4.919068100570765
1753 5.389071729816501
1928 2.4876501357337513
1942 4.228884737732485
2019 2.344549292093078
2242 3.9539872045271784
2271 1.0253493542166288
2365 3.7026727762462723
2421 1.5431885268928998
2458 4.324455470598246
2484 1.3149298749119196
2513 1.8280256472124494
2534 6.474619053114077
2690 3.1483620405405426
2708 4.05407066308416
2920 0.6795415285041667
3215 0.589980851191103
3429 4.8012850649143815
3780 2.465910149097345
3862 6.133368019052551
3896 2.807596525297524
4021 1.5054481989100525
4114 1.3890378470656415
4117 9.027205984925201
4158 0.030600440448717042
4208 4.566138270957271
4223 4.372650573756367
4302 3.6000252219695508
4407 6.829981407588982
4416 1.3637200390813515
4871 2.4876501357337513
4878 1.3672978604292356
5049 4.359452312635343
5181 2.288979440938267
5290 3.740413104229119
5518 1.5868635903955612
5668 2.955458374416051
6047 3.009525595686327
6751 2.5441623459970937
6754 1.2024518914852294
6872 1.3047775034479017
6908 0.6707538925195963
7072 3.8973072700021283
7311 2.236335707452845
7539 4.600614369452231
7813 1.0145733615634107
7965 1.886521853894058
7981 2.0426825846493406
8736 1.1933746733341126
9106 3.2550199098369936
9428 2.498699971920336
9537 0.6546292081242703
9817 1.3183370332335338
9990 1.1343571206342449
10154 3.3609234825242154
10456 2.8553749158590684
10770 2.4876501357337513
10867 1.4533321977710387
10903 2.476721065201561
10906 2.035665011990694
11148 3.5352801356947183
11894 7.589353594543049
11908 4.604033511674974
12078 1.3637200390813515
12081 2.363780654020965
12111 3.989126672610284
12341 2.8088549002241754
12554 3.3219431250985663
12717 1.1998294154307871
12773 0.8826175167675673
12818 3.1483620405405426
12826 2.5238746895428186
12946 1.1865623684395195
13038 4.8012850649143815
13081 5.389071729816501
13392 2.764403137653342
14180 4.165296298194385
14196 2.511906961666574
14267 -0.3823693933135151
14313 4.939954526323604
14352 0.9464204733261844
14381 0.457735330796197
14431 2.06986059726431
14546 2.8876357780772897
14952 5.612215281130711
15057 1.152070867192877
15155 0.6904112007410705
15259 2.6641659082763383
15295 4.165296298194385
15332 -9.313870380873722
15471 0.6940608398286201
15697 3.7796338173824005
15771 0.023095714794649395
15783 1.4425151080149787
15786 2.694572070691611
15857 24.533472076210202
