316
302 1.7153059135126125
310 4.00277736869661
354 6.305362461690656
389 3.2838467351571774
422 2.66777630196427
485 3.8630154263214513
496 2.2800107709555064
498 3.3349479961209547
500 4.3403918098966
578 3.740413104229119
710 2.8553749158590684
1266 6.9985096422506015
1379 0.5370414658968836
1404 1.3708885285599641
1415 6.305362461690656
1533 4.108137884354437
1630 5.206750173022546
1678 6.305362461690656
1750 2.2137308608496604
1767 6.305362461690656
1782 2.7218435232345457
1830 3.1066893441399746
1839 2.093234863812172
1842 2.0286963426746007
1893 1.7567626271909589
1902 2.0149030205422647
1929 2.1081605140288473
1942 4.228884737732485
2006 7.1290448755309095
2009 4.827084327160058
2036 1.9486536350010641
2038 1.880515829833846
2056 4.22592092001082
2070 1.4730567031188173
2103 2.4446327506500602
2111 6.305362461690656
2119 6.305362461690656
2121 5.8998973535824915
2191 3.086486636822455
2235 3.2849375755462935
2271 0.6835662361444191
2356 5.362043057428582
2357 1.1873686492739008
2365 3.7026727762462723
2421 3.0863770537857995
2450 -1.832570687110832
2452 6.534684229936693
2458 8.648910941196492
2513 1.8280256472124494
2538 2.84512107820857
2626 4.290459441148391
2631 1.490453980698702
2647 4.513602992462601
2674 2.054495604920277
2690 3.1483620405405426
2770 5.612215281130711
2853 3.414990703794491
2894 6.305362461690656
2911 4.05407066308416
2935 0.6320391945191633
2964 3.601741440337444
3068 4.038061385945852
3069 6.9985096422506015
3186 2.576165249751463
3192 2.0190964507214755
3205 3.1273086313427103
3215 5.309827660719927
3219 4.359452312635343
3223 2.5211728277723946
3249 2.750014400201242
3429 4.8012850649143815
3578 0.6015799870344548
3610 3.2849375755462935
3647 4.216321028057695
3690 2.9945028634117485
3700 1.2947271675944
3780 2.465910149097345
3820 1.7890234894091803
3896 1.403798262648762
3898 3.047265923669174
3981 3.3609234825242154
3995 3.50297114018023
4053 -0.07476007520910928
4097 2.955458374416051
4117 4.513602992462601
4158 0.2142030831410193
4208 3.044092180638181
4222 2.3256808077886952
4223 2.1863252868781835
4266 5.389071729816501
4302 3.6000252219695508
4309 2.681021528714291
4363 3.7796338173824005
4366 1.9878743481543455
4405 2.6920409239639014
4407 3.414990703794491
4522 0.2603571476546441
4592 3.0282177286984795
4608 1.4075226617397445
4613 2.211017899468555
4619 3.2849375755462935
4636 2.955458374416051
4750 0.33155284982139466
4838 4.419170109356452
4841 4.22592092001082
4852 1.258716730071367
4871 2.4876501357337513
4878 1.3672978604292356
5013 4.8012850649143815
5014 2.3541187431092285
5040 1.4378280112350734
5055 2.2278250177849364
5058 3.5327737394508745
5065 2.735829765209286
5156 6.633053698405666
5238 3.6312138122641273
5259 5.206750173022546
5312 5.710749831718137
5392 2.130975191795019
5517 1.6232312345664361
5518 1.5868635903955612
5540 9.50960473728452
5596 7.1290448755309095
5597 3.2373095265570386
5620 3.8204558119026557
5680 1.5913378707904824
5809 2.363780654020965
5851 4.00277736869661
5929 3.3096301881366648
5993 1.7043607691634077
6026 2.66777630196427
6049 2.035665011990694
6136 4.371738291276525
6216 2.3933394562625097
6235 2.454137038241171
6433 0.5154022907934025
6447 1.2880826248757316
6449 3.9074671888922854
6557 9.445086121621628
6729 2.1944885975173447
6751 2.5441623459970937
6828 3.8630154263214513
6908 0.33537694625979814
7025 1.0095482253607377
7104 -1.9904637499538764
7110 20.540689421772186
7210 1.8568460857479414
7283 6.305362461690656
7311 2.236335707452845
7344 4.89760088168625
7397 2.87137525720551
7497 1.4028006446333317
7692 4.489838902288473
7892 3.1035445411685827
7906 1.4339892349279078
7981 2.0426825846493406
8007 1.904759441443839
8025 6.305362461690656
8032 2.5541281188299534
8041 3.597312260588446
8043 1.730651483187273
8078 1.9359146092236343
8221 4.290459441148391
8304 4.600614369452231
8337 1.9550845253313545
8405 3.3096301881366648
8432 3.3875917296063767
8439 1.4072724119651276
8582 4.134326329600354
8616 4.919068100570765
8689 5.206750173022546
8708 1.4810567457858934
8710 0.551203779709388
8718 2.824122372354964
8780 4.22592092001082
8926 5.052599493195288
8987 2.211017899468555
9040 6.305362461690656
9106 1.0850066366123312
9151 3.7761501902141013
9164 3.597312260588446
9170 1.2232606457759125
9272 5.052599493195288
9384 1.3355491621146554
9391 2.735829765209286
9393 2.12194687433635
9422 3.8630154263214513
9429 3.3609234825242154
9534 2.750014400201242
9537 0.6546292081242703
9573 3.3096301881366648
9811 3.9074671888922854
9990 0.5671785603171224
10030 2.413542163580029
10076 2.750014400201242
10154 3.3609234825242154
10175 4.695924549256556
10194 2.455214859980597
10306 2.15432255579201
10326 0.5230769255465112
10329 -2.1009069570959764
10380 5.612215281130711
10422 0.7087940713416041
10431 0.7218661529089567
10456 2.8553749158590684
10487 1.981229805435677
10491 3.086486636822455
10503 4.827084327160058
10543 4.8012850649143815
10636 3.9539872045271784
10647 3.5327737394508745
10770 2.4876501357337513
10867 1.4533321977710387
10868 -0.18536107281185138
11102 1.3304600282218215
11140 2.15432255579201
11148 1.1784267118982394
11168 3.834593596929569
11277 3.7796338173824005
11299 -1.0423655237318759
11312 3.3096301881366648
11318 3.8630154263214513
11377 3.414990703794491
11461 2.146479378330984
11463 6.94429823526888
11485 3.3875917296063767
11491 1.8745456628473423
11570 3.580124020002338
11644 3.5327737394508745
11709 5.8998973535824915
11781 2.591790394986348
11841 2.8396265588909295
11844 4.290459441148391
11894 4.55361215672583
11908 3.0693556744499824
12078 6.818600195406757
12122 2.3927825337470767
12192 5.8998973535824915
12292 2.5211728277723946
12355 7.065547478901749
12447 2.8396265588909295
12455 -0.2152586658680402
12460 1.466416859025783
12477 9.906884260806244
12546 4.359452312635343
12554 8.304857812746416
12595 2.344549292093078
12660 2.035665011990694
12674 4.733923928934947
12717 1.1998294154307871
12723 2.288979440938267
12773 0.8826175167675673
12781 2.498699971920336
12826 3.785812034314228
12837 3.4431615807611875
12946 1.7798435526592793
12972 2.8553749158590684
13080 2.436903055050322
13197 3.2849375755462935
13208 3.9346028577323438
13289 1.7410142702228197
13319 1.8055527913603908
13365 6.669895992241909
13399 3.086486636822455
13438 2.555858385760285
13444 4.22592092001082
13565 3.975748696308691
13572 1.8745456628473423
13627 6.305362461690656
13837 3.666305132075397
13845 2.001297368486486
13867 1.087712998210074
13891 0.6065925288579992
13930 2.7203099458337108
14026 19.67627240228306
14044 1.4611753752320646
14072 3.3609234825242154
14104 1.710242611556066
14107 2.4237986637472186
14196 1.6746046411110493
14237 -3.4862417415207996
14267 -1.1471081799405454
14352 5.678522839957107
14381 0.2288676653980985
14431 4.13972119452862
14435 2.3933394562625097
14498 6.056435457396959
14500 4.108137884354437
14512 8.33059259638877
14594 9.391849098513111
15057 2.304141734385754
15076 3.21432000833234
15129 2.8876357780772897
15169 2.335070548138534
15173 6.019051191372654
15295 4.165296298194385
15332 -15.523117301456201
15397 2.001297368486486
15407 4.542243647076521
15413 1.2781978656431896
15418 2.1233123190494494
15424 1.8111238364098463
15456 3.1273086313427103
15468 3.4648956756577247
15471 0.6940608398286201
15485 9.83813620114153
15518 1.880515829833846
15573 5.052599493195288
15613 4.108137884354437
15624 3.8630154263214513
15672 0.7275212103923018
15719 3.597312260588446
15783 0.48083836933832624
15786 14.371051043688594
15798 4.695924549256556
15857 6.133368019052551
