287
181 5.389071729816501
194 0.7699986386594181
302 1.7153059135126125
389 1.6419233675785887
497 5.8998973535824915
498 3.3349479961209547
500 6.5105877148449
502 2.5676928434072877
512 2.0785287164224764
532 3.4431615807611875
657 4.128071418239819
666 3.260840023967233
729 4.8012850649143815
730 4.59605855291637
978 2.298029276458185
1060 0.06216690641655154
1311 5.206750173022546
1379 0.5370414658968836
1381 2.6547042203969173
1529 5.612215281130711
1630 5.206750173022546
1686 1.1549652252192415
1688 4.919068100570765
1690 2.455214859980597
1702 3.3609234825242154
1703 4.00277736869661
1750 1.1068654304248302
1753 5.389071729816501
1782 2.7218435232345457
1842 2.0286963426746007
1928 2.4876501357337513
1929 2.1081605140288473
1942 6.766215580371976
1954 2.750014400201242
1960 3.1483620405405426
2015 4.108137884354437
2019 2.344549292093078
2224 1.981229805435677
2242 3.9539872045271784
2271 1.0253493542166288
2334 0.7939518796819108
2351 1.5647876386963615
2356 2.681021528714291
2365 3.7026727762462723
2406 2.9209721983448818
2421 4.629565580678699
2450 -0.6108568957036107
2458 4.324455470598246
2484 1.3149298749119196
2513 1.8280256472124494
2519 5.070725834548189
2534 9.711928579671117
2536 1.7835738846416156
2592 2.938066631704182
2613 5.8998973535824915
2621 8.216275768708874
2631 1.2775319834560304
2638 2.130975191795019
2645 2.591790394986348
2690 3.1483620405405426
2708 4.05407066308416
2920 0.6795415285041667
2940 1.6278716141229383
2964 0.900435360084361
3186 1.2880826248757316
3192 1.0095482253607377
3215 2.359923404764412
3265 3.414990703794491
3429 4.8012850649143815
3431 4.359452312635343
3632 3.47214911763444
3633 4.165296298194385
3658 2.938066631704182
3690 1.4972514317058743
3780 4.93182029819469
3862 6.133368019052551
3896 8.422789575892573
3974 6.775183459212753
4021 1.5054481989100525
4114 1.3890378470656415
4117 9.027205984925201
4145 2.008077055471865
4158 0.2142030831410193
4208 15.220460903190904
4223 6.5589758606345505
4302 5.400037832954326
4309 2.681021528714291
4314 2.764403137653342
4385 3.1273086313427103
4405 1.3460204619819507
4407 6.829981407588982
4416 1.3637200390813515
4642 12.008332106089831
4871 2.4876501357337513
4878 1.3672978604292356
4881 2.7938170228596353
4886 3.009525595686327
4912 3.8592108800607394
4914 2.8679784698558155
5006 3.086486636822455
5040 2.875656022470147
5049 4.359452312635343
5058 3.5327737394508745
5290 3.740413104229119
5307 2.9911764570181303
5451 4.695924549256556
5484 1.8928409466523688
5518 1.5868635903955612
5668 2.955458374416051
5731 2.8876357780772897
5872 5.088324691994187
5891 3.1273086313427103
5905 1.7835738846416156
5933 5.910916748832102
5981 2.8553749158590684
6004 3.1066893441399746
6015 3.1918471524802814
6047 3.009525595686327
6158 4.910429719961194
6338 4.827084327160058
6358 4.290459441148391
6433 1.030804581586805
6447 1.2880826248757316
6747 12.32441365306331
6751 2.5441623459970937
6754 3.607355674455688
6872 1.3047775034479017
6908 0.6707538925195963
7072 5.845960905003192
7104 -1.9904637499538764
7210 1.8568460857479414
7240 4.359452312635343
7264 3.597312260588446
7286 1.4112609838503516
7311 2.236335707452845
7325 2.8088549002241754
7401 3.773043707788116
7462 1.942263836902293
7487 1.8167260919585162
7539 4.600614369452231
7620 2.1863252868781835
7740 3.5327737394508745
7781 2.6040604875781623
7796 4.8012850649143815
7813 2.0291467231268214
7838 2.1081605140288473
7906 1.4339892349279078
7965 1.886521853894058
7981 2.0426825846493406
8032 2.043302495063963
8043 1.730651483187273
8160 4.165296298194385
8263 3.414990703794491
8439 0.9381816079767518
8483 4.165296298194385
8615 2.6944445490464313
8638 3.8630154263214513
8723 1.5262389685791264
8731 2.0286963426746007
8736 1.1933746733341126
8822 2.2800107709555064
9106 4.340026546449325
9122 1.3744921360632627
9344 4.359452312635343
9345 2.66777630196427
9346 2.498699971920336
9481 1.7727629685373998
9537 1.3092584162485406
9641 2.6418008155610093
9681 3.8204558119026557
9817 3.9550110997006014
9979 4.786678912525019
9982 15.118535269529602
9986 2.0568672196412967
9990 3.4030713619027346
10001 2.0640357091199095
10154 3.3609234825242154
10306 2.15432255579201
10329 -0.4201813914191953
10431 0.7218661529089567
10437 1.3672978604292356
10456 2.8553749158590684
10521 4.433560284789064
10740 5.8998973535824915
10749 1.1754637467675824
10770 2.4876501357337513
10828 4.919068100570765
10867 4.359996593313117
10903 4.953442130403122
10906 2.035665011990694
11023 2.576165249751463
11032 1.087712998210074
11052 3.740413104229119
11089 1.1549652252192415
11102 0.6652300141109108
11148 4.713706847592958
11170 2.5676928434072877
11218 0.5720211847929105
11228 3.3096301881366648
11252 3.3096301881366648
11287 4.0573926853492015
11344 3.1483620405405426
11377 3.414990703794491
11443 6.521680047934466
11450 2.262311193856106
11503 2.8876357780772897
11894 10.625095032360269
11908 3.0693556744499824
11969 0.7582337970798316
11992 4.695924549256556
12006 2.955458374416051
12042 2.6418008155610093
12070 2.87137525720551
12078 2.727440078162703
12081 2.363780654020965
12111 11.967380017830852
12213 3.047265923669174
12254 2.335070548138534
12341 2.8088549002241754
12455 -0.8610346634721608
12457 3.2373095265570386
12460 1.466416859025783
12554 3.3219431250985663
12674 1.5779746429783155
12708 1.5958322603783217
12717 3.5994882462923616
12723 2.288979440938267
12747 5.389071729816501
12773 1.7652350335351346
12783 1.8986432144264027
12818 3.1483620405405426
12823 1.034930298632155
12826 2.5238746895428186
12833 0.9630282097258448
12849 4.22592092001082
12946 3.5596871053185586
13033 4.919068100570765
13038 4.8012850649143815
13081 5.389071729816501
13208 1.3115342859107813
13363 11.224430562261421
13384 2.0568672196412967
13392 2.764403137653342
13501 2.5211728277723946
13530 3.9539872045271784
13553 -0.7409215198883841
13672 1.5262389685791264
13857 3.9074671888922854
13930 1.3601549729168554
14180 4.165296298194385
14194 7.405345552492545
14196 3.3492092822220987
14237 -0.6972483483041599
14267 -1.1471081799405454
14313 4.939954526323604
14352 3.7856818933047376
14381 0.915470661592394
14431 2.06986059726431
14449 6.42864001666468
14498 3.0282177286984795
14546 2.8876357780772897
14558 2.476721065201561
14620 2.15432255579201
14906 0.8027278807278994
14921 4.600614369452231
14952 5.612215281130711
15057 2.304141734385754
15155 2.0712336022232116
15169 2.335070548138534
15181 1.751485570090115
15202 1.095876308849235
15259 3.9962488624145074
15332 -15.523117301456201
15341 0.7959741250626788
15407 2.2711218235382606
15413 1.2781978656431896
15468 1.1549652252192415
15471 0.6940608398286201
15570 2.7218435232345457
15587 2.5894543351888
15697 3.7796338173824005
15720 4.695924549256556
15771 0.023095714794649395
15783 2.4041918466916314
15786 3.5927627609221484
15798 4.695924549256556
15857 21.466788066683925
