119
174 3.2464624691328723
389 1.6419233675785887
695 2.9911764570181303
823 6.9985096422506015
1928 2.4876501357337513
1942 0.845776947546497
2056 4.22592092001082
2176 2.383389125409342
2271 1.3671324722888383
2365 3.7026727762462723
2407 2.236335707452845
2412 4.108137884354437
2450 -0.6108568957036107
2592 2.938066631704182
2631 0.8516879889706869
2674 1.0272478024601386
2920 0.6795415285041667
2935 1.2640783890383267
3068 2.6920409239639014
3215 0.589980851191103
3578 0.6015799870344548
3610 3.2849375755462935
3637 3.260840023967233
3780 2.465910149097345
4158 0.18360264269230225
4302 3.6000252219695508
4366 1.9878743481543455
4466 3.9539872045271784
4522 0.2603571476546441
4878 1.3672978604292356
4914 2.8679784698558155
4989 1.3355491621146554
5055 2.2278250177849364
5539 1.7153059135126125
5597 3.2373095265570386
5666 3.47214911763444
6242 2.9041650800285006
6754 1.2024518914852294
6872 1.3047775034479017
7104 -0.6634879166512921
7418 3.1483620405405426
7430 3.3096301881366648
7462 1.942263836902293
7562 6.305362461690656
7781 2.6040604875781623
7808 2.8396265588909295
7826 3.1273086313427103
8032 0.5108256237659907
8089 2.681021528714291
8230 2.37353682896633
8439 0.4690908039883759
8582 2.7562175530669024
8660 1.675499663112193
8664 2.7938170228596353
8672 2.8876357780772897
8690 2.7938170228596353
9223 3.047265923669174
9345 2.66777630196427
9481 1.7727629685373998
9510 3.7796338173824005
9534 2.750014400201242
9537 0.6546292081242703
9990 0.5671785603171224
10001 2.0640357091199095
10186 6.9985096422506015
10329 -0.4201813914191953
10422 1.4175881426832082
10503 2.413542163580029
10867 1.4533321977710387
10882 4.359452312635343
11524 1.5178707189086098
11840 1.6902419448493964
11894 1.5178707189086098
11952 1.5958322603783217
11969 0.7582337970798316
12022 0.40409618250082274
12111 1.994563336305142
12192 5.8998973535824915
12455 -0.2152586658680402
12460 0.7332084295128914
12717 0.5999147077153936
12946 0.5932811842197597
13052 3.260840023967233
13080 0.8123010183501074
13245 5.8998973535824915
13338 2.5211728277723946
13392 5.528806275306684
13553 -0.7409215198883841
13628 6.9985096422506015
13837 3.666305132075397
14026 4.919068100570765
14074 3.7796338173824005
14078 2.5098732725184614
14195 3.5563076343445528
14196 3.3492092822220987
14237 -0.6972483483041599
14267 -0.3823693933135151
14313 8.233257543872675
14315 3.009525595686327
14357 2.476721065201561
14381 0.2288676653980985
14439 3.1273086313427103
14440 4.433560284789064
14455 4.911652429623528
15057 1.152070867192877
15155 0.6904112007410705
15195 3.0282177286984795
15332 -3.1046234602912404
15397 2.001297368486486
15407 6.813365470614782
15471 0.6940608398286201
15517 1.886521853894058
15580 7.726030852642903
15685 0.8716404581364162
15731 2.9911764570181303
15771 0.023095714794649395
15783 2.4041918466916314
15785 6.305362461690656
15857 3.0666840095262753
