130
174 1.6232312345664361
310 4.00277736869661
1977 2.6040604875781623
2038 1.880515829833846
2042 3.7796338173824005
2302 3.009525595686327
2450 -0.6108568957036107
2452 2.1782280766455644
2455 6.9985096422506015
2538 1.422560539104285
2588 4.108137884354437
2674 2.054495604920277
2964 1.800870720168722
3186 1.2880826248757316
3205 3.1273086313427103
3215 2.359923404764412
3283 6.305362461690656
3458 10.778143459633002
3538 5.206750173022546
3578 0.6015799870344548
3647 6.3244815420865415
3700 1.2947271675944
3802 4.359452312635343
3862 3.0666840095262753
4021 1.5054481989100525
4081 3.1066893441399746
4266 5.389071729816501
4297 3.3096301881366648
4420 4.00277736869661
4522 0.2603571476546441
4613 2.211017899468555
4711 1.9296054400303697
4968 4.8012850649143815
5014 2.3541187431092285
5015 4.8012850649143815
5116 1.961557039836972
5156 4.42203579893711
5200 3.3096301881366648
5201 4.359452312635343
5312 2.8553749158590684
5905 1.7835738846416156
5934 2.8876357780772897
5970 4.165296298194385
5993 6.817443076653631
6049 2.035665011990694
6077 4.22592092001082
6136 11.6579687767374
6151 1.4075226617397445
6156 1.8000126109847754
6235 6.1353425956029275
6557 3.1483620405405426
6872 1.3047775034479017
7104 -2.6539516666051686
7210 1.8568460857479414
7578 1.5646118380827554
7692 2.2449194511442365
8032 2.043302495063963
8090 2.236335707452845
8567 4.8012850649143815
8640 5.8998973535824915
8664 2.7938170228596353
8672 2.8876357780772897
8689 5.206750173022546
8886 1.3081501879265407
8904 2.1863252868781835
8906 3.047265923669174
8928 1.3355491621146554
8987 2.211017899468555
9106 3.2550199098369936
9151 1.258716730071367
9285 3.047265923669174
9344 4.359452312635343
9393 2.12194687433635
9540 6.9985096422506015
9692 6.9985096422506015
10001 4.128071418239819
10006 2.6944445490464313
10030 2.413542163580029
10217 2.15432255579201
10308 5.8998973535824915
10329 -0.4201813914191953
10422 0.7087940713416041
10437 1.3672978604292356
10473 1.7781538171722764
10739 2.37353682896633
10749 1.1754637467675824
10754 3.1698682457615064
10776 4.513602992462601
10906 2.035665011990694
10929 6.213378688279949
11032 1.087712998210074
11041 6.94429823526888
11102 1.9956900423327322
11168 1.2781978656431896
11218 1.7160635543787315
11299 -1.5635482855978138
11356 4.8012850649143815
11463 3.47214911763444
11955 5.206750173022546
12022 0.40409618250082274
12292 2.5211728277723946
12355 3.5327737394508745
12455 -0.8610346634721608
12853 1.152070867192877
12891 3.7796338173824005
12991 3.1066893441399746
13553 -0.37046075994419203
13843 2.1782280766455644
13887 4.433560284789064
13914 5.612215281130711
14195 1.7781538171722764
14237 -2.7889933932166397
14252 3.502002080784121
14313 1.6466515087745348
14381 0.2288676653980985
14431 1.034930298632155
14512 8.33059259638877
14594 4.695924549256556
14682 1.5431885268928998
14906 0.4013639403639497
15155 1.380822401482141
15332 -1.5523117301456202
15413 1.2781978656431896
15471 0.6940608398286201
15485 4.919068100570765
15587 2.5894543351888
15672 2.1825636311769054
15692 3.8204558119026557
15783 1.923353477353305
15786 1.7963813804610742
