108
1822 4.766778250818684
1864 3.047265923669174
1924 2.288979440938267
1928 2.4876501357337513
1942 3.383107790185988
2084 6.9985096422506015
2271 0.34178311807220957
2334 0.7939518796819108
2406 2.9209721983448818
2412 4.108137884354437
2418 3.7796338173824005
2442 2.7938170228596353
2450 -1.2217137914072214
2631 0.42584399448534344
2943 3.4431615807611875
3134 4.919068100570765
3186 1.2880826248757316
3192 1.0095482253607377
3429 4.8012850649143815
3610 3.2849375755462935
3637 3.260840023967233
4021 1.5054481989100525
4158 0.09180132134615113
4302 3.6000252219695508
4416 1.3637200390813515
4522 0.2603571476546441
4592 3.0282177286984795
4711 1.9296054400303697
4878 2.7345957208584712
4881 2.7938170228596353
5083 1.5735596247691985
5111 3.21432000833234
5279 1.7410142702228197
5339 2.356853423796479
5350 2.955458374416051
5668 2.955458374416051
6754 3.607355674455688
6908 0.6707538925195963
7040 6.9985096422506015
7072 1.9486536350010641
7210 1.8568460857479414
7286 1.4112609838503516
7311 4.47267141490569
7430 3.3096301881366648
7497 0.7014003223166658
7768 3.3096301881366648
7781 2.6040604875781623
7942 4.165296298194385
8128 4.290459441148391
8256 3.3607792968127694
8904 2.1863252868781835
8928 1.3355491621146554
9151 1.258716730071367
9223 3.047265923669174
9423 2.8876357780772897
9966 6.9985096422506015
9990 0.5671785603171224
10154 3.3609234825242154
10431 0.7218661529089567
10770 2.4876501357337513
10867 1.4533321977710387
10903 2.476721065201561
11066 4.05407066308416
11148 3.5352801356947183
11379 2.0426825846493406
11518 3.8630154263214513
11524 1.5178707189086098
11570 1.1933746733341126
11790 2.2449194511442365
11894 3.0357414378172196
11945 3.910169050662709
11947 3.0282177286984795
11984 2.4237986637472186
12034 0.9324015521468534
12218 7.964112661190752
12342 4.05407066308416
12449 6.305362461690656
12455 -0.2152586658680402
12460 1.466416859025783
12661 6.305362461690656
12773 2.647852550302702
12785 2.8088549002241754
12946 1.1865623684395195
13208 1.3115342859107813
13213 6.305362461690656
13289 1.7410142702228197
13392 2.764403137653342
13613 1.8111238364098463
13672 1.5262389685791264
13837 3.666305132075397
14066 5.8998973535824915
14196 2.511906961666574
14237 -0.6972483483041599
14313 4.939954526323604
14416 2.3218536389257243
14447 3.1483620405405426
14626 2.750014400201242
14974 4.8012850649143815
15057 2.304141734385754
15250 3.7796338173824005
15332 -1.5523117301456202
15407 2.2711218235382606
15513 6.305362461690656
15523 8.33059259638877
15767 6.9985096422506015
15783 1.4425151080149787
15785 6.305362461690656
15857 6.133368019052551
