302
241 1.6902419448493964
302 1.7153059135126125
310 8.00555473739322
389 1.6419233675785887
473 3.1273086313427103
485 3.8630154263214513
498 3.3349479961209547
500 4.3403918098966
578 3.740413104229119
710 2.8553749158590684
1060 0.24866762566620615
1404 1.3708885285599641
1678 6.305362461690656
1830 3.1066893441399746
1839 2.093234863812172
1893 1.7567626271909589
1902 2.0149030205422647
1942 4.228884737732485
2006 3.5645224377654547
2009 12.067710817900146
2038 1.880515829833846
2056 4.22592092001082
2103 4.8892655013001205
2111 6.305362461690656
2119 6.305362461690656
2121 5.8998973535824915
2191 3.086486636822455
2240 1.65617539028579
2242 3.9539872045271784
2351 1.5647876386963615
2356 2.681021528714291
2357 1.1873686492739008
2365 3.7026727762462723
2421 1.5431885268928998
2422 4.919068100570765
2450 -0.6108568957036107
2452 8.712912306582258
2458 4.324455470598246
2484 1.3149298749119196
2538 2.84512107820857
2626 4.290459441148391
2631 1.2775319834560304
2674 2.054495604920277
2768 4.8012850649143815
2894 6.305362461690656
2911 8.10814132616832
2917 5.206750173022546
2935 0.6320391945191633
2964 3.601741440337444
3068 6.7301023099097534
3110 2.8876357780772897
3120 1.6048820958982397
3186 3.8642478746271944
3192 2.0190964507214755
3205 9.38192589402813
3215 2.949904255955515
3219 4.359452312635343
3223 2.5211728277723946
3249 2.750014400201242
3371 6.9985096422506015
3479 6.9985096422506015
3578 0.6015799870344548
3647 6.3244815420865415
3690 2.9945028634117485
3774 1.7255100836868542
3807 2.3256808077886952
3820 1.7890234894091803
3981 3.3609234825242154
3995 1.751485570090115
4070 1.1068654304248302
4088 3.5645224377654547
4097 2.955458374416051
4132 4.695924549256556
4158 0.18360264269230225
4188 4.359452312635343
4208 1.5220460903190904
4223 2.1863252868781835
4302 1.8000126109847754
4319 2.049749751872433
4366 1.9878743481543455
4407 3.414990703794491
4416 1.3637200390813515
4522 0.2603571476546441
4592 3.0282177286984795
4613 2.211017899468555
4750 0.6631056996427893
5055 4.455650035569873
5058 3.5327737394508745
5156 2.211017899468555
5208 2.5676928434072877
5259 5.206750173022546
5312 5.710749831718137
5419 3.8630154263214513
5517 3.2464624691328723
5539 1.7153059135126125
5540 3.1698682457615064
5596 3.5645224377654547
5597 6.474619053114077
5680 3.182675741580965
5851 4.00277736869661
5929 3.3096301881366648
5964 3.1273086313427103
5993 1.7043607691634077
6136 1.457246097092175
6216 2.3933394562625097
6228 1.2947271675944
6364 3.260840023967233
6376 3.0666840095262753
6390 3.047265923669174
6447 1.2880826248757316
6557 6.296724081081085
6595 2.4237986637472186
6729 4.388977195034689
6751 2.5441623459970937
6828 3.8630154263214513
6908 0.33537694625979814
7025 1.0095482253607377
7072 1.9486536350010641
7104 -1.3269758333025843
7110 12.32441365306331
7159 4.513602992462601
7197 1.730651483187273
7283 6.305362461690656
7311 2.236335707452845
7344 1.6325336272287498
7397 2.87137525720551
7497 2.8056012892666633
7578 0.5215372793609184
7690 3.21432000833234
7692 2.2449194511442365
7768 3.3096301881366648
7813 1.0145733615634107
7838 2.1081605140288473
7906 1.4339892349279078
7981 2.0426825846493406
8007 1.904759441443839
8032 2.043302495063963
8043 1.730651483187273
8078 1.9359146092236343
8227 3.5645224377654547
8391 2.555858385760285
8405 3.3096301881366648
8432 3.3875917296063767
8439 1.4072724119651276
8471 2.7938170228596353
8582 6.890543882667256
8616 4.919068100570765
8660 1.675499663112193
8689 5.206750173022546
8708 1.4810567457858934
8710 0.551203779709388
8736 1.1933746733341126
8886 3.9244505637796223
8926 5.052599493195288
8987 2.211017899468555
9040 6.305362461690656
9151 5.034866920285468
9164 3.597312260588446
9170 1.2232606457759125
9272 5.052599493195288
9280 3.502002080784121
9285 3.047265923669174
9365 2.9945028634117485
9384 1.3355491621146554
9393 2.12194687433635
9422 3.8630154263214513
9428 4.997399943840672
9429 3.3609234825242154
9481 1.7727629685373998
9534 5.500028800402484
9537 1.963887624372811
9542 6.305362461690656
9779 1.8337236683270872
9817 1.3183370332335338
9818 3.21432000833234
9883 6.9985096422506015
9990 1.1343571206342449
10006 2.6944445490464313
10008 2.0568672196412967
10030 4.827084327160058
10031 2.498699971920336
10076 2.750014400201242
10299 4.359452312635343
10306 2.15432255579201
10326 1.0461538510930224
10329 -2.1009069570959764
10380 5.612215281130711
10422 0.7087940713416041
10487 1.981229805435677
10491 3.086486636822455
10503 2.413542163580029
10561 1.6003469407328483
10600 4.919068100570765
10636 3.9539872045271784
10647 3.5327737394508745
10659 3.4431615807611875
10678 2.288979440938267
10753 5.558003874148989
10754 3.1698682457615064
10867 1.4533321977710387
10868 -0.18536107281185138
10903 2.476721065201561
11023 1.2880826248757316
11089 1.1549652252192415
11102 1.3304600282218215
11148 1.1784267118982394
11168 2.556395731286379
11299 -0.5211827618659379
11461 2.146479378330984
11485 3.3875917296063767
11570 3.580124020002338
11709 5.8998973535824915
11781 2.591790394986348
11840 1.6902419448493964
11844 4.290459441148391
11894 4.55361215672583
11908 4.604033511674974
11961 3.3096301881366648
11975 2.9209721983448818
11996 4.513602992462601
12078 1.3637200390813515
12111 1.994563336305142
12122 4.7855650674941534
12192 5.8998973535824915
12341 2.8088549002241754
12450 3.1483620405405426
12455 -0.4305173317360804
12460 1.466416859025783
12477 9.906884260806244
12482 6.305362461690656
12540 6.9985096422506015
12546 4.359452312635343
12554 4.982914687647849
12595 2.344549292093078
12660 4.071330023981388
12674 1.5779746429783155
12717 1.7997441231461808
12731 5.8998973535824915
12773 0.8826175167675673
12783 1.8986432144264027
12797 2.7218435232345457
12826 1.2619373447714093
12837 3.4431615807611875
12946 0.5932811842197597
12972 2.8553749158590684
13071 3.086486636822455
13080 0.8123010183501074
13208 6.557671429553906
13365 6.669895992241909
13384 2.0568672196412967
13399 3.086486636822455
13553 -0.7409215198883841
13565 1.9878743481543455
13572 1.8745456628473423
13670 2.6164830075767194
13681 2.498699971920336
13845 2.001297368486486
13930 1.3601549729168554
14026 14.757204301712296
14043 7.559267634764801
14044 1.4611753752320646
14072 3.3609234825242154
14104 1.710242611556066
14158 5.612215281130711
14196 0.8373023205555247
14237 -2.09174504491248
14291 5.8998973535824915
14352 7.571363786609475
14431 3.104790895896465
14498 3.0282177286984795
14500 4.108137884354437
14512 8.33059259638877
14519 3.086486636822455
14546 2.8876357780772897
14594 4.695924549256556
14620 2.15432255579201
14875 5.612215281130711
14906 0.8027278807278994
15057 2.304141734385754
15129 2.8876357780772897
15173 3.009525595686327
15332 -12.418493841164961
15363 2.555858385760285
15407 2.2711218235382606
15415 2.824122372354964
15418 4.246624638098899
15456 6.254617262685421
15468 1.1549652252192415
15485 4.919068100570765
15518 1.880515829833846
15551 1.1578679848772029
15613 4.108137884354437
15622 2.363780654020965
15624 3.8630154263214513
15672 0.7275212103923018
15685 0.8716404581364162
15712 4.165296298194385
15762 3.9074671888922854
15783 0.9616767386766525
15786 10.778288282766445
15798 4.695924549256556
15857 3.0666840095262753
