252
173 4.513602992462601
289 6.17297327364491
461 4.05407066308416
512 2.0785287164224764
730 2.298029276458185
1842 2.0286963426746007
1886 3.1273086313427103
1893 3.5135252543819178
1977 2.6040604875781623
1997 3.009525595686327
2179 4.433560284789064
2181 8.867120569578129
2271 0.34178311807220957
2302 6.019051191372654
2357 4.749474597095603
2407 6.7090071223585355
2450 -4.2759982699252745
2487 4.108137884354437
2492 3.047265923669174
2515 6.305362461690656
2522 5.8998973535824915
2638 2.130975191795019
2674 2.054495604920277
2690 3.1483620405405426
2701 2.7218435232345457
2839 3.1483620405405426
2911 4.05407066308416
2935 0.6320391945191633
2964 1.800870720168722
3066 6.9985096422506015
3186 2.576165249751463
3192 7.066837577525164
3437 6.9985096422506015
3578 0.6015799870344548
3632 3.47214911763444
3643 12.85728003332936
3700 1.2947271675944
3737 10.833316748162344
3782 3.7026727762462723
3820 1.7890234894091803
3840 1.2980660688599148
3860 4.359452312635343
3861 4.8012850649143815
4008 3.21432000833234
4069 6.9985096422506015
4082 3.9074671888922854
4086 4.22592092001082
4177 5.052599493195288
4179 3.414990703794491
4208 3.044092180638181
4219 3.5135252543819178
4247 4.632756830252763
4314 2.764403137653342
4405 1.3460204619819507
4417 6.383694304960563
4487 3.1066893441399746
4502 2.8088549002241754
4522 0.2603571476546441
4562 3.3096301881366648
4608 2.815045323479489
4610 5.052599493195288
4721 4.8012850649143815
4750 0.33155284982139466
4783 2.1782280766455644
4852 1.258716730071367
4876 2.2449194511442365
4992 6.521680047934466
5083 1.5735596247691985
5173 3.7026727762462723
5181 2.288979440938267
5279 1.7410142702228197
5316 2.236335707452845
5318 3.1066893441399746
5369 3.047265923669174
5413 6.9985096422506015
5484 0.9464204733261844
5581 3.0666840095262753
5687 2.0785287164224764
5881 6.9985096422506015
5891 3.1273086313427103
5900 2.8553749158590684
5905 1.7835738846416156
5959 3.47214911763444
5981 2.8553749158590684
5993 1.7043607691634077
6088 4.858737839683455
6235 2.454137038241171
6274 6.9985096422506015
6338 9.654168654320117
6360 6.42864001666468
6402 1.4112609838503516
6433 0.5154022907934025
6464 5.389071729816501
6595 9.695194654988875
6613 6.9985096422506015
6622 5.159338068908006
6657 6.416091713666788
6673 4.00277736869661
6729 2.1944885975173447
6819 1.7153059135126125
6823 22.448861124522843
6872 5.219110013791607
6908 1.0061308387793944
6970 4.372650573756367
6997 4.600614369452231
7054 3.8630154263214513
7074 12.610724923381312
7104 -1.3269758333025843
7170 1.6186122887101415
7197 1.730651483187273
7286 1.4112609838503516
7344 1.6325336272287498
7397 5.74275051441102
7462 3.884527673804586
7569 1.0170954309961207
7614 7.7030785302218625
7688 3.086486636822455
7701 3.6312138122641273
7724 3.597312260588446
7781 2.6040604875781623
7802 5.8998973535824915
7924 3.2849375755462935
7971 3.414990703794491
8030 3.1918471524802814
8032 1.5324768712979722
8112 5.8998973535824915
8242 2.035665011990694
8439 0.9381816079767518
8556 16.40123918709095
8708 1.4810567457858934
8731 4.0573926853492015
8740 5.612215281130711
8795 3.502002080784121
8856 2.3163784151263815
8886 1.3081501879265407
9081 4.433560284789064
9106 2.1700132732246624
9110 4.071330023981388
9164 7.194624521176892
9170 1.2232606457759125
9276 2.6944445490464313
9292 2.5441623459970937
9349 4.600614369452231
9537 2.618516832497081
9624 11.224430562261421
9640 2.8088549002241754
9711 1.8686109273275278
9733 2.1700132732246624
9779 5.501171004981262
9986 2.0568672196412967
9990 0.5671785603171224
10015 3.5645224377654547
10040 7.262427624528255
10250 5.8419443966897635
10329 -0.21009069570959765
10392 5.612215281130711
10431 0.7218661529089567
10437 5.4691914417169425
10473 1.7781538171722764
10500 3.666305132075397
10655 3.8204558119026557
10749 2.3509274935351647
10841 17.699692060747473
10868 -0.37072214562370276
10971 3.502002080784121
11089 1.1549652252192415
11110 0.8102455191680114
11218 0.5720211847929105
11299 -0.5211827618659379
11317 3.0666840095262753
11331 4.290459441148391
11375 2.681021528714291
11416 6.534684229936693
11477 5.612215281130711
11481 3.237224577420283
11526 1.6419233675785887
11769 1.6466515087745348
11781 2.591790394986348
11784 3.47214911763444
11790 2.2449194511442365
11816 1.9296054400303697
11840 6.7609677793975855
11969 1.5164675941596633
11976 6.305362461690656
12022 0.40409618250082274
12047 2.883363161102127
12070 2.87137525720551
12120 3.5327737394508745
12220 4.290459441148391
12293 3.7026727762462723
12404 5.940323584342476
12407 5.011169029295759
12450 3.1483620405405426
12455 -2.7983626562845227
12460 1.466416859025783
12558 2.4446327506500602
12648 4.108137884354437
12660 6.106995035972082
12662 4.8012850649143815
12669 8.867120569578129
12689 5.389071729816501
12705 4.919068100570765
12707 2.2278250177849364
12717 0.5999147077153936
12882 5.206750173022546
12912 6.305362461690656
13021 3.6312138122641273
13071 3.086486636822455
13098 4.8012850649143815
13133 4.433560284789064
13227 3.666305132075397
13289 1.7410142702228197
13346 2.9041650800285006
13403 3.502002080784121
13460 2.955458374416051
13527 2.049749751872433
13680 2.2449194511442365
13722 3.5327737394508745
13795 13.850317152957981
13834 4.00277736869661
13854 6.305362461690656
13872 5.052599493195288
13921 2.1782280766455644
14153 2.4876501357337513
14237 -2.09174504491248
14252 10.506006242352363
14267 -1.9118469665675755
14290 6.9985096422506015
14381 0.457735330796197
14477 5.042345655544789
14519 9.259459910467365
14523 8.566124747577206
14524 6.9985096422506015
14647 15.452061705285805
14651 4.513602992462601
14880 4.22592092001082
14905 5.8998973535824915
15036 12.610724923381312
15155 1.380822401482141
15169 4.670141096277068
15173 3.009525595686327
15278 2.465910149097345
15332 -4.656935190436861
15341 3.1838965002507154
15373 0.814360751313118
15424 1.8111238364098463
15471 0.6940608398286201
15504 6.9985096422506015
15528 3.666305132075397
15616 5.389071729816501
15672 1.4550424207846036
15685 2.6149213744092488
