200
500 2.1701959049483
1830 3.1066893441399746
1942 1.691553895092994
1960 3.1483620405405426
2191 3.086486636822455
2365 3.7026727762462723
2450 -2.4434275828144427
2452 2.1782280766455644
2513 3.656051294424899
2519 1.6902419448493964
2631 0.6387659917280152
2674 1.0272478024601386
2690 3.1483620405405426
2862 1.4690805547391779
2911 4.05407066308416
2940 1.6278716141229383
2964 2.701306080253083
3180 2.7938170228596353
3186 1.2880826248757316
3215 2.359923404764412
3223 5.042345655544789
3429 4.8012850649143815
3449 0.9823524825522477
3661 4.165296298194385
3700 1.2947271675944
3738 4.05407066308416
3780 2.465910149097345
3840 1.2980660688599148
3974 3.3875917296063767
4004 4.8892655013001205
4021 1.5054481989100525
4024 5.612215281130711
4075 3.597312260588446
4117 4.513602992462601
4158 0.12240176179486817
4208 1.5220460903190904
4223 2.1863252868781835
4230 2.0149030205422647
4266 5.389071729816501
4268 5.612215281130711
4297 3.3096301881366648
4309 2.681021528714291
4407 3.414990703794491
4459 3.2849375755462935
4613 2.211017899468555
4642 4.00277736869661
4750 0.33155284982139466
4871 2.4876501357337513
4878 1.3672978604292356
5014 4.708237486218457
5015 9.602570129828763
5156 4.42203579893711
5307 2.9911764570181303
5312 8.566124747577206
5339 2.356853423796479
5414 2.8876357780772897
5484 0.9464204733261844
5518 1.5868635903955612
5540 3.1698682457615064
5739 2.8876357780772897
5809 2.363780654020965
5905 1.7835738846416156
5933 2.955458374416051
5993 0.8521803845817039
6026 2.66777630196427
6049 6.106995035972082
6136 4.371738291276525
6156 1.8000126109847754
6235 1.2270685191205855
6447 1.2880826248757316
6548 6.235586149267429
6557 3.1483620405405426
6622 2.579669034454003
6746 6.9985096422506015
6754 2.4049037829704587
6828 3.8630154263214513
6872 1.3047775034479017
7025 1.0095482253607377
7028 2.764403137653342
7104 -1.3269758333025843
7170 1.6186122887101415
7240 4.359452312635343
7274 3.0666840095262753
7311 2.236335707452845
7497 1.4028006446333317
7534 1.242767428663689
7662 17.699692060747473
7692 2.2449194511442365
7838 2.1081605140288473
8007 1.904759441443839
8032 5.108256237659907
8325 5.052599493195288
8380 10.413500346045092
8432 3.3875917296063767
8664 2.7938170228596353
8708 1.4810567457858934
8856 2.3163784151263815
8866 3.8630154263214513
8906 3.047265923669174
8987 2.211017899468555
9106 2.1700132732246624
9270 3.1066893441399746
9365 1.4972514317058743
9393 1.060973437168175
9429 3.3609234825242154
9641 2.6418008155610093
9807 12.679472983046026
9855 4.8012850649143815
9975 6.9985096422506015
9990 0.5671785603171224
10154 3.3609234825242154
10308 5.8998973535824915
10329 -0.630272087128793
10437 1.3672978604292356
10456 2.8553749158590684
10491 6.17297327364491
10754 3.1698682457615064
10759 3.0666840095262753
10770 2.4876501357337513
10867 2.9066643955420775
10906 2.035665011990694
11032 1.087712998210074
11052 3.740413104229119
11062 3.6312138122641273
11102 0.6652300141109108
11106 2.021775899830027
11148 1.1784267118982394
11299 -2.6059138093296896
11377 3.414990703794491
11407 3.1483620405405426
11463 6.94429823526888
11524 1.5178707189086098
11570 1.1933746733341126
11709 5.8998973535824915
11841 2.8396265588909295
11894 3.0357414378172196
11908 3.0693556744499824
11955 5.206750173022546
11982 3.9074671888922854
12078 1.3637200390813515
12111 3.989126672610284
12292 2.5211728277723946
12383 1.2523064517104479
12455 -0.4305173317360804
12477 2.476721065201561
12483 6.9985096422506015
12546 4.359452312635343
12595 2.344549292093078
12673 6.9985096422506015
12674 1.5779746429783155
12717 1.7997441231461808
12773 1.7652350335351346
12826 3.785812034314228
12853 2.304141734385754
12946 0.5932811842197597
13001 1.4730567031188173
13080 0.8123010183501074
13108 2.2800107709555064
13134 4.359452312635343
13384 2.0568672196412967
13399 3.086486636822455
13505 3.0666840095262753
13730 5.052599493195288
13843 2.1782280766455644
13845 4.002594736972972
13891 0.6065925288579992
13918 2.8396265588909295
13930 1.3601549729168554
14061 4.8012850649143815
14136 1.4810567457858934
14196 0.8373023205555247
14237 -5.5779867864332795
14267 -0.7647387866270302
14381 0.2288676653980985
14416 5.41765849082669
14422 2.1233123190494494
14431 2.06986059726431
14498 3.0282177286984795
14556 2.8876357780772897
14593 3.8630154263214513
14682 1.5431885268928998
15057 2.304141734385754
15129 2.8876357780772897
15155 1.380822401482141
15209 2.579669034454003
15259 1.3320829541381691
15332 -7.761558650728101
15456 3.1273086313427103
15471 1.3881216796572402
15587 1.2947271675944
15613 4.108137884354437
15622 2.363780654020965
15672 0.7275212103923018
15683 5.8998973535824915
15685 2.6149213744092488
15719 3.597312260588446
15783 2.4041918466916314
15786 7.185525521844297
15794 2.5676928434072877
15857 6.133368019052551
