254
310 4.00277736869661
389 1.6419233675785887
500 2.1701959049483
710 2.8553749158590684
810 2.8396265588909295
1060 0.1865007192496546
1094 2.335070548138534
1096 6.9985096422506015
1119 5.612215281130711
1303 6.9985096422506015
1375 4.8012850649143815
1623 5.8998973535824915
1686 1.1549652252192415
1739 5.206750173022546
1830 3.1066893441399746
1842 2.0286963426746007
1853 6.9985096422506015
1886 3.1273086313427103
1896 5.350721653924847
1929 2.1081605140288473
1942 1.691553895092994
1945 5.052599493195288
2009 4.827084327160058
2019 2.344549292093078
2191 3.086486636822455
2271 1.7089155903610478
2309 3.7796338173824005
2351 1.5647876386963615
2442 5.587634045719271
2452 2.1782280766455644
2458 4.324455470598246
2484 2.629859749823839
2519 1.6902419448493964
2542 4.695924549256556
2588 4.108137884354437
2630 4.22592092001082
2631 1.2775319834560304
2768 9.602570129828763
2788 3.3096301881366648
2862 1.4690805547391779
2911 4.05407066308416
2920 0.6795415285041667
2943 3.4431615807611875
2964 0.900435360084361
3005 3.6312138122641273
3068 2.6920409239639014
3120 1.6048820958982397
3186 5.152330499502926
3192 2.0190964507214755
3205 9.38192589402813
3215 2.359923404764412
3249 5.500028800402484
3482 3.3096301881366648
3505 4.00277736869661
3647 6.3244815420865415
3690 1.4972514317058743
3721 4.513602992462601
3737 1.8055527913603908
3840 1.2980660688599148
3982 1.0769312226067855
4070 1.1068654304248302
4150 5.612215281130711
4158 0.24480352358973634
4167 2.0712559570933964
4295 2.9209721983448818
4309 2.681021528714291
4388 3.8204558119026557
4418 5.8998973535824915
4549 2.6418008155610093
4566 3.597312260588446
4651 3.8630154263214513
4657 4.165296298194385
4765 7.075066667344511
4881 2.7938170228596353
4899 3.0666840095262753
5014 9.416474972436914
5025 5.052599493195288
5040 2.875656022470147
5043 3.502002080784121
5046 2.236335707452845
5065 2.735829765209286
5067 2.2278250177849364
5070 4.108137884354437
5083 1.5735596247691985
5154 2.4446327506500602
5156 2.211017899468555
5173 3.7026727762462723
5243 3.6312138122641273
5279 1.7410142702228197
5312 8.566124747577206
5432 3.4431615807611875
5517 1.6232312345664361
5518 1.5868635903955612
5539 1.7153059135126125
5540 3.1698682457615064
5680 1.5913378707904824
5739 2.8876357780772897
5773 2.735829765209286
5905 1.7835738846416156
5964 3.1273086313427103
5990 2.938066631704182
5993 2.5565411537451115
6083 3.3349479961209547
6088 1.2146844599208637
6136 2.91449219418435
6158 2.455214859980597
6234 2.6290617897835795
6315 4.433560284789064
6433 0.5154022907934025
6557 22.038534283783797
6697 4.22592092001082
6721 2.383389125409342
6729 4.388977195034689
6754 1.2024518914852294
6828 3.8630154263214513
6872 1.3047775034479017
6971 3.597312260588446
7025 1.0095482253607377
7072 1.9486536350010641
7104 -1.3269758333025843
7110 8.216275768708874
7152 3.8204558119026557
7210 3.713692171495883
7397 2.87137525720551
7487 1.8167260919585162
7497 0.7014003223166658
7578 2.0861491174436737
7692 4.489838902288473
7764 1.7052048175261088
7904 2.211017899468555
7924 6.569875151092587
7932 1.8745456628473423
7935 2.335070548138534
7969 3.5327737394508745
8007 1.904759441443839
8032 2.5541281188299534
8078 1.9359146092236343
8439 0.4690908039883759
8444 1.7890234894091803
8582 2.7562175530669024
8643 2.001297368486486
8672 5.775271556154579
8708 2.962113491571787
8710 0.551203779709388
8723 1.5262389685791264
8731 4.0573926853492015
8806 3.47214911763444
8856 2.3163784151263815
8869 2.1782280766455644
8886 1.3081501879265407
8987 2.211017899468555
9151 2.517433460142734
9393 1.060973437168175
9422 7.726030852642903
9429 3.3609234825242154
9430 6.9985096422506015
9531 3.34126694692204
9640 5.617709800448351
9765 1.7835738846416156
9785 5.052599493195288
9795 3.9074671888922854
9808 3.009525595686327
9817 1.3183370332335338
9990 2.2687142412684898
10200 4.695924549256556
10302 2.6290617897835795
10329 -1.6807255656767812
10402 5.389071729816501
10473 1.7781538171722764
10491 6.17297327364491
10503 2.413542163580029
10645 4.600614369452231
10770 2.4876501357337513
10968 3.740413104229119
10969 5.052599493195288
11023 1.2880826248757316
11027 1.2781978656431896
11102 1.3304600282218215
11148 1.1784267118982394
11168 2.556395731286379
11236 3.5645224377654547
11287 2.0286963426746007
11299 -1.0423655237318759
11461 2.146479378330984
11679 4.433560284789064
11769 1.6466515087745348
11840 1.6902419448493964
11887 3.3349479961209547
11908 4.604033511674974
11911 3.414990703794491
12022 0.40409618250082274
12093 1.6803896484063847
12122 1.1963912668735384
12447 2.8396265588909295
12455 -0.4305173317360804
12460 2.932833718051566
12477 7.430163195604683
12554 4.982914687647849
12595 2.344549292093078
12674 3.155949285956631
12793 5.74275051441102
12826 1.2619373447714093
12946 1.7798435526592793
12960 3.1918471524802814
13029 1.6609715625492831
13071 3.086486636822455
13080 0.8123010183501074
13130 3.9539872045271784
13208 2.6230685718215625
13306 4.513602992462601
13314 2.0286963426746007
13333 3.666305132075397
13365 3.3349479961209547
13369 3.9074671888922854
13399 3.086486636822455
13680 2.2449194511442365
13705 5.052599493195288
13753 3.7026727762462723
13843 2.1782280766455644
13845 2.001297368486486
13930 2.7203099458337108
14061 4.8012850649143815
14112 4.00277736869661
14136 1.4810567457858934
14168 2.9041650800285006
14196 0.8373023205555247
14237 -2.7889933932166397
14267 -0.3823693933135151
14352 3.7856818933047376
14381 0.2288676653980985
14408 4.919068100570765
14431 2.06986059726431
14449 3.21432000833234
14477 2.5211728277723946
14528 8.10814132616832
14921 4.600614369452231
15155 0.6904112007410705
15259 2.6641659082763383
15332 -10.866182111019342
15373 0.814360751313118
15413 1.2781978656431896
15418 2.1233123190494494
15427 6.305362461690656
15468 1.1549652252192415
15471 0.6940608398286201
15570 2.7218435232345457
15613 4.108137884354437
15622 2.363780654020965
15648 2.5676928434072877
15672 1.4550424207846036
15709 2.1863252868781835
15783 0.48083836933832624
15786 9.880097592535908
15798 4.695924549256556
