247
502 2.5676928434072877
592 2.4446327506500602
1060 0.1865007192496546
1171 5.8419443966897635
1348 5.8998973535824915
1378 6.305362461690656
1379 0.5370414658968836
1404 2.7417770571199283
1587 6.9985096422506015
1688 4.919068100570765
1750 1.1068654304248302
1909 2.8876357780772897
1923 2.211017899468555
1942 8.45776947546497
1954 2.750014400201242
1957 3.6447198193535444
2036 3.8973072700021283
2038 1.880515829833846
2103 2.4446327506500602
2150 5.206750173022546
2271 2.392481826505467
2302 3.009525595686327
2334 3.1758075187276433
2351 3.129575277392723
2357 2.3747372985478017
2365 3.7026727762462723
2421 1.5431885268928998
2450 -1.2217137914072214
2452 2.1782280766455644
2513 1.8280256472124494
2538 1.422560539104285
2592 2.938066631704182
2595 2.5211728277723946
2631 0.6387659917280152
2659 3.4431615807611875
2674 1.0272478024601386
2747 5.389071729816501
2754 3.2849375755462935
2862 1.4690805547391779
2924 2.0286963426746007
2940 1.6278716141229383
3186 5.152330499502926
3249 5.500028800402484
3578 0.6015799870344548
3780 2.465910149097345
3804 2.750014400201242
3820 1.7890234894091803
3840 1.2980660688599148
3862 6.133368019052551
4114 2.778075694131283
4158 0.1530022022435852
4208 4.566138270957271
4217 3.3096301881366648
4223 4.372650573756367
4241 9.613559168464045
4245 3.597312260588446
4302 1.8000126109847754
4307 2.824122372354964
4366 1.9878743481543455
4407 10.244972111383474
4408 5.052599493195288
4416 1.3637200390813515
4619 3.2849375755462935
4642 4.00277736869661
4857 2.0712559570933964
4878 2.7345957208584712
4886 3.009525595686327
4898 4.919068100570765
4912 1.9296054400303697
4914 7.169946174639539
4992 3.260840023967233
5014 2.3541187431092285
5020 3.21432000833234
5022 4.22592092001082
5040 1.4378280112350734
5055 2.2278250177849364
5116 1.961557039836972
5151 2.555858385760285
5156 2.211017899468555
5191 4.433560284789064
5284 3.5645224377654547
5307 2.9911764570181303
5392 2.130975191795019
5680 3.182675741580965
5711 2.6290617897835795
5737 3.740413104229119
5750 5.206750173022546
5770 3.4431615807611875
5773 2.735829765209286
5993 0.8521803845817039
6004 6.213378688279949
6005 3.666305132075397
6047 3.009525595686327
6136 1.457246097092175
6144 5.389071729816501
6235 1.2270685191205855
6307 3.2373095265570386
6371 4.359452312635343
6389 6.254617262685421
6411 2.434161450782765
6433 0.5154022907934025
6447 1.2880826248757316
6557 3.1483620405405426
6614 6.019051191372654
6747 4.108137884354437
6751 5.088324691994187
6872 1.3047775034479017
7025 1.0095482253607377
7072 1.9486536350010641
7104 -0.6634879166512921
7210 5.5705382572438245
7240 4.359452312635343
7286 1.4112609838503516
7311 2.236335707452845
7591 2.0426825846493406
7692 2.2449194511442365
7699 3.7796338173824005
7838 2.1081605140288473
7882 8.718904625270685
7943 6.9985096422506015
7965 1.886521853894058
8030 3.1918471524802814
8032 2.5541281188299534
8043 1.730651483187273
8192 5.612215281130711
8256 1.6803896484063847
8401 3.8204558119026557
8471 2.7938170228596353
8578 3.1066893441399746
8615 2.6944445490464313
8638 7.726030852642903
8708 1.4810567457858934
8731 2.0286963426746007
8788 2.146479378330984
8880 1.67063347346102
8904 4.372650573756367
8906 3.047265923669174
8920 8.867120569578129
8987 2.211017899468555
9106 2.1700132732246624
9113 4.108137884354437
9154 2.465910149097345
9170 0.6116303228879563
9183 6.9985096422506015
9188 4.359452312635343
9204 2.5098732725184614
9537 0.6546292081242703
9748 2.6547042203969173
9990 1.1343571206342449
10029 4.847597327494437
10302 2.6290617897835795
10329 -2.310997652805574
10437 1.3672978604292356
10445 3.3875917296063767
10579 10.105198986390576
10647 3.5327737394508745
10698 3.8630154263214513
10749 1.1754637467675824
10782 4.433560284789064
10867 5.813328791084155
10868 -0.18536107281185138
10882 4.359452312635343
10889 3.086486636822455
10903 2.476721065201561
11023 1.2880826248757316
11032 1.087712998210074
11089 1.1549652252192415
11146 6.9985096422506015
11148 15.319547254677113
11384 3.3609234825242154
11461 4.292958756661968
11484 3.6312138122641273
11570 3.580124020002338
11609 6.9985096422506015
11894 7.589353594543049
11908 1.5346778372249912
12034 1.8648031042937068
12043 4.997399943840672
12078 4.091160117244055
12111 1.994563336305142
12137 7.4960999157610075
12218 7.964112661190752
12254 2.335070548138534
12342 4.05407066308416
12449 6.305362461690656
12450 6.296724081081085
12455 -0.2152586658680402
12654 5.052599493195288
12717 4.199402954007755
12772 5.659565561682174
12773 1.7652350335351346
12783 3.7972864288528054
12793 2.87137525720551
12823 1.034930298632155
12826 1.2619373447714093
12832 3.3096301881366648
12853 1.152070867192877
12946 2.9664059210987985
12985 5.612215281130711
13038 4.8012850649143815
13080 3.2492040734004295
13208 1.3115342859107813
13314 2.0286963426746007
13440 1.4770487243883548
13530 7.907974409054357
13553 -0.37046075994419203
13572 1.8745456628473423
13672 3.052477937158253
13708 3.9539872045271784
13722 3.5327737394508745
13734 1.942263836902293
13791 6.094531847338348
13843 2.1782280766455644
13890 2.681021528714291
13928 5.8998973535824915
13930 2.7203099458337108
13961 4.00277736869661
14031 4.695924549256556
14195 3.5563076343445528
14196 0.8373023205555247
14237 -2.09174504491248
14267 -1.5294775732540604
14313 4.939954526323604
14345 3.9539872045271784
14352 4.732102366630922
14357 2.476721065201561
14381 0.915470661592394
14431 1.034930298632155
14516 2.1782280766455644
14726 5.612215281130711
14824 4.359452312635343
14906 0.4013639403639497
15121 1.5868635903955612
15172 6.305362461690656
15247 2.498699971920336
15259 7.992497724829015
15332 -13.970805571310581
15398 4.919068100570765
15407 6.813365470614782
15413 1.2781978656431896
15471 1.3881216796572402
15587 1.2947271675944
15677 6.311898571913262
15685 3.486561832545665
15783 4.327545324044936
15786 2.694572070691611
15857 3.0666840095262753
