78
174 1.6232312345664361
500 2.1701959049483
1902 2.0149030205422647
1933 4.05407066308416
2026 2.681021528714291
2038 1.880515829833846
2235 3.2849375755462935
2421 1.5431885268928998
2450 -2.4434275828144427
2484 1.3149298749119196
2674 1.0272478024601386
2964 1.800870720168722
3068 2.6920409239639014
3132 3.2373095265570386
3186 1.2880826248757316
3215 1.179961702382206
3219 4.359452312635343
3223 2.5211728277723946
4088 3.5645224377654547
4158 0.061200880897434085
4750 0.33155284982139466
4765 1.4150133334689021
5040 1.4378280112350734
5156 2.211017899468555
5259 5.206750173022546
5279 1.7410142702228197
5517 1.6232312345664361
5680 1.5913378707904824
5851 4.00277736869661
5905 1.7835738846416156
6136 1.457246097092175
6364 3.260840023967233
6557 3.1483620405405426
6872 1.3047775034479017
7813 1.0145733615634107
8032 0.5108256237659907
8262 2.0712559570933964
8405 3.3096301881366648
8582 2.7562175530669024
8615 2.6944445490464313
8616 4.919068100570765
8856 2.3163784151263815
8987 2.211017899468555
9280 3.502002080784121
9285 3.047265923669174
9393 2.12194687433635
9817 1.3183370332335338
10329 -0.4201813914191953
10503 2.413542163580029
10636 3.9539872045271784
10979 3.1066893441399746
11386 2.1157077196642304
11491 1.8745456628473423
11570 1.1933746733341126
11781 2.591790394986348
11996 4.513602992462601
12120 3.5327737394508745
12455 -0.6457759976041206
12554 1.6609715625492831
12660 4.071330023981388
12783 1.8986432144264027
12972 2.8553749158590684
13202 3.6312138122641273
13208 1.3115342859107813
13399 3.086486636822455
13681 2.498699971920336
13845 2.001297368486486
13930 1.3601549729168554
14072 3.3609234825242154
14196 0.8373023205555247
14237 -0.6972483483041599
14463 1.67063347346102
15057 1.152070867192877
15485 4.919068100570765
15622 2.363780654020965
15672 0.7275212103923018
15783 0.48083836933832624
15786 0.8981906902305371
