23
389 1.6419233675785887
710 2.8553749158590684
2070 1.4730567031188173
2450 -0.6108568957036107
2538 1.422560539104285
2862 1.4690805547391779
3192 3.028644676082213
4158 0.030600440448717042
4939 3.4431615807611875
5377 3.666305132075397
5993 0.8521803845817039
6228 2.5894543351888
6376 3.0666840095262753
6433 0.5154022907934025
7497 0.7014003223166658
8439 0.9381816079767518
10868 -0.18536107281185138
11840 1.6902419448493964
12460 1.466416859025783
13867 1.087712998210074
14416 0.7739512129752414
15709 2.1863252868781835
15794 2.5676928434072877
