49
2064 1.5647876386963615
2484 1.3149298749119196
2567 1.7153059135126125
2639 2.6040604875781623
2919 2.1944885975173447
3598 1.1666271649670843
3635 1.5779746429783155
3678 2.0041151072631602
3708 3.8630154263214513
3737 1.8055527913603908
3807 2.3256808077886952
4053 -0.07476007520910928
4576 2.085854756514549
4765 1.4150133334689021
5055 2.2278250177849364
6114 3.8630154263214513
6151 1.4075226617397445
6221 2.8553749158590684
6360 3.21432000833234
6586 2.288979440938267
6887 1.152070867192877
6919 2.84512107820857
8032 0.5108256237659907
8256 1.6803896484063847
8439 0.4690908039883759
8708 1.4810567457858934
9106 1.0850066366123312
9372 2.3256808077886952
9391 2.735829765209286
9645 6.06532769949008
9709 1.082307579643166
9812 8.580918882296782
10114 1.3014161557451966
10364 4.695924549256556
11034 1.5958322603783217
11299 -1.0423655237318759
11754 3.1918471524802814
12034 0.9324015521468534
12455 -0.2152586658680402
12773 0.8826175167675673
12826 2.5238746895428186
13319 1.8055527913603908
14237 -0.6972483483041599
14309 1.5137127087599462
14416 0.7739512129752414
14498 3.0282177286984795
15181 1.751485570090115
15332 -1.5523117301456202
15771 0.023095714794649395
