40
1902 2.0149030205422647
1945 5.052599493195288
2271 0.34178311807220957
2424 2.219386149139072
2446 2.5326015235960173
2450 -0.6108568957036107
2536 1.7835738846416156
2674 1.0272478024601386
3230 2.8876357780772897
3448 3.1273086313427103
3520 5.74275051441102
3613 2.8553749158590684
3840 1.2980660688599148
4537 2.039247754698959
5085 5.389071729816501
5309 5.065203047192035
5574 3.4431615807611875
5933 2.955458374416051
6467 2.2535775138873513
6622 2.579669034454003
7104 -1.3269758333025843
7813 1.0145733615634107
7892 1.5517722705842913
7965 1.886521853894058
8695 1.9550845253313545
9355 2.1782280766455644
9990 0.5671785603171224
10326 0.5230769255465112
11137 2.661126908243768
11347 0.8373023205555247
11717 2.938066631704182
11939 2.681021528714291
12407 1.67038967643192
12455 -0.2152586658680402
12707 2.2278250177849364
13471 2.6040604875781623
13527 2.049749751872433
14477 2.5211728277723946
14590 1.8337236683270872
15332 -1.5523117301456202
