231
194 0.7699986386594181
294 6.9985096422506015
534 4.433560284789064
927 2.0785287164224764
978 2.298029276458185
1060 0.12433381283310307
1062 2.591790394986348
1216 6.9985096422506015
1356 2.363780654020965
1480 6.9985096422506015
1686 1.1549652252192415
1692 2.1944885975173447
1750 2.2137308608496604
1986 2.4237986637472186
2077 3.3875917296063767
2103 2.4446327506500602
2271 0.34178311807220957
2324 4.00277736869661
2351 1.5647876386963615
2434 2.413542163580029
2450 -1.2217137914072214
2567 1.7153059135126125
2667 3.9074671888922854
2705 1.6657908489852322
2796 2.335070548138534
2893 2.5098732725184614
2920 0.6795415285041667
3057 2.236335707452845
3100 2.7938170228596353
3168 2.824122372354964
3180 2.7938170228596353
3205 3.1273086313427103
3240 3.5645224377654547
3366 4.695924549256556
3489 1.942263836902293
3560 6.9985096422506015
3598 1.1666271649670843
3625 6.9985096422506015
3637 9.782520071901699
3677 5.612215281130711
3678 9.018517982684221
3683 5.052599493195288
3708 11.589046278964354
3737 1.8055527913603908
3785 2.87137525720551
3820 1.7890234894091803
3942 3.3875917296063767
3982 2.153862445213571
4028 12.610724923381312
4053 -0.22428022562732786
4070 1.1068654304248302
4576 2.085854756514549
4577 6.9985096422506015
4809 2.8088549002241754
4810 6.305362461690656
4842 4.433560284789064
4861 6.305362461690656
4883 6.9985096422506015
5055 2.2278250177849364
5083 1.5735596247691985
5410 4.513602992462601
5447 5.8998973535824915
5512 12.610724923381312
5630 0.11915383779016203
5675 6.9985096422506015
5700 3.1483620405405426
5852 2.4876501357337513
5868 6.9985096422506015
5869 5.8998973535824915
5889 2.4033897921160112
6055 3.7796338173824005
6088 2.4293689198417274
6101 4.165296298194385
6221 2.8553749158590684
6228 1.2947271675944
6307 3.2373095265570386
6351 2.8088549002241754
6395 4.433560284789064
6586 2.288979440938267
6754 1.2024518914852294
6887 1.152070867192877
6898 4.324455470598246
6919 9.957923773729995
6950 4.433560284789064
7019 2.130975191795019
7044 1.880515829833846
7055 4.290459441148391
7104 -1.3269758333025843
7157 3.8630154263214513
7170 1.6186122887101415
7244 5.206750173022546
7286 1.4112609838503516
7431 2.6040604875781623
7459 4.388977195034689
7527 2.681021528714291
7547 5.206750173022546
7597 2.1863252868781835
7827 3.414990703794491
7845 2.4237986637472186
8032 1.0216512475319814
8182 2.681021528714291
8193 3.6312138122641273
8230 4.74707365793266
8256 1.6803896484063847
8262 2.0712559570933964
8356 4.165296298194385
8585 3.47214911763444
8708 1.4810567457858934
8710 0.551203779709388
8731 4.0573926853492015
8788 2.146479378330984
8816 1.7255100836868542
8856 2.3163784151263815
8943 5.612215281130711
8968 5.206750173022546
8978 1.6140145794615122
8987 4.42203579893711
9082 12.610724923381312
9115 3.047265923669174
9151 1.258716730071367
9170 0.6116303228879563
9182 7.332610264150794
9198 6.305362461690656
9204 2.5098732725184614
9213 3.7026727762462723
9310 3.4431615807611875
9372 2.3256808077886952
9384 1.3355491621146554
9391 2.735829765209286
9645 6.06532769949008
9671 4.600614369452231
9709 1.082307579643166
9812 17.161837764593564
9817 1.3183370332335338
9970 0.9675939027561428
10055 3.009525595686327
10114 1.3014161557451966
10231 3.2373095265570386
10233 3.4431615807611875
10248 5.389071729816501
10327 5.052599493195288
10329 -0.21009069570959765
10364 4.695924549256556
10521 4.433560284789064
10661 3.3349479961209547
10770 2.4876501357337513
10782 4.433560284789064
11027 1.2781978656431896
11044 3.9074671888922854
11168 1.2781978656431896
11243 3.8630154263214513
11256 5.612215281130711
11299 -1.0423655237318759
11379 2.0426825846493406
11386 2.1157077196642304
11387 12.610724923381312
11481 1.6186122887101415
11547 5.052599493195288
11562 6.9985096422506015
11584 4.433560284789064
11625 1.457246097092175
11665 3.5645224377654547
11717 2.938066631704182
11816 1.9296054400303697
11859 6.9985096422506015
11969 0.7582337970798316
11975 2.9209721983448818
12014 2.9911764570181303
12034 0.9324015521468534
12111 1.994563336305142
12128 4.359452312635343
12188 6.9985096422506015
12257 5.612215281130711
12277 3.1273086313427103
12283 5.208120975156325
12401 6.9985096422506015
12450 3.1483620405405426
12679 1.5958322603783217
12723 2.288979440938267
12772 3.773043707788116
12773 1.7652350335351346
12823 1.034930298632155
12853 1.152070867192877
12991 3.1066893441399746
13029 1.6609715625492831
13040 3.597312260588446
13045 1.886521853894058
13136 5.206750173022546
13197 6.569875151092587
13268 5.8998973535824915
13292 6.9985096422506015
13319 3.6111055827207816
13354 1.8280256472124494
13396 4.8012850649143815
13491 4.577958881876534
13508 1.7255100836868542
13527 2.049749751872433
13553 -1.111382279832576
13554 6.9985096422506015
13586 5.612215281130711
13613 1.8111238364098463
13649 6.9985096422506015
13672 1.5262389685791264
13740 4.359452312635343
13999 6.9985096422506015
14035 6.9985096422506015
14107 4.847597327494437
14237 -2.09174504491248
14309 3.0274254175198925
14352 0.9464204733261844
14373 6.305362461690656
14397 6.305362461690656
14416 0.7739512129752414
14439 6.254617262685421
14556 2.8876357780772897
14641 5.052599493195288
14682 1.5431885268928998
14933 3.7026727762462723
15181 1.751485570090115
15187 1.994563336305142
15209 2.579669034454003
15306 0.7199882180847567
15332 -4.656935190436861
15418 2.1233123190494494
15471 1.3881216796572402
15576 3.009525595686327
15578 3.5890059103476117
15592 5.74275051441102
15612 8.33059259638877
15677 1.5779746429783155
15771 0.023095714794649395
