111
1 6.305362461690656
76 5.206750173022546
389 1.6419233675785887
1822 4.766778250818684
1893 1.7567626271909589
1928 4.9753002714675025
2176 2.383389125409342
2421 3.0863770537857995
2423 6.9985096422506015
2442 2.7938170228596353
2512 4.8012850649143815
2592 2.938066631704182
2631 0.42584399448534344
2857 6.9985096422506015
2935 0.6320391945191633
2964 2.701306080253083
3120 3.2097641917964794
3186 6.440413124378658
3192 1.0095482253607377
3482 3.3096301881366648
3489 1.942263836902293
3700 1.2947271675944
3769 4.695924549256556
3820 1.7890234894091803
3883 5.8998973535824915
4021 1.5054481989100525
4092 5.612215281130711
4158 0.09180132134615113
4489 6.9985096422506015
4881 5.587634045719271
5316 2.236335707452845
5518 1.5868635903955612
5993 0.8521803845817039
6049 2.035665011990694
6640 3.7026727762462723
6721 2.383389125409342
6779 4.8012850649143815
6856 3.2849375755462935
7076 2.434161450782765
7085 4.433560284789064
7170 1.6186122887101415
7185 5.612215281130711
7197 1.730651483187273
7497 0.7014003223166658
7569 1.0170954309961207
7591 2.0426825846493406
7892 1.5517722705842913
8197 5.206750173022546
8439 0.4690908039883759
8731 2.0286963426746007
8978 1.6140145794615122
9061 3.6312138122641273
9115 3.047265923669174
9151 1.258716730071367
9284 3.9074671888922854
9748 10.61881688158767
9749 6.9985096422506015
9774 6.305362461690656
9970 0.4837969513780714
9990 2.2687142412684898
10008 2.0568672196412967
10072 5.8998973535824915
10302 2.6290617897835795
10437 6.836489302146179
10491 3.086486636822455
10749 5.877318733837912
10863 3.4431615807611875
10930 7.004004161568242
11023 1.2880826248757316
11089 2.309930450438483
11165 2.1863252868781835
11386 2.1157077196642304
11792 6.9985096422506015
11840 1.6902419448493964
11894 3.0357414378172196
11952 1.5958322603783217
12154 5.8998973535824915
12175 2.955458374416051
12350 12.610724923381312
12455 -0.4305173317360804
12460 1.466416859025783
12594 4.513602992462601
12661 6.305362461690656
12717 0.5999147077153936
12799 6.9985096422506015
12946 2.373124736879039
13183 3.502002080784121
13208 3.9346028577323438
13553 -0.37046075994419203
13893 4.05407066308416
13935 8.718904625270685
14237 -2.09174504491248
14252 3.502002080784121
14260 4.165296298194385
14267 -1.9118469665675755
14357 2.476721065201561
14381 0.6866029961942954
14416 0.7739512129752414
14455 1.637217476541176
14637 10.004843988362865
14726 5.612215281130711
14830 2.7790019370744945
14906 0.4013639403639497
15057 2.304141734385754
15155 1.380822401482141
15209 2.579669034454003
15326 3.2373095265570386
15332 -21.732364222038683
15413 1.2781978656431896
15685 0.8716404581364162
15783 0.48083836933832624
