26
1839 2.093234863812172
1896 1.7835738846416156
2631 0.42584399448534344
3186 1.2880826248757316
3820 3.5780469788183606
4158 0.030600440448717042
5307 2.9911764570181303
5993 0.8521803845817039
7104 -0.6634879166512921
7462 1.942263836902293
7569 1.0170954309961207
7904 2.211017899468555
9990 1.7015356809513673
10008 2.0568672196412967
10302 2.6290617897835795
10329 -0.21009069570959765
11570 1.1933746733341126
11671 2.2535775138873513
12455 -0.2152586658680402
12717 0.5999147077153936
12853 1.152070867192877
12946 1.1865623684395195
14365 3.8630154263214513
15057 1.152070867192877
15332 -1.5523117301456202
15783 0.48083836933832624
