326
109 4.359452312635343
117 4.290459441148391
241 1.6902419448493964
592 7.333898251950181
730 2.298029276458185
800 2.434161450782765
874 3.2849375755462935
978 2.298029276458185
1094 2.335070548138534
1381 2.6547042203969173
1485 6.9985096422506015
1658 6.9985096422506015
1702 3.3609234825242154
1704 6.9985096422506015
1795 6.9985096422506015
1870 6.305362461690656
1878 5.612215281130711
1893 1.7567626271909589
2017 3.3875917296063767
2049 2.37353682896633
2173 6.9985096422506015
2224 3.962459610871354
2240 3.31235078057158
2271 0.6835662361444191
2302 3.009525595686327
2334 0.7939518796819108
2401 5.8998973535824915
2424 4.438772298278144
2450 -3.0542844785180536
2538 1.422560539104285
2662 6.9985096422506015
2757 3.2849375755462935
2780 3.9539872045271784
2796 2.335070548138534
2935 0.6320391945191633
2959 8.311580544917305
2964 2.701306080253083
3048 2.5098732725184614
3143 4.438772298278144
3144 4.00277736869661
3297 7.907974409054357
3329 1.981229805435677
3386 2.6290617897835795
3553 5.612215281130711
3578 0.6015799870344548
3614 1.4378280112350734
3657 2.6164830075767194
3700 1.2947271675944
3774 1.7255100836868542
3785 2.87137525720551
3807 4.6513616155773905
3815 5.389071729816501
3820 1.7890234894091803
3961 2.6290617897835795
3970 4.05407066308416
3990 5.258123579567159
4053 -0.07476007520910928
4110 8.293209412960024
4208 1.5220460903190904
4219 3.5135252543819178
4282 11.421499663436274
4319 2.049749751872433
4325 3.21432000833234
4381 2.0149030205422647
4416 1.3637200390813515
4423 7.726030852642903
4427 3.597312260588446
4522 1.3017857382732205
4537 2.039247754698959
4551 3.9074671888922854
4562 3.3096301881366648
4593 3.9074671888922854
4651 3.8630154263214513
4711 1.9296054400303697
4750 0.6631056996427893
4809 2.8088549002241754
4908 6.305362461690656
4909 2.9381611094783557
4956 4.827084327160058
4964 0.563963123463148
4984 4.22592092001082
5151 2.555858385760285
5233 4.22592092001082
5249 3.3096301881366648
5292 17.699692060747473
5293 6.886323161522375
5430 2.750014400201242
5537 3.597312260588446
5590 1.4533321977710387
5630 1.1915383779016202
5635 4.40543819330772
5636 2.973157951515452
5735 3.502002080784121
5758 7.332610264150794
5839 2.579669034454003
5999 2.5098732725184614
6064 2.138697237888929
6088 1.2146844599208637
6123 2.288979440938267
6151 4.222567985219234
6216 2.3933394562625097
6219 2.298029276458185
6269 3.9539872045271784
6433 0.5154022907934025
6443 6.9985096422506015
6447 1.2880826248757316
6518 4.695924549256556
6539 4.86832290156553
6567 2.579669034454003
6583 0.8629447511688624
6754 2.4049037829704587
6784 5.389071729816501
6786 11.108018328738817
6819 1.7153059135126125
6908 1.0061308387793944
6930 5.206750173022546
6970 2.1863252868781835
6974 5.8998973535824915
7104 -3.980927499907753
7157 3.8630154263214513
7248 5.8998973535824915
7268 4.8012850649143815
7299 2.8553749158590684
7316 3.1273086313427103
7427 3.9074671888922854
7497 0.7014003223166658
7512 4.22592092001082
7534 1.242767428663689
7569 1.0170954309961207
7614 2.5676928434072877
7700 3.7026727762462723
7701 3.6312138122641273
7764 1.7052048175261088
7860 6.305362461690656
7871 4.108137884354437
7981 2.0426825846493406
7991 1.3149298749119196
8117 3.3349479961209547
8167 3.6312138122641273
8283 2.8876357780772897
8323 3.1698682457615064
8340 4.513602992462601
8496 3.502002080784121
8514 2.008077055471865
8523 8.707591628453203
8660 1.675499663112193
8710 2.204815118837552
8736 1.1933746733341126
8745 2.5441623459970937
8784 2.146479378330984
8856 2.3163784151263815
8904 2.1863252868781835
8928 1.3355491621146554
8946 5.443687046469091
8975 2.3933394562625097
8978 3.2280291589230243
9122 4.123476408189788
9204 2.5098732725184614
9220 6.9985096422506015
9229 2.3933394562625097
9234 8.45184184002164
9235 8.718904625270685
9353 2.476721065201561
9354 7.640911623805311
9365 1.4972514317058743
9531 1.67063347346102
9537 0.6546292081242703
9559 -1.247984157824609
9589 2.6230685718215625
9590 3.3096301881366648
9609 4.8012850649143815
9651 3.3875917296063767
9709 2.164615159286332
9779 1.8337236683270872
9817 1.3183370332335338
9956 3.47214911763444
10215 4.695924549256556
10237 5.8998973535824915
10295 4.433560284789064
10306 2.15432255579201
10325 3.7851283367000415
10326 1.5692307766395337
10329 -1.6807255656767812
10341 3.1698682457615064
10393 1.9746291214043248
10422 1.4175881426832082
10431 1.4437323058179135
10447 5.489534130344742
10456 8.566124747577206
10487 1.981229805435677
10500 3.666305132075397
10559 7.726030852642903
10709 3.666305132075397
10742 1.7890234894091803
10749 1.1754637467675824
10751 1.5879037593638217
10753 2.7790019370744945
10775 6.305362461690656
10868 -1.2975275096829597
10871 4.513602992462601
10872 1.6048820958982397
10874 4.359452312635343
10906 2.035665011990694
10936 7.814934377784571
11089 1.1549652252192415
11102 0.6652300141109108
11110 0.8102455191680114
11140 4.30864511158402
11168 2.556395731286379
11227 10.105198986390576
11299 -2.6059138093296896
11304 1.2054960338664575
11305 2.0640357091199095
11308 5.019746545036923
11320 2.764403137653342
11334 1.994563336305142
11393 3.2849375755462935
11481 1.6186122887101415
11522 2.555858385760285
11526 4.9257701027357665
11580 2.5441623459970937
11646 4.708237486218457
11801 6.305362461690656
11825 2.9041650800285006
11839 3.597312260588446
11884 5.612215281130711
11939 8.043064586142872
11969 2.274701391239495
12022 0.40409618250082274
12075 2.938066631704182
12093 1.6803896484063847
12122 1.1963912668735384
12135 3.740413104229119
12241 2.579669034454003
12377 2.6920409239639014
12380 3.2849375755462935
12391 9.575541457440844
12404 4.455242688256857
12407 2.5055845146478797
12455 -0.6457759976041206
12553 4.2863344651207615
12558 2.4446327506500602
12594 4.513602992462601
12598 2.5098732725184614
12608 4.8012850649143815
12610 4.847597327494437
12614 5.206750173022546
12781 2.498699971920336
12783 1.8986432144264027
12796 5.8419443966897635
12801 1.9109133070182172
12803 4.091160117244055
12805 1.8568460857479414
12972 2.8553749158590684
13001 2.9461134062376346
13021 7.262427624528255
13028 4.8012850649143815
13045 3.773043707788116
13071 3.086486636822455
13080 1.6246020367002147
13189 1.8745456628473423
13272 5.558003874148989
13319 1.8055527913603908
13360 4.05407066308416
13384 2.0568672196412967
13553 -2.222764559665152
13572 3.7490913256946845
13672 1.5262389685791264
13677 5.206750173022546
13710 7.262427624528255
13718 1.3425178314307487
13734 1.942263836902293
13753 3.7026727762462723
13767 2.6547042203969173
13834 4.00277736869661
13843 2.1782280766455644
13867 5.43856499105037
13891 0.6065925288579992
14008 2.001297368486486
14016 6.305362461690656
14031 4.695924549256556
14044 4.383526125696194
14103 4.05407066308416
14135 2.3541187431092285
14136 2.962113491571787
14151 4.359452312635343
14159 4.600614369452231
14237 -2.7889933932166397
14267 -0.3823693933135151
14381 0.2288676653980985
14389 6.9985096422506015
14455 1.637217476541176
14463 1.67063347346102
14519 3.086486636822455
14521 3.666305132075397
14527 2.938066631704182
14610 7.405345552492545
14647 3.8630154263214513
14830 2.7790019370744945
14918 7.065547478901749
14926 5.389071729816501
15122 6.305362461690656
15191 4.359452312635343
15192 1.489121305622624
15259 1.3320829541381691
15278 2.465910149097345
15292 2.211017899468555
15306 2.8799528723390266
15313 3.834210554532276
15317 9.200052028578826
15332 -7.761558650728101
15373 2.443082253939354
15397 2.001297368486486
15413 1.2781978656431896
15517 1.886521853894058
15578 1.7945029551738059
15592 2.87137525720551
15595 1.3320829541381691
15605 6.9985096422506015
15651 4.5508936751389415
15663 5.8998973535824915
15672 2.910084841569207
15685 0.8716404581364162
15714 6.305362461690656
15837 6.9985096422506015
15862 3.9074671888922854
