111
134 6.9985096422506015
162 6.9985096422506015
592 2.4446327506500602
1310 3.7796338173824005
1404 1.3708885285599641
1685 12.949238106228155
1690 2.455214859980597
1750 1.1068654304248302
1957 1.8223599096767722
2064 1.5647876386963615
2217 2.4876501357337513
2334 0.7939518796819108
2432 4.108137884354437
2450 -1.2217137914072214
2628 4.513602992462601
2920 1.3590830570083334
2959 1.1873686492739008
2964 0.900435360084361
3374 1.9680717208581657
3578 0.6015799870344548
3807 2.3256808077886952
4021 1.5054481989100525
4053 -0.07476007520910928
4309 2.681021528714291
4427 3.597312260588446
4522 0.2603571476546441
4613 2.211017899468555
4625 1.8452180477528222
4852 1.258716730071367
4989 1.3355491621146554
5208 2.5676928434072877
5249 3.3096301881366648
5339 1.1784267118982394
5630 0.4766153511606481
5973 2.9540974487767095
6015 6.383694304960563
6043 3.182675741580965
6049 2.035665011990694
6402 1.4112609838503516
6433 0.5154022907934025
7042 3.8630154263214513
7104 -0.6634879166512921
7118 9.38192589402813
7170 1.6186122887101415
7172 6.305362461690656
7290 6.305362461690656
7670 5.206750173022546
7813 1.0145733615634107
7846 10.887374092938183
7935 2.335070548138534
7991 1.3149298749119196
8041 3.597312260588446
8096 1.4533321977710387
8337 1.9550845253313545
8514 2.008077055471865
8523 4.353795814226602
8816 1.7255100836868542
8979 1.7890234894091803
9354 3.8204558119026557
9559 -0.9151883824047131
9698 1.9878743481543455
9709 2.164615159286332
9779 5.501171004981262
10325 1.8925641683500207
10422 0.7087940713416041
10889 3.086486636822455
10957 4.433560284789064
10971 3.502002080784121
11218 0.5720211847929105
11299 -1.5635482855978138
11304 1.2054960338664575
11308 2.5098732725184614
11463 3.47214911763444
11526 4.9257701027357665
11570 4.7734986933364505
11874 18.054411969850403
11900 4.099499503744866
12010 3.6312138122641273
12022 0.40409618250082274
12064 3.3349479961209547
12391 3.1918471524802814
12404 4.455242688256857
12407 0.83519483821596
12450 3.1483620405405426
12455 -0.4305173317360804
12457 3.2373095265570386
12781 2.498699971920336
12796 2.9209721983448818
12803 1.3637200390813515
12805 1.8568460857479414
12891 3.7796338173824005
13001 2.9461134062376346
13189 1.8745456628473423
13440 1.4770487243883548
13553 -1.4818430397767681
13857 3.9074671888922854
13867 1.087712998210074
13921 2.1782280766455644
14044 1.4611753752320646
14237 -2.09174504491248
14597 6.569875151092587
14656 1.1405764877671418
14682 3.0863770537857995
14906 1.204091821091849
15155 0.6904112007410705
15278 2.465910149097345
15292 2.211017899468555
15332 -3.1046234602912404
15373 0.814360751313118
15652 6.305362461690656
15827 3.8218266140364343
