22
2639 2.6040604875781623
3598 1.1666271649670843
3635 1.5779746429783155
3678 1.0020575536315801
3785 2.87137525720551
4053 -0.07476007520910928
4576 2.085854756514549
5083 1.5735596247691985
6919 1.422560539104285
9372 2.3256808077886952
9645 4.043551799660054
9709 1.082307579643166
9812 4.290459441148391
10114 1.3014161557451966
11034 1.5958322603783217
11299 -0.5211827618659379
11975 2.9209721983448818
12057 2.10066984229969
12773 0.8826175167675673
13553 -0.37046075994419203
14309 1.5137127087599462
14416 0.7739512129752414
