31
289 3.086486636822455
2450 -0.6108568957036107
2538 1.422560539104285
2659 3.4431615807611875
2940 1.6278716141229383
3380 2.3541187431092285
3578 0.6015799870344548
4286 2.130975191795019
4611 4.165296298194385
4783 2.1782280766455644
5083 1.5735596247691985
5279 1.7410142702228197
6433 0.5154022907934025
7808 2.8396265588909295
8242 2.035665011990694
8556 1.8223599096767722
10250 2.9209721983448818
10329 -0.21009069570959765
11287 2.0286963426746007
11840 1.6902419448493964
11969 0.7582337970798316
12407 1.67038967643192
12450 3.1483620405405426
12527 3.086486636822455
12579 6.9985096422506015
13451 3.4431615807611875
13795 1.5389241281064423
14237 -0.6972483483041599
14602 5.206750173022546
15121 1.5868635903955612
15397 2.001297368486486
