87
1886 3.1273086313427103
1942 1.691553895092994
2176 2.383389125409342
2179 8.867120569578129
2421 3.0863770537857995
2442 2.7938170228596353
2513 1.8280256472124494
2577 3.5327737394508745
2592 2.938066631704182
2595 2.5211728277723946
2631 0.6387659917280152
2962 10.413500346045092
3120 3.2097641917964794
3133 6.9985096422506015
3186 2.576165249751463
3215 0.589980851191103
3690 1.4972514317058743
3974 3.3875917296063767
4158 0.09180132134615113
4208 3.044092180638181
4319 2.049749751872433
4476 3.740413104229119
4616 1.8925641683500207
4840 2.938066631704182
5040 2.875656022470147
5484 0.9464204733261844
5889 2.4033897921160112
5987 4.433560284789064
5993 0.8521803845817039
6262 3.4431615807611875
6984 3.7796338173824005
7044 1.880515829833846
7104 -0.6634879166512921
7210 1.8568460857479414
7339 3.5327737394508745
7569 1.0170954309961207
7591 2.0426825846493406
8032 0.5108256237659907
8096 1.4533321977710387
8708 2.962113491571787
8850 1.7153059135126125
9267 5.206750173022546
9292 2.5441623459970937
9748 7.964112661190752
9818 3.21432000833234
9990 2.8358928015856124
10008 2.0568672196412967
10302 2.6290617897835795
10325 1.8925641683500207
10329 -0.21009069570959765
10437 2.7345957208584712
10491 3.086486636822455
10749 1.1754637467675824
10867 2.9066643955420775
11148 2.356853423796479
11170 2.5676928434072877
11491 1.8745456628473423
11570 2.3867493466682252
11671 6.760732541662054
11894 4.55361215672583
11969 0.7582337970798316
12022 0.40409618250082274
12043 2.498699971920336
12093 1.6803896484063847
12139 4.00277736869661
12455 -0.6457759976041206
12717 0.5999147077153936
12946 0.5932811842197597
13088 2.7790019370744945
13208 1.3115342859107813
13222 6.829981407588982
13440 1.4770487243883548
13576 3.9074671888922854
13845 2.001297368486486
13936 3.3349479961209547
14012 3.8630154263214513
14196 1.6746046411110493
14381 0.2288676653980985
14384 4.919068100570765
14385 5.052599493195288
14839 4.8012850649143815
15057 1.152070867192877
15259 1.3320829541381691
15283 4.47267141490569
15332 -4.656935190436861
15471 0.6940608398286201
15786 0.8981906902305371
