48
1902 2.0149030205422647
3230 2.8876357780772897
3613 2.8553749158590684
4302 1.8000126109847754
4537 3.0588716320484384
4914 1.4339892349279078
4976 4.577958881876534
5033 2.1233123190494494
5574 3.4431615807611875
5933 2.955458374416051
6583 0.8629447511688624
7104 -1.9904637499538764
7416 4.919068100570765
7713 3.1066893441399746
7813 1.0145733615634107
7965 1.886521853894058
8142 2.9041650800285006
9355 2.1782280766455644
9709 1.082307579643166
9733 1.0850066366123312
9779 1.8337236683270872
9794 4.600614369452231
9986 2.0568672196412967
10294 2.70805020110221
10326 0.5230769255465112
10431 0.7218661529089567
11137 1.7740846054958455
11385 3.8630154263214513
11717 2.938066631704182
12014 2.9911764570181303
12042 5.283601631122019
12404 1.485080896085619
12407 1.67038967643192
12707 2.2278250177849364
12717 0.5999147077153936
12818 3.1483620405405426
13080 0.8123010183501074
13471 2.6040604875781623
13930 1.3601549729168554
13933 3.7796338173824005
14074 3.7796338173824005
14477 2.5211728277723946
14547 3.740413104229119
14590 1.8337236683270872
14994 6.305362461690656
15332 -1.5523117301456202
15468 1.1549652252192415
15672 0.7275212103923018
