26
389 1.6419233675785887
1839 2.093234863812172
1896 1.7835738846416156
3120 1.6048820958982397
3186 1.2880826248757316
3690 1.4972514317058743
4158 0.030600440448717042
5993 1.7043607691634077
6583 0.8629447511688624
7808 2.8396265588909295
8439 0.4690908039883759
9990 1.1343571206342449
11570 1.1933746733341126
11671 2.2535775138873513
11894 1.5178707189086098
12139 4.00277736869661
12213 3.047265923669174
12455 -0.2152586658680402
12833 0.9630282097258448
12946 0.5932811842197597
13208 1.3115342859107813
13565 1.9878743481543455
15057 1.152070867192877
15332 -4.656935190436861
15471 0.6940608398286201
15783 0.48083836933832624
