32
1902 2.0149030205422647
3230 2.8876357780772897
3613 2.8553749158590684
4302 1.8000126109847754
4537 1.0196238773494795
4976 2.288979440938267
5033 2.1233123190494494
5574 3.4431615807611875
5933 2.955458374416051
7104 -1.3269758333025843
7416 4.919068100570765
7713 3.1066893441399746
7965 1.886521853894058
8142 2.9041650800285006
9355 2.1782280766455644
9733 1.0850066366123312
9779 1.8337236683270872
9986 2.0568672196412967
10294 2.70805020110221
10326 0.5230769255465112
11137 1.7740846054958455
11717 2.938066631704182
12042 2.6418008155610093
12404 1.485080896085619
12407 0.83519483821596
12707 2.2278250177849364
13080 0.8123010183501074
13471 2.6040604875781623
13930 1.3601549729168554
14477 2.5211728277723946
14994 6.305362461690656
15332 -1.5523117301456202
