29
2450 -1.2217137914072214
2674 1.0272478024601386
3840 1.2980660688599148
4114 1.3890378470656415
5630 0.11915383779016203
6083 3.3349479961209547
6130 3.0666840095262753
6754 1.2024518914852294
6908 0.33537694625979814
7051 1.8167260919585162
7104 -0.6634879166512921
7838 2.1081605140288473
8123 1.6609715625492831
9537 1.3092584162485406
10447 0.6099482367049713
11032 1.087712998210074
11304 1.2054960338664575
11939 2.681021528714291
12196 4.165296298194385
12254 2.335070548138534
12377 1.3460204619819507
12380 3.2849375755462935
12383 1.2523064517104479
12455 -0.2152586658680402
13460 2.955458374416051
13867 1.087712998210074
14237 -0.6972483483041599
14822 4.290459441148391
15306 0.7199882180847567
