143
521 1.8986432144264027
569 3.0282177286984795
743 5.206750173022546
1060 0.12433381283310307
1347 4.919068100570765
1381 2.6547042203969173
1686 1.1549652252192415
1902 2.0149030205422647
1922 3.390409468383051
1925 4.00277736869661
2019 2.344549292093078
2021 2.70805020110221
2159 3.502002080784121
2191 3.086486636822455
2450 -1.2217137914072214
2536 5.350721653924847
2638 2.130975191795019
2674 1.0272478024601386
2705 1.6657908489852322
2935 0.6320391945191633
3094 4.00277736869661
3198 13.078356937906028
3449 0.9823524825522477
3494 4.695924549256556
3498 5.74275051441102
3578 0.6015799870344548
3647 4.216321028057695
3774 1.7255100836868542
3792 6.305362461690656
3985 2.5098732725184614
3995 7.00594228036046
4044 5.8998973535824915
4114 4.167113541196924
4230 2.0149030205422647
4381 2.0149030205422647
4501 8.867120569578129
4512 5.206750173022546
4522 0.2603571476546441
4531 5.362043057428582
4586 3.009525595686327
4750 0.33155284982139466
4871 2.4876501357337513
5035 11.224430562261421
5054 4.600614369452231
5336 12.610724923381312
5388 3.47214911763444
5408 4.290459441148391
5432 6.886323161522375
5630 0.11915383779016203
5837 8.867120569578129
5919 6.9985096422506015
6113 4.695924549256556
6140 2.211017899468555
6567 2.579669034454003
6633 2.8088549002241754
6751 2.5441623459970937
6908 0.6707538925195963
7051 3.6334521839170324
7209 10.413500346045092
7363 3.2849375755462935
7459 2.1944885975173447
7578 0.5215372793609184
7813 1.0145733615634107
7868 6.9985096422506015
7935 2.335070548138534
8123 4.982914687647849
8125 5.8998973535824915
8327 8.472367117064893
8328 5.206750173022546
8432 3.3875917296063767
8710 2.204815118837552
9110 2.035665011990694
9393 1.060973437168175
9537 1.963887624372811
9589 2.6230685718215625
9712 4.433560284789064
9733 1.0850066366123312
9817 3.9550110997006014
9970 1.4513908541342142
10015 3.5645224377654547
10030 2.413542163580029
10114 1.3014161557451966
10202 2.591790394986348
10301 4.22592092001082
10306 2.15432255579201
10326 0.5230769255465112
10329 -0.4201813914191953
10437 1.3672978604292356
10447 3.0497411835248567
10491 3.086486636822455
10517 14.901689641602715
10734 2.735829765209286
10751 0.7939518796819108
10825 2.0149030205422647
11218 0.5720211847929105
11304 2.410992067732915
11334 1.994563336305142
11491 1.8745456628473423
11625 1.457246097092175
11677 1.7255100836868542
11844 4.290459441148391
12034 0.9324015521468534
12254 2.335070548138534
12377 1.3460204619819507
12383 1.2523064517104479
12455 -0.2152586658680402
12495 5.206750173022546
12629 3.3096301881366648
12736 3.414990703794491
12808 5.206750173022546
12818 3.1483620405405426
12879 4.433560284789064
13080 0.8123010183501074
13289 6.964057080891279
13400 5.612215281130711
13440 1.4770487243883548
13494 3.21432000833234
13527 2.049749751872433
13553 -0.37046075994419203
13565 1.9878743481543455
13672 1.5262389685791264
13718 1.3425178314307487
13891 1.2131850577159984
13918 2.8396265588909295
13920 4.05407066308416
14078 2.5098732725184614
14136 1.4810567457858934
14167 3.7026727762462723
14267 -0.3823693933135151
14315 3.009525595686327
14346 5.389071729816501
14422 2.1233123190494494
14626 2.750014400201242
14656 1.1405764877671418
15020 3.086486636822455
15097 3.6312138122641273
15152 5.8998973535824915
15241 1.7462362142039713
15306 1.4399764361695133
15397 2.001297368486486
15471 2.08218251948586
15517 3.773043707788116
15578 5.383508865521417
