183
241 1.6902419448493964
254 4.997399943840672
298 5.389071729816501
325 4.22592092001082
978 2.298029276458185
1842 2.0286963426746007
1896 1.7835738846416156
1900 4.290459441148391
1902 2.0149030205422647
1928 2.4876501357337513
2269 3.7372218546550555
2271 1.0253493542166288
2334 1.5879037593638217
2351 1.5647876386963615
2444 7.332610264150794
2450 -3.665141374221664
2640 2.735829765209286
2708 4.05407066308416
2919 2.1944885975173447
2920 1.3590830570083334
2935 0.6320391945191633
3057 4.47267141490569
3215 1.179961702382206
3374 1.9680717208581657
3386 13.145308948917897
3482 3.3096301881366648
3578 0.6015799870344548
3771 6.305362461690656
3820 1.7890234894091803
3849 9.602570129828763
3862 3.0666840095262753
4021 4.516344596730158
4023 5.206750173022546
4026 2.8876357780772897
4053 -0.07476007520910928
4158 0.12240176179486817
4230 2.0149030205422647
4245 3.597312260588446
4272 5.389071729816501
4309 2.681021528714291
4343 6.9985096422506015
4398 7.907974409054357
4476 3.740413104229119
4551 3.9074671888922854
4670 6.305362461690656
4838 1.4730567031188173
4852 6.293583650356835
4989 14.691040783261208
5040 1.4378280112350734
5083 1.5735596247691985
5228 5.8998973535824915
5316 2.236335707452845
5392 2.130975191795019
5442 6.9985096422506015
5484 0.9464204733261844
5539 1.7153059135126125
5572 62.49868411741992
5711 2.6290617897835795
5828 2.5676928434072877
5999 2.5098732725184614
6049 2.035665011990694
6133 4.359452312635343
6221 2.8553749158590684
6235 1.2270685191205855
6382 5.612215281130711
6402 1.4112609838503516
6467 2.2535775138873513
6631 4.359452312635343
6819 1.7153059135126125
6908 0.6707538925195963
7197 1.730651483187273
7312 2.3163784151263815
7482 1.8055527913603908
7688 3.086486636822455
7701 3.6312138122641273
7722 3.5327737394508745
7772 4.165296298194385
7808 5.679253117781859
7813 3.043720084690232
7906 1.4339892349279078
7991 1.3149298749119196
8043 3.461302966374546
8089 2.681021528714291
8096 1.4533321977710387
8251 6.9985096422506015
8283 5.775271556154579
8337 1.9550845253313545
8439 0.4690908039883759
8568 4.919068100570765
8683 1.6803896484063847
8714 8.45184184002164
8856 2.3163784151263815
9170 0.6116303228879563
9186 5.8998973535824915
9291 6.9985096422506015
9384 1.3355491621146554
9387 20.01388684348305
9400 9.38192589402813
9481 1.7727629685373998
9651 3.3875917296063767
9990 0.5671785603171224
10102 15.157798479585864
10165 6.9985096422506015
10217 2.15432255579201
10225 3.8630154263214513
10278 3.2849375755462935
10299 4.359452312635343
10301 4.22592092001082
10307 2.5676928434072877
10326 1.0461538510930224
10329 -0.4201813914191953
10393 1.9746291214043248
10422 0.7087940713416041
10491 3.086486636822455
10678 9.155917763753068
10950 6.305362461690656
11106 8.087103599320107
11287 6.086089028023802
11296 2.764403137653342
11299 -0.5211827618659379
11305 4.128071418239819
11394 4.165296298194385
11406 2.6418008155610093
11453 1.3637200390813515
11481 1.6186122887101415
11570 1.1933746733341126
11717 2.938066631704182
11825 2.9041650800285006
11848 6.305362461690656
11881 2.70805020110221
11900 2.049749751872433
11939 10.724086114857164
12022 2.0204809125041137
12043 7.4960999157610075
12078 2.727440078162703
12139 8.00555473739322
12455 -0.4305173317360804
12460 0.7332084295128914
12651 5.389071729816501
12771 17.699692060747473
12793 5.74275051441102
12849 4.22592092001082
13314 2.0286963426746007
13440 2.9540974487767095
13501 2.5211728277723946
13553 -4.815989879274497
13565 1.9878743481543455
13681 4.997399943840672
13791 6.094531847338348
13801 3.6312138122641273
13843 2.1782280766455644
14078 2.5098732725184614
14194 3.7026727762462723
14196 0.8373023205555247
14267 -2.2942163598810907
14345 3.9539872045271784
14352 0.9464204733261844
14381 0.2288676653980985
14416 0.7739512129752414
14543 5.206750173022546
14656 3.4217294633014257
14729 6.9985096422506015
14832 4.600614369452231
14891 4.22592092001082
14906 0.8027278807278994
15057 3.456212601578631
15241 3.4924724284079427
15283 35.78137131924552
15288 6.42864001666468
15317 3.0666840095262753
15332 -13.970805571310581
15341 0.7959741250626788
15373 0.814360751313118
15413 1.2781978656431896
15465 5.052599493195288
15468 2.309930450438483
15471 2.08218251948586
15540 6.9985096422506015
15685 1.7432809162728324
15728 6.019051191372654
15731 2.9911764570181303
15783 0.9616767386766525
15794 2.5676928434072877
