303
277 5.389071729816501
295 11.224430562261421
302 1.7153059135126125
389 1.6419233675785887
710 2.8553749158590684
730 2.298029276458185
785 6.9985096422506015
810 2.8396265588909295
1011 5.612215281130711
1056 5.389071729816501
1060 0.5595021577489638
1381 2.6547042203969173
1404 2.7417770571199283
1515 3.740413104229119
1623 5.8998973535824915
1686 1.1549652252192415
1687 2.413542163580029
1842 14.200874398722206
1893 5.270287881572877
1896 10.701443307849694
1923 2.211017899468555
1924 2.288979440938267
1929 4.216321028057695
1938 2.66777630196427
1942 3.383107790185988
1957 1.8223599096767722
1977 2.6040604875781623
1999 3.5327737394508745
2155 7.907974409054357
2176 2.383389125409342
2233 3.260840023967233
2240 1.65617539028579
2271 1.0253493542166288
2301 4.695924549256556
2334 0.7939518796819108
2351 1.5647876386963615
2412 4.108137884354437
2442 11.175268091438541
2450 -1.832570687110832
2492 3.047265923669174
2513 3.656051294424899
2521 4.165296298194385
2538 1.422560539104285
2601 3.1066893441399746
2631 1.490453980698702
2674 1.0272478024601386
2701 2.7218435232345457
2920 0.6795415285041667
2935 1.2640783890383267
2940 1.6278716141229383
2943 3.4431615807611875
2948 4.695924549256556
2964 1.800870720168722
2977 3.47214911763444
3120 4.814646287694719
3130 5.612215281130711
3186 11.592743623881583
3187 6.9985096422506015
3192 1.0095482253607377
3215 0.589980851191103
3286 4.600614369452231
3322 4.919068100570765
3359 3.8630154263214513
3407 2.085854756514549
3538 10.413500346045092
3643 3.21432000833234
3690 2.9945028634117485
3700 3.8841815027832003
3763 3.597312260588446
3774 1.7255100836868542
3820 1.7890234894091803
3970 4.05407066308416
4021 1.5054481989100525
4024 5.612215281130711
4037 6.9985096422506015
4070 3.320596291274491
4075 3.597312260588446
4096 3.3609234825242154
4158 0.6426092494230579
4208 4.566138270957271
4261 4.524622387712212
4284 3.9074671888922854
4286 4.261950383590038
4295 2.9209721983448818
4297 3.3096301881366648
4302 1.8000126109847754
4326 3.9539872045271784
4366 3.975748696308691
4409 10.105198986390576
4608 7.037613308698722
4616 1.8925641683500207
4693 4.8012850649143815
4750 0.994658549464184
4783 4.356456153291129
4881 8.381451068578906
4914 1.4339892349279078
4989 1.3355491621146554
5040 5.751312044940294
5046 6.7090071223585355
5055 2.2278250177849364
5119 2.3933394562625097
5144 6.9985096422506015
5154 2.4446327506500602
5155 3.3096301881366648
5318 3.1066893441399746
5491 3.597312260588446
5518 3.1737271807911225
5533 3.7026727762462723
5540 3.1698682457615064
5687 2.0785287164224764
5716 4.695924549256556
5773 2.735829765209286
5839 2.579669034454003
5876 3.7796338173824005
5889 4.8067795842320225
5905 3.567147769283231
5980 3.8630154263214513
5990 8.814199895112546
5993 3.4087215383268155
6004 3.1066893441399746
6033 4.695924549256556
6049 10.17832505995347
6158 2.455214859980597
6198 9.201228738904462
6205 2.955458374416051
6234 2.6290617897835795
6371 8.718904625270685
6389 3.1273086313427103
6433 0.5154022907934025
6525 3.1483620405405426
6583 3.4517790046754495
6587 8.00555473739322
6614 3.009525595686327
6636 4.600614369452231
6908 0.33537694625979814
6983 3.414990703794491
7025 1.0095482253607377
7044 1.880515829833846
7057 3.2849375755462935
7060 4.108137884354437
7104 -0.6634879166512921
7197 1.730651483187273
7210 3.713692171495883
7339 3.5327737394508745
7487 1.8167260919585162
7559 8.216275768708874
7569 2.0341908619922413
7591 4.085365169298681
7620 2.1863252868781835
7731 2.001297368486486
7808 2.8396265588909295
7882 4.359452312635343
7904 8.84407159787422
7906 1.4339892349279078
7924 3.2849375755462935
7972 6.9985096422506015
8007 1.904759441443839
8032 2.043302495063963
8043 5.191954449561819
8439 0.9381816079767518
8452 4.165296298194385
8672 5.775271556154579
8850 1.7153059135126125
8863 3.1918471524802814
8873 5.052599493195288
8880 3.34126694692204
8904 2.1863252868781835
8978 1.6140145794615122
9170 0.6116303228879563
9177 4.359452312635343
9355 2.1782280766455644
9384 1.3355491621146554
9393 4.2438937486727
9485 6.9985096422506015
9531 1.67063347346102
9602 2.2800107709555064
9649 5.612215281130711
9698 3.975748696308691
9709 1.082307579643166
9746 6.9985096422506015
9748 29.201746424366092
9765 7.134295538566462
9798 3.1698682457615064
9986 2.0568672196412967
9990 2.8358928015856124
10008 2.0568672196412967
10176 6.9985096422506015
10221 2.434161450782765
10294 2.70805020110221
10306 2.15432255579201
10326 0.5230769255465112
10329 -3.57154182706316
10437 9.571085023004649
10546 4.8012850649143815
10561 1.6003469407328483
10605 5.8998973535824915
10623 6.9985096422506015
10647 3.5327737394508745
10749 3.526391240302747
10867 1.4533321977710387
10981 3.086486636822455
11041 6.94429823526888
11076 6.9985096422506015
11089 1.1549652252192415
11148 9.427413695185916
11160 6.9985096422506015
11161 5.389071729816501
11202 2.9209721983448818
11209 3.666305132075397
11218 0.5720211847929105
11252 3.3096301881366648
11277 3.7796338173824005
11295 3.2373095265570386
11332 4.00277736869661
11384 6.721846965048431
11491 1.8745456628473423
11524 1.5178707189086098
11529 6.9985096422506015
11570 4.7734986933364505
11657 5.206750173022546
11671 11.267887569436756
11745 5.206750173022546
11769 1.6466515087745348
11790 2.2449194511442365
11894 6.071482875634439
11908 1.5346778372249912
11943 2.455214859980597
11960 4.695924549256556
11984 2.4237986637472186
12010 3.6312138122641273
12022 2.4245770950049366
12043 2.498699971920336
12059 4.919068100570765
12137 2.498699971920336
12139 8.00555473739322
12193 4.05407066308416
12355 3.5327737394508745
12455 -0.4305173317360804
12459 4.108137884354437
12460 6.598875865616023
12498 4.695924549256556
12668 4.22592092001082
12717 2.9995735385769677
12783 7.594572857705611
12798 6.305362461690656
12818 3.1483620405405426
12946 2.373124736879039
13001 1.4730567031188173
13029 3.3219431250985663
13052 6.521680047934466
13053 4.695924549256556
13137 48.62537035497854
13145 5.389071729816501
13197 3.2849375755462935
13202 3.6312138122641273
13208 2.6230685718215625
13403 3.502002080784121
13452 4.359452312635343
13527 4.099499503744866
13553 -1.111382279832576
13572 3.7490913256946845
13670 2.6164830075767194
13672 3.052477937158253
13734 1.942263836902293
13843 4.356456153291129
13891 2.4263701154319968
13893 8.10814132616832
13930 1.3601549729168554
13935 4.359452312635343
13936 3.3349479961209547
14107 2.4237986637472186
14135 2.3541187431092285
14196 1.6746046411110493
14198 9.141797771007521
14230 4.359452312635343
14237 -3.4862417415207996
14267 -1.1471081799405454
14313 1.6466515087745348
14343 7.559267634764801
14345 3.9539872045271784
14381 0.915470661592394
14422 2.1233123190494494
14515 3.0666840095262753
14528 4.05407066308416
14781 5.8998973535824915
14906 0.8027278807278994
14918 3.5327737394508745
14991 6.305362461690656
14999 6.9985096422506015
15076 3.21432000833234
15332 -21.732364222038683
15341 2.3879223751880367
15407 4.542243647076521
15418 8.493249276197798
15435 11.000057600804968
15456 3.1273086313427103
15536 4.600614369452231
15551 1.1578679848772029
15622 2.363780654020965
15685 0.8716404581364162
15709 2.1863252868781835
15783 1.4425151080149787
15786 2.694572070691611
