294
254 2.498699971920336
356 2.591790394986348
389 1.6419233675785887
492 3.3609234825242154
493 3.1698682457615064
495 2.8396265588909295
496 6.840032312866519
500 4.3403918098966
502 5.135385686814575
521 3.7972864288528054
717 2.8396265588909295
922 5.8998973535824915
1060 0.06216690641655154
1145 6.9985096422506015
1151 6.9985096422506015
1171 2.9209721983448818
1186 5.8998973535824915
1365 5.389071729816501
1379 2.1481658635875345
1381 2.6547042203969173
1404 4.112665585679892
1537 6.305362461690656
1687 4.827084327160058
1692 2.1944885975173447
1750 3.320596291274491
1757 3.9539872045271784
1782 2.7218435232345457
1805 5.206750173022546
1811 5.612215281130711
1924 2.288979440938267
1929 2.1081605140288473
1960 6.296724081081085
1984 4.513602992462601
2035 12.610724923381312
2049 2.37353682896633
2208 12.610724923381312
2227 6.9985096422506015
2256 6.9985096422506015
2334 1.5879037593638217
2394 4.05407066308416
2443 4.00277736869661
2450 -0.6108568957036107
2621 4.108137884354437
2631 0.6387659917280152
2639 2.6040604875781623
2862 2.9381611094783557
2865 28.80771038948629
2924 2.0286963426746007
2935 0.6320391945191633
2988 6.9985096422506015
3048 2.5098732725184614
3143 2.219386149139072
3165 3.7796338173824005
3190 9.602570129828763
3215 0.589980851191103
3351 6.9985096422506015
3374 5.904215162574497
3379 3.1918471524802814
3407 2.085854756514549
3432 5.8998973535824915
3607 6.9985096422506015
3646 2.5676928434072877
3657 2.6164830075767194
3658 2.938066631704182
3982 1.0769312226067855
4070 1.1068654304248302
4075 3.597312260588446
4158 0.1530022022435852
4208 1.5220460903190904
4221 4.290459441148391
4245 3.597312260588446
4259 3.8630154263214513
4449 6.9985096422506015
4500 2.8396265588909295
4522 0.2603571476546441
4536 2.70805020110221
4608 1.4075226617397445
4663 3.8630154263214513
4750 0.994658549464184
4812 3.9539872045271784
4912 1.9296054400303697
5040 1.4378280112350734
5045 5.612215281130711
5065 2.735829765209286
5067 2.2278250177849364
5111 3.21432000833234
5174 3.740413104229119
5181 2.288979440938267
5208 2.5676928434072877
5219 6.305362461690656
5264 5.052599493195288
5275 4.8012850649143815
5316 2.236335707452845
5339 1.1784267118982394
5388 3.47214911763444
5406 9.027205984925201
5466 5.8998973535824915
5484 1.8928409466523688
5585 6.305362461690656
5685 3.9074671888922854
5752 3.9539872045271784
5774 5.612215281130711
5779 3.21432000833234
5889 2.4033897921160112
5912 5.8998973535824915
6049 2.035665011990694
6156 9.000063054923878
6169 2.4033897921160112
6205 2.955458374416051
6283 3.5327737394508745
6329 6.9985096422506015
6338 2.413542163580029
6399 6.305362461690656
6402 1.4112609838503516
6414 6.296724081081085
6433 1.030804581586805
6595 2.4237986637472186
6630 6.305362461690656
6688 15.140513346800166
6754 1.2024518914852294
6819 1.7153059135126125
6972 3.9539872045271784
7025 1.0095482253607377
7057 9.85481272663888
7104 -4.644415416559045
7197 1.730651483187273
7210 5.5705382572438245
7215 2.344549292093078
7228 4.359452312635343
7295 3.7026727762462723
7309 4.8012850649143815
7497 2.1042009669499975
7500 5.612215281130711
7527 13.405107643571455
7555 3.740413104229119
7688 3.086486636822455
7749 5.8998973535824915
7764 1.7052048175261088
7906 2.8679784698558155
7991 2.629859749823839
8037 4.22592092001082
8041 3.597312260588446
8043 1.730651483187273
8085 4.108137884354437
8141 11.224430562261421
8169 2.7218435232345457
8171 6.9985096422506015
8261 4.513602992462601
8269 3.7026727762462723
8315 2.764403137653342
8323 3.1698682457615064
8439 0.4690908039883759
8444 1.7890234894091803
8471 2.7938170228596353
8582 1.3781087765334512
8713 19.67627240228306
8816 3.4510201673737084
8856 2.3163784151263815
8869 2.1782280766455644
8886 2.6163003758530814
8978 1.6140145794615122
9106 1.0850066366123312
9122 6.872460680316314
9154 4.93182029819469
9170 0.6116303228879563
9245 4.919068100570765
9263 6.305362461690656
9292 2.5441623459970937
9365 1.4972514317058743
9384 2.6710983242293107
9428 2.498699971920336
9434 5.8998973535824915
9537 0.6546292081242703
9602 2.2800107709555064
9667 3.7796338173824005
9970 0.9675939027561428
9986 8.227468878565187
9990 2.2687142412684898
10114 2.6028323114903933
10121 5.206750173022546
10154 3.3609234825242154
10194 14.731289159883584
10221 2.434161450782765
10246 4.919068100570765
10258 3.6000252219695508
10326 0.5230769255465112
10422 0.7087940713416041
10487 1.981229805435677
10636 3.9539872045271784
10655 3.8204558119026557
10739 4.74707365793266
10751 0.7939518796819108
10754 3.1698682457615064
10770 2.4876501357337513
10779 6.9985096422506015
10821 6.9985096422506015
10834 6.9985096422506015
10868 -0.5560832184355542
10880 7.262427624528255
10886 2.87137525720551
10910 4.695924549256556
11012 4.919068100570765
11023 1.2880826248757316
11027 3.834593596929569
11042 4.433560284789064
11271 6.9985096422506015
11327 3.5645224377654547
11375 2.681021528714291
11524 3.0357414378172196
11758 6.305362461690656
11774 6.056435457396959
11781 2.591790394986348
11784 6.94429823526888
11785 7.872286883432663
11788 3.3096301881366648
11816 1.9296054400303697
11943 2.455214859980597
11947 3.0282177286984795
11969 0.7582337970798316
11975 2.9209721983448818
12042 2.6418008155610093
12324 57.636283702257835
12455 -0.2152586658680402
12460 3.666042147564457
12550 4.290459441148391
12677 3.9539872045271784
12743 6.9985096422506015
12758 17.699692060747473
12781 2.498699971920336
12818 25.18689632432434
12910 12.610724923381312
12944 4.695924549256556
12946 0.5932811842197597
13029 1.6609715625492831
13070 6.9985096422506015
13080 0.8123010183501074
13108 4.560021541911013
13310 3.666305132075397
13312 2.955458374416051
13314 8.114785370698403
13316 3.047265923669174
13338 2.5211728277723946
13354 1.8280256472124494
13390 2.236335707452845
13412 2.5098732725184614
13444 4.22592092001082
13462 3.3096301881366648
13499 16.432551537417748
13534 6.9985096422506015
13538 3.414990703794491
13553 -0.37046075994419203
13572 1.8745456628473423
13718 1.3425178314307487
13775 3.2849375755462935
13814 6.9985096422506015
13821 17.699692060747473
13834 4.00277736869661
13904 3.5327737394508745
13921 2.1782280766455644
13922 1.8986432144264027
14044 1.4611753752320646
14104 1.710242611556066
14188 7.194624521176892
14237 -2.7889933932166397
14267 -1.5294775732540604
14301 6.9985096422506015
14308 2.0640357091199095
14362 21.452297205741957
14364 31.03492199352345
14388 6.9985096422506015
14484 8.580918882296782
14599 4.433560284789064
14682 1.5431885268928998
14727 6.9985096422506015
14830 2.7790019370744945
14906 0.4013639403639497
15057 1.152070867192877
15076 3.21432000833234
15089 3.3349479961209547
15121 7.934317951977806
15209 2.579669034454003
15332 -15.523117301456201
15373 2.443082253939354
15418 2.1233123190494494
15468 2.309930450438483
15471 0.6940608398286201
15527 6.9985096422506015
15558 6.9985096422506015
15578 1.7945029551738059
15685 4.358202290682081
15759 6.9985096422506015
15771 0.09238285917859758
15805 6.0242311664155945
15807 6.9985096422506015
