197
96 6.305362461690656
254 2.498699971920336
277 5.389071729816501
295 5.612215281130711
302 1.7153059135126125
323 5.206750173022546
389 1.6419233675785887
710 2.8553749158590684
1056 5.389071729816501
1060 0.12433381283310307
1062 2.591790394986348
1083 6.305362461690656
1087 10.778143459633002
1896 1.7835738846416156
1900 4.290459441148391
1938 2.66777630196427
1942 3.383107790185988
1954 2.750014400201242
1957 1.8223599096767722
1977 2.6040604875781623
2070 1.4730567031188173
2176 2.383389125409342
2241 4.8012850649143815
2242 3.9539872045271784
2365 3.7026727762462723
2442 5.587634045719271
2513 3.656051294424899
2594 3.5645224377654547
2597 2.1157077196642304
2631 1.7033759779413737
2766 3.0666840095262753
2862 4.407241664217533
2920 2.0386245855125003
2935 3.7922351671149803
2940 1.6278716141229383
2943 6.886323161522375
2964 0.900435360084361
3074 5.389071729816501
3186 9.016578374130122
3192 1.0095482253607377
3215 0.589980851191103
3490 4.108137884354437
3612 3.1918471524802814
3804 2.750014400201242
3820 3.5780469788183606
3896 1.403798262648762
4004 2.4446327506500602
4021 1.5054481989100525
4073 5.052599493195288
4096 3.3609234825242154
4158 0.3978057258333215
4172 3.414990703794491
4223 6.5589758606345505
4261 4.524622387712212
4309 2.681021528714291
4466 3.9539872045271784
4549 2.6418008155610093
4566 3.597312260588446
4608 2.815045323479489
4750 0.33155284982139466
4878 1.3672978604292356
4937 4.600614369452231
4989 1.3355491621146554
5058 3.5327737394508745
5307 11.964705828072521
5377 3.666305132075397
5484 0.9464204733261844
5518 3.1737271807911225
5578 5.8998973535824915
5827 5.8998973535824915
5850 3.047265923669174
5889 2.4033897921160112
5993 4.260901922908519
6049 2.035665011990694
6242 2.9041650800285006
6338 2.413542163580029
6358 4.290459441148391
6371 4.359452312635343
6376 3.0666840095262753
6397 5.052599493195288
6433 0.5154022907934025
6583 4.314723755844312
6614 9.02857678705898
6751 2.5441623459970937
6872 1.3047775034479017
6984 3.7796338173824005
7104 -1.9904637499538764
7197 1.730651483187273
7210 9.284230428739708
7311 2.236335707452845
7312 2.3163784151263815
7497 0.7014003223166658
7569 3.0512862929883617
7597 2.1863252868781835
7824 6.305362461690656
7892 7.758861352921457
7904 4.42203579893711
7906 1.4339892349279078
7924 3.2849375755462935
8032 0.5108256237659907
8043 1.730651483187273
8256 1.6803896484063847
8439 0.4690908039883759
8643 2.001297368486486
8708 1.4810567457858934
8788 2.146479378330984
8850 1.7153059135126125
8904 4.372650573756367
9223 3.047265923669174
9267 5.206750173022546
9384 1.3355491621146554
9512 5.389071729816501
9602 2.2800107709555064
9658 5.612215281130711
9748 13.273521101984587
9986 2.0568672196412967
9990 8.507678404756836
9998 5.612215281130711
10008 4.113734439282593
10055 3.009525595686327
10076 5.500028800402484
10180 6.305362461690656
10287 3.009525595686327
10294 2.70805020110221
10302 5.258123579567159
10306 2.15432255579201
10326 0.5230769255465112
10329 -1.0504534785479882
10420 4.290459441148391
10437 6.836489302146179
10491 6.17297327364491
10698 3.8630154263214513
10749 2.3509274935351647
10867 5.813328791084155
10872 1.6048820958982397
11032 1.087712998210074
11089 2.309930450438483
11148 1.1784267118982394
11258 4.00277736869661
11287 4.0573926853492015
11323 10.791936781765338
11481 1.6186122887101415
11570 1.1933746733341126
11620 5.8998973535824915
11671 6.760732541662054
11836 4.74707365793266
11840 1.6902419448493964
11894 4.55361215672583
11969 1.5164675941596633
12022 1.2122885475024683
12078 1.3637200390813515
12111 1.994563336305142
12122 1.1963912668735384
12139 4.00277736869661
12460 0.7332084295128914
12595 2.344549292093078
12696 5.052599493195288
12717 1.1998294154307871
12772 1.886521853894058
12773 0.8826175167675673
12826 1.2619373447714093
12832 3.3096301881366648
12833 0.9630282097258448
12853 1.152070867192877
12946 1.1865623684395195
13033 4.919068100570765
13052 3.260840023967233
13208 2.6230685718215625
13222 3.414990703794491
13353 1.961557039836972
13440 1.4770487243883548
13553 -0.7409215198883841
13565 3.975748696308691
13936 6.669895992241909
14252 3.502002080784121
14267 -1.1471081799405454
14352 1.8928409466523688
14357 4.953442130403122
14381 1.6020736577866894
14384 14.757204301712296
14431 3.104790895896465
14814 4.8012850649143815
14891 4.22592092001082
14906 0.4013639403639497
15057 1.152070867192877
15158 3.8204558119026557
15187 1.994563336305142
15332 -15.523117301456201
15398 4.919068100570765
15418 4.246624638098899
15453 2.236335707452845
15471 2.08218251948586
15472 2.735829765209286
15672 0.7275212103923018
15731 2.9911764570181303
15783 0.48083836933832624
15857 3.0666840095262753
