44
2038 1.880515829833846
2301 4.695924549256556
2631 0.21292199724267172
3186 3.8642478746271944
3226 5.612215281130711
4158 0.09180132134615113
5307 5.982352914036261
5484 0.9464204733261844
5834 1.65617539028579
5993 1.7043607691634077
6136 1.457246097092175
6548 2.0785287164224764
6614 6.019051191372654
7197 1.730651483187273
7569 1.0170954309961207
8850 1.7153059135126125
9106 1.0850066366123312
9285 3.047265923669174
9748 2.6547042203969173
9990 1.1343571206342449
10006 2.6944445490464313
10223 4.05407066308416
10329 -0.21009069570959765
10437 1.3672978604292356
11323 3.597312260588446
12059 4.919068100570765
12139 4.00277736869661
12455 -0.6457759976041206
12460 0.7332084295128914
12946 0.5932811842197597
13080 0.8123010183501074
13208 1.3115342859107813
13942 6.9985096422506015
14196 0.8373023205555247
14237 -0.6972483483041599
14308 4.128071418239819
14357 2.476721065201561
14384 4.919068100570765
14726 5.612215281130711
15057 1.152070867192877
15332 -3.1046234602912404
15413 1.2781978656431896
15471 0.6940608398286201
15783 0.9616767386766525
