191
241 1.6902419448493964
592 2.4446327506500602
657 2.0640357091199095
1060 0.12433381283310307
1407 5.389071729816501
1653 6.305362461690656
1686 1.1549652252192415
1924 2.288979440938267
2019 2.344549292093078
2021 2.70805020110221
2159 3.502002080784121
2191 3.086486636822455
2198 4.8012850649143815
2240 1.65617539028579
2442 2.7938170228596353
2450 -1.832570687110832
2757 3.2849375755462935
2796 2.335070548138534
2920 0.6795415285041667
2935 0.6320391945191633
2940 1.6278716141229383
3011 5.206750173022546
3119 6.9985096422506015
3297 3.9539872045271784
3578 0.6015799870344548
3598 2.3332543299341686
3609 4.290459441148391
3614 7.189140056175367
3615 4.165296298194385
3647 2.1081605140288473
3709 2.9041650800285006
3896 1.403798262648762
3982 2.153862445213571
4070 1.1068654304248302
4114 4.167113541196924
4116 4.695924549256556
4130 4.22592092001082
4138 3.3875917296063767
4381 2.0149030205422647
4397 3.666305132075397
4416 2.727440078162703
4501 4.433560284789064
4522 0.7810714429639324
4531 8.043064586142872
4537 3.0588716320484384
4750 0.33155284982139466
4865 3.0282177286984795
4871 4.9753002714675025
4878 1.3672978604292356
4886 3.009525595686327
4907 6.9985096422506015
4964 0.563963123463148
5243 3.6312138122641273
5339 1.1784267118982394
5408 4.290459441148391
5484 1.8928409466523688
5555 2.4033897921160112
5630 0.3574615133704861
5874 2.579669034454003
5944 3.8204558119026557
5949 10.693567313296365
5950 4.00277736869661
5973 1.4770487243883548
5996 4.00277736869661
6087 5.052599493195288
6205 2.955458374416051
6447 1.2880826248757316
6590 3.8204558119026557
6633 2.8088549002241754
6721 2.383389125409342
6739 1.6140145794615122
6751 2.5441623459970937
6819 3.430611827025225
7051 5.450178275875548
7104 -3.3174395832564607
7189 3.8630154263214513
7274 3.0666840095262753
7459 2.1944885975173447
7473 6.305362461690656
7497 0.7014003223166658
7539 4.600614369452231
7813 1.0145733615634107
7981 2.0426825846493406
8037 4.22592092001082
8123 4.982914687647849
8124 2.973157951515452
8283 2.8876357780772897
8327 2.824122372354964
8328 5.206750173022546
8337 1.9550845253313545
8509 9.201228738904462
8577 6.9985096422506015
8632 6.9985096422506015
8648 2.434161450782765
8677 3.5645224377654547
8710 1.102407559418776
8887 6.9985096422506015
8928 1.3355491621146554
8954 3.5645224377654547
9122 1.3744921360632627
9229 2.3933394562625097
9537 1.963887624372811
9733 1.0850066366123312
9799 6.9985096422506015
9899 4.8012850649143815
9902 4.600614369452231
9970 0.4837969513780714
10202 7.775371184959044
10271 6.305362461690656
10287 3.009525595686327
10393 1.9746291214043248
10422 1.4175881426832082
10443 2.4876501357337513
10447 1.2198964734099427
10487 1.981229805435677
10491 3.086486636822455
10517 5.588133615601018
10713 3.5645224377654547
10734 2.735829765209286
10751 4.763711278091465
10868 -0.18536107281185138
10889 3.086486636822455
10906 2.035665011990694
11026 4.695924549256556
11027 1.2781978656431896
11040 6.305362461690656
11110 1.6204910383360227
11116 1.9109133070182172
11191 9.201228738904462
11218 1.144042369585821
11304 1.2054960338664575
11327 3.5645224377654547
11332 4.00277736869661
11386 2.1157077196642304
11398 3.009525595686327
11416 4.356456153291129
11453 1.3637200390813515
11570 1.1933746733341126
11580 5.088324691994187
11677 5.176530251060562
11943 2.455214859980597
12028 5.183580789972696
12034 1.8648031042937068
12040 3.5645224377654547
12043 2.498699971920336
12254 2.335070548138534
12377 2.6920409239639014
12383 1.2523064517104479
12553 2.1431672325603808
12820 3.3349479961209547
12833 0.9630282097258448
12853 1.152070867192877
12997 3.502002080784121
13045 1.886521853894058
13080 1.6246020367002147
13209 3.6312138122641273
13241 6.9985096422506015
13270 5.612215281130711
13494 6.42864001666468
13553 -0.37046075994419203
13599 4.290459441148391
13753 3.7026727762462723
13805 4.8012850649143815
13846 3.3096301881366648
13891 0.6065925288579992
13897 5.443687046469091
14082 6.305362461690656
14267 -0.3823693933135151
14357 2.476721065201561
14431 1.034930298632155
14476 5.052599493195288
14486 2.6164830075767194
14894 3.740413104229119
14901 2.5326015235960173
14906 0.8027278807278994
14907 3.5645224377654547
14949 3.9074671888922854
15037 2.3163784151263815
15129 2.8876357780772897
15224 5.808330160057001
15306 2.15996465425427
15332 -1.5523117301456202
15449 4.8012850649143815
15471 0.6940608398286201
15517 1.886521853894058
15570 2.7218435232345457
15595 1.3320829541381691
15600 3.009525595686327
15625 5.389071729816501
15771 0.023095714794649395
15820 4.165296298194385
