177
209 1.7001922757025645
289 6.17297327364491
302 3.430611827025225
356 2.591790394986348
1136 6.9985096422506015
1686 3.4648956756577247
1692 2.1944885975173447
1850 3.0666840095262753
1886 6.254617262685421
1928 2.4876501357337513
2026 2.681021528714291
2068 6.721846965048431
2450 -1.2217137914072214
2484 1.3149298749119196
2538 1.422560539104285
2657 6.721846965048431
2839 6.296724081081085
2940 1.6278716141229383
3083 6.9985096422506015
3127 6.9985096422506015
3180 2.7938170228596353
3192 3.028644676082213
3374 1.9680717208581657
3482 3.3096301881366648
3586 3.2849375755462935
3642 6.94429823526888
3690 1.4972514317058743
3737 1.8055527913603908
3896 1.403798262648762
3982 1.0769312226067855
4179 6.829981407588982
4241 2.4033897921160112
4247 4.632756830252763
4265 3.5327737394508745
4295 2.9209721983448818
4302 1.8000126109847754
4366 1.9878743481543455
4586 3.009525595686327
4711 9.648027200151848
4761 6.305362461690656
4765 1.4150133334689021
5006 3.086486636822455
5020 3.21432000833234
5055 2.2278250177849364
5083 1.5735596247691985
5278 3.9074671888922854
5279 15.669128432005378
5363 3.0666840095262753
5484 0.9464204733261844
5500 16.167215189449504
5590 1.4533321977710387
5770 3.4431615807611875
5773 2.735829765209286
5959 3.47214911763444
5990 5.876133263408364
5993 0.8521803845817039
6338 2.413542163580029
6364 3.260840023967233
6583 2.588834253506587
6595 2.4237986637472186
6872 1.3047775034479017
7028 2.764403137653342
7154 9.83813620114153
7162 6.9985096422506015
7208 12.610724923381312
7401 1.886521853894058
7462 1.942263836902293
7487 5.450178275875548
7569 1.0170954309961207
7591 2.0426825846493406
7620 13.117951721269101
7700 3.7026727762462723
7702 5.389071729816501
7721 4.8012850649143815
7731 2.001297368486486
7764 1.7052048175261088
7932 1.8745456628473423
7936 4.359452312635343
7991 1.3149298749119196
8463 8.580918882296782
8556 7.289439638707089
8660 1.675499663112193
8699 11.224430562261421
9136 4.433560284789064
9346 2.498699971920336
9436 5.8998973535824915
9537 0.6546292081242703
9589 1.3115342859107813
9709 1.082307579643166
9733 1.0850066366123312
9765 1.7835738846416156
9779 1.8337236683270872
9791 2.344549292093078
9881 5.389071729816501
9986 2.0568672196412967
9990 1.1343571206342449
9993 4.00277736869661
10015 3.5645224377654547
10059 5.612215281130711
10114 1.3014161557451966
10202 2.591790394986348
10209 4.290459441148391
10210 11.964705828072521
10250 2.9209721983448818
10304 4.433560284789064
10329 -0.4201813914191953
10341 3.1698682457615064
10431 0.7218661529089567
10437 2.7345957208584712
10487 1.981229805435677
10536 8.718904625270685
10749 1.1754637467675824
10857 5.052599493195288
11007 5.052599493195288
11023 1.2880826248757316
11032 1.087712998210074
11148 2.356853423796479
11228 3.3096301881366648
11287 6.086089028023802
11288 6.9985096422506015
11308 5.019746545036923
11334 1.994563336305142
11375 2.681021528714291
11379 2.0426825846493406
11491 1.8745456628473423
11520 3.1066893441399746
11778 2.8553749158590684
11788 6.6192603762733295
11840 1.6902419448493964
11841 5.679253117781859
11903 6.305362461690656
11908 1.5346778372249912
12336 4.919068100570765
12361 4.8012850649143815
12404 1.485080896085619
12407 3.34077935286384
12450 3.1483620405405426
12459 4.108137884354437
12460 0.7332084295128914
12491 4.22592092001082
12527 9.259459910467365
12553 3.214750848840571
12598 2.5098732725184614
12660 10.17832505995347
12669 4.433560284789064
12811 4.22592092001082
12826 1.2619373447714093
12946 1.1865623684395195
13106 2.335070548138534
13175 4.695924549256556
13440 5.908194897553419
13505 3.0666840095262753
13547 3.2006938814656967
13795 12.311393024851538
13799 5.389071729816501
13808 5.8998973535824915
13838 2.3163784151263815
13867 1.087712998210074
13904 3.5327737394508745
14104 3.420485223112132
14237 -2.09174504491248
14269 5.612215281130711
14381 0.2288676653980985
14431 1.034930298632155
14656 2.2811529755342836
15081 4.919068100570765
15278 2.465910149097345
15332 -3.1046234602912404
15373 0.814360751313118
15397 2.001297368486486
15424 1.8111238364098463
15458 2.8088549002241754
15468 1.1549652252192415
15471 0.6940608398286201
15518 1.880515829833846
15672 1.4550424207846036
15685 0.8716404581364162
