37
289 3.086486636822455
1928 2.4876501357337513
2450 -0.6108568957036107
2659 3.4431615807611875
2839 3.1483620405405426
2862 1.4690805547391779
2935 0.6320391945191633
2966 5.612215281130711
3192 1.0095482253607377
4586 3.009525595686327
4608 1.4075226617397445
4711 1.9296054400303697
5278 3.9074671888922854
5279 1.7410142702228197
5973 1.4770487243883548
7620 2.1863252868781835
7813 1.0145733615634107
7991 1.3149298749119196
8556 1.8223599096767722
9384 1.3355491621146554
10210 5.982352914036261
10250 2.9209721983448818
10431 0.7218661529089567
10437 1.3672978604292356
11277 3.7796338173824005
11287 2.0286963426746007
11840 1.6902419448493964
12407 2.5055845146478797
12527 3.086486636822455
12660 2.035665011990694
12946 0.5932811842197597
13795 1.5389241281064423
13873 3.740413104229119
13904 3.5327737394508745
14104 1.710242611556066
14656 1.1405764877671418
15672 0.7275212103923018
