168
209 1.7001922757025645
302 1.7153059135126125
389 1.6419233675785887
710 2.8553749158590684
842 4.433560284789064
874 3.2849375755462935
1286 6.9985096422506015
1415 6.305362461690656
1687 4.827084327160058
1690 2.455214859980597
1750 1.1068654304248302
1942 3.383107790185988
2036 1.9486536350010641
2038 1.880515829833846
2049 2.37353682896633
2087 2.8876357780772897
2133 6.9985096422506015
2143 12.610724923381312
2258 5.74275051441102
2271 0.34178311807220957
2357 1.1873686492739008
2450 -1.2217137914072214
2452 2.1782280766455644
2513 3.656051294424899
2538 1.422560539104285
2674 3.081743407380416
2833 3.666305132075397
2920 0.6795415285041667
2932 5.206750173022546
2964 0.900435360084361
3168 2.824122372354964
3186 2.576165249751463
3195 13.078356937906028
3215 2.359923404764412
3219 8.718904625270685
3223 5.042345655544789
3359 3.8630154263214513
3586 3.2849375755462935
3596 5.052599493195288
3635 1.5779746429783155
3700 2.5894543351888
3982 2.153862445213571
3988 6.9985096422506015
4158 0.09180132134615113
4266 5.389071729816501
4297 3.3096301881366648
4309 2.681021528714291
4437 2.4033897921160112
4646 1.8686109273275278
4651 3.8630154263214513
4970 1.9746291214043248
5033 4.246624638098899
5047 3.3349479961209547
5058 3.5327737394508745
5156 2.211017899468555
5307 2.9911764570181303
5339 1.1784267118982394
5392 2.130975191795019
5620 3.8204558119026557
5905 1.7835738846416156
5993 0.8521803845817039
6126 5.052599493195288
6136 1.457246097092175
6280 4.8012850649143815
6358 4.290459441148391
6389 3.1273086313427103
6390 3.047265923669174
6557 3.1483620405405426
6595 4.847597327494437
6628 3.1918471524802814
6718 3.9539872045271784
6754 1.2024518914852294
7044 3.761031659667692
7104 -2.6539516666051686
7197 1.730651483187273
7203 3.1066893441399746
7210 1.8568460857479414
7346 3.5645224377654547
7569 1.0170954309961207
7578 1.0430745587218369
7588 5.052599493195288
7633 1.8745456628473423
7808 2.8396265588909295
7906 1.4339892349279078
8032 2.043302495063963
8060 3.9539872045271784
8090 6.7090071223585355
8242 4.071330023981388
8439 0.9381816079767518
8708 1.4810567457858934
8710 0.551203779709388
8736 1.1933746733341126
8904 2.1863252868781835
8928 1.3355491621146554
8987 2.211017899468555
9151 1.258716730071367
9164 3.597312260588446
9223 3.047265923669174
9285 6.094531847338348
9393 1.060973437168175
9537 1.3092584162485406
9554 1.271661894663404
9573 3.3096301881366648
9687 6.9985096422506015
9918 6.9985096422506015
10160 6.9985096422506015
10306 2.15432255579201
10326 0.5230769255465112
10329 -0.21009069570959765
10595 4.05407066308416
10647 3.5327737394508745
10653 6.9985096422506015
10749 1.1754637467675824
10796 7.726030852642903
10868 -0.18536107281185138
10909 2.7790019370744945
11027 1.2781978656431896
11086 6.9985096422506015
11102 0.6652300141109108
11148 3.5352801356947183
11295 6.474619053114077
11453 1.3637200390813515
11520 3.1066893441399746
11570 1.1933746733341126
11704 3.1483620405405426
11769 1.6466515087745348
11894 3.0357414378172196
11905 3.2849375755462935
11996 4.513602992462601
12057 2.10066984229969
12081 2.363780654020965
12292 5.042345655544789
12460 0.7332084295128914
12503 2.2278250177849364
12553 4.2863344651207615
12717 1.1998294154307871
12792 3.8204558119026557
12853 1.152070867192877
12946 1.1865623684395195
13029 1.6609715625492831
13080 0.8123010183501074
13208 2.6230685718215625
13279 4.359452312635343
13289 3.4820285404456395
13505 3.0666840095262753
13508 1.7255100836868542
13553 -0.7409215198883841
13670 2.6164830075767194
13718 1.3425178314307487
13845 2.001297368486486
13891 0.6065925288579992
13930 2.7203099458337108
14237 -0.6972483483041599
14267 -0.7647387866270302
14352 0.9464204733261844
14381 0.2288676653980985
14813 12.610724923381312
14906 0.8027278807278994
14924 6.305362461690656
15057 1.152070867192877
15332 -4.656935190436861
15341 0.7959741250626788
15407 2.2711218235382606
15424 1.8111238364098463
15471 0.6940608398286201
15672 0.7275212103923018
15783 0.9616767386766525
15786 3.5927627609221484
