48
1702 3.3609234825242154
2036 3.8973072700021283
2358 3.1273086313427103
2424 2.219386149139072
2536 1.7835738846416156
3014 8.45184184002164
3052 3.2373095265570386
3329 1.981229805435677
4006 2.6547042203969173
4108 3.1066893441399746
4262 3.1698682457615064
4270 3.5327737394508745
5430 2.750014400201242
5636 2.973157951515452
5773 5.471659530418572
6047 3.009525595686327
6289 5.612215281130711
6819 1.7153059135126125
6908 0.33537694625979814
7838 4.216321028057695
8496 3.502002080784121
8672 2.8876357780772897
8710 0.551203779709388
8723 1.5262389685791264
9122 1.3744921360632627
9559 -0.08319894385497392
9580 3.3096301881366648
10006 2.6944445490464313
11102 1.3304600282218215
11218 0.5720211847929105
11264 5.612215281130711
11299 -0.5211827618659379
11597 3.0666840095262753
11900 4.099499503744866
12057 2.10066984229969
13189 1.8745456628473423
13289 1.7410142702228197
13354 1.8280256472124494
13603 5.612215281130711
13734 5.8267915107068795
13738 4.22592092001082
13890 2.681021528714291
14135 2.3541187431092285
14315 3.009525595686327
14507 1.8510151654371483
14636 5.389071729816501
15468 1.1549652252192415
15827 1.9109133070182172
