177
138 5.8998973535824915
144 5.8998973535824915
978 2.298029276458185
1094 2.335070548138534
1332 6.305362461690656
1407 5.389071729816501
1836 2.5326015235960173
2021 2.70805020110221
2159 3.502002080784121
2198 4.8012850649143815
2357 1.1873686492739008
2421 1.5431885268928998
2450 -0.6108568957036107
2519 1.6902419448493964
2585 3.9074671888922854
2638 2.130975191795019
2757 3.2849375755462935
2837 3.086486636822455
2862 1.4690805547391779
2920 0.6795415285041667
3011 5.206750173022546
3129 6.9985096422506015
3296 3.597312260588446
3297 3.9539872045271784
3407 2.085854756514549
3578 0.6015799870344548
3598 2.3332543299341686
3609 4.290459441148391
3614 4.313484033705221
3867 3.2373095265570386
3982 2.153862445213571
4070 1.1068654304248302
4114 8.334227082393848
4130 4.22592092001082
4138 3.3875917296063767
4254 3.740413104229119
4381 2.0149030205422647
4417 3.1918471524802814
4522 1.0414285906185765
4531 8.043064586142872
4537 2.039247754698959
4619 3.2849375755462935
4620 4.165296298194385
4871 4.9753002714675025
4878 1.3672978604292356
4886 3.009525595686327
4964 0.563963123463148
5092 5.8998973535824915
5250 5.052599493195288
5408 4.290459441148391
5429 5.8998973535824915
5484 1.8928409466523688
5517 1.6232312345664361
5555 2.4033897921160112
5630 0.4766153511606481
5874 2.579669034454003
5895 2.4033897921160112
5949 7.1290448755309095
5950 4.00277736869661
5996 4.00277736869661
6043 1.5913378707904824
6140 2.211017899468555
6447 1.2880826248757316
6539 2.434161450782765
6590 3.8204558119026557
6633 2.8088549002241754
6739 3.2280291589230243
6751 2.5441623459970937
6908 0.33537694625979814
7051 5.450178275875548
7104 -3.3174395832564607
7459 2.1944885975173447
7569 1.0170954309961207
7813 1.0145733615634107
8037 4.22592092001082
8123 9.965829375295698
8124 2.973157951515452
8328 5.206750173022546
8509 4.600614369452231
8643 2.001297368486486
8648 4.86832290156553
8677 3.5645224377654547
8710 0.551203779709388
8850 1.7153059135126125
8954 7.1290448755309095
9110 4.071330023981388
9122 1.3744921360632627
9537 1.3092584162485406
9733 2.1700132732246624
9765 1.7835738846416156
9899 4.8012850649143815
9902 9.201228738904462
9970 1.4513908541342142
10008 2.0568672196412967
10179 5.389071729816501
10199 2.3256808077886952
10202 2.591790394986348
10287 3.009525595686327
10329 -0.21009069570959765
10431 0.7218661529089567
10443 4.9753002714675025
10447 1.2198964734099427
10487 1.981229805435677
10491 3.086486636822455
10517 5.588133615601018
10609 3.5327737394508745
10734 2.735829765209286
10751 2.3818556390457326
10868 -0.18536107281185138
11110 1.6204910383360227
11116 7.643653228072869
11218 1.7160635543787315
11266 2.9041650800285006
11304 1.2054960338664575
11327 3.5645224377654547
11332 4.00277736869661
11398 3.009525595686327
11416 2.1782280766455644
11453 1.3637200390813515
11481 1.6186122887101415
11570 1.1933746733341126
11580 2.5441623459970937
11677 3.4510201673737084
11943 2.455214859980597
12034 0.9324015521468534
12040 7.1290448755309095
12043 2.498699971920336
12254 2.335070548138534
12377 1.3460204619819507
12378 3.3349479961209547
12383 1.2523064517104479
12455 -0.2152586658680402
12553 1.0715836162801904
12598 2.5098732725184614
12677 3.9539872045271784
12717 0.5999147077153936
12797 2.7218435232345457
12818 3.1483620405405426
12820 3.3349479961209547
12904 3.4431615807611875
13080 0.8123010183501074
13169 3.3349479961209547
13289 1.7410142702228197
13494 3.21432000833234
13505 3.0666840095262753
13553 -0.37046075994419203
13572 5.623636988542026
13599 4.290459441148391
13613 1.8111238364098463
13805 4.8012850649143815
13838 2.3163784151263815
13867 2.175425996420148
13891 1.2131850577159984
13897 5.443687046469091
13921 2.1782280766455644
14036 4.290459441148391
14153 2.4876501357337513
14267 -0.7647387866270302
14431 1.034930298632155
14447 3.1483620405405426
14539 5.206750173022546
14686 3.414990703794491
14721 6.305362461690656
14901 2.5326015235960173
14906 0.8027278807278994
14907 3.5645224377654547
15037 2.3163784151263815
15212 3.7796338173824005
15306 2.8799528723390266
15310 6.305362461690656
15332 -4.656935190436861
15348 2.10066984229969
15418 2.1233123190494494
15449 4.8012850649143815
15625 5.389071729816501
15677 1.5779746429783155
15771 0.023095714794649395
