151
289 6.17297327364491
302 1.7153059135126125
686 5.8998973535824915
978 2.298029276458185
1060 0.12433381283310307
1886 9.38192589402813
2421 1.5431885268928998
2450 -0.6108568957036107
2538 1.422560539104285
2657 3.3609234825242154
2839 6.296724081081085
2940 1.6278716141229383
3180 2.7938170228596353
3192 3.028644676082213
3374 1.9680717208581657
3642 3.47214911763444
3661 4.165296298194385
3737 1.8055527913603908
3896 1.403798262648762
4118 9.602570129828763
4156 3.086486636822455
4179 6.829981407588982
4247 4.632756830252763
4261 2.262311193856106
4265 3.5327737394508745
4284 3.9074671888922854
4366 1.9878743481543455
4405 1.3460204619819507
4700 5.612215281130711
4711 7.718421760121479
4765 1.4150133334689021
5020 3.21432000833234
5039 2.735829765209286
5049 4.359452312635343
5054 4.600614369452231
5055 2.2278250177849364
5083 1.5735596247691985
5278 3.9074671888922854
5279 15.669128432005378
5484 0.9464204733261844
5754 5.389071729816501
5959 3.47214911763444
5973 1.4770487243883548
5990 2.938066631704182
5993 0.8521803845817039
6158 2.455214859980597
6338 2.413542163580029
6364 3.260840023967233
6395 4.433560284789064
6402 1.4112609838503516
6433 1.030804581586805
6442 4.8012850649143815
6496 6.305362461690656
6583 0.8629447511688624
6595 4.847597327494437
6679 9.83813620114153
7222 4.695924549256556
7401 1.886521853894058
7462 1.942263836902293
7487 3.6334521839170324
7620 15.304277008147285
7702 5.389071729816501
7864 3.502002080784121
7932 3.7490913256946845
7991 1.3149298749119196
8556 5.467079729030317
8660 3.350999326224386
8708 1.4810567457858934
8795 3.502002080784121
8823 3.1066893441399746
8840 3.1698682457615064
9136 4.433560284789064
9709 1.082307579643166
9733 1.0850066366123312
9844 5.8998973535824915
9986 2.0568672196412967
9990 0.5671785603171224
9993 12.008332106089831
10114 2.6028323114903933
10202 2.591790394986348
10210 2.9911764570181303
10250 2.9209721983448818
10258 1.8000126109847754
10292 5.8998973535824915
10304 4.433560284789064
10329 -0.21009069570959765
10431 0.7218661529089567
10437 5.4691914417169425
10536 13.078356937906028
10561 1.6003469407328483
10749 1.1754637467675824
11007 5.052599493195288
11032 1.087712998210074
11168 1.2781978656431896
11324 4.695924549256556
11375 2.681021528714291
11491 1.8745456628473423
11665 3.5645224377654547
11671 2.2535775138873513
11769 1.6466515087745348
11788 6.6192603762733295
11840 1.6902419448493964
11841 5.679253117781859
11984 9.695194654988875
12339 5.8998973535824915
12355 14.131094957803498
12407 2.5055845146478797
12460 0.7332084295128914
12527 3.086486636822455
12553 1.0715836162801904
12660 6.106995035972082
12669 4.433560284789064
12714 3.7796338173824005
12811 8.45184184002164
12946 0.5932811842197597
13106 4.670141096277068
13113 6.305362461690656
13208 1.3115342859107813
13346 2.9041650800285006
13369 3.9074671888922854
13440 2.9540974487767095
13587 5.612215281130711
13613 1.8111238364098463
13624 4.165296298194385
13754 3.8204558119026557
13780 6.9985096422506015
13795 9.233544768638653
13827 4.695924549256556
13838 2.3163784151263815
13846 3.3096301881366648
13867 2.175425996420148
13873 3.740413104229119
13904 7.065547478901749
14107 2.4237986637472186
14237 -0.6972483483041599
14268 4.290459441148391
14269 11.224430562261421
14315 3.009525595686327
14656 1.1405764877671418
15081 4.919068100570765
15256 3.3349479961209547
15278 2.465910149097345
15332 -7.761558650728101
15373 0.814360751313118
15458 5.617709800448351
15518 1.880515829833846
15597 10.598321218352623
15672 2.910084841569207
15685 0.8716404581364162
15697 3.7796338173824005
15708 2.9911764570181303
