27
389 1.6419233675785887
2070 1.4730567031188173
2421 1.5431885268928998
2538 1.422560539104285
2631 0.21292199724267172
2862 1.4690805547391779
3192 1.0095482253607377
3690 1.4972514317058743
4158 0.030600440448717042
4750 0.33155284982139466
4939 3.4431615807611875
5377 3.666305132075397
6228 1.2947271675944
6433 0.5154022907934025
7497 0.7014003223166658
8439 0.4690908039883759
11034 1.5958322603783217
11148 1.1784267118982394
11840 1.6902419448493964
11969 0.7582337970798316
12122 1.1963912668735384
12460 1.466416859025783
14153 2.4876501357337513
14196 0.8373023205555247
14416 0.7739512129752414
15057 1.152070867192877
15783 0.48083836933832624
