112
194 0.7699986386594181
512 2.0785287164224764
1893 1.7567626271909589
1942 1.691553895092994
2271 0.6835662361444191
2334 0.7939518796819108
2450 -2.4434275828144427
2631 0.42584399448534344
2694 6.9985096422506015
2920 0.6795415285041667
2935 0.6320391945191633
2964 2.701306080253083
3186 5.152330499502926
3192 1.0095482253607377
3215 0.589980851191103
3223 2.5211728277723946
3982 1.0769312226067855
4088 3.5645224377654547
4097 2.955458374416051
4114 1.3890378470656415
4117 4.513602992462601
4158 0.18360264269230225
4297 9.928890564409993
4613 2.211017899468555
4619 6.569875151092587
4679 4.919068100570765
4750 0.33155284982139466
4846 2.021775899830027
5040 1.4378280112350734
5047 3.3349479961209547
5070 4.108137884354437
5279 1.7410142702228197
5517 1.6232312345664361
5537 3.597312260588446
5668 2.955458374416051
5895 2.4033897921160112
5905 1.7835738846416156
5993 0.8521803845817039
6136 1.457246097092175
6219 2.298029276458185
6277 4.22592092001082
6970 2.1863252868781835
7044 1.880515829833846
7104 -0.6634879166512921
7264 3.597312260588446
7458 3.502002080784121
7578 0.5215372793609184
7689 4.513602992462601
7690 3.21432000833234
7944 5.389071729816501
8032 1.5324768712979722
8078 1.9359146092236343
8567 4.8012850649143815
8672 2.8876357780772897
8708 1.4810567457858934
8840 3.1698682457615064
8906 6.094531847338348
8928 4.006647486343966
8979 1.7890234894091803
9531 3.34126694692204
9990 0.5671785603171224
10008 2.0568672196412967
10031 2.498699971920336
10258 1.8000126109847754
10329 -0.630272087128793
10437 1.3672978604292356
10749 1.1754637467675824
10770 2.4876501357337513
10997 3.1483620405405426
11012 4.919068100570765
11102 0.6652300141109108
11148 3.5352801356947183
11277 3.7796338173824005
11353 2.8088549002241754
11570 1.1933746733341126
11591 2.7218435232345457
11690 4.919068100570765
11840 1.6902419448493964
11894 1.5178707189086098
11969 0.7582337970798316
11984 2.4237986637472186
12022 0.40409618250082274
12104 6.474619053114077
12276 11.224430562261421
12380 3.2849375755462935
12783 1.8986432144264027
13029 1.6609715625492831
13094 3.1918471524802814
13208 1.3115342859107813
13236 5.8998973535824915
13353 1.961557039836972
13399 3.086486636822455
13734 1.942263836902293
13845 2.001297368486486
14044 1.4611753752320646
14168 2.9041650800285006
14237 -1.3944966966083199
14267 -1.1471081799405454
14519 3.086486636822455
14682 1.5431885268928998
14914 3.3096301881366648
15057 1.152070867192877
15332 -4.656935190436861
15341 2.3879223751880367
15367 9.602570129828763
15407 2.2711218235382606
15424 3.6222476728196926
15669 2.162227735299123
15672 0.7275212103923018
15685 0.8716404581364162
15783 1.4425151080149787
15786 1.7963813804610742
