41
289 3.086486636822455
2450 -0.6108568957036107
2755 3.260840023967233
2839 3.1483620405405426
3180 2.7938170228596353
3192 1.0095482253607377
3275 3.666305132075397
4118 4.8012850649143815
4265 3.5327737394508745
5083 1.5735596247691985
5279 1.7410142702228197
5990 2.938066631704182
6395 4.433560284789064
7401 1.886521853894058
7620 2.1863252868781835
8556 3.6447198193535444
8840 3.1698682457615064
9990 0.5671785603171224
10210 2.9911764570181303
10250 2.9209721983448818
10536 4.359452312635343
10868 -0.18536107281185138
11665 3.5645224377654547
11840 1.6902419448493964
11984 2.4237986637472186
12355 3.5327737394508745
12407 1.67038967643192
12455 -0.2152586658680402
12527 3.086486636822455
12660 2.035665011990694
13106 2.335070548138534
13440 1.4770487243883548
13795 3.0778482562128846
13827 4.695924549256556
13873 3.740413104229119
14268 4.290459441148391
15256 3.3349479961209547
15458 2.8088549002241754
15597 3.5327737394508745
15672 0.7275212103923018
15794 2.5676928434072877
