154
289 6.17297327364491
302 1.7153059135126125
686 5.8998973535824915
978 2.298029276458185
1060 0.12433381283310307
1850 3.0666840095262753
1886 6.254617262685421
2479 5.206750173022546
2657 3.3609234825242154
2839 3.1483620405405426
3046 2.9911764570181303
3180 2.7938170228596353
3192 3.028644676082213
3578 0.6015799870344548
3642 3.47214911763444
3698 4.8012850649143815
3737 3.6111055827207816
3896 1.403798262648762
4179 3.414990703794491
4247 2.3163784151263815
4261 2.262311193856106
4262 3.1698682457615064
4286 2.130975191795019
4405 1.3460204619819507
4700 5.612215281130711
4711 5.788816320091109
4750 0.6631056996427893
4765 1.4150133334689021
4862 3.047265923669174
5039 2.735829765209286
5055 2.2278250177849364
5083 1.5735596247691985
5230 4.695924549256556
5278 3.9074671888922854
5279 12.187099891559738
5484 0.9464204733261844
5754 5.389071729816501
5809 2.363780654020965
5959 3.47214911763444
5973 1.4770487243883548
5983 1.9878743481543455
5993 0.8521803845817039
6140 2.211017899468555
6158 2.455214859980597
6338 2.413542163580029
6364 3.260840023967233
6390 3.047265923669174
6433 1.030804581586805
6496 6.305362461690656
6583 0.8629447511688624
6595 2.4237986637472186
6679 4.919068100570765
6929 4.8012850649143815
7462 1.942263836902293
7487 5.450178275875548
7534 1.242767428663689
7620 15.304277008147285
7702 5.389071729816501
7813 2.0291467231268214
7827 3.414990703794491
7932 3.7490913256946845
7991 1.3149298749119196
8138 4.8012850649143815
8556 5.467079729030317
8571 6.9985096422506015
8699 5.612215281130711
8708 1.4810567457858934
8788 2.146479378330984
8823 3.1066893441399746
9136 4.433560284789064
9429 3.3609234825242154
9537 0.6546292081242703
9553 6.305362461690656
9719 4.290459441148391
9807 3.1698682457615064
9986 2.0568672196412967
9990 1.7015356809513673
9993 12.008332106089831
10188 5.612215281130711
10196 2.5211728277723946
10202 2.591790394986348
10210 5.982352914036261
10250 5.8419443966897635
10329 -0.4201813914191953
10437 4.101893581287706
10536 4.359452312635343
10561 1.6003469407328483
10601 7.480826208458238
10749 1.1754637467675824
10973 2.7938170228596353
10984 4.695924549256556
11007 5.052599493195288
11032 1.087712998210074
11168 1.2781978656431896
11251 6.305362461690656
11643 5.8998973535824915
11769 1.6466515087745348
11773 4.919068100570765
11788 6.6192603762733295
11840 1.6902419448493964
11841 2.8396265588909295
11984 2.4237986637472186
12022 0.40409618250082274
12120 3.5327737394508745
12336 4.919068100570765
12355 3.5327737394508745
12407 4.1759741910798
12450 3.1483620405405426
12460 0.7332084295128914
12553 1.0715836162801904
12660 6.106995035972082
12669 4.433560284789064
12811 4.22592092001082
13080 0.8123010183501074
13106 4.670141096277068
13113 6.305362461690656
13175 4.695924549256556
13369 3.9074671888922854
13440 2.9540974487767095
13587 5.612215281130711
13596 3.502002080784121
13613 1.8111238364098463
13761 2.6040604875781623
13779 6.9985096422506015
13795 7.694620640532212
13838 2.3163784151263815
13846 3.3096301881366648
13867 3.263138994630222
13873 3.740413104229119
13904 3.5327737394508745
14104 1.710242611556066
14107 2.4237986637472186
14237 -1.3944966966083199
14313 1.6466515087745348
14315 3.009525595686327
14381 0.2288676653980985
14443 6.9985096422506015
14463 1.67063347346102
14656 1.1405764877671418
14709 6.9985096422506015
14840 3.740413104229119
15081 4.919068100570765
15278 2.465910149097345
15332 -3.1046234602912404
15373 0.814360751313118
15397 2.001297368486486
15458 2.8088549002241754
15518 1.880515829833846
15597 7.065547478901749
15613 4.108137884354437
15672 2.1825636311769054
15685 0.8716404581364162
15697 3.7796338173824005
15718 4.108137884354437
