117
121 6.9985096422506015
140 6.9985096422506015
486 5.41610040220442
495 11.358506235563718
592 2.4446327506500602
777 6.9985096422506015
841 6.9985096422506015
853 6.9985096422506015
858 6.9985096422506015
898 6.9985096422506015
1062 10.367161579945392
1686 1.1549652252192415
1836 2.5326015235960173
1924 2.288979440938267
2021 2.70805020110221
2217 2.4876501357337513
2928 6.94429823526888
3297 3.9539872045271784
3520 2.87137525720551
3614 4.313484033705221
3658 2.938066631704182
3807 2.3256808077886952
3896 1.403798262648762
3991 2.8088549002241754
4114 5.556151388262566
4131 5.8998973535824915
4366 1.9878743481543455
4522 0.5207142953092883
4531 5.362043057428582
4865 3.0282177286984795
4964 1.127926246926296
4984 4.22592092001082
5148 6.9985096422506015
5581 3.0666840095262753
5630 0.4766153511606481
6402 1.4112609838503516
6467 2.2535775138873513
6528 4.919068100570765
6571 6.9985096422506015
6595 2.4237986637472186
6739 1.6140145794615122
6751 2.5441623459970937
7051 3.6334521839170324
7104 -0.6634879166512921
7330 5.206750173022546
7363 3.2849375755462935
7418 3.1483620405405426
7459 2.1944885975173447
7838 2.1081605140288473
7904 2.211017899468555
7964 5.389071729816501
7981 2.0426825846493406
8123 6.6438862501971325
8124 5.946315903030904
8327 2.824122372354964
8501 4.290459441148391
8677 3.5645224377654547
8683 1.6803896484063847
8710 2.204815118837552
8731 2.0286963426746007
8954 7.1290448755309095
8978 1.6140145794615122
9170 0.6116303228879563
9310 3.4431615807611875
9372 2.3256808077886952
9537 1.963887624372811
9589 1.3115342859107813
9863 6.305362461690656
9970 0.4837969513780714
10037 5.612215281130711
10069 3.4431615807611875
10106 4.695924549256556
10329 -0.21009069570959765
10422 1.4175881426832082
10446 3.1483620405405426
10447 0.6099482367049713
10522 2.9911764570181303
10751 1.5879037593638217
10868 -0.18536107281185138
11032 1.087712998210074
11110 0.8102455191680114
11116 1.9109133070182172
11140 2.15432255579201
11218 1.144042369585821
11299 -1.0423655237318759
11398 6.019051191372654
11984 2.4237986637472186
12089 2.8088549002241754
12111 1.994563336305142
12254 2.335070548138534
12377 2.6920409239639014
12383 5.009225806841791
12823 2.06986059726431
13080 0.8123010183501074
13289 1.7410142702228197
13750 2.162227735299123
13817 3.5645224377654547
13846 3.3096301881366648
13867 2.175425996420148
14249 6.305362461690656
14365 3.8630154263214513
14516 6.534684229936693
14588 2.0785287164224764
14789 3.7026727762462723
14810 5.8998973535824915
14863 6.9985096422506015
14894 3.740413104229119
14901 2.5326015235960173
14904 11.799794707164983
15332 -4.656935190436861
15351 3.5645224377654547
15415 2.824122372354964
15450 4.290459441148391
15517 1.886521853894058
15639 6.9985096422506015
15677 1.5779746429783155
15771 0.023095714794649395
