273
113 6.305362461690656
138 5.8998973535824915
143 9.602570129828763
144 5.8998973535824915
241 1.6902419448493964
356 2.591790394986348
657 2.0640357091199095
695 2.9911764570181303
787 4.071330023981388
800 2.434161450782765
1060 0.06216690641655154
1094 2.335070548138534
1390 3.260840023967233
1404 1.3708885285599641
1406 5.8998973535824915
1407 5.389071729816501
1567 4.22592092001082
1686 2.309930450438483
1772 5.052599493195288
1836 5.065203047192035
2021 5.41610040220442
2026 2.681021528714291
2159 3.502002080784121
2164 5.612215281130711
2198 4.8012850649143815
2240 3.31235078057158
2421 1.5431885268928998
2450 -1.832570687110832
2519 1.6902419448493964
2585 3.9074671888922854
2638 2.130975191795019
2690 3.1483620405405426
2765 5.389071729816501
2796 2.335070548138534
2829 2.8088549002241754
2837 3.086486636822455
2853 3.414990703794491
2890 4.919068100570765
2928 3.47214911763444
2935 0.6320391945191633
2964 0.900435360084361
2971 6.305362461690656
3011 5.206750173022546
3296 3.597312260588446
3297 3.9539872045271784
3407 2.085854756514549
3578 0.6015799870344548
3598 1.1666271649670843
3609 4.290459441148391
3614 8.626968067410441
3646 2.5676928434072877
3709 2.9041650800285006
3755 5.8998973535824915
3867 3.2373095265570386
3896 1.403798262648762
3982 2.153862445213571
3990 2.6290617897835795
3991 5.617709800448351
4070 1.1068654304248302
4114 9.723264929459491
4130 4.22592092001082
4138 3.3875917296063767
4254 3.740413104229119
4381 2.0149030205422647
4416 1.3637200390813515
4417 3.1918471524802814
4481 2.146479378330984
4501 4.433560284789064
4522 1.3017857382732205
4531 8.043064586142872
4537 4.078495509397918
4620 8.33059259638877
4646 1.8686109273275278
4750 0.33155284982139466
4871 4.9753002714675025
4882 4.261950383590038
4886 3.009525595686327
4964 0.563963123463148
5092 5.8998973535824915
5110 3.6904360955056443
5250 5.052599493195288
5283 3.2849375755462935
5284 3.5645224377654547
5318 3.1066893441399746
5408 4.290459441148391
5429 5.8998973535824915
5517 4.869693703699308
5555 2.4033897921160112
5630 0.8340768645311343
5713 4.359452312635343
5786 6.305362461690656
5823 5.612215281130711
5861 2.750014400201242
5874 2.579669034454003
5901 2.455214859980597
5949 7.1290448755309095
5950 4.00277736869661
5973 1.4770487243883548
5996 4.00277736869661
6043 1.5913378707904824
6068 3.1273086313427103
6140 2.211017899468555
6219 2.298029276458185
6223 2.8088549002241754
6235 1.2270685191205855
6269 3.9539872045271784
6433 0.5154022907934025
6447 1.2880826248757316
6548 2.0785287164224764
6590 3.8204558119026557
6633 2.8088549002241754
6734 5.8998973535824915
6739 4.842043738384536
6751 2.5441623459970937
6754 1.2024518914852294
6908 0.33537694625979814
7051 12.717082643709613
7104 -5.307903333210337
7286 1.4112609838503516
7325 2.8088549002241754
7344 1.6325336272287498
7363 3.2849375755462935
7459 2.1944885975173447
7578 1.0430745587218369
7768 3.3096301881366648
7813 2.0291467231268214
7935 4.670141096277068
7940 4.359452312635343
8037 4.22592092001082
8123 9.965829375295698
8124 8.919473854546355
8184 6.305362461690656
8242 2.035665011990694
8327 8.472367117064893
8328 5.206750173022546
8337 1.9550845253313545
8501 4.290459441148391
8509 9.201228738904462
8648 4.86832290156553
8660 1.675499663112193
8677 3.5645224377654547
8710 1.6536113391281642
8723 3.052477937158253
8823 3.1066893441399746
8954 3.5645224377654547
8975 2.3933394562625097
9081 4.433560284789064
9110 2.035665011990694
9122 1.3744921360632627
9151 1.258716730071367
9170 1.8348909686638688
9292 2.5441623459970937
9537 1.963887624372811
9554 1.271661894663404
9709 1.082307579643166
9733 2.1700132732246624
9899 4.8012850649143815
9902 9.201228738904462
9964 6.305362461690656
9970 1.9351878055122855
10008 2.0568672196412967
10031 4.997399943840672
10104 6.305362461690656
10179 5.389071729816501
10199 4.6513616155773905
10241 6.305362461690656
10258 1.8000126109847754
10287 3.009525595686327
10329 -0.4201813914191953
10333 6.305362461690656
10422 0.7087940713416041
10443 4.9753002714675025
10446 3.1483620405405426
10447 1.829844710114914
10487 1.981229805435677
10491 3.086486636822455
10517 5.588133615601018
10523 4.8012850649143815
10734 2.735829765209286
10749 2.3509274935351647
10751 2.3818556390457326
10825 2.0149030205422647
10872 3.2097641917964794
11023 1.2880826248757316
11110 3.2409820766720454
11116 7.643653228072869
11140 2.15432255579201
11218 1.7160635543787315
11296 2.764403137653342
11299 -1.0423655237318759
11327 3.5645224377654547
11332 8.00555473739322
11398 3.009525595686327
11416 2.1782280766455644
11481 1.6186122887101415
11570 1.1933746733341126
11580 2.5441623459970937
11677 1.7255100836868542
11881 2.70805020110221
11911 3.414990703794491
11969 0.7582337970798316
12022 0.40409618250082274
12034 0.9324015521468534
12040 3.5645224377654547
12043 2.498699971920336
12057 4.20133968459938
12093 3.3607792968127694
12254 2.335070548138534
12377 1.3460204619819507
12378 3.3349479961209547
12386 4.22592092001082
12455 -0.4305173317360804
12610 2.4237986637472186
12717 1.7997441231461808
12723 2.288979440938267
12797 2.7218435232345457
12808 5.206750173022546
12818 6.296724081081085
12820 3.3349479961209547
13008 5.389071729816501
13080 1.6246020367002147
13169 3.3349479961209547
13289 6.964057080891279
13380 4.05407066308416
13449 2.6418008155610093
13505 3.0666840095262753
13553 -0.7409215198883841
13572 5.623636988542026
13599 4.290459441148391
13613 1.8111238364098463
13718 2.6850356628614973
13753 3.7026727762462723
13838 2.3163784151263815
13846 3.3096301881366648
13867 5.43856499105037
13891 1.2131850577159984
13897 8.165530569703638
13921 2.1782280766455644
13961 4.00277736869661
14237 -2.09174504491248
14267 -1.1471081799405454
14343 3.7796338173824005
14357 2.476721065201561
14365 3.8630154263214513
14539 5.206750173022546
14603 5.612215281130711
14638 6.305362461690656
14640 4.290459441148391
14686 3.414990703794491
14901 2.5326015235960173
14906 0.8027278807278994
14907 3.5645224377654547
14918 3.5327737394508745
15023 5.8998973535824915
15306 5.039917526593297
15311 6.9985096422506015
15313 5.751315831798414
15332 -3.1046234602912404
15371 4.8012850649143815
15373 0.814360751313118
15397 2.001297368486486
15480 4.359452312635343
15484 2.9911764570181303
15517 1.886521853894058
15570 2.7218435232345457
15595 2.6641659082763383
15604 2.1233123190494494
15625 5.389071729816501
15677 1.5779746429783155
15708 2.9911764570181303
15725 3.5645224377654547
15771 0.023095714794649395
15838 6.305362461690656
