147
389 1.6419233675785887
695 2.9911764570181303
717 5.679253117781859
1822 4.766778250818684
1839 2.093234863812172
1900 4.290459441148391
1902 2.0149030205422647
1942 3.383107790185988
2036 1.9486536350010641
2038 1.880515829833846
2070 1.4730567031188173
2103 2.4446327506500602
2271 1.0253493542166288
2450 -1.832570687110832
2631 0.21292199724267172
2708 4.05407066308416
2862 1.4690805547391779
2935 1.2640783890383267
2964 3.601741440337444
3068 2.6920409239639014
3143 2.219386149139072
3186 5.152330499502926
3215 2.949904255955515
3223 10.084691311089578
3454 3.47214911763444
3578 0.6015799870344548
3647 2.1081605140288473
3654 3.4431615807611875
3690 1.4972514317058743
3700 2.5894543351888
3763 3.597312260588446
3774 3.4510201673737084
4034 4.8012850649143815
4075 3.597312260588446
4158 0.061200880897434085
4172 3.414990703794491
4258 3.3096301881366648
4282 2.8553749158590684
4378 4.695924549256556
4405 1.3460204619819507
4479 6.9985096422506015
4693 4.8012850649143815
4750 0.6631056996427893
4838 1.4730567031188173
4939 3.4431615807611875
5040 1.4378280112350734
5047 3.3349479961209547
5279 1.7410142702228197
5339 1.1784267118982394
5377 3.666305132075397
5392 4.261950383590038
5814 4.919068100570765
5905 3.567147769283231
6136 1.457246097092175
6376 3.0666840095262753
6433 0.5154022907934025
6718 3.9539872045271784
6908 0.6707538925195963
7072 1.9486536350010641
7104 -0.6634879166512921
7210 1.8568460857479414
7299 2.8553749158590684
7489 4.108137884354437
7497 1.4028006446333317
7578 1.5646118380827554
7690 3.21432000833234
7813 1.0145733615634107
8032 3.5757793663619353
8096 1.4533321977710387
8256 3.3607792968127694
8439 0.9381816079767518
8582 2.7562175530669024
8708 1.4810567457858934
8710 0.551203779709388
8718 2.824122372354964
8723 1.5262389685791264
8886 1.3081501879265407
8928 1.3355491621146554
9106 2.1700132732246624
9154 2.465910149097345
9393 2.12194687433635
9429 3.3609234825242154
9531 6.68253389384408
9552 9.391849098513111
9817 1.3183370332335338
9818 3.21432000833234
10030 9.654168654320117
10142 5.8998973535824915
10157 4.919068100570765
10422 0.7087940713416041
10437 1.3672978604292356
10487 1.981229805435677
10503 2.413542163580029
10709 3.666305132075397
11023 1.2880826248757316
11062 3.6312138122641273
11148 2.356853423796479
11168 1.2781978656431896
11459 3.047265923669174
11491 1.8745456628473423
11570 1.1933746733341126
11894 1.5178707189086098
11912 4.919068100570765
11952 1.5958322603783217
11969 0.7582337970798316
12022 0.40409618250082274
12078 1.3637200390813515
12113 6.9985096422506015
12122 1.1963912668735384
12455 -0.8610346634721608
12460 1.466416859025783
12674 4.733923928934947
12717 0.5999147077153936
12818 3.1483620405405426
12853 1.152070867192877
13071 3.086486636822455
13353 1.961557039836972
13451 3.4431615807611875
13508 1.7255100836868542
13543 4.8012850649143815
13717 6.9985096422506015
13845 2.001297368486486
13930 2.7203099458337108
14196 0.8373023205555247
14237 -9.064228527954079
14267 -0.7647387866270302
14416 3.0958048519009655
14612 2.1863252868781835
14633 2.6547042203969173
14637 3.3349479961209547
14682 1.5431885268928998
15057 2.304141734385754
15156 4.919068100570765
15197 3.5327737394508745
15209 2.579669034454003
15332 -6.209246920582481
15341 2.3879223751880367
15363 5.11171677152057
15366 6.9985096422506015
15373 0.814360751313118
15424 3.6222476728196926
15471 0.6940608398286201
15672 1.4550424207846036
15762 3.9074671888922854
15783 0.48083836933832624
15786 0.8981906902305371
15835 6.9985096422506015
