151
405 4.8012850649143815
592 2.4446327506500602
657 2.0640357091199095
1196 5.8998973535824915
1242 5.8998973535824915
1648 4.600614369452231
1702 3.3609234825242154
1864 3.047265923669174
1902 2.0149030205422647
1923 2.211017899468555
2036 3.8973072700021283
2217 2.4876501357337513
2358 3.1273086313427103
2424 2.219386149139072
2450 -0.6108568957036107
2536 3.567147769283231
2935 0.6320391945191633
2959 1.1873686492739008
3014 12.67776276003246
3052 3.2373095265570386
3143 2.219386149139072
3144 4.00277736869661
3297 3.9539872045271784
3329 1.981229805435677
3407 2.085854756514549
3578 0.6015799870344548
3615 4.165296298194385
3807 2.3256808077886952
3995 3.50297114018023
4006 2.6547042203969173
4108 3.1066893441399746
4110 2.764403137653342
4262 3.1698682457615064
4270 3.5327737394508745
4282 5.710749831718137
4381 2.0149030205422647
4417 3.1918471524802814
4441 4.05407066308416
4537 2.039247754698959
4631 3.9539872045271784
4750 0.33155284982139466
4909 1.4690805547391779
4976 2.288979440938267
5430 2.750014400201242
5432 3.4431615807611875
5518 1.5868635903955612
5630 0.3574615133704861
5635 2.20271909665386
5636 2.973157951515452
5687 2.0785287164224764
5773 5.471659530418572
6047 3.009525595686327
6130 3.0666840095262753
6164 2.6290617897835795
6288 4.600614369452231
6289 5.612215281130711
6433 0.5154022907934025
6539 4.86832290156553
6622 2.579669034454003
6819 1.7153059135126125
6882 5.206750173022546
6908 1.0061308387793944
7104 -1.9904637499538764
7311 2.236335707452845
7512 4.22592092001082
7719 4.8012850649143815
7838 4.216321028057695
7892 1.5517722705842913
8496 3.502002080784121
8514 2.008077055471865
8523 1.4512652714088672
8672 5.775271556154579
8710 1.6536113391281642
8723 1.5262389685791264
9007 4.108137884354437
9122 2.7489842721265254
9170 0.6116303228879563
9175 3.597312260588446
9276 2.6944445490464313
9290 5.389071729816501
9346 2.498699971920336
9428 2.498699971920336
9531 1.67063347346102
9559 -0.6655915508397914
9580 6.6192603762733295
9589 1.3115342859107813
9970 0.4837969513780714
9979 2.3933394562625097
10006 2.6944445490464313
10258 1.8000126109847754
10294 2.70805020110221
10447 3.0497411835248567
10552 4.22592092001082
11102 1.9956900423327322
11218 0.5720211847929105
11227 5.052599493195288
11264 5.612215281130711
11299 -1.0423655237318759
11406 5.283601631122019
11459 3.047265923669174
11463 3.47214911763444
11468 4.22592092001082
11597 3.0666840095262753
11625 1.457246097092175
11900 4.099499503744866
11987 4.8012850649143815
12057 2.10066984229969
12093 3.3607792968127694
12196 4.165296298194385
12241 5.159338068908006
12386 4.22592092001082
12796 2.9209721983448818
12832 3.3096301881366648
12833 0.9630282097258448
12853 1.152070867192877
12978 2.383389125409342
13080 0.8123010183501074
13189 1.8745456628473423
13283 4.919068100570765
13289 1.7410142702228197
13333 3.666305132075397
13343 2.973157951515452
13354 1.8280256472124494
13357 3.3875917296063767
13603 5.612215281130711
13734 7.769055347609172
13737 5.8998973535824915
13738 4.22592092001082
13867 1.087712998210074
13890 2.681021528714291
14135 2.3541187431092285
14237 -0.6972483483041599
14267 -0.3823693933135151
14315 6.019051191372654
14507 1.8510151654371483
14597 3.2849375755462935
14633 2.6547042203969173
14636 5.389071729816501
14906 0.4013639403639497
15092 5.206750173022546
15153 3.1483620405405426
15241 1.7462362142039713
15292 2.211017899468555
15306 0.7199882180847567
15332 -3.1046234602912404
15468 2.309930450438483
15471 0.6940608398286201
15672 0.7275212103923018
15771 0.023095714794649395
15827 3.8218266140364343
15828 1.0931477941960308
