310
57 3.7796338173824005
109 4.359452312635343
117 4.290459441148391
310 4.00277736869661
389 1.6419233675785887
446 4.513602992462601
500 4.3403918098966
521 1.8986432144264027
607 2.5211728277723946
619 3.666305132075397
657 2.0640357091199095
710 2.8553749158590684
730 4.59605855291637
1060 0.12433381283310307
1098 5.612215281130711
1182 6.305362461690656
1249 4.600614369452231
1279 4.695924549256556
1288 6.305362461690656
1372 5.389071729816501
1507 3.8630154263214513
1569 6.305362461690656
1686 2.309930450438483
1820 3.3875917296063767
1830 6.213378688279949
1839 2.093234863812172
1889 3.414990703794491
1909 2.8876357780772897
1938 2.66777630196427
1942 2.537330842639491
2006 3.5645224377654547
2009 12.067710817900146
2019 2.344549292093078
2025 4.165296298194385
2038 1.880515829833846
2056 4.22592092001082
2130 5.612215281130711
2191 3.086486636822455
2218 3.740413104229119
2235 3.2849375755462935
2258 2.87137525720551
2271 4.443180534938724
2309 3.7796338173824005
2334 0.7939518796819108
2407 2.236335707452845
2421 1.5431885268928998
2452 2.1782280766455644
2454 5.8998973535824915
2458 2.162227735299123
2459 2.938066631704182
2532 5.389071729816501
2564 5.612215281130711
2574 3.666305132075397
2597 2.1157077196642304
2601 3.1066893441399746
2631 1.7033759779413737
2659 3.4431615807611875
2701 5.443687046469091
2833 3.666305132075397
2911 4.05407066308416
2935 0.6320391945191633
2964 0.900435360084361
2968 3.4431615807611875
3005 3.6312138122641273
3068 6.7301023099097534
3120 1.6048820958982397
3165 3.7796338173824005
3186 6.440413124378658
3195 4.359452312635343
3205 9.38192589402813
3215 1.7699425535733089
3329 1.981229805435677
3339 4.22592092001082
3374 1.9680717208581657
3382 4.433560284789064
3597 2.8876357780772897
3654 6.886323161522375
3700 1.2947271675944
3738 4.05407066308416
3824 4.00277736869661
3981 3.3609234825242154
3982 1.0769312226067855
4053 -0.14952015041821856
4070 3.320596291274491
4088 3.5645224377654547
4156 3.086486636822455
4158 0.27540396403845335
4295 2.9209721983448818
4314 2.764403137653342
4319 4.099499503744866
4366 1.9878743481543455
4375 3.5645224377654547
4391 3.260840023967233
4522 0.5207142953092883
4657 4.165296298194385
4750 0.6631056996427893
4882 2.130975191795019
4947 3.414990703794491
5017 3.260840023967233
5033 2.1233123190494494
5040 1.4378280112350734
5047 3.3349479961209547
5058 3.5327737394508745
5083 1.5735596247691985
5094 5.8998973535824915
5191 4.433560284789064
5199 4.8012850649143815
5200 3.3096301881366648
5201 4.359452312635343
5312 11.421499663436274
5416 4.108137884354437
5432 10.329484742283562
5517 1.6232312345664361
5518 3.1737271807911225
5539 5.145917740537838
5540 3.1698682457615064
5647 4.513602992462601
5680 1.5913378707904824
5773 2.735829765209286
5839 2.579669034454003
5850 3.047265923669174
5895 2.4033897921160112
5905 3.567147769283231
5933 2.955458374416051
5964 3.1273086313427103
5993 0.8521803845817039
6077 4.22592092001082
6083 3.3349479961209547
6088 1.2146844599208637
6136 2.91449219418435
6158 7.365644579941792
6198 4.600614369452231
6219 2.298029276458185
6335 2.476721065201561
6390 3.047265923669174
6402 1.4112609838503516
6505 5.052599493195288
6576 3.666305132075397
6577 4.05407066308416
6819 1.7153059135126125
7025 4.038192901442951
7104 -1.9904637499538764
7110 8.216275768708874
7119 6.9985096422506015
7197 1.730651483187273
7210 5.5705382572438245
7286 1.4112609838503516
7344 1.6325336272287498
7448 4.695924549256556
7484 5.612215281130711
7487 1.8167260919585162
7497 0.7014003223166658
7578 2.607686396804592
7688 3.086486636822455
7690 9.64296002499702
7692 6.73475835343271
7735 5.389071729816501
7758 5.389071729816501
7764 1.7052048175261088
7803 5.389071729816501
7845 4.847597327494437
7854 3.3609234825242154
7892 1.5517722705842913
7935 9.340282192554136
8032 4.597430613893916
8043 1.730651483187273
8078 3.8718292184472687
8096 5.813328791084155
8227 3.5645224377654547
8229 6.305362461690656
8340 4.513602992462601
8355 5.8998973535824915
8422 5.612215281130711
8439 0.4690908039883759
8444 3.5780469788183606
8570 4.513602992462601
8582 6.890543882667256
8590 4.8012850649143815
8708 1.4810567457858934
8731 6.086089028023802
8736 2.3867493466682252
8806 17.3607455881722
8850 1.7153059135126125
8880 1.67063347346102
8886 1.3081501879265407
8928 1.3355491621146554
9106 2.1700132732246624
9151 2.517433460142734
9246 4.695924549256556
9359 6.305362461690656
9393 2.12194687433635
9481 1.7727629685373998
9531 3.34126694692204
9534 5.500028800402484
9537 1.963887624372811
9538 4.8012850649143815
9554 1.271661894663404
9640 5.617709800448351
9748 2.6547042203969173
9765 1.7835738846416156
9798 3.1698682457615064
9808 3.009525595686327
9817 2.6366740664670676
9990 0.5671785603171224
10031 2.498699971920336
10058 2.6040604875781623
10142 5.8998973535824915
10199 2.3256808077886952
10221 2.434161450782765
10326 0.5230769255465112
10329 -2.7311790442247696
10422 0.7087940713416041
10456 5.710749831718137
10473 1.7781538171722764
10491 3.086486636822455
10503 2.413542163580029
10528 5.389071729816501
10560 5.612215281130711
10670 3.086486636822455
10749 1.1754637467675824
10770 2.4876501357337513
10968 3.740413104229119
11023 2.576165249751463
11089 3.4648956756577247
11148 1.1784267118982394
11168 3.834593596929569
11202 2.9209721983448818
11299 -1.0423655237318759
11305 2.0640357091199095
11334 1.994563336305142
11344 3.1483620405405426
11463 3.47214911763444
11481 1.6186122887101415
11491 1.8745456628473423
11537 3.666305132075397
11690 9.83813620114153
11828 2.955458374416051
11900 2.049749751872433
11982 7.814934377784571
12022 1.2122885475024683
12028 2.591790394986348
12078 5.454880156325406
12104 3.2373095265570386
12105 5.612215281130711
12151 3.1698682457615064
12270 5.052599493195288
12371 5.389071729816501
12447 2.8396265588909295
12455 -0.6457759976041206
12460 0.7332084295128914
12477 2.476721065201561
12546 4.359452312635343
12553 2.1431672325603808
12554 3.3219431250985663
12717 1.1998294154307871
12865 6.305362461690656
12895 5.8998973535824915
12991 3.1066893441399746
13029 1.6609715625492831
13052 3.260840023967233
13137 3.740413104229119
13353 3.923114079673944
13394 5.8998973535824915
13399 6.17297327364491
13505 3.0666840095262753
13553 -0.37046075994419203
13565 1.9878743481543455
13720 3.666305132075397
13734 5.8267915107068795
13750 2.162227735299123
13759 2.955458374416051
13832 4.290459441148391
13843 4.356456153291129
13867 5.43856499105037
13930 6.800774864584277
14064 3.7026727762462723
14078 10.039493090073845
14136 1.4810567457858934
14196 0.8373023205555247
14198 3.047265923669174
14237 -8.36698017964992
14267 -1.5294775732540604
14308 2.0640357091199095
14395 2.7218435232345457
14402 6.305362461690656
14486 2.6164830075767194
14507 1.8510151654371483
14527 5.876133263408364
14528 4.05407066308416
14529 2.8088549002241754
14588 2.0785287164224764
14610 3.7026727762462723
14805 8.45184184002164
14906 0.4013639403639497
15129 8.66290733423187
15169 2.335070548138534
15197 3.5327737394508745
15332 -20.18005249189306
15341 0.7959741250626788
15373 0.814360751313118
15397 2.001297368486486
15413 2.556395731286379
15471 0.6940608398286201
15551 1.1578679848772029
15570 2.7218435232345457
15648 2.5676928434072877
15672 0.7275212103923018
15709 2.1863252868781835
15783 1.923353477353305
15786 9.880097592535908
