235
495 2.8396265588909295
665 9.201228738904462
730 2.298029276458185
787 4.071330023981388
952 5.052599493195288
978 2.298029276458185
1060 0.1865007192496546
1379 0.5370414658968836
1381 2.6547042203969173
1404 1.3708885285599641
1686 3.4648956756577247
1750 2.2137308608496604
1836 2.5326015235960173
1843 5.8998973535824915
1889 3.414990703794491
1896 1.7835738846416156
1920 6.9985096422506015
1935 4.433560284789064
1949 6.305362461690656
1970 17.699692060747473
2021 2.70805020110221
2068 3.3609234825242154
2159 3.502002080784121
2194 5.8998973535824915
2796 4.670141096277068
2837 3.086486636822455
2920 0.6795415285041667
2924 2.0286963426746007
2935 0.6320391945191633
3052 6.474619053114077
3247 4.600614369452231
3296 3.597312260588446
3297 3.9539872045271784
3598 2.3332543299341686
3614 8.626968067410441
3635 1.5779746429783155
3709 5.808330160057001
3939 4.359452312635343
3946 3.414990703794491
3991 5.617709800448351
4021 1.5054481989100525
4114 8.334227082393848
4197 4.695924549256556
4217 3.3096301881366648
4222 2.3256808077886952
4286 2.130975191795019
4366 1.9878743481543455
4381 2.0149030205422647
4405 1.3460204619819507
4416 1.3637200390813515
4522 1.822500033582509
4531 2.681021528714291
4537 2.039247754698959
4625 1.8452180477528222
4711 3.8592108800607394
4777 4.359452312635343
4964 1.6918893703894442
5006 3.086486636822455
5017 3.260840023967233
5116 1.961557039836972
5119 4.786678912525019
5156 2.211017899468555
5339 1.1784267118982394
5347 4.600614369452231
5392 2.130975191795019
5419 3.8630154263214513
5517 3.2464624691328723
5518 1.5868635903955612
5519 4.919068100570765
5630 1.1915383779016202
5652 6.6192603762733295
5861 2.750014400201242
5874 2.579669034454003
5901 2.455214859980597
5949 3.5645224377654547
5973 1.4770487243883548
5999 2.5098732725184614
6055 3.7796338173824005
6064 2.138697237888929
6140 2.211017899468555
6169 2.4033897921160112
6219 2.298029276458185
6234 2.6290617897835795
6235 1.2270685191205855
6331 4.22592092001082
6402 4.2337829515510546
6433 0.5154022907934025
6539 2.434161450782765
6545 6.9985096422506015
6567 2.579669034454003
6595 2.4237986637472186
6633 2.8088549002241754
6696 4.513602992462601
6739 8.070072897307561
6740 6.9985096422506015
6751 2.5441623459970937
6754 3.607355674455688
7051 7.266904367834065
7062 5.8998973535824915
7330 5.206750173022546
7534 1.242767428663689
7569 1.0170954309961207
7578 0.5215372793609184
7724 3.597312260588446
7813 2.0291467231268214
7838 2.1081605140288473
7845 2.4237986637472186
7904 2.211017899468555
7932 1.8745456628473423
7953 4.165296298194385
7991 3.944789624735759
8007 1.904759441443839
8123 9.965829375295698
8124 5.946315903030904
8315 2.764403137653342
8327 2.824122372354964
8474 6.9985096422506015
8648 2.434161450782765
8677 3.5645224377654547
8710 2.204815118837552
8723 1.5262389685791264
8731 2.0286963426746007
8749 3.0666840095262753
8768 5.389071729816501
8824 6.9985096422506015
8850 3.430611827025225
8881 6.305362461690656
8890 2.2800107709555064
8954 3.5645224377654547
8975 2.3933394562625097
8976 9.391849098513111
9122 1.3744921360632627
9151 1.258716730071367
9154 2.465910149097345
9170 1.2232606457759125
9537 0.6546292081242703
9554 1.271661894663404
9709 1.082307579643166
9712 4.433560284789064
9733 3.2550199098369936
9765 1.7835738846416156
9895 4.577958881876534
9970 0.4837969513780714
10031 7.4960999157610075
10199 2.3256808077886952
10202 2.591790394986348
10287 3.009525595686327
10326 0.5230769255465112
10364 9.391849098513111
10431 0.7218661529089567
10447 0.6099482367049713
10517 1.8627112052003394
10532 2.9209721983448818
10561 1.6003469407328483
10751 7.939518796819108
10753 5.558003874148989
10824 10.778143459633002
10825 2.0149030205422647
10827 3.740413104229119
10872 3.2097641917964794
10886 2.87137525720551
11011 4.22592092001082
11023 2.576165249751463
11102 0.6652300141109108
11110 0.8102455191680114
11116 1.9109133070182172
11139 2.87137525720551
11140 4.30864511158402
11218 1.7160635543787315
11299 -0.5211827618659379
11304 1.2054960338664575
11379 2.0426825846493406
11522 2.555858385760285
11524 1.5178707189086098
11528 5.052599493195288
11677 5.176530251060562
11696 6.474619053114077
11825 2.9041650800285006
11882 4.8012850649143815
11911 3.414990703794491
12034 2.7972046564405604
12093 3.3607792968127694
12151 3.1698682457615064
12178 6.305362461690656
12229 4.695924549256556
12254 2.335070548138534
12455 -0.2152586658680402
12610 2.4237986637472186
12629 3.3096301881366648
12717 0.5999147077153936
12736 6.829981407588982
12808 5.206750173022546
12853 1.152070867192877
12869 4.05407066308416
13272 2.7790019370744945
13289 1.7410142702228197
13335 4.695924549256556
13354 1.8280256472124494
13508 1.7255100836868542
13527 2.049749751872433
13547 1.6003469407328483
13553 -0.37046075994419203
13572 7.498182651389369
13753 3.7026727762462723
13846 3.3096301881366648
13867 3.263138994630222
13891 1.8197775865739976
14103 4.05407066308416
14153 2.4876501357337513
14166 4.108137884354437
14237 -0.6972483483041599
14267 -1.9118469665675755
14275 5.389071729816501
14381 0.2288676653980985
14422 2.1233123190494494
14686 6.829981407588982
14880 4.22592092001082
14901 2.5326015235960173
14906 0.4013639403639497
15259 1.3320829541381691
15306 5.759905744678053
15313 5.751315831798414
15332 -9.313870380873722
15471 0.6940608398286201
15517 1.886521853894058
15528 3.666305132075397
15595 1.3320829541381691
15604 4.246624638098899
15626 4.22592092001082
15642 5.389071729816501
15651 3.4131702563542063
15679 5.206750173022546
15694 8.814199895112546
15744 5.8998973535824915
15803 5.389071729816501
