160
302 1.7153059135126125
389 3.2838467351571774
422 2.66777630196427
424 4.513602992462601
521 1.8986432144264027
551 3.9074671888922854
657 2.0640357091199095
710 2.8553749158590684
716 4.513602992462601
736 4.433560284789064
817 4.695924549256556
937 4.433560284789064
1062 2.591790394986348
1359 6.305362461690656
1760 5.8998973535824915
1942 1.691553895092994
1997 3.009525595686327
2070 1.4730567031188173
2356 2.681021528714291
2440 5.612215281130711
2450 -0.6108568957036107
2631 0.42584399448534344
2639 5.208120975156325
2674 1.0272478024601386
2862 2.9381611094783557
2925 3.4431615807611875
2935 0.6320391945191633
2964 0.900435360084361
3192 1.0095482253607377
3223 2.5211728277723946
3489 1.942263836902293
3490 12.32441365306331
3690 2.9945028634117485
3708 3.8630154263214513
3896 1.403798262648762
4008 3.21432000833234
4065 5.389071729816501
4158 0.09180132134615113
4172 3.414990703794491
4302 1.8000126109847754
4405 1.3460204619819507
4570 4.433560284789064
4750 0.33155284982139466
4765 1.4150133334689021
4846 2.021775899830027
4869 4.8012850649143815
4881 2.7938170228596353
4947 3.414990703794491
5040 4.313484033705221
5279 1.7410142702228197
5377 3.666305132075397
5620 3.8204558119026557
5867 5.612215281130711
5891 3.1273086313427103
5905 5.350721653924847
5933 2.955458374416051
5993 0.8521803845817039
6088 4.858737839683455
6257 5.206750173022546
6308 5.206750173022546
6433 0.5154022907934025
6449 3.9074671888922854
6533 3.3349479961209547
6640 3.7026727762462723
6898 2.162227735299123
6908 0.33537694625979814
6970 2.1863252868781835
7044 1.880515829833846
7191 6.9985096422506015
7314 5.052599493195288
7487 1.8167260919585162
7512 4.22592092001082
7527 2.681021528714291
7578 0.5215372793609184
7590 4.22592092001082
7597 2.1863252868781835
7620 2.1863252868781835
7692 4.489838902288473
7764 1.7052048175261088
7813 1.0145733615634107
7906 1.4339892349279078
8043 1.730651483187273
8379 5.612215281130711
8386 6.9985096422506015
8400 3.597312260588446
8401 3.8204558119026557
8439 0.9381816079767518
8822 2.2800107709555064
8906 3.047265923669174
9010 2.9209721983448818
9116 3.666305132075397
9119 5.389071729816501
9265 5.8998973535824915
9336 4.695924549256556
9345 2.66777630196427
9350 5.8998973535824915
9384 2.6710983242293107
9513 5.389071729816501
9537 0.6546292081242703
9990 0.5671785603171224
9998 5.612215281130711
10055 3.009525595686327
10082 6.9985096422506015
10306 2.15432255579201
10326 0.5230769255465112
10329 -0.21009069570959765
10682 6.9985096422506015
10794 2.938066631704182
10868 -0.18536107281185138
10971 3.502002080784121
11034 1.5958322603783217
11148 1.1784267118982394
11168 1.2781978656431896
11287 2.0286963426746007
11481 1.6186122887101415
11894 1.5178707189086098
11969 2.274701391239495
11984 2.4237986637472186
12006 2.955458374416051
12111 1.994563336305142
12122 3.589173800620615
12287 5.052599493195288
12460 3.666042147564457
12553 1.0715836162801904
12660 2.035665011990694
12668 4.22592092001082
12674 1.5779746429783155
12783 1.8986432144264027
12826 1.2619373447714093
12946 0.5932811842197597
13001 1.4730567031188173
13232 6.9985096422506015
13438 2.555858385760285
13553 -0.7409215198883841
13845 2.001297368486486
13867 1.087712998210074
13926 3.260840023967233
13930 1.3601549729168554
14081 4.359452312635343
14112 4.00277736869661
14196 0.8373023205555247
14473 3.2849375755462935
14510 6.9985096422506015
14906 0.8027278807278994
15057 3.456212601578631
15076 3.21432000833234
15121 1.5868635903955612
15169 2.335070548138534
15332 -3.1046234602912404
15348 2.10066984229969
15418 2.1233123190494494
15463 6.9985096422506015
15518 1.880515829833846
15567 5.052599493195288
15590 5.612215281130711
15672 0.7275212103923018
15708 2.9911764570181303
15771 0.023095714794649395
15783 0.48083836933832624
15786 0.8981906902305371
