248
143 9.602570129828763
241 1.6902419448493964
320 6.305362461690656
657 4.128071418239819
690 4.22592092001082
695 2.9911764570181303
730 4.59605855291637
787 4.071330023981388
819 3.8204558119026557
919 5.612215281130711
1060 0.1865007192496546
1244 6.305362461690656
1407 5.389071729816501
1436 4.108137884354437
1567 4.22592092001082
1750 1.1068654304248302
1836 5.065203047192035
1896 1.7835738846416156
1940 2.6944445490464313
2021 2.70805020110221
2159 3.502002080784121
2164 5.612215281130711
2198 4.8012850649143815
2240 3.31235078057158
2351 1.5647876386963615
2421 3.0863770537857995
2484 2.629859749823839
2585 3.9074671888922854
2638 2.130975191795019
2647 4.513602992462601
2765 5.389071729816501
2796 7.005211644415603
2829 2.8088549002241754
2837 3.086486636822455
2890 4.919068100570765
2928 3.47214911763444
2964 1.800870720168722
3011 5.206750173022546
3057 2.236335707452845
3296 3.597312260588446
3297 3.9539872045271784
3578 0.6015799870344548
3598 2.3332543299341686
3609 4.290459441148391
3614 7.189140056175367
3759 2.4033897921160112
3825 3.3609234825242154
3862 3.0666840095262753
3867 6.474619053114077
3982 3.2307936678203566
3991 2.8088549002241754
4021 3.010896397820105
4070 1.1068654304248302
4114 5.556151388262566
4130 8.45184184002164
4138 3.3875917296063767
4219 1.7567626271909589
4326 3.9539872045271784
4381 2.0149030205422647
4481 2.146479378330984
4507 6.894087829374555
4522 1.5621428859278648
4531 8.043064586142872
4537 2.039247754698959
4620 4.165296298194385
4646 1.8686109273275278
4755 6.9985096422506015
4871 2.4876501357337513
4882 2.130975191795019
4886 6.019051191372654
4964 0.563963123463148
5023 6.9985096422506015
5250 10.105198986390576
5283 3.2849375755462935
5284 3.5645224377654547
5392 2.130975191795019
5408 4.290459441148391
5484 0.9464204733261844
5517 4.869693703699308
5555 2.4033897921160112
5630 0.8340768645311343
5635 2.20271909665386
5823 5.612215281130711
5861 2.750014400201242
5874 5.159338068908006
5949 3.5645224377654547
5950 4.00277736869661
5996 4.00277736869661
6068 3.1273086313427103
6140 2.211017899468555
6219 4.59605855291637
6223 2.8088549002241754
6228 2.5894543351888
6447 1.2880826248757316
6516 4.919068100570765
6548 2.0785287164224764
6590 3.8204558119026557
6633 2.8088549002241754
6734 5.8998973535824915
6739 8.070072897307561
6751 2.5441623459970937
6908 0.33537694625979814
7051 12.717082643709613
7104 -4.644415416559045
7299 2.8553749158590684
7363 3.2849375755462935
7459 2.1944885975173447
7497 0.7014003223166658
7768 3.3096301881366648
7813 4.058293446253643
7820 5.206750173022546
7935 2.335070548138534
7940 4.359452312635343
7991 1.3149298749119196
8037 4.22592092001082
8064 4.165296298194385
8123 6.6438862501971325
8124 5.946315903030904
8327 8.472367117064893
8328 5.206750173022546
8501 4.290459441148391
8509 4.600614369452231
8648 7.302484352348294
8677 3.5645224377654547
8710 3.3072226782563283
8737 5.206750173022546
8928 1.3355491621146554
8975 2.3933394562625097
9110 4.071330023981388
9113 4.108137884354437
9122 2.7489842721265254
9139 6.305362461690656
9170 1.8348909686638688
9285 3.047265923669174
9537 1.963887624372811
9554 1.271661894663404
9597 6.254617262685421
9709 3.246922738929498
9733 2.1700132732246624
9765 1.7835738846416156
9902 9.201228738904462
9970 0.9675939027561428
10008 2.0568672196412967
10031 2.498699971920336
10179 5.389071729816501
10199 2.3256808077886952
10287 9.02857678705898
10329 -0.8403627828383906
10422 0.7087940713416041
10443 2.4876501357337513
10446 3.1483620405405426
10447 2.4397929468198853
10487 1.981229805435677
10491 3.086486636822455
10517 5.588133615601018
10523 4.8012850649143815
10561 1.6003469407328483
10713 3.5645224377654547
10734 2.735829765209286
10749 2.3509274935351647
10751 3.1758075187276433
10872 6.419528383592959
11071 5.206750173022546
11110 1.6204910383360227
11114 3.047265923669174
11116 1.9109133070182172
11140 2.15432255579201
11163 3.7796338173824005
11168 1.2781978656431896
11266 5.808330160057001
11277 3.7796338173824005
11299 -0.5211827618659379
11327 3.5645224377654547
11332 4.00277736869661
11379 2.0426825846493406
11384 3.3609234825242154
11393 3.2849375755462935
11398 3.009525595686327
11481 1.6186122887101415
11570 1.1933746733341126
11625 1.457246097092175
11677 1.7255100836868542
11703 5.206750173022546
11911 3.414990703794491
11969 2.274701391239495
12022 1.2122885475024683
12034 0.9324015521468534
12043 2.498699971920336
12093 3.3607792968127694
12122 2.3927825337470767
12254 2.335070548138534
12377 1.3460204619819507
12383 1.2523064517104479
12397 4.433560284789064
12455 -0.4305173317360804
12717 0.5999147077153936
12797 2.7218435232345457
12818 3.1483620405405426
13001 1.4730567031188173
13080 1.6246020367002147
13208 1.3115342859107813
13289 3.4820285404456395
13440 1.4770487243883548
13449 2.6418008155610093
13505 3.0666840095262753
13553 -0.37046075994419203
13559 3.5645224377654547
13572 1.8745456628473423
13599 4.290459441148391
13613 1.8111238364098463
13718 2.6850356628614973
13753 3.7026727762462723
13818 4.600614369452231
13838 2.3163784151263815
13846 3.3096301881366648
13867 2.175425996420148
13891 2.4263701154319968
13897 5.443687046469091
13921 2.1782280766455644
14017 5.389071729816501
14136 1.4810567457858934
14237 -0.6972483483041599
14313 1.6466515087745348
14343 3.7796338173824005
14365 3.8630154263214513
14392 3.7796338173824005
14431 1.034930298632155
14486 2.6164830075767194
14507 1.8510151654371483
14640 4.290459441148391
14686 6.829981407588982
14901 5.065203047192035
14906 0.8027278807278994
14907 3.5645224377654547
15192 2.978242611245248
15193 6.9985096422506015
15306 3.5999410904237834
15313 5.751315831798414
15332 -9.313870380873722
15397 2.001297368486486
15480 4.359452312635343
15484 2.9911764570181303
15570 2.7218435232345457
15604 2.1233123190494494
15626 4.22592092001082
15651 1.1377234187847354
15685 0.8716404581364162
15771 0.023095714794649395
