117
302 1.7153059135126125
344 2.7790019370744945
389 1.6419233675785887
498 3.3349479961209547
569 3.0282177286984795
710 2.8553749158590684
874 3.2849375755462935
1830 3.1066893441399746
1842 2.0286963426746007
1942 2.537330842639491
2056 4.22592092001082
2130 11.224430562261421
2240 1.65617539028579
2356 5.362043057428582
2433 3.3875917296063767
2452 2.1782280766455644
2631 0.42584399448534344
2635 6.9985096422506015
2674 5.136239012300693
2920 0.6795415285041667
2925 3.4431615807611875
2964 4.502176800421805
3132 3.2373095265570386
3215 1.179961702382206
3223 7.563518483317184
3654 20.658969484567123
3690 1.4972514317058743
3990 7.887185369350739
4070 1.1068654304248302
4088 3.5645224377654547
4158 0.030600440448717042
4172 3.414990703794491
4302 1.8000126109847754
4405 1.3460204619819507
4522 0.2603571476546441
4846 2.021775899830027
4989 1.3355491621146554
5040 1.4378280112350734
5090 6.9985096422506015
5279 1.7410142702228197
5518 1.5868635903955612
5620 3.8204558119026557
5773 2.735829765209286
5905 7.134295538566462
5993 0.8521803845817039
6077 21.1296046000541
6235 1.2270685191205855
6449 3.9074671888922854
6908 0.33537694625979814
6970 2.1863252868781835
7072 1.9486536350010641
7344 1.6325336272287498
7487 1.8167260919585162
7578 2.0861491174436737
7691 10.693567313296365
7845 2.4237986637472186
7906 1.4339892349279078
7935 2.335070548138534
8007 1.904759441443839
8032 1.5324768712979722
8043 1.730651483187273
8096 7.266660988855193
8315 2.764403137653342
8422 5.612215281130711
8439 0.4690908039883759
8567 4.8012850649143815
8590 9.602570129828763
8840 3.1698682457615064
8856 4.632756830252763
8906 6.094531847338348
9345 2.66777630196427
9531 1.67063347346102
9817 1.3183370332335338
10199 2.3256808077886952
10306 2.15432255579201
10326 1.5692307766395337
10329 -1.0504534785479882
10561 1.6003469407328483
10709 3.666305132075397
10868 -0.5560832184355542
10884 3.502002080784121
10971 3.502002080784121
11148 1.1784267118982394
11570 2.3867493466682252
11912 19.67627240228306
12006 2.955458374416051
12057 2.10066984229969
12455 -0.4305173317360804
12460 1.466416859025783
12660 2.035665011990694
12674 3.155949285956631
12783 3.7972864288528054
13029 1.6609715625492831
13080 0.8123010183501074
13106 2.335070548138534
13338 2.5211728277723946
13353 11.769342239021832
13438 2.555858385760285
13508 1.7255100836868542
13553 -0.37046075994419203
13801 3.6312138122641273
13817 3.5645224377654547
13845 2.001297368486486
13867 1.087712998210074
13930 4.080464918750566
14111 3.7026727762462723
14198 3.047265923669174
14237 -1.3944966966083199
14891 4.22592092001082
14906 0.4013639403639497
15057 1.152070867192877
15113 3.7796338173824005
15332 -6.209246920582481
15407 2.2711218235382606
15672 0.7275212103923018
15783 0.9616767386766525
15786 2.694572070691611
