112
500 2.1701959049483
521 1.8986432144264027
1828 5.389071729816501
1902 2.0149030205422647
1933 4.05407066308416
1999 3.5327737394508745
2006 3.5645224377654547
2009 9.654168654320117
2406 2.9209721983448818
2412 4.108137884354437
2450 -1.2217137914072214
2631 1.0646099862133587
2862 2.9381611094783557
3068 5.384081847927803
3215 0.589980851191103
3635 1.5779746429783155
3704 3.8630154263214513
3740 6.305362461690656
3840 1.2980660688599148
4097 2.955458374416051
4158 0.061200880897434085
4321 2.8553749158590684
4366 1.9878743481543455
4405 1.3460204619819507
4416 1.3637200390813515
4522 1.0414285906185765
4634 5.8998973535824915
5039 2.735829765209286
5065 2.735829765209286
5119 2.3933394562625097
5388 3.47214911763444
5438 6.305362461690656
5587 2.5326015235960173
5726 6.9985096422506015
5889 4.8067795842320225
5899 4.695924549256556
5965 3.740413104229119
6140 4.42203579893711
6225 4.919068100570765
6372 6.305362461690656
6819 1.7153059135126125
6853 3.260840023967233
6908 0.33537694625979814
6957 5.052599493195288
6959 4.165296298194385
7005 5.612215281130711
7028 5.528806275306684
7044 1.880515829833846
7104 -1.3269758333025843
7120 5.052599493195288
7197 1.730651483187273
7210 1.8568460857479414
7591 4.085365169298681
7887 2.973157951515452
7932 1.8745456628473423
7991 1.3149298749119196
8027 5.389071729816501
8265 4.108137884354437
8355 5.8998973535824915
8582 5.512435106133805
8710 1.102407559418776
8856 4.632756830252763
8886 1.3081501879265407
8979 1.7890234894091803
9229 2.3933394562625097
9549 5.612215281130711
9554 1.271661894663404
9614 5.8998973535824915
9853 12.610724923381312
10006 2.6944445490464313
10096 12.610724923381312
10379 12.610724923381312
10503 4.827084327160058
10868 -0.18536107281185138
11212 3.9539872045271784
11461 2.146479378330984
11717 2.938066631704182
11962 4.695924549256556
12092 4.108137884354437
12104 3.2373095265570386
12245 4.290459441148391
12256 10.413500346045092
12372 6.9985096422506015
12455 -0.6457759976041206
12891 3.7796338173824005
13075 3.9539872045271784
13424 5.8998973535824915
13553 -0.7409215198883841
13726 4.513602992462601
13734 1.942263836902293
13761 2.6040604875781623
13930 1.3601549729168554
14043 3.7796338173824005
14044 1.4611753752320646
14078 2.5098732725184614
14107 2.4237986637472186
14195 1.7781538171722764
14196 0.8373023205555247
14237 -2.09174504491248
14267 -0.7647387866270302
14308 2.0640357091199095
14381 0.2288676653980985
14473 3.2849375755462935
14626 2.750014400201242
14906 0.8027278807278994
15057 2.304141734385754
15397 2.001297368486486
15530 6.9985096422506015
15572 5.8998973535824915
15685 0.8716404581364162
15694 2.938066631704182
15771 0.023095714794649395
