39
742 6.9985096422506015
1902 2.0149030205422647
3170 4.513602992462601
3448 3.1273086313427103
3520 2.87137525720551
3814 2.236335707452845
3840 1.2980660688599148
4537 1.0196238773494795
4542 5.052599493195288
4976 2.288979440938267
5573 3.3875917296063767
5842 3.086486636822455
6068 3.1273086313427103
7104 -0.6634879166512921
7414 3.7026727762462723
7892 1.5517722705842913
9537 0.6546292081242703
9779 1.8337236683270872
11137 2.661126908243768
11441 4.919068100570765
11444 2.434161450782765
11453 1.3637200390813515
11774 3.0282177286984795
12404 1.485080896085619
12407 2.5055845146478797
12455 -0.6457759976041206
12707 2.2278250177849364
12723 2.288979440938267
13471 2.6040604875781623
13565 1.9878743481543455
13891 0.6065925288579992
14008 2.001297368486486
14416 0.7739512129752414
14477 2.5211728277723946
14573 3.260840023967233
14588 2.0785287164224764
14590 1.8337236683270872
14840 3.740413104229119
15332 -1.5523117301456202
