42
289 3.086486636822455
2450 -0.6108568957036107
2839 3.1483620405405426
3192 1.0095482253607377
3578 0.6015799870344548
4021 1.5054481989100525
4619 3.2849375755462935
4711 1.9296054400303697
4862 3.047265923669174
4900 5.389071729816501
5279 3.4820285404456395
5590 1.4533321977710387
5993 0.8521803845817039
6140 2.211017899468555
6433 0.5154022907934025
7157 3.8630154263214513
7401 1.886521853894058
7487 1.8167260919585162
7534 1.242767428663689
7620 2.1863252868781835
8439 0.4690908039883759
8556 1.8223599096767722
9106 1.0850066366123312
9429 3.3609234825242154
9990 0.5671785603171224
10250 2.9209721983448818
11491 1.8745456628473423
11773 4.919068100570765
11840 1.6902419448493964
11841 2.8396265588909295
11969 0.7582337970798316
12095 3.502002080784121
12407 1.67038967643192
12450 3.1483620405405426
12660 2.035665011990694
13609 4.22592092001082
13795 4.616772384319327
13873 3.740413104229119
14237 -0.6972483483041599
15169 2.335070548138534
15597 3.5327737394508745
15672 1.4550424207846036
