173
477 4.8012850649143815
491 3.1066893441399746
534 4.433560284789064
927 2.0785287164224764
1060 0.12433381283310307
1171 2.9209721983448818
1176 5.389071729816501
1252 4.8012850649143815
1364 5.8998973535824915
1379 1.6111243976906509
1404 1.3708885285599641
1514 5.206750173022546
1624 3.7026727762462723
1632 6.9985096422506015
1864 3.047265923669174
1884 1.9486536350010641
1924 2.288979440938267
2064 1.5647876386963615
2224 1.981229805435677
2255 4.8012850649143815
2302 3.009525595686327
2334 0.7939518796819108
2351 1.5647876386963615
2404 4.165296298194385
2414 4.8012850649143815
2434 12.067710817900146
2450 -1.2217137914072214
2567 6.86122365405045
2601 3.1066893441399746
2788 3.3096301881366648
2796 2.335070548138534
3386 2.6290617897835795
3578 0.6015799870344548
3598 3.4998814949012527
3678 12.02469064357896
3708 3.8630154263214513
3785 2.87137525720551
3923 3.1273086313427103
3942 3.3875917296063767
4026 2.8876357780772897
4070 3.320596291274491
4214 7.3977304472920355
4269 5.206750173022546
4283 4.8012850649143815
4537 1.0196238773494795
4576 4.171709513029098
4852 2.517433460142734
4878 1.3672978604292356
4886 6.019051191372654
4924 3.2849375755462935
4964 1.6918893703894442
5127 4.8012850649143815
5156 2.211017899468555
5208 5.135385686814575
5243 3.6312138122641273
5484 1.8928409466523688
5630 0.23830767558032406
5718 6.9985096422506015
5869 5.8998973535824915
5900 2.8553749158590684
5955 2.434161450782765
6223 2.8088549002241754
6250 1.7727629685373998
6271 6.305362461690656
6583 0.8629447511688624
6754 1.2024518914852294
6898 2.162227735299123
6919 5.69024215641714
6924 5.206750173022546
7104 -2.6539516666051686
7169 6.9985096422506015
7227 5.8998973535824915
7312 2.3163784151263815
7591 2.0426825846493406
7613 4.290459441148391
7650 6.3244815420865415
7722 3.5327737394508745
7768 3.3096301881366648
7813 1.0145733615634107
7986 3.597312260588446
8007 1.904759441443839
8153 2.8396265588909295
8182 5.362043057428582
8256 3.3607792968127694
8439 0.4690908039883759
8660 3.350999326224386
8708 1.4810567457858934
8723 1.5262389685791264
8788 2.146479378330984
8880 1.67063347346102
8928 1.3355491621146554
8987 2.211017899468555
9288 6.305362461690656
9372 2.3256808077886952
9391 2.735829765209286
9645 6.06532769949008
9646 6.9985096422506015
9647 5.206750173022546
9709 3.246922738929498
10069 3.4431615807611875
10221 2.434161450782765
10231 3.2373095265570386
10233 3.4431615807611875
10326 0.5230769255465112
10751 1.5879037593638217
10868 -0.37072214562370276
10969 5.052599493195288
11034 1.5958322603783217
11088 5.206750173022546
11089 1.1549652252192415
11110 1.6204910383360227
11112 5.8998973535824915
11114 3.047265923669174
11218 0.5720211847929105
11236 3.5645224377654547
11243 3.8630154263214513
11308 2.5098732725184614
11374 6.9985096422506015
11386 2.1157077196642304
11398 3.009525595686327
11481 4.855836866130424
11625 4.371738291276525
11677 1.7255100836868542
11816 1.9296054400303697
12034 2.7972046564405604
12070 2.87137525720551
12075 5.876133263408364
12181 3.8204558119026557
12283 5.208120975156325
12383 1.2523064517104479
12455 -0.4305173317360804
12457 6.474619053114077
12594 4.513602992462601
12621 4.290459441148391
12679 1.5958322603783217
12772 3.773043707788116
12773 4.413087583837837
13005 3.8630154263214513
13040 7.194624521176892
13080 1.6246020367002147
13191 4.513602992462601
13319 1.8055527913603908
13440 1.4770487243883548
13491 2.288979440938267
13527 2.049749751872433
13553 -0.37046075994419203
13571 5.389071729816501
13575 4.165296298194385
13723 3.597312260588446
13867 1.087712998210074
14088 5.389071729816501
14174 1.7945029551738059
14237 -0.6972483483041599
14267 -0.3823693933135151
14309 1.5137127087599462
14370 3.666305132075397
14453 3.414990703794491
14463 1.67063347346102
14525 4.22592092001082
14908 2.476721065201561
15037 2.3163784151263815
15155 1.380822401482141
15250 3.7796338173824005
15306 2.15996465425427
15332 -3.1046234602912404
15341 1.5919482501253577
15348 6.30200952689907
15471 0.6940608398286201
15528 3.666305132075397
15576 3.009525595686327
15592 14.35687628602755
15740 5.612215281130711
15769 3.3349479961209547
