272
327 2.20271909665386
405 4.8012850649143815
592 2.4446327506500602
657 4.128071418239819
1196 5.8998973535824915
1242 5.8998973535824915
1356 2.363780654020965
1376 6.305362461690656
1648 4.600614369452231
1702 3.3609234825242154
1864 3.047265923669174
1902 2.0149030205422647
1909 2.8876357780772897
1923 2.211017899468555
1924 2.288979440938267
2036 3.8973072700021283
2217 2.4876501357337513
2351 1.5647876386963615
2358 3.1273086313427103
2380 3.7796338173824005
2424 2.219386149139072
2450 -0.6108568957036107
2484 1.3149298749119196
2536 7.134295538566462
2638 2.130975191795019
2935 0.6320391945191633
2959 5.936843246369504
2964 0.900435360084361
3014 16.90368368004328
3052 3.2373095265570386
3057 2.236335707452845
3143 8.877544596556287
3144 8.00555473739322
3297 3.9539872045271784
3329 1.981229805435677
3407 2.085854756514549
3423 3.7026727762462723
3578 1.2031599740689096
3598 2.3332543299341686
3615 4.165296298194385
3647 2.1081605140288473
3690 1.4972514317058743
3807 2.3256808077886952
3859 4.600614369452231
3982 3.2307936678203566
3990 5.258123579567159
3995 7.00594228036046
4006 2.6547042203969173
4021 3.010896397820105
4070 1.1068654304248302
4108 6.213378688279949
4110 2.764403137653342
4173 5.389071729816501
4214 2.465910149097345
4262 3.1698682457615064
4270 3.5327737394508745
4282 5.710749831718137
4381 2.0149030205422647
4400 2.938066631704182
4416 1.3637200390813515
4417 3.1918471524802814
4441 4.05407066308416
4448 4.695924549256556
4537 2.039247754698959
4625 1.8452180477528222
4631 3.9539872045271784
4750 0.994658549464184
4751 6.829981407588982
4882 2.130975191795019
4909 1.4690805547391779
4976 2.288979440938267
5129 5.612215281130711
5233 8.45184184002164
5316 2.236335707452845
5392 4.261950383590038
5430 5.500028800402484
5432 6.886323161522375
5518 1.5868635903955612
5569 4.22592092001082
5572 3.47214911763444
5587 2.5326015235960173
5630 0.4766153511606481
5635 2.20271909665386
5636 2.973157951515452
5687 2.0785287164224764
5773 5.471659530418572
5889 2.4033897921160112
5981 2.8553749158590684
6047 3.009525595686327
6130 3.0666840095262753
6164 5.258123579567159
6228 1.2947271675944
6288 9.201228738904462
6289 5.612215281130711
6402 1.4112609838503516
6433 2.06160916317361
6521 5.612215281130711
6539 4.86832290156553
6622 2.579669034454003
6699 4.165296298194385
6819 1.7153059135126125
6882 5.206750173022546
6908 1.3415077850391925
6993 4.05407066308416
7104 -3.3174395832564607
7311 2.236335707452845
7497 0.7014003223166658
7512 4.22592092001082
7633 1.8745456628473423
7719 4.8012850649143815
7838 4.216321028057695
7892 1.5517722705842913
7935 2.335070548138534
8007 1.904759441443839
8043 1.730651483187273
8096 1.4533321977710387
8242 2.035665011990694
8262 2.0712559570933964
8496 7.004004161568242
8499 6.305362461690656
8514 2.008077055471865
8523 4.353795814226602
8579 5.8998973535824915
8672 5.775271556154579
8710 2.204815118837552
8723 3.052477937158253
8840 3.1698682457615064
8850 1.7153059135126125
9007 4.108137884354437
9110 2.035665011990694
9122 4.123476408189788
9170 0.6116303228879563
9175 3.597312260588446
9276 2.6944445490464313
9290 5.389071729816501
9346 2.498699971920336
9353 2.476721065201561
9428 2.498699971920336
9531 3.34126694692204
9559 -1.081586270114661
9580 6.6192603762733295
9589 1.3115342859107813
9752 3.5327737394508745
9779 1.8337236683270872
9970 0.4837969513780714
9979 2.3933394562625097
10006 2.6944445490464313
10191 4.433560284789064
10202 2.591790394986348
10223 4.05407066308416
10258 1.8000126109847754
10261 3.9539872045271784
10278 3.2849375755462935
10294 2.70805020110221
10422 1.4175881426832082
10447 7.319378840459656
10473 1.7781538171722764
10487 1.981229805435677
10552 4.22592092001082
10559 3.8630154263214513
10592 5.612215281130711
10749 1.1754637467675824
10753 2.7790019370744945
10813 5.612215281130711
10840 5.8998973535824915
10868 -0.37072214562370276
10993 4.22592092001082
11023 1.2880826248757316
11032 1.087712998210074
11102 3.326150070554554
11106 2.021775899830027
11188 6.305362461690656
11218 1.144042369585821
11227 10.105198986390576
11264 5.612215281130711
11287 2.0286963426746007
11296 2.764403137653342
11299 -1.5635482855978138
11323 3.597312260588446
11338 5.206750173022546
11406 5.283601631122019
11426 3.8630154263214513
11444 2.434161450782765
11453 1.3637200390813515
11459 3.047265923669174
11463 6.94429823526888
11468 4.22592092001082
11485 6.775183459212753
11522 2.555858385760285
11524 1.5178707189086098
11597 3.0666840095262753
11625 1.457246097092175
11677 1.7255100836868542
11891 5.8998973535824915
11900 6.149249255617299
11907 2.434161450782765
11987 4.8012850649143815
12022 1.616384730003291
12043 2.498699971920336
12057 2.10066984229969
12066 3.7796338173824005
12093 3.3607792968127694
12196 4.165296298194385
12241 12.898345172270016
12245 4.290459441148391
12386 12.67776276003246
12543 3.5645224377654547
12593 4.359452312635343
12796 2.9209721983448818
12826 1.2619373447714093
12832 3.3096301881366648
12833 0.9630282097258448
12853 2.304141734385754
12978 4.766778250818684
13045 1.886521853894058
13080 0.8123010183501074
13189 1.8745456628473423
13283 4.919068100570765
13289 1.7410142702228197
13333 3.666305132075397
13343 2.973157951515452
13344 5.612215281130711
13354 1.8280256472124494
13357 6.775183459212753
13508 1.7255100836868542
13559 3.5645224377654547
13603 5.612215281130711
13680 2.2449194511442365
13718 2.6850356628614973
13720 3.666305132075397
13734 9.711319184511465
13737 5.8998973535824915
13738 4.22592092001082
13805 4.8012850649143815
13867 2.175425996420148
13890 2.681021528714291
13978 4.00277736869661
14135 2.3541187431092285
14167 3.7026727762462723
14237 -0.6972483483041599
14267 -0.3823693933135151
14309 1.5137127087599462
14315 6.019051191372654
14352 0.9464204733261844
14475 4.695924549256556
14507 3.7020303308742966
14521 3.666305132075397
14559 4.433560284789064
14597 3.2849375755462935
14633 2.6547042203969173
14635 6.305362461690656
14636 5.389071729816501
14656 1.1405764877671418
14906 0.4013639403639497
15092 5.206750173022546
15129 5.775271556154579
15153 3.1483620405405426
15241 1.7462362142039713
15292 2.211017899468555
15294 5.389071729816501
15306 1.4399764361695133
15332 -7.761558650728101
15362 4.695924549256556
15397 2.001297368486486
15468 5.774826126096207
15471 0.6940608398286201
15517 1.886521853894058
15651 2.2754468375694707
15672 0.7275212103923018
15771 0.023095714794649395
15827 5.732739921054652
15828 1.0931477941960308
