96
1836 12.663007617980087
2021 2.70805020110221
2351 1.5647876386963615
2442 2.7938170228596353
2450 -1.2217137914072214
2513 1.8280256472124494
2737 12.610724923381312
2831 5.612215281130711
2858 3.8630154263214513
3449 1.9647049651044954
3516 2.0785287164224764
3614 1.4378280112350734
3652 5.8998973535824915
3982 1.0769312226067855
3991 2.8088549002241754
4070 3.320596291274491
4080 5.052599493195288
4114 1.3890378470656415
4219 3.5135252543819178
4522 0.2603571476546441
4531 2.681021528714291
4646 1.8686109273275278
4750 0.33155284982139466
4871 2.4876501357337513
4938 3.4431615807611875
4956 2.413542163580029
4970 1.9746291214043248
5241 4.433560284789064
5273 3.21432000833234
5350 2.955458374416051
5430 2.750014400201242
5484 0.9464204733261844
5517 1.6232312345664361
5630 0.4766153511606481
5635 2.20271909665386
5904 6.305362461690656
6228 1.2947271675944
6250 1.7727629685373998
6402 1.4112609838503516
6622 2.579669034454003
6673 4.00277736869661
6739 1.6140145794615122
6754 2.4049037829704587
6908 0.6707538925195963
7025 1.0095482253607377
7051 1.8167260919585162
7104 -0.6634879166512921
7525 5.612215281130711
7539 4.600614369452231
7569 1.0170954309961207
7968 3.047265923669174
8123 1.6609715625492831
8283 2.8876357780772897
8677 3.5645224377654547
8710 0.551203779709388
9024 8.718904625270685
9110 2.035665011990694
9122 1.3744921360632627
9537 0.6546292081242703
9709 2.164615159286332
9970 0.4837969513780714
10258 1.8000126109847754
10422 0.7087940713416041
10447 0.6099482367049713
10796 3.8630154263214513
11043 5.8998973535824915
11116 1.9109133070182172
11304 1.2054960338664575
11580 5.088324691994187
11687 8.867120569578129
11952 3.1916645207566434
11969 0.7582337970798316
12022 0.40409618250082274
12089 2.8088549002241754
12093 5.041168945219154
12122 1.1963912668735384
12254 2.335070548138534
12377 1.3460204619819507
12378 3.3349479961209547
12383 1.2523064517104479
12853 2.304141734385754
13001 1.4730567031188173
13272 2.7790019370744945
13289 3.4820285404456395
13505 3.0666840095262753
13718 4.0275534942922455
13867 1.087712998210074
13891 1.8197775865739976
14049 4.290459441148391
14109 5.612215281130711
14588 2.0785287164224764
15283 2.236335707452845
15306 0.7199882180847567
15332 -1.5523117301456202
15517 1.886521853894058
15613 4.108137884354437
