36
289 3.086486636822455
2755 3.260840023967233
2839 3.1483620405405426
3165 3.7796338173824005
3192 1.0095482253607377
4711 1.9296054400303697
5083 1.5735596247691985
5111 3.21432000833234
5279 3.4820285404456395
5518 1.5868635903955612
5590 1.4533321977710387
5993 0.8521803845817039
6022 6.305362461690656
6364 3.260840023967233
6433 1.030804581586805
6442 4.8012850649143815
7487 1.8167260919585162
8556 1.8223599096767722
9641 2.6418008155610093
10210 2.9911764570181303
10304 4.433560284789064
10392 5.612215281130711
11788 3.3096301881366648
11841 5.679253117781859
12407 1.67038967643192
12455 -0.2152586658680402
12460 0.7332084295128914
12660 2.035665011990694
13683 3.0666840095262753
13795 1.5389241281064423
13933 3.7796338173824005
13934 4.600614369452231
14416 0.7739512129752414
14472 4.513602992462601
14840 3.740413104229119
15458 5.617709800448351
