35
389 1.6419233675785887
1942 0.845776947546497
2450 -0.6108568957036107
2621 4.108137884354437
2631 0.21292199724267172
3646 2.5676928434072877
3690 1.4972514317058743
4158 0.09180132134615113
4619 3.2849375755462935
5040 1.4378280112350734
5905 1.7835738846416156
6402 1.4112609838503516
7510 5.8998973535824915
7534 1.242767428663689
7614 2.5676928434072877
8439 0.4690908039883759
8708 1.4810567457858934
9817 1.3183370332335338
9990 0.5671785603171224
10194 2.455214859980597
10210 2.9911764570181303
10304 4.433560284789064
10329 -0.4201813914191953
10981 3.086486636822455
11778 2.8553749158590684
12078 1.3637200390813515
12455 -0.4305173317360804
12460 0.7332084295128914
13930 1.3601549729168554
14196 0.8373023205555247
14237 -1.3944966966083199
14422 2.1233123190494494
14556 2.8876357780772897
15169 2.335070548138534
15248 6.9985096422506015
