49
325 4.22592092001082
389 1.6419233675785887
1842 2.0286963426746007
2176 7.150167376228025
2421 1.5431885268928998
2631 0.21292199724267172
2766 3.0666840095262753
2862 2.9381611094783557
2920 0.6795415285041667
3068 1.3460204619819507
4158 0.030600440448717042
4405 1.3460204619819507
4522 0.2603571476546441
4592 3.0282177286984795
4951 4.359452312635343
5769 6.9985096422506015
7401 1.886521853894058
7421 3.2373095265570386
7892 1.5517722705842913
7965 1.886521853894058
8032 0.5108256237659907
8439 0.4690908039883759
8582 1.3781087765334512
8788 2.146479378330984
9276 2.6944445490464313
9280 3.502002080784121
9537 0.6546292081242703
10307 2.5676928434072877
10329 -0.630272087128793
10503 2.413542163580029
10904 6.305362461690656
11023 1.2880826248757316
11524 1.5178707189086098
11537 3.666305132075397
11597 3.0666840095262753
12455 -0.4305173317360804
12460 0.7332084295128914
13359 2.6290617897835795
13393 4.433560284789064
13553 -0.37046075994419203
13930 1.3601549729168554
14196 2.511906961666574
14237 -1.3944966966083199
14313 4.939954526323604
14620 4.30864511158402
14679 7.559267634764801
15057 1.152070867192877
15332 -1.5523117301456202
15783 0.48083836933832624
