53
1836 5.065203047192035
2351 1.5647876386963615
2763 6.9985096422506015
3449 0.9823524825522477
3614 1.4378280112350734
3991 2.8088549002241754
4114 2.778075694131283
4219 1.7567626271909589
4476 3.740413104229119
4507 2.298029276458185
4531 2.681021528714291
4871 2.4876501357337513
4938 3.4431615807611875
4970 3.9492582428086496
5517 1.6232312345664361
5630 0.23830767558032406
5635 2.20271909665386
6250 1.7727629685373998
6402 1.4112609838503516
6433 0.5154022907934025
6739 1.6140145794615122
6754 1.2024518914852294
6908 0.33537694625979814
7051 1.8167260919585162
7104 -0.6634879166512921
7968 3.047265923669174
8123 3.3219431250985663
8677 3.5645224377654547
8708 1.4810567457858934
9537 1.3092584162485406
9709 2.164615159286332
9970 0.4837969513780714
10447 1.2198964734099427
11304 1.2054960338664575
12089 2.8088549002241754
12093 1.6803896484063847
12122 1.1963912668735384
12254 2.335070548138534
12377 1.3460204619819507
12378 3.3349479961209547
12455 -0.2152586658680402
13001 1.4730567031188173
13178 5.206750173022546
13272 2.7790019370744945
13289 1.7410142702228197
13867 1.087712998210074
13891 0.6065925288579992
14109 5.612215281130711
14416 0.7739512129752414
14588 2.0785287164224764
15283 2.236335707452845
15306 0.7199882180847567
15341 0.7959741250626788
