227
279 2.6418008155610093
373 2.750014400201242
451 4.22592092001082
495 2.8396265588909295
619 3.666305132075397
678 6.9985096422506015
730 4.59605855291637
787 6.106995035972082
800 2.434161450782765
819 3.8204558119026557
888 4.05407066308416
927 2.0785287164224764
952 5.052599493195288
978 2.298029276458185
1060 0.12433381283310307
1171 2.9209721983448818
1507 3.8630154263214513
1546 6.9985096422506015
1686 1.1549652252192415
1690 2.455214859980597
1750 1.1068654304248302
1886 3.1273086313427103
1893 3.5135252543819178
2021 2.70805020110221
2026 2.681021528714291
2068 3.3609234825242154
2351 10.95351347087453
2450 -1.2217137914072214
2536 1.7835738846416156
2538 1.422560539104285
2592 2.938066631704182
2701 2.7218435232345457
2796 2.335070548138534
2862 2.9381611094783557
2920 1.3590830570083334
2928 6.94429823526888
2935 0.6320391945191633
2940 1.6278716141229383
3106 5.612215281130711
3247 9.201228738904462
3297 3.9539872045271784
3578 0.6015799870344548
3598 1.1666271649670843
3614 4.313484033705221
3642 3.47214911763444
3709 2.9041650800285006
3749 5.052599493195288
3759 4.8067795842320225
3867 3.2373095265570386
3946 3.414990703794491
3982 1.0769312226067855
4070 1.1068654304248302
4090 6.9985096422506015
4114 5.556151388262566
4219 8.783813135954794
4245 3.597312260588446
4309 5.362043057428582
4314 5.528806275306684
4400 2.938066631704182
4402 4.919068100570765
4416 1.3637200390813515
4507 4.59605855291637
4522 1.3017857382732205
4531 2.681021528714291
4537 3.0588716320484384
4592 3.0282177286984795
4625 1.8452180477528222
4777 4.359452312635343
4866 2.5211728277723946
4871 2.4876501357337513
4878 1.3672978604292356
4882 2.130975191795019
4938 6.886323161522375
4964 1.127926246926296
5151 2.555858385760285
5250 5.052599493195288
5284 3.5645224377654547
5517 3.2464624691328723
5630 0.23830767558032406
5635 4.40543819330772
5861 2.750014400201242
5862 6.305362461690656
5874 2.579669034454003
5973 1.4770487243883548
5987 4.433560284789064
5999 2.5098732725184614
6068 3.1273086313427103
6140 2.211017899468555
6163 4.8012850649143815
6219 2.298029276458185
6228 1.2947271675944
6233 3.1918471524802814
6408 5.8998973535824915
6525 6.296724081081085
6570 6.9985096422506015
6708 5.389071729816501
6739 8.070072897307561
6751 2.5441623459970937
6754 1.2024518914852294
6908 1.3415077850391925
7051 10.900356551751097
7062 5.8998973535824915
7299 2.8553749158590684
7344 1.6325336272287498
7363 6.569875151092587
7527 2.681021528714291
7568 4.600614369452231
7591 2.0426825846493406
7633 1.8745456628473423
7838 2.1081605140288473
7940 4.359452312635343
8078 1.9359146092236343
8120 8.33059259638877
8123 6.6438862501971325
8327 2.824122372354964
8501 4.290459441148391
8648 2.434161450782765
8660 1.675499663112193
8677 3.5645224377654547
8710 1.6536113391281642
8723 1.5262389685791264
8736 1.1933746733341126
8749 3.0666840095262753
8880 1.67063347346102
8928 1.3355491621146554
8954 3.5645224377654547
9110 8.142660047962776
9122 1.3744921360632627
9175 3.597312260588446
9192 4.00277736869661
9384 1.3355491621146554
9537 1.963887624372811
9554 1.271661894663404
9709 5.41153789821583
9733 1.0850066366123312
9743 3.8630154263214513
9765 3.567147769283231
9895 6.866938322814802
9970 1.4513908541342142
10006 2.6944445490464313
10008 2.0568672196412967
10015 3.5645224377654547
10073 4.919068100570765
10199 2.3256808077886952
10287 3.009525595686327
10326 0.5230769255465112
10329 -0.4201813914191953
10422 2.8351762853664164
10443 4.9753002714675025
10447 1.2198964734099427
10487 1.981229805435677
10532 2.9209721983448818
10561 3.2006938814656967
10619 5.206750173022546
10751 4.763711278091465
10752 4.513602992462601
10790 5.206750173022546
10872 12.839056767185918
10874 4.359452312635343
11089 1.1549652252192415
11110 1.6204910383360227
11168 1.2781978656431896
11277 3.7796338173824005
11299 -1.5635482855978138
11304 1.2054960338664575
11453 1.3637200390813515
11546 3.9539872045271784
11677 1.7255100836868542
11769 1.6466515087745348
11816 1.9296054400303697
11911 3.414990703794491
12034 0.9324015521468534
12093 15.123506835657462
12095 3.502002080784121
12178 6.305362461690656
12228 3.047265923669174
12254 2.335070548138534
12377 1.3460204619819507
12380 3.2849375755462935
12383 1.2523064517104479
12391 3.1918471524802814
12455 -0.2152586658680402
12457 3.2373095265570386
12495 10.413500346045092
12595 2.344549292093078
12781 2.498699971920336
12793 2.87137525720551
12944 4.695924549256556
12978 2.383389125409342
13001 1.4730567031188173
13210 6.305362461690656
13263 4.695924549256556
13289 1.7410142702228197
13346 2.9041650800285006
13359 2.6290617897835795
13440 1.4770487243883548
13553 -0.7409215198883841
13672 3.052477937158253
13718 1.3425178314307487
13789 5.052599493195288
13828 3.3349479961209547
13867 2.175425996420148
13891 1.8197775865739976
14049 4.290459441148391
14136 2.962113491571787
14237 -1.3944966966083199
14267 -0.3823693933135151
14357 2.476721065201561
14422 2.1233123190494494
14431 1.034930298632155
14486 2.6164830075767194
14527 2.938066631704182
14637 3.3349479961209547
14656 1.1405764877671418
14682 1.5431885268928998
14686 3.414990703794491
14822 4.290459441148391
14901 2.5326015235960173
14906 0.4013639403639497
15153 3.1483620405405426
15192 1.489121305622624
15306 5.759905744678053
15313 1.917105277266138
15332 -7.761558650728101
15502 4.513602992462601
15595 2.6641659082763383
15651 2.2754468375694707
