251
128 6.9985096422506015
141 6.9985096422506015
147 6.9985096422506015
171 5.8998973535824915
209 3.400384551405129
279 2.6418008155610093
302 1.7153059135126125
422 2.66777630196427
563 5.389071729816501
630 5.206750173022546
646 8.877544596556287
715 11.799794707164983
717 2.8396265588909295
786 6.305362461690656
862 2.344549292093078
1041 6.9985096422506015
1058 15.281823247610623
1488 5.052599493195288
1873 6.9985096422506015
1885 3.009525595686327
1923 2.211017899468555
1940 2.6944445490464313
1997 6.019051191372654
2036 1.9486536350010641
2103 4.8892655013001205
2157 5.8998973535824915
2191 3.086486636822455
2225 4.359452312635343
2271 1.7089155903610478
2272 6.9985096422506015
2312 5.8998973535824915
2434 2.413542163580029
2472 17.699692060747473
2503 9.602570129828763
2512 4.8012850649143815
2567 3.430611827025225
2644 9.027205984925201
2667 3.9074671888922854
2798 6.9985096422506015
2799 6.9985096422506015
3100 2.7938170228596353
3110 2.8876357780772897
3183 6.9985096422506015
3270 4.695924549256556
3313 4.695924549256556
3428 6.305362461690656
3506 9.026220810200009
3511 6.305362461690656
3574 5.206750173022546
3575 3.260840023967233
3598 2.3332543299341686
3614 1.4378280112350734
3678 7.014402875421061
3690 1.4972514317058743
3700 1.2947271675944
3982 1.0769312226067855
3983 5.8998973535824915
4070 1.1068654304248302
4214 2.465910149097345
4221 4.290459441148391
4223 2.1863252868781835
4259 3.8630154263214513
4284 3.9074671888922854
4286 2.130975191795019
4309 2.681021528714291
4405 1.3460204619819507
4438 6.94429823526888
4502 14.044274501120878
4522 0.2603571476546441
4576 2.085854756514549
4625 1.8452180477528222
4682 8.867120569578129
4821 5.8998973535824915
4834 3.7026727762462723
4842 4.433560284789064
4852 2.517433460142734
4964 2.255852493852592
4999 5.8998973535824915
5156 2.211017899468555
5207 5.389071729816501
5394 4.919068100570765
5396 4.05407066308416
5590 1.4533321977710387
5678 4.695924549256556
5681 4.8012850649143815
5711 2.6290617897835795
5729 4.359452312635343
5839 2.579669034454003
5852 2.4876501357337513
5890 5.389071729816501
5894 6.9985096422506015
5955 2.434161450782765
6170 4.359452312635343
6205 2.955458374416051
6221 2.8553749158590684
6250 1.7727629685373998
6305 3.9539872045271784
6754 1.2024518914852294
6776 5.8267915107068795
6887 11.52070867192877
6890 6.305362461690656
6898 4.324455470598246
6919 7.112802695521426
7025 2.0190964507214755
7104 -1.9904637499538764
7197 1.730651483187273
7306 7.462950407201253
7338 4.8012850649143815
7401 1.886521853894058
7457 4.919068100570765
7569 1.0170954309961207
7576 5.8998973535824915
7650 2.1081605140288473
7703 4.8012850649143815
7764 1.7052048175261088
7845 2.4237986637472186
7958 9.027205984925201
7981 2.0426825846493406
8046 4.108137884354437
8096 2.9066643955420775
8134 6.305362461690656
8182 2.681021528714291
8256 1.6803896484063847
8391 2.555858385760285
8485 5.389071729816501
8566 2.5098732725184614
8643 2.001297368486486
8710 1.102407559418776
8723 1.5262389685791264
8736 1.1933746733341126
8761 4.919068100570765
8814 4.22592092001082
8831 6.9985096422506015
8880 3.34126694692204
8918 6.9985096422506015
8957 5.052599493195288
9106 1.0850066366123312
9110 2.035665011990694
9154 2.465910149097345
9170 0.6116303228879563
9204 2.5098732725184614
9372 2.3256808077886952
9424 5.8998973535824915
9428 2.498699971920336
9458 3.6312138122641273
9531 1.67063347346102
9554 2.543323789326808
9569 6.9985096422506015
9645 2.021775899830027
9671 4.600614369452231
9690 6.9985096422506015
9709 2.164615159286332
9710 5.8998973535824915
9765 1.7835738846416156
9817 1.3183370332335338
9895 25.178773850320937
9923 6.305362461690656
9961 4.600614369452231
10258 1.8000126109847754
10270 6.9985096422506015
10302 2.6290617897835795
10329 -0.630272087128793
10422 0.7087940713416041
10487 3.962459610871354
10644 6.9985096422506015
10645 4.600614369452231
10751 0.7939518796819108
10782 4.433560284789064
10868 -0.18536107281185138
10973 2.7938170228596353
11023 1.2880826248757316
11027 1.2781978656431896
11034 3.1916645207566434
11110 1.6204910383360227
11139 2.87137525720551
11272 6.9985096422506015
11304 1.2054960338664575
11308 2.5098732725184614
11416 2.1782280766455644
11445 3.740413104229119
11446 3.597312260588446
11481 1.6186122887101415
11524 1.5178707189086098
11625 5.8289843883687
11678 4.513602992462601
11725 4.359452312635343
11836 2.37353682896633
11889 2.7790019370744945
11943 2.455214859980597
12028 2.591790394986348
12034 1.8648031042937068
12060 3.044092180638181
12078 2.727440078162703
12263 5.159338068908006
12283 2.6040604875781623
12383 1.2523064517104479
12455 -0.2152586658680402
12558 2.4446327506500602
12598 5.019746545036923
12682 4.600614369452231
12711 5.389071729816501
12717 0.5999147077153936
12772 1.886521853894058
12773 0.8826175167675673
12774 6.9985096422506015
12779 6.305362461690656
12789 4.695924549256556
12823 2.06986059726431
13001 1.4730567031188173
13009 6.305362461690656
13208 2.6230685718215625
13271 3.3875917296063767
13312 2.955458374416051
13437 6.9985096422506015
13462 3.3096301881366648
13552 6.305362461690656
13553 -2.222764559665152
13565 1.9878743481543455
13567 6.9985096422506015
13750 2.162227735299123
13917 10.413500346045092
14104 1.710242611556066
14123 4.22592092001082
14163 8.718904625270685
14208 3.5621059478217028
14381 0.2288676653980985
14416 0.7739512129752414
14452 5.052599493195288
14563 2.6418008155610093
14564 5.8998973535824915
14626 2.750014400201242
14656 1.1405764877671418
14724 6.9985096422506015
14906 0.4013639403639497
14961 4.600614369452231
15192 1.489121305622624
15247 2.498699971920336
15260 10.778143459633002
15306 1.4399764361695133
15314 6.9985096422506015
15332 -4.656935190436861
15411 9.602570129828763
15413 1.2781978656431896
15471 2.08218251948586
15576 6.019051191372654
15587 1.2947271675944
15592 8.614125771616528
15595 5.3283318165526765
15672 0.7275212103923018
15673 6.9985096422506015
15805 2.008077055471865
