190
373 2.750014400201242
500 2.1701959049483
534 4.433560284789064
646 2.219386149139072
703 3.7026727762462723
761 5.612215281130711
906 4.05407066308416
907 5.612215281130711
927 2.0785287164224764
1243 6.9985096422506015
1252 4.8012850649143815
1283 5.8998973535824915
1605 6.9985096422506015
1624 7.405345552492545
1770 4.919068100570765
1864 3.047265923669174
1884 1.9486536350010641
1957 1.8223599096767722
2064 1.5647876386963615
2224 1.981229805435677
2344 4.600614369452231
2351 1.5647876386963615
2414 9.602570129828763
2434 7.2406264907400875
2442 2.7938170228596353
2450 -0.6108568957036107
2567 13.7224473081009
2690 3.1483620405405426
2796 2.335070548138534
2893 2.5098732725184614
2935 0.6320391945191633
3094 4.00277736869661
3236 6.9985096422506015
3516 2.0785287164224764
3578 1.2031599740689096
3598 4.666508659868337
3639 6.9985096422506015
3678 15.030863304473701
3807 2.3256808077886952
3923 6.254617262685421
3942 3.3875917296063767
3981 3.3609234825242154
3982 1.0769312226067855
4070 1.1068654304248302
4214 4.93182029819469
4269 5.206750173022546
4309 5.362043057428582
4336 6.9985096422506015
4416 1.3637200390813515
4576 2.085854756514549
4695 2.87137525720551
4730 6.9985096422506015
4739 6.9985096422506015
4750 0.33155284982139466
4852 2.517433460142734
4876 2.2449194511442365
4886 6.019051191372654
4934 3.7026727762462723
4947 3.414990703794491
4964 1.6918893703894442
5065 2.735829765209286
5208 2.5676928434072877
5243 3.6312138122641273
5484 1.8928409466523688
5590 1.4533321977710387
5630 0.4766153511606481
5688 5.612215281130711
5715 3.502002080784121
5733 5.8998973535824915
5869 5.8998973535824915
5973 1.4770487243883548
6089 3.8630154263214513
6223 2.8088549002241754
6250 1.7727629685373998
6468 3.1483620405405426
6579 4.695924549256556
6754 1.2024518914852294
6776 1.942263836902293
6898 2.162227735299123
6919 7.112802695521426
6924 5.206750173022546
7104 -4.644415416559045
7112 5.052599493195288
7339 3.5327737394508745
7344 1.6325336272287498
7579 6.9985096422506015
7650 12.648963084173083
7986 3.597312260588446
8007 1.904759441443839
8043 1.730651483187273
8153 2.8396265588909295
8155 3.1066893441399746
8182 8.043064586142872
8239 4.600614369452231
8256 1.6803896484063847
8356 4.165296298194385
8391 2.555858385760285
8439 0.4690908039883759
8660 6.701998652448772
8708 1.4810567457858934
8745 2.5441623459970937
8923 6.9985096422506015
8987 4.42203579893711
9213 3.7026727762462723
9288 6.305362461690656
9292 2.5441623459970937
9372 4.6513616155773905
9384 1.3355491621146554
9645 4.043551799660054
9709 4.329230318572664
9813 6.9985096422506015
10231 3.2373095265570386
10233 3.4431615807611875
10302 2.6290617897835795
10306 2.15432255579201
10326 1.0461538510930224
10329 -0.21009069570959765
10422 0.7087940713416041
10552 4.22592092001082
10751 1.5879037593638217
10753 2.7790019370744945
10868 -0.18536107281185138
10906 2.035665011990694
11034 1.5958322603783217
11170 2.5676928434072877
11236 3.5645224377654547
11308 2.5098732725184614
11481 4.855836866130424
11484 3.6312138122641273
11570 1.1933746733341126
11604 6.9985096422506015
11614 6.305362461690656
11625 2.91449219418435
11754 3.1918471524802814
11816 3.8592108800607394
11984 2.4237986637472186
12022 0.40409618250082274
12034 0.9324015521468534
12103 4.695924549256556
12283 2.6040604875781623
12284 6.9985096422506015
12341 2.8088549002241754
12383 1.2523064517104479
12455 -0.4305173317360804
12594 4.513602992462601
12598 2.5098732725184614
12680 6.9985096422506015
12772 3.773043707788116
12773 6.178322617372971
12823 1.034930298632155
12837 3.4431615807611875
13040 7.194624521176892
13080 0.8123010183501074
13316 3.047265923669174
13319 1.8055527913603908
13353 5.884671119510916
13390 2.236335707452845
13399 3.086486636822455
13440 1.4770487243883548
13491 4.577958881876534
13538 3.414990703794491
13553 -0.37046075994419203
13672 1.5262389685791264
13822 3.740413104229119
13867 1.087712998210074
13917 5.206750173022546
14174 1.7945029551738059
14362 4.290459441148391
14370 3.666305132075397
14431 1.034930298632155
14453 3.414990703794491
14656 2.2811529755342836
14699 4.8012850649143815
14891 4.22592092001082
14908 2.476721065201561
15037 2.3163784151263815
15077 4.600614369452231
15173 3.009525595686327
15306 1.4399764361695133
15332 -7.761558650728101
15348 2.10066984229969
15413 1.2781978656431896
15471 0.6940608398286201
15528 3.666305132075397
15576 6.019051191372654
15592 25.84237731484959
15651 2.2754468375694707
15677 1.5779746429783155
15740 5.612215281130711
15769 3.3349479961209547
