177
302 1.7153059135126125
422 2.66777630196427
496 2.2800107709555064
710 2.8553749158590684
861 10.693567313296365
1060 0.12433381283310307
1062 2.591790394986348
1507 3.8630154263214513
1686 1.1549652252192415
1692 2.1944885975173447
1942 0.845776947546497
1995 6.9985096422506015
2070 10.31139692183172
2077 3.3875917296063767
2176 11.916945627046708
2271 1.3671324722888383
2356 2.681021528714291
2450 -1.832570687110832
2458 4.324455470598246
2484 3.944789624735759
2519 1.6902419448493964
2631 0.8516879889706869
2766 12.266736038105101
2862 2.9381611094783557
2864 6.9985096422506015
2920 0.6795415285041667
2935 0.6320391945191633
2964 0.900435360084361
3005 3.6312138122641273
3215 1.179961702382206
3380 2.3541187431092285
3691 3.7026727762462723
3746 5.206750173022546
3773 11.224430562261421
3780 9.86364059638938
3820 1.7890234894091803
3896 1.403798262648762
4145 2.008077055471865
4158 0.1530022022435852
4208 6.088184361276362
4209 6.305362461690656
4262 3.1698682457615064
4286 2.130975191795019
4302 1.8000126109847754
4319 2.049749751872433
4333 1.4651201535230811
4592 3.0282177286984795
4878 1.3672978604292356
4914 5.735956939711631
4989 1.3355491621146554
5014 2.3541187431092285
5079 4.513602992462601
5208 5.135385686814575
5465 3.3349479961209547
5555 2.4033897921160112
5680 1.5913378707904824
5736 2.8088549002241754
5866 6.9985096422506015
5993 0.8521803845817039
6219 2.298029276458185
6338 4.827084327160058
6339 6.305362461690656
6387 2.9911764570181303
6433 4.12321832634722
6533 3.3349479961209547
6751 2.5441623459970937
7072 9.743268175005321
7104 -1.9904637499538764
7299 5.710749831718137
7339 7.065547478901749
7421 3.2373095265570386
7487 1.8167260919585162
7578 0.5215372793609184
7594 8.580918882296782
7597 8.745301147512734
7620 2.1863252868781835
7810 26.03375086511273
7813 1.0145733615634107
7845 2.4237986637472186
7906 1.4339892349279078
8055 2.9041650800285006
8323 3.1698682457615064
8439 0.9381816079767518
8561 3.8630154263214513
8788 6.439438134992953
8840 3.1698682457615064
9115 3.047265923669174
9292 2.5441623459970937
9512 5.389071729816501
9513 5.389071729816501
9514 6.305362461690656
9521 6.9985096422506015
9537 1.3092584162485406
9709 1.082307579643166
9817 1.3183370332335338
9983 3.1066893441399746
9986 2.0568672196412967
9990 1.1343571206342449
10055 3.009525595686327
10202 5.183580789972696
10258 1.8000126109847754
10306 2.15432255579201
10329 -2.1009069570959764
10341 3.1698682457615064
10380 5.612215281130711
10422 0.7087940713416041
10437 2.7345957208584712
10473 1.7781538171722764
10796 3.8630154263214513
10895 4.290459441148391
10903 9.906884260806244
10909 5.558003874148989
11023 2.576165249751463
11148 2.356853423796479
11168 2.556395731286379
11252 3.3096301881366648
11253 5.8998973535824915
11295 3.2373095265570386
11419 3.1273086313427103
11473 5.206750173022546
11537 18.331525660376986
11671 2.2535775138873513
11790 2.2449194511442365
11815 5.052599493195288
11894 1.5178707189086098
11900 2.049749751872433
11908 4.604033511674974
11969 0.7582337970798316
12022 0.40409618250082274
12078 1.3637200390813515
12117 4.290459441148391
12213 3.047265923669174
12460 0.7332084295128914
12554 3.3219431250985663
12660 2.035665011990694
12696 5.052599493195288
12708 1.5958322603783217
12717 0.5999147077153936
12783 1.8986432144264027
12849 4.22592092001082
12853 1.152070867192877
12946 0.5932811842197597
13208 2.6230685718215625
13353 1.961557039836972
13359 2.6290617897835795
13392 2.764403137653342
13553 -1.8523037997209602
13572 3.7490913256946845
13890 2.681021528714291
13913 2.8396265588909295
14195 1.7781538171722764
14196 1.6746046411110493
14200 3.47214911763444
14237 -0.6972483483041599
14308 2.0640357091199095
14313 6.586606035098139
14446 4.8012850649143815
14473 3.2849375755462935
14523 2.8553749158590684
14620 4.30864511158402
14633 2.6547042203969173
14656 2.2811529755342836
14679 15.118535269529602
14906 0.8027278807278994
14914 3.3096301881366648
15057 1.152070867192877
15265 4.165296298194385
15332 -12.418493841164961
15419 6.9985096422506015
15468 1.1549652252192415
15471 1.3881216796572402
15474 6.9985096422506015
15587 1.2947271675944
15672 0.7275212103923018
15773 6.9985096422506015
15786 0.8981906902305371
15861 3.597312260588446
