58
1924 2.288979440938267
1957 1.8223599096767722
2037 4.359452312635343
2176 4.766778250818684
2217 2.4876501357337513
2450 -1.832570687110832
2597 2.1157077196642304
2631 0.42584399448534344
2766 3.0666840095262753
2964 1.800870720168722
3068 2.6920409239639014
3985 2.5098732725184614
4053 -0.07476007520910928
4158 0.061200880897434085
4302 1.8000126109847754
4592 3.0282177286984795
4914 2.8679784698558155
4951 4.359452312635343
5116 1.961557039836972
6047 3.009525595686327
6433 1.030804581586805
7072 1.9486536350010641
7104 -0.6634879166512921
7421 3.2373095265570386
7735 5.389071729816501
8032 0.5108256237659907
8582 2.7562175530669024
8710 0.551203779709388
8718 2.824122372354964
8856 2.3163784151263815
9292 2.5441623459970937
9365 1.4972514317058743
9733 1.0850066366123312
9970 0.9675939027561428
10196 2.5211728277723946
10329 -0.630272087128793
10503 2.413542163580029
10867 2.9066643955420775
11168 1.2781978656431896
11537 3.666305132075397
11790 2.2449194511442365
12054 3.8204558119026557
12455 -0.4305173317360804
12696 5.052599493195288
12717 0.5999147077153936
12783 1.8986432144264027
13108 2.2800107709555064
13392 2.764403137653342
13553 -0.7409215198883841
13891 0.6065925288579992
13930 1.3601549729168554
14196 2.511906961666574
14267 -0.3823693933135151
14313 6.586606035098139
14416 0.7739512129752414
14679 3.7796338173824005
15397 2.001297368486486
15783 0.48083836933832624
