29
2064 1.5647876386963615
2434 2.413542163580029
2567 1.7153059135126125
2796 2.335070548138534
2920 0.6795415285041667
3678 3.00617266089474
4533 3.086486636822455
4576 2.085854756514549
4750 0.33155284982139466
5630 0.11915383779016203
6919 1.422560539104285
7986 3.597312260588446
8256 1.6803896484063847
8439 0.4690908039883759
8660 1.675499663112193
9372 4.6513616155773905
9645 4.043551799660054
11034 1.5958322603783217
11170 2.5676928434072877
11969 0.7582337970798316
11984 2.4237986637472186
12383 1.2523064517104479
12773 1.7652350335351346
13319 1.8055527913603908
15306 0.7199882180847567
15332 -1.5523117301456202
15471 0.6940608398286201
15576 3.009525595686327
15592 2.87137525720551
