302
143 4.8012850649143815
194 2.3099959159782544
206 6.305362461690656
209 5.100576827107694
320 6.305362461690656
368 5.8998973535824915
512 4.157057432844953
607 2.5211728277723946
646 2.219386149139072
695 2.9911764570181303
730 4.59605855291637
747 4.8012850649143815
787 8.142660047962776
819 3.8204558119026557
822 4.05407066308416
862 2.344549292093078
874 3.2849375755462935
886 5.052599493195288
919 5.612215281130711
946 5.052599493195288
1060 0.12433381283310307
1175 6.9985096422506015
1345 5.206750173022546
1349 6.305362461690656
1379 1.0740829317937672
1390 3.260840023967233
1692 2.1944885975173447
1836 20.26081218876814
1884 1.9486536350010641
1896 1.7835738846416156
1902 2.0149030205422647
1929 2.1081605140288473
1957 1.8223599096767722
1986 2.4237986637472186
2010 6.305362461690656
2021 5.41610040220442
2070 2.9461134062376346
2240 1.65617539028579
2334 0.7939518796819108
2351 6.259150554785446
2356 5.362043057428582
2450 -0.6108568957036107
2484 1.3149298749119196
2513 1.8280256472124494
2519 1.6902419448493964
2690 6.296724081081085
2765 5.389071729816501
2796 7.005211644415603
2805 15.620250519067639
2829 2.8088549002241754
2881 5.206750173022546
2935 1.2640783890383267
2943 3.4431615807611875
3100 2.7938170228596353
3110 2.8876357780772897
3143 2.219386149139072
3192 1.0095482253607377
3296 3.597312260588446
3329 1.981229805435677
3386 2.6290617897835795
3407 2.085854756514549
3503 4.695924549256556
3522 6.9985096422506015
3578 0.6015799870344548
3586 3.2849375755462935
3598 3.4998814949012527
3609 4.290459441148391
3635 1.5779746429783155
3737 1.8055527913603908
3825 3.3609234825242154
3867 3.2373095265570386
3982 5.384656113033928
3995 5.254456710270345
4082 7.814934377784571
4114 2.778075694131283
4130 4.22592092001082
4214 2.465910149097345
4217 3.3096301881366648
4219 10.540575763145753
4245 3.597312260588446
4261 2.262311193856106
4302 3.6000252219695508
4326 3.9539872045271784
4417 9.575541457440844
4422 4.359452312635343
4507 13.78817565874911
4522 1.0414285906185765
4531 2.681021528714291
4537 1.0196238773494795
4646 5.605832781982583
4750 0.33155284982139466
4785 3.9074671888922854
4871 2.4876501357337513
4876 2.2449194511442365
4878 1.3672978604292356
4882 6.392925575385057
4909 2.9381611094783557
4970 9.873145607021623
4989 1.3355491621146554
4996 4.290459441148391
5039 2.735829765209286
5067 2.2278250177849364
5157 6.305362461690656
5183 5.206750173022546
5241 4.433560284789064
5261 4.433560284789064
5379 6.305362461690656
5388 6.94429823526888
5397 4.22592092001082
5518 4.760590771186684
5563 3.1066893441399746
5630 0.4766153511606481
5635 6.60815728996158
5713 4.359452312635343
5837 8.867120569578129
5856 5.052599493195288
5872 2.5441623459970937
5874 5.159338068908006
5895 2.4033897921160112
5950 4.00277736869661
5981 2.8553749158590684
6068 3.1273086313427103
6219 2.298029276458185
6250 7.091051874149599
6402 1.4112609838503516
6433 1.030804581586805
6516 9.83813620114153
6539 2.434161450782765
6548 2.0785287164224764
6595 2.4237986637472186
6633 2.8088549002241754
6644 4.513602992462601
6647 5.206750173022546
6657 2.138697237888929
6660 8.381451068578906
6699 4.165296298194385
6739 20.98218953299966
6751 2.5441623459970937
7025 2.0190964507214755
7051 21.800713103502193
7062 5.8998973535824915
7076 2.434161450782765
7081 4.695924549256556
7170 1.6186122887101415
7299 2.8553749158590684
7330 5.206750173022546
7527 2.681021528714291
7569 1.0170954309961207
7591 4.085365169298681
7731 2.001297368486486
7768 3.3096301881366648
7789 4.8012850649143815
7813 2.0291467231268214
7906 1.4339892349279078
7949 2.5441623459970937
7987 7.332610264150794
7998 4.433560284789064
8007 1.904759441443839
8123 3.3219431250985663
8124 5.946315903030904
8283 2.8876357780772897
8299 4.433560284789064
8327 11.296489489419857
8439 0.4690908039883759
8578 3.1066893441399746
8592 3.740413104229119
8648 4.86832290156553
8660 1.675499663112193
8677 7.1290448755309095
8708 1.4810567457858934
8710 3.3072226782563283
8723 1.5262389685791264
8976 4.695924549256556
9061 3.6312138122641273
9122 1.3744921360632627
9154 2.465910149097345
9170 0.6116303228879563
9204 5.019746545036923
9270 3.1066893441399746
9276 2.6944445490464313
9480 4.513602992462601
9537 1.963887624372811
9554 5.086647578653616
9590 3.3096301881366648
9602 2.2800107709555064
9651 3.3875917296063767
9698 1.9878743481543455
9709 5.41153789821583
9817 2.6366740664670676
9836 3.666305132075397
9970 1.4513908541342142
10031 7.4960999157610075
10091 6.305362461690656
10256 4.8012850649143815
10258 3.6000252219695508
10287 6.019051191372654
10326 1.0461538510930224
10329 -0.8403627828383906
10422 1.4175881426832082
10437 1.3672978604292356
10443 2.4876501357337513
10447 1.829844710114914
10473 3.5563076343445528
10487 1.981229805435677
10609 7.065547478901749
10713 3.5645224377654547
10749 2.3509274935351647
10751 3.1758075187276433
10872 9.629292575389439
10906 2.035665011990694
10909 2.7790019370744945
11102 1.3304600282218215
11110 1.6204910383360227
11139 2.87137525720551
11140 2.15432255579201
11168 1.2781978656431896
11191 4.600614369452231
11218 1.144042369585821
11277 7.559267634764801
11299 -1.0423655237318759
11304 3.616488101599373
11343 4.290459441148391
11384 3.3609234825242154
11393 3.2849375755462935
11453 4.091160117244055
11466 5.8998973535824915
11646 2.3541187431092285
11677 3.4510201673737084
11825 2.9041650800285006
11887 3.3349479961209547
11908 1.5346778372249912
11911 6.829981407588982
11916 5.389071729816501
11952 1.5958322603783217
12009 3.502002080784121
12010 3.6312138122641273
12028 2.591790394986348
12040 3.5645224377654547
12093 6.721558593625539
12216 2.87137525720551
12236 6.305362461690656
12242 3.8630154263214513
12254 2.335070548138534
12263 2.579669034454003
12378 3.3349479961209547
12383 2.5046129034208957
12455 -0.2152586658680402
12595 2.344549292093078
12717 1.7997441231461808
12833 1.9260564194516896
12853 1.152070867192877
12922 10.998915396226192
13001 4.419170109356452
13045 1.886521853894058
13080 0.8123010183501074
13227 3.666305132075397
13289 10.446085621336918
13384 4.113734439282593
13553 -0.37046075994419203
13613 1.8111238364098463
13672 1.5262389685791264
13718 6.712589157153744
13817 7.1290448755309095
13867 2.175425996420148
13891 3.032962644289996
13897 2.7218435232345457
13951 4.22592092001082
14017 5.389071729816501
14044 1.4611753752320646
14107 9.695194654988875
14194 3.7026727762462723
14237 -0.6972483483041599
14267 -0.3823693933135151
14309 3.0274254175198925
14392 3.7796338173824005
14431 1.034930298632155
14486 2.6164830075767194
14588 2.0785287164224764
14620 2.15432255579201
14656 2.2811529755342836
14682 1.5431885268928998
14755 5.206750173022546
14901 5.065203047192035
14906 0.8027278807278994
14907 3.5645224377654547
14971 5.206750173022546
15037 2.3163784151263815
15224 2.9041650800285006
15241 1.7462362142039713
15256 3.3349479961209547
15306 9.359846835101836
15313 5.751315831798414
15332 -10.866182111019342
15337 6.305362461690656
15453 2.236335707452845
15456 3.1273086313427103
15517 1.886521853894058
15595 1.3320829541381691
15604 4.246624638098899
15622 2.363780654020965
15626 4.22592092001082
15685 0.8716404581364162
