129
174 1.6232312345664361
1942 0.845776947546497
1954 2.750014400201242
2176 7.150167376228025
2240 3.31235078057158
2271 1.7089155903610478
2450 -3.0542844785180536
2458 2.162227735299123
2459 2.938066631704182
2484 1.3149298749119196
2513 1.8280256472124494
2631 0.8516879889706869
2705 1.6657908489852322
2766 6.133368019052551
2862 1.4690805547391779
2920 0.6795415285041667
3051 4.919068100570765
3068 4.038061385945852
3120 1.6048820958982397
3223 2.5211728277723946
3578 0.6015799870344548
3690 1.4972514317058743
3970 4.05407066308416
4070 1.1068654304248302
4158 0.09180132134615113
4302 1.8000126109847754
4405 1.3460204619819507
4570 4.433560284789064
4619 3.2849375755462935
4707 3.740413104229119
4881 2.7938170228596353
4951 4.359452312635343
5122 2.7938170228596353
5539 1.7153059135126125
5680 3.182675741580965
5779 3.21432000833234
6140 2.211017899468555
6235 1.2270685191205855
6283 3.5327737394508745
6433 1.030804581586805
6587 4.00277736869661
7072 5.845960905003192
7076 2.434161450782765
7079 6.305362461690656
7104 -1.3269758333025843
7210 1.8568460857479414
7327 3.5327737394508745
7336 5.389071729816501
7401 1.886521853894058
7418 3.1483620405405426
7421 3.2373095265570386
7810 5.206750173022546
7857 4.8012850649143815
7906 1.4339892349279078
7965 1.886521853894058
8147 6.9985096422506015
8230 4.74707365793266
8582 4.134326329600354
8664 2.7938170228596353
8718 2.824122372354964
8890 2.2800107709555064
9106 1.0850066366123312
9345 2.66777630196427
9481 1.7727629685373998
9483 3.6312138122641273
9503 6.9985096422506015
9510 7.559267634764801
9531 1.67063347346102
9537 1.3092584162485406
9640 2.8088549002241754
9747 6.9985096422506015
10001 4.128071418239819
10329 -0.4201813914191953
10437 2.7345957208584712
10456 2.8553749158590684
10503 2.413542163580029
10801 4.433560284789064
10857 5.052599493195288
10859 3.086486636822455
10867 2.9066643955420775
10903 7.430163195604683
11032 1.087712998210074
11062 3.6312138122641273
11089 1.1549652252192415
11168 2.556395731286379
11252 3.3096301881366648
11473 5.206750173022546
11524 1.5178707189086098
11537 10.998915396226192
11586 4.290459441148391
11745 5.206750173022546
11969 0.7582337970798316
12022 0.40409618250082274
12078 1.3637200390813515
12455 -0.2152586658680402
12554 1.6609715625492831
12717 0.5999147077153936
12783 1.8986432144264027
12795 6.9985096422506015
13077 3.047265923669174
13227 3.666305132075397
13392 8.293209412960024
13441 6.9985096422506015
13553 -0.7409215198883841
13572 1.8745456628473423
13734 1.942263836902293
13845 2.001297368486486
14078 7.529619817555384
14196 2.511906961666574
14237 -2.7889933932166397
14308 4.128071418239819
14309 1.5137127087599462
14313 3.2933030175490696
14314 6.9985096422506015
14381 0.2288676653980985
14416 0.7739512129752414
14439 3.1273086313427103
14440 4.433560284789064
14455 4.911652429623528
14620 6.462967667376029
14679 3.7796338173824005
14805 4.22592092001082
15057 1.152070867192877
15155 2.0712336022232116
15332 -4.656935190436861
15407 2.2711218235382606
15435 2.750014400201242
15694 2.938066631704182
15783 0.48083836933832624
