27
2434 2.413542163580029
2567 1.7153059135126125
2796 2.335070548138534
3678 3.00617266089474
4576 2.085854756514549
4838 1.4730567031188173
6919 2.84512107820857
8182 2.681021528714291
8256 1.6803896484063847
8439 0.4690908039883759
8660 1.675499663112193
9151 1.258716730071367
9372 2.3256808077886952
9645 2.021775899830027
10233 3.4431615807611875
11034 1.5958322603783217
11570 1.1933746733341126
12283 2.6040604875781623
12455 -0.2152586658680402
12773 1.7652350335351346
15306 0.7199882180847567
15332 -1.5523117301456202
15471 0.6940608398286201
15576 3.009525595686327
15592 2.87137525720551
15595 1.3320829541381691
15596 6.9985096422506015
