108
1822 4.766778250818684
1830 3.1066893441399746
1942 2.537330842639491
1977 2.6040604875781623
2036 1.9486536350010641
2240 1.65617539028579
2271 0.34178311807220957
2334 0.7939518796819108
2357 1.1873686492739008
2358 3.1273086313427103
2450 -0.6108568957036107
2538 2.84512107820857
2631 0.42584399448534344
2768 4.8012850649143815
2935 1.2640783890383267
2964 1.800870720168722
3168 5.648244744709928
3182 5.389071729816501
3186 1.2880826248757316
3215 1.179961702382206
3223 5.042345655544789
3982 1.0769312226067855
4088 3.5645224377654547
4158 0.12240176179486817
4172 3.414990703794491
4241 2.4033897921160112
4407 3.414990703794491
4427 3.597312260588446
4522 0.2603571476546441
4711 1.9296054400303697
4750 0.33155284982139466
5012 4.108137884354437
5083 1.5735596247691985
5350 5.910916748832102
5426 4.8012850649143815
5517 1.6232312345664361
5711 2.6290617897835795
5758 3.666305132075397
5993 0.8521803845817039
6136 1.457246097092175
6156 1.8000126109847754
6389 3.1273086313427103
6856 3.2849375755462935
6908 0.33537694625979814
7104 -0.6634879166512921
7210 1.8568460857479414
7401 1.886521853894058
7435 3.8204558119026557
7578 2.0861491174436737
7690 3.21432000833234
7845 2.4237986637472186
7892 1.5517722705842913
7932 1.8745456628473423
8032 2.043302495063963
8033 6.9985096422506015
8043 1.730651483187273
8242 2.035665011990694
8256 3.3607792968127694
8718 2.824122372354964
8886 1.3081501879265407
8906 3.047265923669174
9151 3.7761501902141013
9170 0.6116303228879563
9184 6.9985096422506015
9552 9.391849098513111
9990 0.5671785603171224
10258 1.8000126109847754
10437 1.3672978604292356
10561 1.6003469407328483
10629 3.7026727762462723
10753 2.7790019370744945
10868 -0.37072214562370276
10882 4.359452312635343
11059 5.052599493195288
11062 3.6312138122641273
11089 1.1549652252192415
11148 1.1784267118982394
11258 4.00277736869661
11570 1.1933746733341126
11894 1.5178707189086098
11996 4.513602992462601
12384 5.612215281130711
12455 -0.4305173317360804
12714 3.7796338173824005
12853 2.304141734385754
12946 0.5932811842197597
13046 3.47214911763444
13077 3.047265923669174
13845 2.001297368486486
14196 1.6746046411110493
14237 -0.6972483483041599
14252 3.502002080784121
14253 5.612215281130711
14267 -0.3823693933135151
14381 0.2288676653980985
14416 0.7739512129752414
14637 3.3349479961209547
15057 2.304141734385754
15102 5.206750173022546
15209 7.73900710336201
15332 -6.209246920582481
15348 2.10066984229969
15407 2.2711218235382606
15471 0.6940608398286201
15600 3.009525595686327
15651 1.1377234187847354
15783 0.9616767386766525
15786 1.7963813804610742
