48
1884 1.9486536350010641
2021 2.70805020110221
2240 1.65617539028579
2519 1.6902419448493964
2862 1.4690805547391779
3296 3.597312260588446
3578 0.6015799870344548
3995 1.751485570090115
4114 2.778075694131283
4219 1.7567626271909589
4537 1.0196238773494795
4882 4.261950383590038
5261 4.433560284789064
5630 0.3574615133704861
6673 4.00277736869661
6739 3.2280291589230243
6754 2.4049037829704587
7104 -0.6634879166512921
7640 8.00555473739322
8123 3.3219431250985663
8124 2.973157951515452
8648 2.434161450782765
8710 1.6536113391281642
8973 6.305362461690656
9537 0.6546292081242703
9970 0.4837969513780714
10447 0.6099482367049713
10751 1.5879037593638217
10753 2.7790019370744945
11110 0.8102455191680114
11116 1.9109133070182172
11304 1.2054960338664575
11320 2.764403137653342
11388 4.22592092001082
11791 6.305362461690656
11900 2.049749751872433
12093 1.6803896484063847
12253 5.8998973535824915
12377 1.3460204619819507
13718 1.3425178314307487
13887 4.433560284789064
13891 0.6065925288579992
13897 2.7218435232345457
14416 0.7739512129752414
15421 5.389071729816501
15517 1.886521853894058
15604 4.246624638098899
15794 2.5676928434072877
