220
496 4.560021541911013
1922 6.780818936766102
1923 2.211017899468555
1924 4.577958881876534
1957 1.8223599096767722
2271 1.3671324722888383
2316 4.600614369452231
2328 2.9911764570181303
2361 6.9985096422506015
2372 6.9985096422506015
2387 5.206750173022546
2442 2.7938170228596353
2450 -1.832570687110832
2492 3.047265923669174
2593 13.300680854367194
2631 0.42584399448534344
2706 3.6312138122641273
2709 9.391849098513111
2862 1.4690805547391779
2920 0.6795415285041667
2924 2.0286963426746007
2940 1.6278716141229383
2964 0.900435360084361
2968 3.4431615807611875
3057 6.7090071223585355
3165 3.7796338173824005
3223 2.5211728277723946
3389 5.8998973535824915
3404 2.465910149097345
3657 2.6164830075767194
3774 1.7255100836868542
3858 6.9985096422506015
4004 4.8892655013001205
4021 1.5054481989100525
4026 5.775271556154579
4053 -0.14952015041821856
4134 6.9985096422506015
4158 0.030600440448717042
4172 10.244972111383474
4226 3.3609234825242154
4251 16.167215189449504
4252 6.9985096422506015
4286 2.130975191795019
4366 1.9878743481543455
4401 4.695924549256556
4431 6.9985096422506015
4522 1.5621428859278648
4537 2.039247754698959
4671 8.00555473739322
4672 16.167215189449504
4673 6.305362461690656
4688 5.389071729816501
4711 1.9296054400303697
4750 0.33155284982139466
4765 2.8300266669378042
4831 5.052599493195288
4852 1.258716730071367
4882 2.130975191795019
5020 6.42864001666468
5110 1.8452180477528222
5262 6.9985096422506015
5326 15.741810202702712
5587 2.5326015235960173
5666 3.47214911763444
5973 1.4770487243883548
6088 4.858737839683455
6210 5.8998973535824915
6433 0.5154022907934025
6447 1.2880826248757316
6467 2.2535775138873513
6477 5.612215281130711
6533 3.3349479961209547
6535 4.919068100570765
6605 10.413500346045092
6633 8.426564700672525
6669 17.699692060747473
6856 3.2849375755462935
6908 1.0061308387793944
7019 2.130975191795019
7065 7.812181462734487
7104 -2.6539516666051686
7286 1.4112609838503516
7462 1.942263836902293
7518 6.9985096422506015
7557 3.3349479961209547
7591 2.0426825846493406
7633 1.8745456628473423
7759 4.359452312635343
7827 3.414990703794491
7942 4.165296298194385
8053 5.389071729816501
8077 6.9985096422506015
8302 6.9985096422506015
8337 1.9550845253313545
8380 10.413500346045092
8439 0.4690908039883759
8444 1.7890234894091803
8506 4.00277736869661
8628 3.9074671888922854
8710 0.551203779709388
8723 1.5262389685791264
8728 4.00277736869661
8749 6.133368019052551
8856 2.3163784151263815
8880 1.67063347346102
8928 1.3355491621146554
8977 2.6290617897835795
9083 12.610724923381312
9106 1.0850066366123312
9170 0.6116303228879563
9285 3.047265923669174
9393 1.060973437168175
9402 6.305362461690656
9495 6.9985096422506015
9554 5.086647578653616
9573 3.3096301881366648
9711 11.211665563965166
9815 5.612215281130711
9817 1.3183370332335338
9857 6.9985096422506015
9876 2.6944445490464313
9970 1.4513908541342142
10008 2.0568672196412967
10015 3.5645224377654547
10029 2.4237986637472186
10294 2.70805020110221
10329 -0.21009069570959765
10393 1.9746291214043248
10422 2.1263822140248125
10574 6.305362461690656
10587 6.9985096422506015
10658 8.712495240085502
10818 4.359452312635343
10854 3.6312138122641273
10868 -0.37072214562370276
10871 4.513602992462601
10886 2.87137525720551
10889 3.086486636822455
10962 2.6290617897835795
10997 6.296724081081085
11030 6.9985096422506015
11106 2.021775899830027
11110 1.6204910383360227
11163 3.7796338173824005
11168 1.2781978656431896
11287 2.0286963426746007
11299 -1.0423655237318759
11320 2.764403137653342
11322 3.4431615807611875
11375 2.681021528714291
11383 4.8012850649143815
11386 2.1157077196642304
11465 5.052599493195288
11503 5.775271556154579
11522 2.555858385760285
11784 3.47214911763444
11785 1.9680717208581657
11790 2.2449194511442365
11945 1.9550845253313545
12022 0.40409618250082274
12122 1.1963912668735384
12218 2.6547042203969173
12455 -1.076293329340201
12717 1.1998294154307871
12736 3.414990703794491
12853 1.152070867192877
12992 2.3256808077886952
13001 2.9461134062376346
13029 1.6609715625492831
13045 1.886521853894058
13048 5.206750173022546
13072 5.389071729816501
13310 3.666305132075397
13314 2.0286963426746007
13352 6.305362461690656
13353 1.961557039836972
13412 2.5098732725184614
13432 3.7796338173824005
13444 12.67776276003246
13547 1.6003469407328483
13553 -3.3341468394977283
13825 2.7218435232345457
13836 4.919068100570765
13845 2.001297368486486
13846 3.3096301881366648
13894 5.612215281130711
13963 6.9985096422506015
14044 4.383526125696194
14088 5.389071729816501
14153 2.4876501357337513
14187 5.206750173022546
14195 12.447076720205935
14196 5.023813923333148
14237 -3.4862417415207996
14242 2.5326015235960173
14267 -2.6765857531946056
14315 3.009525595686327
14381 0.2288676653980985
14547 3.740413104229119
14588 2.0785287164224764
14590 1.8337236683270872
14830 2.7790019370744945
14906 2.408183642183698
14989 6.305362461690656
14998 3.5645224377654547
15019 4.8012850649143815
15024 3.2373095265570386
15030 6.9985096422506015
15057 1.152070867192877
15155 1.380822401482141
15187 7.978253345220568
15236 6.9985096422506015
15241 1.7462362142039713
15332 -1.5523117301456202
15341 0.7959741250626788
15373 0.814360751313118
15413 2.556395731286379
15595 1.3320829541381691
15685 1.7432809162728324
15771 0.04619142958929879
