202
289 3.086486636822455
1842 2.0286963426746007
1928 9.950600542935005
1960 3.1483620405405426
2234 6.9985096422506015
2334 1.5879037593638217
2407 2.236335707452845
2450 -9.773710331257771
2705 1.6657908489852322
2755 3.260840023967233
2839 6.296724081081085
2862 1.4690805547391779
2901 6.669895992241909
2920 1.3590830570083334
2964 0.900435360084361
3095 4.695924549256556
3180 2.7938170228596353
3192 4.038192901442951
3275 3.666305132075397
3374 1.9680717208581657
3593 7.332610264150794
3612 3.1918471524802814
3737 7.222211165441563
3788 2.750014400201242
3896 4.211394787946286
4021 1.5054481989100525
4156 6.17297327364491
4177 5.052599493195288
4179 10.244972111383474
4219 1.7567626271909589
4286 4.261950383590038
4288 6.305362461690656
4302 5.400037832954326
4314 2.764403137653342
4405 1.3460204619819507
4416 1.3637200390813515
4444 6.9985096422506015
4533 3.086486636822455
4536 2.70805020110221
4610 10.105198986390576
4711 1.9296054400303697
4750 0.33155284982139466
4765 1.4150133334689021
4783 10.891140383227821
4878 1.3672978604292356
4900 10.778143459633002
5083 1.5735596247691985
5110 3.6904360955056443
5119 2.3933394562625097
5181 2.288979440938267
5255 4.8012850649143815
5279 19.151156972451016
5316 4.47267141490569
5563 3.1066893441399746
5609 6.305362461690656
5722 3.3609234825242154
5758 3.666305132075397
5773 5.471659530418572
5795 8.45184184002164
5987 4.433560284789064
5993 0.8521803845817039
6014 5.206750173022546
6020 7.814934377784571
6043 1.5913378707904824
6049 6.106995035972082
6120 9.602570129828763
6140 2.211017899468555
6228 1.2947271675944
6243 6.9985096422506015
6447 5.152330499502926
6614 6.019051191372654
6729 2.1944885975173447
6872 1.3047775034479017
6908 0.6707538925195963
6963 6.9985096422506015
7104 -3.3174395832564607
7197 1.730651483187273
7401 1.886521853894058
7448 4.695924549256556
7487 7.266904367834065
7620 6.5589758606345505
7701 3.6312138122641273
7932 7.498182651389369
7991 1.3149298749119196
8032 0.5108256237659907
8043 1.730651483187273
8138 9.602570129828763
8444 1.7890234894091803
8512 6.9985096422506015
8555 4.513602992462601
8556 7.289439638707089
8714 4.22592092001082
8723 1.5262389685791264
8856 2.3163784151263815
8886 3.9244505637796223
9106 2.1700132732246624
9151 1.258716730071367
9170 1.8348909686638688
9416 6.9985096422506015
9428 2.498699971920336
9429 3.3609234825242154
9624 5.612215281130711
9698 1.9878743481543455
9733 1.0850066366123312
9765 1.7835738846416156
9882 6.9985096422506015
9990 1.7015356809513673
10210 2.9911764570181303
10250 5.8419443966897635
10258 3.6000252219695508
10329 -0.630272087128793
10393 3.9492582428086496
10416 6.9985096422506015
10437 6.836489302146179
10439 6.9985096422506015
10473 1.7781538171722764
10868 -0.37072214562370276
10872 1.6048820958982397
10981 3.086486636822455
11024 6.305362461690656
11168 1.2781978656431896
11299 -0.5211827618659379
11407 3.1483620405405426
11450 2.262311193856106
11459 6.094531847338348
11526 1.6419233675785887
11643 5.8998973535824915
11671 2.2535775138873513
11785 1.9680717208581657
11905 3.2849375755462935
11943 4.910429719961194
11969 0.7582337970798316
11975 2.9209721983448818
11982 3.9074671888922854
12070 2.87137525720551
12093 1.6803896484063847
12213 3.047265923669174
12218 7.964112661190752
12322 13.443693930096861
12404 1.485080896085619
12407 7.51675354394364
12447 2.8396265588909295
12455 -0.8610346634721608
12460 1.466416859025783
12491 4.22592092001082
12498 4.695924549256556
12660 4.071330023981388
12674 1.5779746429783155
12781 2.498699971920336
12833 0.9630282097258448
12976 3.9539872045271784
13077 3.047265923669174
13106 2.335070548138534
13130 3.9539872045271784
13208 1.3115342859107813
13384 2.0568672196412967
13393 4.433560284789064
13613 1.8111238364098463
13630 17.161837764593564
13683 6.133368019052551
13684 6.305362461690656
13693 3.666305132075397
13750 2.162227735299123
13795 12.311393024851538
13796 12.610724923381312
13798 6.9985096422506015
13843 8.712912306582258
13846 6.6192603762733295
13972 5.389071729816501
14061 4.8012850649143815
14104 1.710242611556066
14107 2.4237986637472186
14136 2.962113491571787
14198 3.047265923669174
14237 -9.064228527954079
14267 -3.441324539821636
14416 3.0958048519009655
14477 2.5211728277723946
14523 8.566124747577206
14750 6.9985096422506015
15012 4.108137884354437
15155 4.142467204446423
15256 3.3349479961209547
15265 4.165296298194385
15278 2.465910149097345
15332 -13.970805571310581
15373 0.814360751313118
15424 3.6222476728196926
15435 2.750014400201242
15458 11.235419600896702
15484 2.9911764570181303
15543 5.389071729816501
15557 6.305362461690656
15597 7.065547478901749
15651 1.1377234187847354
15669 6.48668320589737
15672 1.4550424207846036
15685 0.8716404581364162
15704 7.405345552492545
15718 4.108137884354437
15769 3.3349479961209547
15794 2.5676928434072877
