55
1902 2.0149030205422647
2450 -0.6108568957036107
2901 6.669895992241909
3578 0.6015799870344548
3614 1.4378280112350734
4021 1.5054481989100525
4114 4.167113541196924
4301 7.194624521176892
4381 2.0149030205422647
4568 5.8998973535824915
4882 2.130975191795019
4963 2.3933394562625097
4964 0.563963123463148
4989 2.6710983242293107
5014 2.3541187431092285
5245 6.9985096422506015
5630 0.3574615133704861
5950 4.00277736869661
6001 6.9985096422506015
6673 12.008332106089831
6754 4.809807565940917
6986 5.389071729816501
7017 5.8998973535824915
7104 -2.6539516666051686
7527 2.681021528714291
8123 4.982914687647849
8172 6.9985096422506015
8925 3.5327737394508745
9537 1.3092584162485406
10287 3.009525595686327
10447 1.2198964734099427
10868 -0.18536107281185138
10957 4.433560284789064
11057 2.555858385760285
11228 3.3096301881366648
11304 1.2054960338664575
11873 6.9985096422506015
12022 0.40409618250082274
12070 2.87137525720551
12089 2.8088549002241754
12247 11.589046278964354
12253 5.8998973535824915
12378 3.3349479961209547
12455 -0.2152586658680402
13440 1.4770487243883548
13553 -0.7409215198883841
13754 3.8204558119026557
14237 -0.6972483483041599
15037 2.3163784151263815
15191 4.359452312635343
15240 6.829981407588982
15413 3.834593596929569
15434 10.778143459633002
15471 0.6940608398286201
15685 0.8716404581364162
