53
1960 3.1483620405405426
2176 4.766778250818684
2450 -1.2217137914072214
2484 1.3149298749119196
2592 2.938066631704182
2631 0.6387659917280152
2766 6.133368019052551
2862 2.9381611094783557
3974 3.3875917296063767
4158 0.061200880897434085
4302 1.8000126109847754
4319 2.049749751872433
4405 1.3460204619819507
4570 4.433560284789064
4592 3.0282177286984795
5587 2.5326015235960173
5809 2.363780654020965
6214 6.9985096422506015
6338 2.413542163580029
6402 1.4112609838503516
6433 1.030804581586805
6754 1.2024518914852294
7044 1.880515829833846
7072 1.9486536350010641
7104 -0.6634879166512921
7418 6.296724081081085
7421 6.474619053114077
7892 1.5517722705842913
7965 1.886521853894058
8032 0.5108256237659907
8788 2.146479378330984
9113 4.108137884354437
9817 1.3183370332335338
10867 2.9066643955420775
10909 2.7790019370744945
11168 1.2781978656431896
11249 6.9985096422506015
11473 5.206750173022546
11537 7.332610264150794
11586 4.290459441148391
11788 3.3096301881366648
11908 1.5346778372249912
12455 -0.4305173317360804
13077 3.047265923669174
13392 5.528806275306684
13440 1.4770487243883548
13576 7.814934377784571
14308 2.0640357091199095
14309 1.5137127087599462
14313 6.586606035098139
15057 1.152070867192877
15332 -1.5523117301456202
15783 0.48083836933832624
