54
2217 2.4876501357337513
2959 1.1873686492739008
3106 5.612215281130711
3737 1.8055527913603908
3780 2.465910149097345
3840 1.2980660688599148
3982 1.0769312226067855
4108 6.213378688279949
4259 3.8630154263214513
4537 1.0196238773494795
4616 1.8925641683500207
4711 1.9296054400303697
5518 1.5868635903955612
5590 1.4533321977710387
5630 0.11915383779016203
5636 2.973157951515452
6468 3.1483620405405426
6721 2.383389125409342
7104 -0.6634879166512921
7534 1.242767428663689
7767 3.414990703794491
7970 4.290459441148391
8672 2.8876357780772897
8710 0.551203779709388
9204 2.5098732725184614
9559 -0.16639788770994784
9580 6.6192603762733295
9733 1.0850066366123312
9817 1.3183370332335338
10324 4.00277736869661
10447 0.6099482367049713
10749 1.1754637467675824
10936 3.9074671888922854
11102 0.6652300141109108
11299 -0.5211827618659379
11304 1.2054960338664575
11394 4.165296298194385
11453 2.727440078162703
12082 6.305362461690656
12293 3.7026727762462723
12801 3.8218266140364343
12803 1.3637200390813515
13189 1.8745456628473423
13558 5.389071729816501
13734 3.884527673804586
13801 3.6312138122641273
13890 2.681021528714291
14055 5.8998973535824915
14237 -0.6972483483041599
14309 1.5137127087599462
14416 0.7739512129752414
15067 10.413500346045092
15306 0.7199882180847567
15828 1.0931477941960308
