173
1837 22.448861124522843
1864 9.141797771007521
1884 1.9486536350010641
2011 22.448861124522843
2021 2.70805020110221
2070 1.4730567031188173
2211 5.8998973535824915
2212 12.610724923381312
2334 0.7939518796819108
2351 3.129575277392723
2421 1.5431885268928998
2443 4.00277736869661
2450 -3.665141374221664
2487 4.108137884354437
2597 2.1157077196642304
2601 3.1066893441399746
2901 3.3349479961209547
2914 3.4431615807611875
2920 0.6795415285041667
2935 1.2640783890383267
3192 2.0190964507214755
3271 4.00277736869661
3516 2.0785287164224764
3586 3.2849375755462935
3635 3.155949285956631
3717 3.8204558119026557
3780 2.465910149097345
3943 12.610724923381312
3982 2.153862445213571
3995 1.751485570090115
4006 2.6547042203969173
4105 5.206750173022546
4114 5.556151388262566
4169 6.305362461690656
4217 6.6192603762733295
4219 1.7567626271909589
4246 4.8012850649143815
4261 2.262311193856106
4416 2.727440078162703
4507 4.59605855291637
4522 0.2603571476546441
4532 6.9985096422506015
4536 2.70805020110221
4750 0.33155284982139466
4871 2.4876501357337513
4882 4.261950383590038
4964 0.563963123463148
4971 6.9985096422506015
5234 6.9985096422506015
5241 4.433560284789064
5273 3.21432000833234
5382 6.9985096422506015
5550 3.666305132075397
5630 0.7149230267409722
5635 2.20271909665386
5901 7.365644579941792
5905 1.7835738846416156
6250 3.5455259370747996
6337 3.2373095265570386
6357 5.612215281130711
6402 1.4112609838503516
6477 5.612215281130711
6539 2.434161450782765
6541 10.413500346045092
6673 12.008332106089831
6739 4.842043738384536
6754 3.607355674455688
6819 3.430611827025225
6908 1.0061308387793944
7081 9.391849098513111
7104 -3.3174395832564607
7197 3.461302966374546
7312 6.949135245379145
7459 2.1944885975173447
7569 1.0170954309961207
7633 1.8745456628473423
7640 4.00277736869661
7834 3.5327737394508745
7892 1.5517722705842913
8123 6.6438862501971325
8124 17.83894770909271
8677 7.1290448755309095
8710 2.204815118837552
8752 4.433560284789064
8866 15.452061705285805
8890 2.2800107709555064
8973 6.305362461690656
9270 3.1066893441399746
9537 5.237033664994162
9559 -0.08319894385497392
9589 1.3115342859107813
9733 1.0850066366123312
9776 6.305362461690656
9855 4.8012850649143815
10114 1.3014161557451966
10252 6.9985096422506015
10296 3.2849375755462935
10422 2.1263822140248125
10447 1.2198964734099427
10751 0.7939518796819108
10868 -0.9268053640592568
11043 5.8998973535824915
11116 1.9109133070182172
11287 2.0286963426746007
11304 1.2054960338664575
11324 4.695924549256556
11453 2.727440078162703
11454 4.695924549256556
11677 1.7255100836868542
11781 2.591790394986348
11827 6.9985096422506015
12022 0.8081923650016455
12075 2.938066631704182
12093 3.3607792968127694
12196 4.165296298194385
12253 5.8998973535824915
12355 3.5327737394508745
12377 1.3460204619819507
12378 3.3349479961209547
12455 -1.076293329340201
12588 4.05407066308416
12594 4.513602992462601
12803 1.3637200390813515
12826 1.2619373447714093
12963 4.290459441148391
12992 2.3256808077886952
13071 3.086486636822455
13077 3.047265923669174
13080 0.8123010183501074
13108 2.2800107709555064
13289 5.223042810668459
13338 5.042345655544789
13380 4.05407066308416
13384 4.113734439282593
13527 2.049749751872433
13613 1.8111238364098463
13662 8.580918882296782
13718 5.370071325722995
13743 3.8204558119026557
13835 8.00555473739322
13867 1.087712998210074
13891 1.2131850577159984
14136 1.4810567457858934
14153 4.9753002714675025
14228 12.610724923381312
14237 -4.88073843812912
14267 -1.5294775732540604
14310 6.9985096422506015
14416 3.0958048519009655
14431 2.06986059726431
14447 3.1483620405405426
14486 2.6164830075767194
14681 4.22592092001082
14933 3.7026727762462723
14997 6.305362461690656
15012 4.108137884354437
15037 2.3163784151263815
15121 1.5868635903955612
15155 1.380822401482141
15192 1.489121305622624
15306 2.15996465425427
15332 -12.418493841164961
15348 2.10066984229969
15471 0.6940608398286201
15517 1.886521853894058
15524 5.206750173022546
15604 6.369936957148348
15650 2.130975191795019
15685 1.7432809162728324
15771 0.023095714794649395
15794 2.5676928434072877
15814 2.262311193856106
15828 1.0931477941960308
