349
302 1.7153059135126125
356 2.591790394986348
389 1.6419233675785887
492 3.3609234825242154
569 3.0282177286984795
666 6.521680047934466
736 4.433560284789064
800 2.434161450782765
874 3.2849375755462935
1094 2.335070548138534
1212 6.305362461690656
1271 6.9985096422506015
1390 3.260840023967233
1404 1.3708885285599641
1686 1.1549652252192415
1776 5.612215281130711
1828 5.389071729816501
1839 2.093234863812172
1889 3.414990703794491
1893 1.7567626271909589
1896 1.7835738846416156
1906 3.597312260588446
1923 2.211017899468555
1929 4.216321028057695
1942 4.228884737732485
1954 5.500028800402484
2009 2.413542163580029
2025 4.165296298194385
2064 1.5647876386963615
2103 2.4446327506500602
2176 19.067113003274734
2213 12.610724923381312
2235 3.2849375755462935
2237 6.305362461690656
2271 2.7342649445776765
2294 6.9985096422506015
2334 1.5879037593638217
2357 2.3747372985478017
2421 1.5431885268928998
2450 -1.832570687110832
2452 2.1782280766455644
2458 2.162227735299123
2484 6.574649374559598
2534 3.2373095265570386
2561 12.610724923381312
2582 12.610724923381312
2595 5.042345655544789
2631 3.832595950368091
2638 2.130975191795019
2674 1.0272478024601386
2715 5.612215281130711
2766 3.0666840095262753
2873 4.22592092001082
2920 3.3977076425208335
2935 1.8961175835574902
2964 0.900435360084361
2970 4.919068100570765
3063 5.389071729816501
3068 6.7301023099097534
3074 5.389071729816501
3132 3.2373095265570386
3151 6.9985096422506015
3186 6.440413124378658
3215 1.7699425535733089
3223 2.5211728277723946
3286 4.600614369452231
3322 19.67627240228306
3612 3.1918471524802814
3624 11.224430562261421
3643 3.21432000833234
3665 4.359452312635343
3690 4.491754295117623
3774 1.7255100836868542
3820 1.7890234894091803
3846 6.305362461690656
3939 4.359452312635343
4021 3.010896397820105
4076 3.4431615807611875
4096 3.3609234825242154
4158 0.3978057258333215
4208 1.5220460903190904
4297 3.3096301881366648
4308 6.9985096422506015
4319 2.049749751872433
4374 9.602570129828763
4425 1.249116656342348
4570 4.433560284789064
4608 2.815045323479489
4695 2.87137525720551
4749 5.8998973535824915
4783 2.1782280766455644
4840 5.876133263408364
4846 2.021775899830027
4881 2.7938170228596353
4947 3.414990703794491
4951 17.43780925054137
5014 2.3541187431092285
5033 2.1233123190494494
5040 2.875656022470147
5046 4.47267141490569
5058 3.5327737394508745
5116 1.961557039836972
5154 7.333898251950181
5191 8.867120569578129
5299 5.389071729816501
5518 1.5868635903955612
5587 7.5978045707880515
5596 3.5645224377654547
5597 6.474619053114077
5713 4.359452312635343
5736 2.8088549002241754
5773 5.471659530418572
5792 6.9985096422506015
5814 4.919068100570765
5907 6.9985096422506015
5933 2.955458374416051
5959 3.47214911763444
5964 3.1273086313427103
5983 1.9878743481543455
5993 0.8521803845817039
6049 4.071330023981388
6076 6.9985096422506015
6088 1.2146844599208637
6130 3.0666840095262753
6136 5.8289843883687
6158 2.455214859980597
6198 4.600614369452231
6233 3.1918471524802814
6234 2.6290617897835795
6240 5.389071729816501
6250 1.7727629685373998
6287 9.027205984925201
6312 6.9985096422506015
6316 5.206750173022546
6338 2.413542163580029
6371 8.718904625270685
6397 5.052599493195288
6433 2.06160916317361
6548 2.0785287164224764
6577 4.05407066308416
6614 3.009525595686327
6622 2.579669034454003
6754 1.2024518914852294
6835 5.206750173022546
7044 3.761031659667692
7072 7.794614540004257
7076 7.302484352348294
7104 -2.6539516666051686
7132 6.9985096422506015
7170 1.6186122887101415
7210 5.5705382572438245
7312 4.632756830252763
7325 2.8088549002241754
7348 4.600614369452231
7399 5.612215281130711
7401 1.886521853894058
7418 9.445086121621628
7462 1.942263836902293
7487 1.8167260919585162
7489 4.108137884354437
7578 1.5646118380827554
7620 2.1863252868781835
7692 2.2449194511442365
7749 5.8998973535824915
7795 6.9985096422506015
7834 3.5327737394508745
7885 3.9539872045271784
7892 1.5517722705842913
7903 6.9985096422506015
7938 4.695924549256556
7965 1.886521853894058
8032 2.043302495063963
8043 1.730651483187273
8078 5.807743827670903
8090 2.236335707452845
8130 5.206750173022546
8142 2.9041650800285006
8178 6.9985096422506015
8439 0.4690908039883759
8444 3.5780469788183606
8471 2.7938170228596353
8582 6.890543882667256
8643 2.001297368486486
8664 2.7938170228596353
8710 0.551203779709388
8788 17.171835026647873
8816 1.7255100836868542
8869 4.356456153291129
8880 1.67063347346102
8928 1.3355491621146554
9004 15.620250519067639
9061 10.893641436792382
9151 1.258716730071367
9229 2.3933394562625097
9343 3.8630154263214513
9362 6.9985096422506015
9384 1.3355491621146554
9393 1.060973437168175
9534 5.500028800402484
9537 0.6546292081242703
9698 1.9878743481543455
9699 6.9985096422506015
9719 4.290459441148391
9733 1.0850066366123312
9748 7.964112661190752
9785 5.052599493195288
9807 3.1698682457615064
9817 1.3183370332335338
9986 2.0568672196412967
9990 3.970249922219857
9996 6.9985096422506015
10015 3.5645224377654547
10287 3.009525595686327
10306 2.15432255579201
10326 0.5230769255465112
10329 -2.9412697399343672
10381 4.8012850649143815
10422 0.7087940713416041
10431 0.7218661529089567
10437 2.7345957208584712
10473 3.5563076343445528
10491 3.086486636822455
10503 2.413542163580029
10560 5.612215281130711
10600 4.919068100570765
10667 3.9539872045271784
10749 3.526391240302747
10796 3.8630154263214513
10867 4.359996593313117
10871 13.540808977387801
10872 1.6048820958982397
10903 9.906884260806244
10910 4.695924549256556
10975 5.389071729816501
11015 12.610724923381312
11023 1.2880826248757316
11027 1.2781978656431896
11148 1.1784267118982394
11165 2.1863252868781835
11168 5.112791462572758
11287 2.0286963426746007
11308 2.5098732725184614
11320 2.764403137653342
11322 3.4431615807611875
11323 3.597312260588446
11537 7.332610264150794
11570 1.1933746733341126
11586 4.290459441148391
11659 11.799794707164983
11661 4.600614369452231
11671 2.2535775138873513
11788 3.3096301881366648
11816 1.9296054400303697
11894 4.55361215672583
11908 1.5346778372249912
11934 4.05407066308416
11952 1.5958322603783217
12010 3.6312138122641273
12022 0.40409618250082274
12130 4.695924549256556
12139 4.00277736869661
12193 4.05407066308416
12218 7.964112661190752
12342 4.05407066308416
12455 -0.6457759976041206
12460 2.932833718051566
12546 4.359452312635343
12554 3.3219431250985663
12571 4.00277736869661
12572 6.9985096422506015
12696 5.052599493195288
12717 1.7997441231461808
12783 1.8986432144264027
12796 2.9209721983448818
12823 1.034930298632155
12826 1.2619373447714093
12922 7.332610264150794
12946 4.746249473758078
12976 3.9539872045271784
13052 3.260840023967233
13053 4.695924549256556
13137 7.480826208458238
13176 6.305362461690656
13183 3.502002080784121
13208 1.3115342859107813
13319 1.8055527913603908
13333 3.666305132075397
13392 2.764403137653342
13412 2.5098732725184614
13440 2.9540974487767095
13460 2.955458374416051
13543 4.8012850649143815
13553 -0.7409215198883841
13572 1.8745456628473423
13576 11.722401566676856
13672 1.5262389685791264
13843 2.1782280766455644
13845 2.001297368486486
13918 2.8396265588909295
13930 1.3601549729168554
14064 3.7026727762462723
14074 3.7796338173824005
14078 2.5098732725184614
14111 3.7026727762462723
14113 5.206750173022546
14136 1.4810567457858934
14182 6.9985096422506015
14196 0.8373023205555247
14198 3.047265923669174
14237 -4.18349008982496
14252 3.502002080784121
14267 -2.2942163598810907
14308 2.0640357091199095
14313 9.879909052647209
14381 0.457735330796197
14463 1.67063347346102
14516 2.1782280766455644
14519 3.086486636822455
14593 3.8630154263214513
14620 4.30864511158402
14656 6.843458926602851
14906 0.8027278807278994
14923 6.9985096422506015
14970 5.8998973535824915
15164 4.00277736869661
15169 2.335070548138534
15197 3.5327737394508745
15241 1.7462362142039713
15317 6.133368019052551
15326 3.2373095265570386
15332 -26.389299412475545
15341 0.7959741250626788
15373 0.814360751313118
15397 8.005189473945943
15407 4.542243647076521
15413 1.2781978656431896
15418 6.369936957148348
15424 3.6222476728196926
15456 3.1273086313427103
15471 1.3881216796572402
15472 2.735829765209286
15570 2.7218435232345457
15574 4.8012850649143815
15670 6.9985096422506015
15685 0.8716404581364162
15762 3.9074671888922854
15783 0.9616767386766525
15786 2.694572070691611
15805 2.008077055471865
