335
143 4.8012850649143815
194 1.5399972773188362
206 6.305362461690656
368 5.8998973535824915
512 2.0785287164224764
646 2.219386149139072
680 4.433560284789064
747 4.8012850649143815
787 4.071330023981388
822 4.05407066308416
848 3.7796338173824005
854 4.290459441148391
862 4.689098584186156
946 5.052599493195288
1013 2.6547042203969173
1024 5.8998973535824915
1060 0.24866762566620615
1102 6.9985096422506015
1314 6.9985096422506015
1345 5.206750173022546
1379 1.0740829317937672
1533 4.108137884354437
1692 2.1944885975173447
1750 1.1068654304248302
1755 3.47214911763444
1836 17.72821066517212
1884 3.8973072700021283
1902 2.0149030205422647
1929 2.1081605140288473
2021 2.70805020110221
2070 1.4730567031188173
2198 4.8012850649143815
2240 1.65617539028579
2334 0.7939518796819108
2351 4.6943629160890845
2356 2.681021528714291
2450 -1.2217137914072214
2513 1.8280256472124494
2638 2.130975191795019
2690 3.1483620405405426
2765 5.389071729816501
2796 7.005211644415603
2805 10.413500346045092
2829 5.617709800448351
2858 3.8630154263214513
2862 1.4690805547391779
2881 5.206750173022546
2890 4.919068100570765
2913 1.720394983020084
2935 1.2640783890383267
2943 3.4431615807611875
3100 2.7938170228596353
3104 5.612215281130711
3110 2.8876357780772897
3192 1.0095482253607377
3296 3.597312260588446
3407 2.085854756514549
3498 5.74275051441102
3503 4.695924549256556
3505 4.00277736869661
3578 0.6015799870344548
3586 3.2849375755462935
3598 3.4998814949012527
3609 4.290459441148391
3614 2.875656022470147
3737 1.8055527913603908
3802 4.359452312635343
3825 3.3609234825242154
3867 3.2373095265570386
3982 3.2307936678203566
3985 2.5098732725184614
3991 2.8088549002241754
3995 3.50297114018023
4006 2.6547042203969173
4114 6.945189235328208
4130 4.22592092001082
4138 3.3875917296063767
4186 3.8204558119026557
4214 2.465910149097345
4219 10.540575763145753
4245 3.597312260588446
4302 1.8000126109847754
4323 6.9985096422506015
4326 3.9539872045271784
4361 3.8630154263214513
4417 3.1918471524802814
4507 2.298029276458185
4522 0.7810714429639324
4531 5.362043057428582
4537 1.0196238773494795
4646 3.7372218546550555
4691 4.433560284789064
4750 0.33155284982139466
4785 3.9074671888922854
4871 2.4876501357337513
4878 1.3672978604292356
4882 12.785851150770114
4886 3.009525595686327
4956 2.413542163580029
4970 9.873145607021623
4996 4.290459441148391
5017 3.260840023967233
5039 2.735829765209286
5183 5.206750173022546
5241 4.433560284789064
5261 4.433560284789064
5379 6.305362461690656
5388 6.94429823526888
5397 4.22592092001082
5518 1.5868635903955612
5555 2.4033897921160112
5563 3.1066893441399746
5587 2.5326015235960173
5620 3.8204558119026557
5630 0.4766153511606481
5635 6.60815728996158
5687 2.0785287164224764
5837 8.867120569578129
5856 5.052599493195288
5874 7.73900710336201
5895 2.4033897921160112
5950 4.00277736869661
5981 2.8553749158590684
5996 4.00277736869661
5999 2.5098732725184614
6043 1.5913378707904824
6068 3.1273086313427103
6165 3.3096301881366648
6223 2.8088549002241754
6250 8.863814842686999
6433 1.030804581586805
6447 2.576165249751463
6516 4.919068100570765
6525 3.1483620405405426
6539 2.434161450782765
6548 2.0785287164224764
6567 2.579669034454003
6590 3.8204558119026557
6595 2.4237986637472186
6633 2.8088549002241754
6644 4.513602992462601
6647 5.206750173022546
6660 8.381451068578906
6672 10.778143459633002
6739 14.52613121515361
6742 4.600614369452231
6751 2.5441623459970937
6908 0.33537694625979814
7019 2.130975191795019
7025 2.0190964507214755
7051 19.98398701154368
7076 2.434161450782765
7081 4.695924549256556
7104 -1.3269758333025843
7125 3.8630154263214513
7170 1.6186122887101415
7287 6.305362461690656
7299 2.8553749158590684
7330 5.206750173022546
7497 1.4028006446333317
7569 1.0170954309961207
7591 4.085365169298681
7605 5.389071729816501
7633 1.8745456628473423
7692 2.2449194511442365
7731 2.001297368486486
7768 3.3096301881366648
7789 4.8012850649143815
7838 2.1081605140288473
7894 5.8998973535824915
7906 1.4339892349279078
7940 4.359452312635343
7949 2.5441623459970937
7968 3.047265923669174
7977 5.8998973535824915
7987 7.332610264150794
8037 4.22592092001082
8060 3.9539872045271784
8123 8.304857812746416
8124 8.919473854546355
8190 4.433560284789064
8283 2.8876357780772897
8299 4.433560284789064
8327 19.76885660648475
8439 0.4690908039883759
8578 3.1066893441399746
8592 3.740413104229119
8648 2.434161450782765
8677 3.5645224377654547
8710 3.3072226782563283
8723 1.5262389685791264
8745 2.5441623459970937
8779 5.612215281130711
8904 4.372650573756367
8964 4.600614369452231
9061 3.6312138122641273
9110 2.035665011990694
9122 1.3744921360632627
9154 2.465910149097345
9204 2.5098732725184614
9276 2.6944445490464313
9404 5.052599493195288
9480 4.513602992462601
9537 2.618516832497081
9554 2.543323789326808
9589 1.3115342859107813
9590 3.3096301881366648
9602 2.2800107709555064
9651 3.3875917296063767
9709 1.082307579643166
9817 2.6366740664670676
9836 3.666305132075397
9940 6.305362461690656
9970 1.4513908541342142
10017 5.8998973535824915
10031 2.498699971920336
10256 4.8012850649143815
10287 9.02857678705898
10326 0.5230769255465112
10329 -0.8403627828383906
10422 2.1263822140248125
10437 1.3672978604292356
10443 2.4876501357337513
10447 0.6099482367049713
10473 1.7781538171722764
10487 1.981229805435677
10514 3.8630154263214513
10561 1.6003469407328483
10562 5.612215281130711
10609 7.065547478901749
10713 3.5645224377654547
10739 2.37353682896633
10749 1.1754637467675824
10751 1.5879037593638217
10872 4.814646287694719
10906 2.035665011990694
10909 2.7790019370744945
11070 5.8998973535824915
11102 1.3304600282218215
11110 1.6204910383360227
11140 2.15432255579201
11191 4.600614369452231
11218 0.5720211847929105
11277 3.7796338173824005
11299 -0.5211827618659379
11304 2.410992067732915
11327 3.5645224377654547
11384 3.3609234825242154
11453 5.454880156325406
11677 1.7255100836868542
11778 2.8553749158590684
11781 2.591790394986348
11887 3.3349479961209547
11908 1.5346778372249912
11911 3.414990703794491
11916 5.389071729816501
11952 1.5958322603783217
11969 0.7582337970798316
12040 3.5645224377654547
12060 1.5220460903190904
12089 2.8088549002241754
12093 6.721558593625539
12117 4.290459441148391
12210 3.1698682457615064
12211 6.9985096422506015
12236 6.305362461690656
12242 3.8630154263214513
12254 2.335070548138534
12263 2.579669034454003
12377 1.3460204619819507
12378 3.3349479961209547
12383 2.5046129034208957
12455 -0.4305173317360804
12717 1.7997441231461808
12783 1.8986432144264027
12833 1.9260564194516896
12896 3.2373095265570386
12922 7.332610264150794
13001 1.4730567031188173
13045 1.886521853894058
13147 4.290459441148391
13227 3.666305132075397
13289 10.446085621336918
13384 2.0568672196412967
13553 -0.7409215198883841
13599 4.290459441148391
13613 1.8111238364098463
13672 3.052477937158253
13714 4.165296298194385
13718 9.39762482001524
13743 3.8204558119026557
13753 3.7026727762462723
13817 7.1290448755309095
13867 3.263138994630222
13891 4.246147702005994
13897 2.7218435232345457
13906 4.108137884354437
13951 4.22592092001082
14017 5.389071729816501
14021 4.108137884354437
14044 1.4611753752320646
14107 9.695194654988875
14153 2.4876501357337513
14237 -1.3944966966083199
14309 4.541138126279838
14343 3.7796338173824005
14352 0.9464204733261844
14399 3.502002080784121
14431 1.034930298632155
14507 1.8510151654371483
14656 2.2811529755342836
14755 5.206750173022546
14763 5.389071729816501
14891 4.22592092001082
14901 7.5978045707880515
14906 0.8027278807278994
14907 3.5645224377654547
15123 5.389071729816501
15156 4.919068100570765
15224 2.9041650800285006
15256 3.3349479961209547
15306 7.919870398932323
15313 3.834210554532276
15332 -9.313870380873722
15337 6.305362461690656
15435 2.750014400201242
15453 2.236335707452845
15518 1.880515829833846
15604 4.246624638098899
15622 2.363780654020965
15626 4.22592092001082
15651 1.1377234187847354
15671 3.7796338173824005
15761 6.9985096422506015
15820 4.165296298194385
