266
130 6.9985096422506015
135 6.9985096422506015
170 7.559267634764801
209 1.7001922757025645
237 4.359452312635343
315 6.9985096422506015
327 2.20271909665386
344 2.7790019370744945
389 1.6419233675785887
422 2.66777630196427
537 4.919068100570765
646 6.6581584474172155
710 2.8553749158590684
715 5.8998973535824915
717 2.8396265588909295
760 4.513602992462601
786 6.305362461690656
787 6.106995035972082
862 2.344549292093078
904 6.9985096422506015
927 4.157057432844953
1016 6.9985096422506015
1058 15.281823247610623
1381 2.6547042203969173
1435 6.9985096422506015
1488 5.052599493195288
1507 3.8630154263214513
1746 5.8998973535824915
1748 4.359452312635343
1929 4.216321028057695
2002 5.206750173022546
2103 9.778531002600241
2357 1.1873686492739008
2358 3.1273086313427103
2434 4.827084327160058
2450 -0.6108568957036107
2503 4.8012850649143815
2512 4.8012850649143815
2567 3.430611827025225
2705 1.6657908489852322
2796 2.335070548138534
2887 5.612215281130711
2893 2.5098732725184614
2904 4.165296298194385
2920 1.3590830570083334
2940 1.6278716141229383
3052 3.2373095265570386
3181 6.9985096422506015
3316 6.9985096422506015
3427 5.389071729816501
3506 11.48791739480001
3574 5.206750173022546
3575 13.043360095868932
3598 6.999762989802505
3600 6.9985096422506015
3614 2.875656022470147
3678 6.01234532178948
3788 2.750014400201242
3877 3.1698682457615064
3982 1.0769312226067855
3983 5.8998973535824915
3985 2.5098732725184614
3995 1.751485570090115
4021 1.5054481989100525
4053 -0.3738003760455464
4307 5.648244744709928
4366 1.9878743481543455
4400 2.938066631704182
4576 4.171709513029098
4750 0.33155284982139466
4821 5.8998973535824915
4828 6.9985096422506015
4842 4.433560284789064
4852 1.258716730071367
4857 2.0712559570933964
4878 1.3672978604292356
4964 2.81981561731574
5101 3.414990703794491
5392 2.130975191795019
5436 2.8876357780772897
5518 1.5868635903955612
5557 6.305362461690656
5630 0.23830767558032406
5635 2.20271909665386
5890 5.389071729816501
6043 1.5913378707904824
6130 3.0666840095262753
6151 1.4075226617397445
6235 1.2270685191205855
6305 7.907974409054357
6357 5.612215281130711
6389 3.1273086313427103
6391 6.9985096422506015
6477 5.612215281130711
6530 3.3609234825242154
6581 6.9985096422506015
6624 6.305362461690656
6633 2.8088549002241754
6681 5.389071729816501
6776 7.769055347609172
6864 5.8998973535824915
6887 17.281063007893156
6891 6.305362461690656
6898 8.648910941196492
6919 7.112802695521426
6978 3.9539872045271784
6984 3.7796338173824005
7025 4.038192901442951
7104 -1.3269758333025843
7244 5.206750173022546
7249 5.389071729816501
7338 4.8012850649143815
7401 1.886521853894058
7482 1.8055527913603908
7534 1.242767428663689
7566 4.8012850649143815
7569 1.0170954309961207
7576 5.8998973535824915
7650 2.1081605140288473
7688 3.086486636822455
7845 2.4237986637472186
7931 5.8998973535824915
7949 2.5441623459970937
7976 6.305362461690656
8133 5.612215281130711
8134 6.305362461690656
8182 2.681021528714291
8256 1.6803896484063847
8276 3.21432000833234
8356 4.165296298194385
8439 0.4690908039883759
8485 5.389071729816501
8566 5.019746545036923
8660 1.675499663112193
8708 5.924226983143574
8761 4.919068100570765
8788 2.146479378330984
8810 3.502002080784121
8814 4.22592092001082
8917 5.206750173022546
8928 1.3355491621146554
9055 6.9985096422506015
9110 2.035665011990694
9170 0.6116303228879563
9240 6.9985096422506015
9282 1.4533321977710387
9372 2.3256808077886952
9424 5.8998973535824915
9531 1.67063347346102
9645 4.043551799660054
9671 4.600614369452231
9709 1.082307579643166
9733 2.1700132732246624
9922 20.00968797672573
9961 9.201228738904462
9970 0.9675939027561428
10069 3.4431615807611875
10076 2.750014400201242
10114 1.3014161557451966
10134 6.9985096422506015
10182 5.206750173022546
10231 3.2373095265570386
10258 1.8000126109847754
10302 2.6290617897835795
10326 0.5230769255465112
10329 -0.4201813914191953
10396 6.305362461690656
10422 1.4175881426832082
10441 3.7026727762462723
10751 1.5879037593638217
10794 2.938066631704182
10868 -0.18536107281185138
10872 11.234174671287677
10874 4.359452312635343
10889 3.086486636822455
10930 3.502002080784121
11027 1.2781978656431896
11032 1.087712998210074
11034 3.1916645207566434
11089 3.4648956756577247
11106 2.021775899830027
11116 13.37639314912752
11119 5.612215281130711
11236 7.1290448755309095
11299 -2.0847310474637517
11304 1.2054960338664575
11419 3.1273086313427103
11481 3.237224577420283
11524 1.5178707189086098
11546 3.9539872045271784
11625 1.457246097092175
11678 13.540808977387801
11769 1.6466515087745348
11778 2.8553749158590684
11816 1.9296054400303697
11952 4.787496781134966
11964 6.305362461690656
12034 1.8648031042937068
12067 6.305362461690656
12122 1.1963912668735384
12261 6.305362461690656
12263 2.579669034454003
12283 2.6040604875781623
12330 6.9985096422506015
12335 6.9985096422506015
12379 4.8012850649143815
12383 2.5046129034208957
12503 2.2278250177849364
12520 6.9985096422506015
12598 2.5098732725184614
12772 1.886521853894058
12773 0.8826175167675673
12779 6.305362461690656
12797 2.7218435232345457
12823 2.06986059726431
12869 8.10814132616832
13001 1.4730567031188173
13009 6.305362461690656
13015 6.9985096422506015
13183 3.502002080784121
13372 5.206750173022546
13508 1.7255100836868542
13547 1.6003469407328483
13552 6.305362461690656
13553 -1.4818430397767681
13600 4.919068100570765
13670 2.6164830075767194
13708 3.9539872045271784
13813 5.612215281130711
13891 2.4263701154319968
13917 5.206750173022546
13919 7.194624521176892
14093 2.973157951515452
14163 13.078356937906028
14237 -0.6972483483041599
14267 -1.1471081799405454
14284 6.305362461690656
14331 6.305362461690656
14371 4.600614369452231
14381 0.2288676653980985
14431 1.034930298632155
14486 2.6164830075767194
14527 2.938066631704182
14563 2.6418008155610093
14564 5.8998973535824915
14631 6.9985096422506015
14656 2.2811529755342836
14657 6.305362461690656
14961 4.600614369452231
14981 5.206750173022546
15016 5.8998973535824915
15037 2.3163784151263815
15181 3.50297114018023
15182 4.359452312635343
15209 2.579669034454003
15260 5.389071729816501
15306 4.31992930850854
15313 7.668421109064552
15332 -6.209246920582481
15413 1.2781978656431896
15468 1.1549652252192415
15471 1.3881216796572402
15576 6.019051191372654
15592 8.614125771616528
15595 2.6641659082763383
15614 7.726030852642903
