235
302 1.7153059135126125
389 1.6419233675785887
500 2.1701959049483
583 2.9041650800285006
710 2.8553749158590684
800 2.434161450782765
817 4.695924549256556
861 14.258089751061819
1060 0.24866762566620615
1062 2.591790394986348
1224 6.9985096422506015
1310 7.559267634764801
1493 12.610724923381312
1750 1.1068654304248302
1782 2.7218435232345457
1838 3.414990703794491
1852 4.433560284789064
1923 2.211017899468555
1942 4.228884737732485
1954 8.250043200603727
1957 1.8223599096767722
2009 2.413542163580029
2070 1.4730567031188173
2077 3.3875917296063767
2176 14.30033475245605
2217 2.4876501357337513
2271 0.34178311807220957
2450 -3.0542844785180536
2458 2.162227735299123
2484 2.629859749823839
2513 1.8280256472124494
2519 3.3804838896987928
2586 3.3096301881366648
2631 1.7033759779413737
2766 15.333420047631376
2767 5.8998973535824915
2862 2.9381611094783557
2935 0.6320391945191633
2964 0.900435360084361
3068 2.6920409239639014
3168 5.648244744709928
3180 2.7938170228596353
3215 1.7699425535733089
3597 2.8876357780772897
3690 1.4972514317058743
3691 3.7026727762462723
3739 4.00277736869661
3773 11.224430562261421
3780 4.93182029819469
3896 2.807596525297524
3939 4.359452312635343
4004 2.4446327506500602
4053 -0.14952015041821856
4145 2.008077055471865
4158 0.2142030831410193
4159 5.206750173022546
4208 3.044092180638181
4209 6.305362461690656
4223 2.1863252868781835
4302 1.8000126109847754
4333 1.4651201535230811
4366 1.9878743481543455
4536 2.70805020110221
4570 4.433560284789064
4592 9.084653186095439
4642 4.00277736869661
4657 4.165296298194385
4658 5.8998973535824915
4679 4.919068100570765
4878 2.7345957208584712
4914 2.8679784698558155
5014 2.3541187431092285
5040 2.875656022470147
5055 2.2278250177849364
5458 5.206750173022546
5465 3.3349479961209547
5517 1.6232312345664361
5668 2.955458374416051
5680 1.5913378707904824
5809 2.363780654020965
5837 4.433560284789064
6012 3.740413104229119
6072 4.22592092001082
6219 2.298029276458185
6338 7.2406264907400875
6339 6.305362461690656
6433 2.06160916317361
6451 5.8998973535824915
6533 3.3349479961209547
6589 4.513602992462601
6657 4.277394475777858
6747 4.108137884354437
6751 5.088324691994187
6848 4.05407066308416
7072 5.845960905003192
7104 -0.6634879166512921
7160 4.919068100570765
7240 4.359452312635343
7286 1.4112609838503516
7311 2.236335707452845
7329 4.8012850649143815
7339 3.5327737394508745
7418 3.1483620405405426
7421 6.474619053114077
7487 1.8167260919585162
7594 4.290459441148391
7597 6.5589758606345505
7614 2.5676928434072877
7620 2.1863252868781835
7640 4.00277736869661
7731 4.002594736972972
7781 2.6040604875781623
7813 4.058293446253643
7892 1.5517722705842913
7965 1.886521853894058
8032 0.5108256237659907
8262 2.0712559570933964
8294 3.666305132075397
8405 3.3096301881366648
8439 0.4690908039883759
8561 3.8630154263214513
8582 2.7562175530669024
8643 2.001297368486486
8788 10.73239689165492
8844 5.052599493195288
8856 2.3163784151263815
9110 2.035665011990694
9154 2.465910149097345
9238 6.94429823526888
9280 3.502002080784121
9428 2.498699971920336
9513 5.389071729816501
9514 6.305362461690656
9523 5.389071729816501
9537 1.963887624372811
9640 2.8088549002241754
9709 1.082307579643166
9983 3.1066893441399746
9986 2.0568672196412967
9990 2.2687142412684898
10055 3.009525595686327
10211 6.9985096422506015
10306 2.15432255579201
10326 0.5230769255465112
10329 -0.4201813914191953
10437 1.3672978604292356
10473 1.7781538171722764
10503 2.413542163580029
10805 3.666305132075397
10867 7.266660988855193
10903 2.476721065201561
10943 5.612215281130711
11004 6.305362461690656
11032 2.175425996420148
11037 4.05407066308416
11106 2.021775899830027
11148 1.1784267118982394
11168 2.556395731286379
11228 3.3096301881366648
11252 3.3096301881366648
11287 2.0286963426746007
11290 6.9985096422506015
11299 -0.5211827618659379
11450 2.262311193856106
11524 1.5178707189086098
11537 21.997830792452383
11570 1.1933746733341126
11586 30.033216088038735
11591 2.7218435232345457
11671 11.267887569436756
11788 3.3096301881366648
11870 3.5645224377654547
11908 3.0693556744499824
11969 0.7582337970798316
12022 0.40409618250082274
12078 2.727440078162703
12104 3.2373095265570386
12111 1.994563336305142
12122 1.1963912668735384
12383 1.2523064517104479
12459 4.108137884354437
12460 0.7332084295128914
12553 1.0715836162801904
12554 1.6609715625492831
12660 4.071330023981388
12708 1.5958322603783217
12717 0.5999147077153936
12773 0.8826175167675673
12783 1.8986432144264027
12826 1.2619373447714093
12946 3.5596871053185586
13190 6.9985096422506015
13353 3.923114079673944
13386 5.206750173022546
13392 11.057612550613367
13440 1.4770487243883548
13553 -1.4818430397767681
13651 5.389071729816501
13734 1.942263836902293
13795 1.5389241281064423
13832 4.290459441148391
13891 1.2131850577159984
13930 2.7203099458337108
13938 4.290459441148391
14072 3.3609234825242154
14196 6.698418564444197
14200 3.47214911763444
14237 -1.3944966966083199
14267 -0.3823693933135151
14313 9.879909052647209
14392 3.7796338173824005
14431 1.034930298632155
14446 4.8012850649143815
14529 2.8088549002241754
14563 2.6418008155610093
14620 10.77161277896005
14656 3.4217294633014257
14826 6.305362461690656
14906 0.4013639403639497
14914 6.6192603762733295
15057 5.760354335964385
15113 3.7796338173824005
15121 1.5868635903955612
15158 3.8204558119026557
15326 6.474619053114077
15332 -7.761558650728101
15367 4.8012850649143815
15376 6.9985096422506015
15402 5.052599493195288
15468 1.1549652252192415
15472 2.735829765209286
15587 2.5894543351888
15672 0.7275212103923018
15709 2.1863252868781835
15783 0.48083836933832624
