44
646 2.219386149139072
1404 1.3708885285599641
1836 2.5326015235960173
2102 6.9985096422506015
2519 3.3804838896987928
2597 2.1157077196642304
2631 0.21292199724267172
2690 3.1483620405405426
2862 4.407241664217533
3392 2.20271909665386
3717 3.8204558119026557
4114 1.3890378470656415
4319 2.049749751872433
4882 2.130975191795019
5002 5.612215281130711
5046 2.236335707452845
5214 10.413500346045092
5630 0.11915383779016203
6216 2.3933394562625097
7088 4.919068100570765
7104 -0.6634879166512921
7312 2.3163784151263815
8007 1.904759441443839
8123 1.6609715625492831
8327 2.824122372354964
8710 0.551203779709388
9007 4.108137884354437
9110 2.035665011990694
9384 2.6710983242293107
9537 1.3092584162485406
9765 1.7835738846416156
9873 5.8998973535824915
10031 2.498699971920336
11304 1.2054960338664575
11305 2.0640357091199095
12820 3.3349479961209547
13289 5.223042810668459
13818 4.600614369452231
13918 2.8396265588909295
14135 2.3541187431092285
14789 3.7026727762462723
15332 -1.5523117301456202
15468 1.1549652252192415
15604 2.1233123190494494
