77
174 1.6232312345664361
389 1.6419233675785887
710 2.8553749158590684
2176 2.383389125409342
2450 -0.6108568957036107
2513 1.8280256472124494
2631 0.42584399448534344
2766 3.0666840095262753
3215 1.179961702382206
3759 2.4033897921160112
4070 2.2137308608496604
4151 5.206750173022546
4158 0.061200880897434085
4223 2.1863252868781835
4405 1.3460204619819507
4522 0.2603571476546441
5680 3.182675741580965
6012 3.740413104229119
6318 6.9985096422506015
6338 2.413542163580029
6433 0.5154022907934025
6451 5.8998973535824915
6657 2.138697237888929
7072 1.9486536350010641
7104 -0.6634879166512921
7311 2.236335707452845
7421 6.474619053114077
7569 1.0170954309961207
7826 6.254617262685421
7857 4.8012850649143815
7981 2.0426825846493406
8262 2.0712559570933964
8439 0.4690908039883759
8731 2.0286963426746007
8788 2.146479378330984
9483 3.6312138122641273
9537 0.6546292081242703
9551 5.8998973535824915
9765 1.7835738846416156
9990 0.5671785603171224
10307 2.5676928434072877
10329 -0.21009069570959765
10867 2.9066643955420775
10903 2.476721065201561
10909 2.7790019370744945
11023 1.2880826248757316
11167 4.108137884354437
11168 1.2781978656431896
11252 3.3096301881366648
11537 3.666305132075397
11816 1.9296054400303697
11870 3.5645224377654547
11969 0.7582337970798316
12023 3.6312138122641273
12455 -0.6457759976041206
12460 0.7332084295128914
12660 2.035665011990694
12773 0.8826175167675673
12826 1.2619373447714093
12946 0.5932811842197597
13071 3.086486636822455
13080 0.8123010183501074
13392 2.764403137653342
13440 1.4770487243883548
13553 -0.37046075994419203
14196 1.6746046411110493
14267 -0.7647387866270302
14313 4.939954526323604
14416 0.7739512129752414
14463 1.67063347346102
15057 1.152070867192877
15241 1.7462362142039713
15326 3.2373095265570386
15413 1.2781978656431896
15692 3.8204558119026557
15709 2.1863252868781835
15783 0.48083836933832624
