96
389 1.6419233675785887
657 2.0640357091199095
1929 2.1081605140288473
1942 2.537330842639491
2036 1.9486536350010641
2240 1.65617539028579
2358 3.1273086313427103
2513 1.8280256472124494
2519 1.6902419448493964
2622 4.695924549256556
2631 0.6387659917280152
2935 1.2640783890383267
2943 3.4431615807611875
3132 3.2373095265570386
3215 0.589980851191103
3275 3.666305132075397
3780 2.465910149097345
4158 0.09180132134615113
4208 1.5220460903190904
4223 2.1863252868781835
4783 2.1782280766455644
5040 1.4378280112350734
5055 2.2278250177849364
5392 2.130975191795019
5889 2.4033897921160112
5993 0.8521803845817039
6049 4.071330023981388
6235 2.454137038241171
6433 1.030804581586805
6533 6.669895992241909
6754 1.2024518914852294
7072 3.8973072700021283
7286 1.4112609838503516
7487 1.8167260919585162
7569 1.0170954309961207
7614 2.5676928434072877
7620 2.1863252868781835
7735 5.389071729816501
7906 1.4339892349279078
7969 3.5327737394508745
8032 0.5108256237659907
8167 3.6312138122641273
8439 0.4690908039883759
8690 2.7938170228596353
8718 2.824122372354964
8731 2.0286963426746007
8780 4.22592092001082
8890 4.560021541911013
9151 1.258716730071367
9170 0.6116303228879563
9462 6.305362461690656
9733 1.0850066366123312
9990 0.5671785603171224
10903 4.953442130403122
11148 1.1784267118982394
11168 1.2781978656431896
11386 2.1157077196642304
11450 2.262311193856106
11461 2.146479378330984
11524 1.5178707189086098
11570 1.1933746733341126
11894 1.5178707189086098
11908 1.5346778372249912
11969 0.7582337970798316
12078 1.3637200390813515
12117 4.290459441148391
12213 3.047265923669174
12218 2.6547042203969173
12447 2.8396265588909295
12455 -0.2152586658680402
12460 0.7332084295128914
12773 0.8826175167675673
12826 1.2619373447714093
12946 0.5932811842197597
13080 0.8123010183501074
13392 2.764403137653342
13681 2.498699971920336
13791 3.047265923669174
14195 1.7781538171722764
14200 3.47214911763444
14267 -1.1471081799405454
14313 1.6466515087745348
14416 0.7739512129752414
14431 1.034930298632155
14446 4.8012850649143815
14463 1.67063347346102
14606 3.6312138122641273
14620 4.30864511158402
15057 1.152070867192877
15121 1.5868635903955612
15259 1.3320829541381691
15332 -3.1046234602912404
15373 0.814360751313118
15685 0.8716404581364162
15771 0.023095714794649395
15786 0.8981906902305371
