37
2597 2.1157077196642304
2631 0.21292199724267172
3186 3.8642478746271944
3448 3.1273086313427103
3647 2.1081605140288473
3685 4.513602992462601
3690 1.4972514317058743
4021 1.5054481989100525
4158 0.030600440448717042
4310 8.580918882296782
5047 6.669895992241909
5993 0.8521803845817039
6729 2.1944885975173447
7104 -0.6634879166512921
7269 5.052599493195288
8043 1.730651483187273
8085 4.108137884354437
8471 2.7938170228596353
8896 2.938066631704182
9106 1.0850066366123312
9393 2.12194687433635
9683 5.052599493195288
9711 1.8686109273275278
10329 -0.4201813914191953
10868 -0.18536107281185138
11032 1.087712998210074
11305 2.0640357091199095
12455 -0.2152586658680402
12717 0.5999147077153936
12976 3.9539872045271784
13208 1.3115342859107813
13353 1.961557039836972
14237 -2.7889933932166397
14416 0.7739512129752414
15057 1.152070867192877
15648 2.5676928434072877
15786 0.8981906902305371
