37
289 3.086486636822455
374 6.9985096422506015
1885 3.009525595686327
2357 1.1873686492739008
2659 3.4431615807611875
3110 2.8876357780772897
3192 1.0095482253607377
4179 3.414990703794491
4247 2.3163784151263815
4711 5.788816320091109
4750 0.33155284982139466
5279 3.4820285404456395
5980 3.8630154263214513
5983 1.9878743481543455
7487 3.6334521839170324
7620 2.1863252868781835
8439 0.4690908039883759
8556 1.8223599096767722
8928 1.3355491621146554
9106 1.0850066366123312
9733 1.0850066366123312
10210 2.9911764570181303
10251 5.612215281130711
10329 -0.21009069570959765
11416 2.1782280766455644
11423 4.600614369452231
11841 2.8396265588909295
12220 4.290459441148391
12404 1.485080896085619
12407 1.67038967643192
12455 -0.2152586658680402
12460 0.7332084295128914
12527 3.086486636822455
12665 6.9985096422506015
13795 1.5389241281064423
13823 4.433560284789064
13873 3.740413104229119
