25
2354 4.290459441148391
2638 2.130975191795019
3995 1.751485570090115
4522 0.2603571476546441
4537 1.0196238773494795
5630 0.23830767558032406
5973 1.4770487243883548
6628 3.1918471524802814
6819 1.7153059135126125
7104 -0.6634879166512921
7421 3.2373095265570386
8978 1.6140145794615122
9270 3.1066893441399746
9559 -0.16639788770994784
10447 0.6099482367049713
10749 1.1754637467675824
10886 2.87137525720551
11304 1.2054960338664575
11677 1.7255100836868542
12377 1.3460204619819507
13189 1.8745456628473423
13613 1.8111238364098463
14381 0.457735330796197
14455 1.637217476541176
15828 1.0931477941960308
