139
422 2.66777630196427
1836 2.5326015235960173
1956 4.695924549256556
2063 6.9985096422506015
2064 1.5647876386963615
2357 1.1873686492739008
2450 -1.2217137914072214
2519 3.3804838896987928
2521 4.165296298194385
2536 1.7835738846416156
2810 3.597312260588446
3314 5.206750173022546
3374 1.9680717208581657
3562 6.305362461690656
3578 1.2031599740689096
3614 2.875656022470147
3643 3.21432000833234
3820 1.7890234894091803
3827 3.2849375755462935
3896 1.403798262648762
3995 1.751485570090115
4006 2.6547042203969173
4097 2.955458374416051
4114 5.556151388262566
4230 2.0149030205422647
4245 3.597312260588446
4325 3.21432000833234
4384 6.9985096422506015
4429 4.05407066308416
4522 0.5207142953092883
4531 2.681021528714291
4592 3.0282177286984795
4646 1.8686109273275278
4882 2.130975191795019
4970 9.873145607021623
5017 3.260840023967233
5249 3.3096301881366648
5484 0.9464204733261844
5517 3.2464624691328723
5630 0.23830767558032406
5636 2.973157951515452
5722 3.3609234825242154
5882 5.612215281130711
6043 1.5913378707904824
6250 1.7727629685373998
6335 2.476721065201561
6337 3.2373095265570386
6622 2.579669034454003
6739 1.6140145794615122
6754 8.417163240396606
6908 0.33537694625979814
7051 9.08363045979258
7081 4.695924549256556
7088 4.919068100570765
7104 -1.9904637499538764
7229 6.9985096422506015
7344 1.6325336272287498
7357 6.9985096422506015
7424 3.3609234825242154
7538 5.389071729816501
7729 6.9985096422506015
7826 3.1273086313427103
7827 3.414990703794491
7954 4.22592092001082
8123 6.6438862501971325
8262 4.142511914186793
8439 0.4690908039883759
8677 3.5645224377654547
8710 0.551203779709388
8871 12.610724923381312
9276 2.6944445490464313
9384 1.3355491621146554
9743 3.8630154263214513
9765 1.7835738846416156
9863 6.305362461690656
10030 2.413542163580029
10258 1.8000126109847754
10422 0.7087940713416041
10431 0.7218661529089567
10443 4.9753002714675025
10446 3.1483620405405426
10601 3.740413104229119
10659 3.4431615807611875
10672 3.414990703794491
10868 -0.37072214562370276
11110 1.6204910383360227
11114 3.047265923669174
11218 0.5720211847929105
11304 3.616488101599373
11388 4.22592092001082
11453 8.18232023448811
11576 3.3096301881366648
11816 1.9296054400303697
11969 0.7582337970798316
12022 1.2122885475024683
12023 3.6312138122641273
12060 1.5220460903190904
12164 6.9985096422506015
12228 3.047265923669174
12455 -0.2152586658680402
12595 2.344549292093078
12853 2.304141734385754
13045 1.886521853894058
13108 2.2800107709555064
13186 11.799794707164983
13289 1.7410142702228197
13380 4.05407066308416
13438 2.555858385760285
13494 3.21432000833234
13527 2.049749751872433
13718 4.0275534942922455
13755 4.919068100570765
13867 1.087712998210074
13891 0.6065925288579992
14153 7.462950407201253
14237 -0.6972483483041599
14267 -0.3823693933135151
14309 4.541138126279838
14380 8.45184184002164
14488 6.305362461690656
14571 3.2373095265570386
14599 4.433560284789064
14620 8.61729022316804
14633 2.6547042203969173
14656 1.1405764877671418
14906 0.8027278807278994
15129 2.8876357780772897
15173 3.009525595686327
15192 4.467363916867872
15242 3.414990703794491
15295 4.165296298194385
15306 0.7199882180847567
15332 -3.1046234602912404
15468 2.309930450438483
15472 2.735829765209286
15604 2.1233123190494494
15709 2.1863252868781835
15771 0.023095714794649395
15827 1.9109133070182172
