272
327 2.20271909665386
680 4.433560284789064
747 4.8012850649143815
822 4.05407066308416
854 4.290459441148391
862 2.344549292093078
927 2.0785287164224764
1013 2.6547042203969173
1211 6.305362461690656
1265 6.9985096422506015
1379 0.5370414658968836
1381 2.6547042203969173
1439 5.389071729816501
1567 4.22592092001082
1750 3.320596291274491
1836 12.663007617980087
1922 1.6952047341915255
1977 2.6040604875781623
2019 2.344549292093078
2070 1.4730567031188173
2087 2.8876357780772897
2351 1.5647876386963615
2450 -0.6108568957036107
2513 1.8280256472124494
2631 0.21292199724267172
2638 2.130975191795019
2674 1.0272478024601386
2745 7.726030852642903
2757 3.2849375755462935
2805 5.206750173022546
2829 2.8088549002241754
2858 7.726030852642903
2862 1.4690805547391779
2913 3.440789966040168
2934 6.9985096422506015
2935 1.8961175835574902
2984 4.919068100570765
3104 5.612215281130711
3143 2.219386149139072
3233 5.8998973535824915
3296 3.597312260588446
3386 5.258123579567159
3392 2.20271909665386
3394 3.047265923669174
3578 1.2031599740689096
3586 3.2849375755462935
3642 3.47214911763444
3730 5.052599493195288
3737 1.8055527913603908
3759 2.4033897921160112
3792 6.305362461690656
3825 3.3609234825242154
3915 9.391849098513111
3982 1.0769312226067855
3991 2.8088549002241754
3995 3.50297114018023
4006 2.6547042203969173
4114 6.945189235328208
4186 3.8204558119026557
4187 6.9985096422506015
4219 3.5135252543819178
4245 3.597312260588446
4301 3.597312260588446
4319 4.099499503744866
4361 3.8630154263214513
4366 1.9878743481543455
4416 1.3637200390813515
4417 3.1918471524802814
4496 12.610724923381312
4507 4.59605855291637
4522 0.2603571476546441
4531 5.362043057428582
4534 4.433560284789064
4537 1.0196238773494795
4646 1.8686109273275278
4691 4.433560284789064
4695 2.87137525720551
4723 6.9985096422506015
4777 4.359452312635343
4785 3.9074671888922854
4818 3.8204558119026557
4871 2.4876501357337513
4876 2.2449194511442365
4882 10.654875958975094
4910 11.799794707164983
4970 3.9492582428086496
5002 5.612215281130711
5083 3.147119249538397
5127 4.8012850649143815
5214 5.206750173022546
5232 3.3096301881366648
5261 4.433560284789064
5291 6.9985096422506015
5318 3.1066893441399746
5388 6.94429823526888
5446 6.9985096422506015
5517 1.6232312345664361
5630 0.4766153511606481
5635 2.20271909665386
5687 2.0785287164224764
5856 5.052599493195288
5874 2.579669034454003
5990 2.938066631704182
6043 1.5913378707904824
6047 3.009525595686327
6216 2.3933394562625097
6219 2.298029276458185
6228 1.2947271675944
6250 3.5455259370747996
6335 4.953442130403122
6337 3.2373095265570386
6433 1.030804581586805
6516 4.919068100570765
6525 6.296724081081085
6555 2.9911764570181303
6567 2.579669034454003
6595 2.4237986637472186
6640 3.7026727762462723
6660 2.7938170228596353
6672 5.389071729816501
6739 19.368174953538144
6751 2.5441623459970937
6819 1.7153059135126125
6908 0.33537694625979814
6970 2.1863252868781835
7051 29.06761747133626
7076 2.434161450782765
7081 4.695924549256556
7104 -0.6634879166512921
7125 3.8630154263214513
7286 1.4112609838503516
7330 5.206750173022546
7363 3.2849375755462935
7495 6.9985096422506015
7633 1.8745456628473423
7838 2.1081605140288473
7892 1.5517722705842913
7894 5.8998973535824915
7906 2.8679784698558155
7949 2.5441623459970937
7987 3.666305132075397
7991 1.3149298749119196
7998 4.433560284789064
8018 4.22592092001082
8123 8.304857812746416
8124 5.946315903030904
8137 5.052599493195288
8262 4.142511914186793
8322 6.9985096422506015
8327 11.296489489419857
8439 1.4072724119651276
8648 2.434161450782765
8660 1.675499663112193
8677 3.5645224377654547
8708 2.962113491571787
8710 1.6536113391281642
8723 1.5262389685791264
8823 3.1066893441399746
9007 4.108137884354437
9061 3.6312138122641273
9110 2.035665011990694
9151 1.258716730071367
9175 3.597312260588446
9204 2.5098732725184614
9384 1.3355491621146554
9480 4.513602992462601
9537 1.3092584162485406
9589 1.3115342859107813
9590 3.3096301881366648
9709 2.164615159286332
9765 1.7835738846416156
9873 5.8998973535824915
9901 6.9985096422506015
9970 0.4837969513780714
10006 2.6944445490464313
10047 5.8998973535824915
10123 5.389071729816501
10271 6.305362461690656
10326 1.0461538510930224
10329 -0.630272087128793
10393 1.9746291214043248
10422 1.4175881426832082
10447 0.6099482367049713
10561 1.6003469407328483
10607 6.305362461690656
10609 3.5327737394508745
10658 2.9041650800285006
10751 0.7939518796819108
10868 -0.37072214562370276
10872 6.419528383592959
10911 3.6312138122641273
11026 4.695924549256556
11110 1.6204910383360227
11140 2.15432255579201
11218 0.5720211847929105
11236 3.5645224377654547
11299 -0.5211827618659379
11304 3.616488101599373
11365 6.9985096422506015
11416 2.1782280766455644
11453 8.18232023448811
11481 1.6186122887101415
11524 1.5178707189086098
11597 3.0666840095262753
11646 4.708237486218457
11677 1.7255100836868542
11945 1.9550845253313545
11969 0.7582337970798316
12060 1.5220460903190904
12093 1.6803896484063847
12122 1.1963912668735384
12254 2.335070548138534
12377 1.3460204619819507
12378 3.3349479961209547
12383 2.5046129034208957
12462 5.612215281130711
12495 15.620250519067639
12553 1.0715836162801904
12646 4.05407066308416
12717 0.5999147077153936
12783 3.7972864288528054
12833 0.9630282097258448
12922 3.666305132075397
12992 2.3256808077886952
13046 3.47214911763444
13178 5.206750173022546
13202 3.6312138122641273
13289 12.187099891559738
13295 5.206750173022546
13384 2.0568672196412967
13443 3.502002080784121
13547 3.2006938814656967
13553 -1.111382279832576
13559 3.5645224377654547
13572 1.8745456628473423
13672 1.5262389685791264
13718 2.6850356628614973
13725 5.8998973535824915
13753 3.7026727762462723
13867 1.087712998210074
13891 1.2131850577159984
13897 2.7218435232345457
13951 4.22592092001082
13965 4.359452312635343
13993 3.3609234825242154
14017 5.389071729816501
14036 4.290459441148391
14049 4.290459441148391
14107 2.4237986637472186
14136 4.4431702373576805
14237 -0.6972483483041599
14267 -0.7647387866270302
14309 4.541138126279838
14519 3.086486636822455
14656 6.843458926602851
14682 3.0863770537857995
14901 2.5326015235960173
15156 4.919068100570765
15192 1.489121305622624
15241 3.4924724284079427
15295 4.165296298194385
15306 5.039917526593297
15307 5.8998973535824915
15332 -13.970805571310581
15373 0.814360751313118
15435 5.500028800402484
15468 6.929791351315449
15517 1.886521853894058
15518 1.880515829833846
15604 4.246624638098899
15622 9.45512261608386
15651 2.2754468375694707
