245
241 1.6902419448493964
289 3.086486636822455
302 1.7153059135126125
521 3.7972864288528054
986 3.9539872045271784
1379 0.5370414658968836
1390 3.260840023967233
1524 4.290459441148391
1842 2.0286963426746007
1960 3.1483620405405426
2070 1.4730567031188173
2334 3.1758075187276433
2351 1.5647876386963615
2357 1.1873686492739008
2421 1.5431885268928998
2442 2.7938170228596353
2450 -1.832570687110832
2631 0.21292199724267172
2657 3.3609234825242154
2757 3.2849375755462935
2839 3.1483620405405426
2920 0.6795415285041667
2935 0.6320391945191633
3048 2.5098732725184614
3192 6.057289352164426
3379 3.1918471524802814
3380 2.3541187431092285
3407 2.085854756514549
3578 0.6015799870344548
3690 1.4972514317058743
3698 4.8012850649143815
3737 3.6111055827207816
3840 1.2980660688599148
3896 1.403798262648762
4021 1.5054481989100525
4114 1.3890378470656415
4179 13.659962815177964
4208 3.044092180638181
4241 2.4033897921160112
4247 11.581892075631908
4261 4.524622387712212
4297 3.3096301881366648
4309 2.681021528714291
4314 2.764403137653342
4405 1.3460204619819507
4417 3.1918471524802814
4466 3.9539872045271784
4536 2.70805020110221
4590 6.305362461690656
4608 1.4075226617397445
4611 4.165296298194385
4711 3.8592108800607394
4750 0.6631056996427893
4765 2.8300266669378042
4783 2.1782280766455644
4838 1.4730567031188173
4862 6.094531847338348
4924 3.2849375755462935
5006 3.086486636822455
5020 3.21432000833234
5046 2.236335707452845
5055 4.455650035569873
5154 2.4446327506500602
5181 6.866938322814802
5279 13.928114161782558
5414 2.8876357780772897
5426 4.8012850649143815
5517 3.2464624691328723
5758 3.666305132075397
5773 2.735829765209286
5783 5.612215281130711
5834 1.65617539028579
5900 2.8553749158590684
5933 2.955458374416051
5983 1.9878743481543455
5992 4.359452312635343
5993 1.7043607691634077
6078 2.555858385760285
6109 6.305362461690656
6144 5.389071729816501
6158 2.455214859980597
6338 4.827084327160058
6442 4.8012850649143815
6447 2.576165249751463
6908 0.33537694625979814
7019 2.130975191795019
7104 -0.6634879166512921
7154 9.83813620114153
7158 6.305362461690656
7264 3.597312260588446
7487 5.450178275875548
7534 1.242767428663689
7550 4.22592092001082
7591 2.0426825846493406
7620 6.5589758606345505
7721 4.8012850649143815
7740 3.5327737394508745
7768 3.3096301881366648
7845 2.4237986637472186
7892 1.5517722705842913
7904 2.211017899468555
7932 3.7490913256946845
7935 2.335070548138534
8032 0.5108256237659907
8043 1.730651483187273
8463 4.290459441148391
8555 13.540808977387801
8556 12.756519367737406
8592 3.740413104229119
8736 1.1933746733341126
8758 4.433560284789064
8822 2.2800107709555064
8906 3.047265923669174
8928 1.3355491621146554
9153 6.305362461690656
9170 1.2232606457759125
9506 4.919068100570765
9531 1.67063347346102
9537 0.6546292081242703
9589 1.3115342859107813
9733 1.0850066366123312
9803 8.867120569578129
9817 1.3183370332335338
9970 0.4837969513780714
9986 4.113734439282593
9990 1.7015356809513673
10008 4.113734439282593
10058 2.6040604875781623
10114 1.3014161557451966
10139 3.3875917296063767
10202 5.183580789972696
10206 4.00277736869661
10210 5.982352914036261
10258 1.8000126109847754
10323 4.108137884354437
10329 -0.4201813914191953
10343 6.9985096422506015
10393 1.9746291214043248
10422 0.7087940713416041
10431 1.4437323058179135
10437 5.4691914417169425
10473 1.7781538171722764
10514 3.8630154263214513
10544 5.612215281130711
10609 3.5327737394508745
10663 5.8998973535824915
10749 1.1754637467675824
10872 3.2097641917964794
11023 1.2880826248757316
11032 1.087712998210074
11036 6.305362461690656
11044 3.9074671888922854
11299 -0.5211827618659379
11334 1.994563336305142
11459 3.047265923669174
11481 1.6186122887101415
11526 1.6419233675785887
11580 2.5441623459970937
11671 2.2535775138873513
11806 5.8998973535824915
11807 5.8998973535824915
11841 11.358506235563718
11969 1.5164675941596633
11984 2.4237986637472186
12009 3.502002080784121
12022 0.8081923650016455
12047 1.4416815805510634
12078 1.3637200390813515
12120 7.065547478901749
12213 3.047265923669174
12351 5.8998973535824915
12355 3.5327737394508745
12400 2.9209721983448818
12404 2.970161792171238
12407 3.34077935286384
12455 -0.6457759976041206
12457 3.2373095265570386
12460 0.7332084295128914
12527 3.086486636822455
12595 2.344549292093078
12660 2.035665011990694
12662 4.8012850649143815
12664 4.22592092001082
12674 1.5779746429783155
12826 1.2619373447714093
12853 1.152070867192877
12946 0.5932811842197597
12978 2.383389125409342
12991 3.1066893441399746
13094 9.575541457440844
13106 7.005211644415603
13135 4.359452312635343
13380 4.05407066308416
13390 2.236335707452845
13399 6.17297327364491
13440 1.4770487243883548
13451 3.4431615807611875
13501 2.5211728277723946
13547 1.6003469407328483
13553 -0.7409215198883841
13572 1.8745456628473423
13672 1.5262389685791264
13795 15.389241281064423
13825 2.7218435232345457
13838 2.3163784151263815
13857 3.9074671888922854
13872 5.052599493195288
13894 5.612215281130711
13904 3.5327737394508745
13921 2.1782280766455644
13936 3.3349479961209547
14085 3.1698682457615064
14104 1.710242611556066
14111 3.7026727762462723
14136 1.4810567457858934
14237 -2.09174504491248
14252 7.004004161568242
14267 -0.3823693933135151
14381 0.2288676653980985
14431 1.034930298632155
14472 4.513602992462601
14477 2.5211728277723946
14504 3.9539872045271784
14614 6.305362461690656
14618 4.22592092001082
14682 1.5431885268928998
14779 4.290459441148391
14840 7.480826208458238
14845 5.206750173022546
14906 0.8027278807278994
15169 4.670141096277068
15278 4.93182029819469
15332 -20.18005249189306
15458 5.617709800448351
15468 6.929791351315449
15471 0.6940608398286201
15630 4.919068100570765
15672 2.910084841569207
15677 1.5779746429783155
15685 0.8716404581364162
15699 5.389071729816501
15702 2.8553749158590684
15712 4.165296298194385
15718 12.32441365306331
15771 0.023095714794649395
