138
302 5.145917740537838
389 1.6419233675785887
422 2.66777630196427
496 2.2800107709555064
710 2.8553749158590684
1889 3.414990703794491
1896 3.567147769283231
1942 2.537330842639491
2070 1.4730567031188173
2176 2.383389125409342
2241 9.602570129828763
2356 5.362043057428582
2421 1.5431885268928998
2458 2.162227735299123
2484 1.3149298749119196
2631 0.6387659917280152
2640 5.471659530418572
2674 1.0272478024601386
2690 3.1483620405405426
2862 1.4690805547391779
2935 0.6320391945191633
2964 0.900435360084361
3186 11.592743623881583
3215 2.949904255955515
3218 6.305362461690656
3223 7.563518483317184
3279 4.600614369452231
3322 9.83813620114153
3448 3.1273086313427103
3647 4.216321028057695
3685 13.540808977387801
3690 5.989005726823497
3700 1.2947271675944
3840 1.2980660688599148
4021 1.5054481989100525
4158 0.18360264269230225
4302 5.400037832954326
4310 8.580918882296782
4608 1.4075226617397445
4750 0.6631056996427893
4841 4.22592092001082
4881 2.7938170228596353
5046 4.47267141490569
5047 10.004843988362865
5051 4.433560284789064
5058 3.5327737394508745
5083 1.5735596247691985
5518 3.1737271807911225
5773 5.471659530418572
5889 2.4033897921160112
5993 3.4087215383268155
6026 2.66777630196427
6221 2.8553749158590684
6433 0.5154022907934025
6729 2.1944885975173447
7269 10.105198986390576
7421 3.2373095265570386
7578 0.5215372793609184
7690 3.21432000833234
7692 2.2449194511442365
7731 4.002594736972972
7827 6.829981407588982
7904 2.211017899468555
7906 1.4339892349279078
8032 1.0216512475319814
8043 1.730651483187273
8439 0.4690908039883759
8471 2.7938170228596353
8708 1.4810567457858934
8788 6.439438134992953
8896 2.938066631704182
9151 1.258716730071367
9164 3.597312260588446
9345 2.66777630196427
9346 2.498699971920336
9393 5.304867185840875
9537 0.6546292081242703
9658 5.612215281130711
9683 10.105198986390576
9711 1.8686109273275278
9970 0.4837969513780714
9990 1.1343571206342449
10058 5.208120975156325
10196 2.5211728277723946
10206 4.00277736869661
10258 1.8000126109847754
10306 6.462967667376029
10329 -1.0504534785479882
10422 1.4175881426832082
10477 4.05407066308416
10867 1.4533321977710387
10909 2.7790019370744945
11032 3.263138994630222
11148 1.1784267118982394
11459 3.047265923669174
11461 2.146479378330984
11790 2.2449194511442365
11996 4.513602992462601
12022 0.40409618250082274
12194 6.9985096422506015
12455 -0.2152586658680402
12460 1.466416859025783
12554 1.6609715625492831
12696 5.052599493195288
12717 1.1998294154307871
12783 1.8986432144264027
12946 1.7798435526592793
12976 3.9539872045271784
12991 3.1066893441399746
13080 2.436903055050322
13180 3.666305132075397
13208 3.9346028577323438
13304 6.305362461690656
13353 7.846228159347888
13438 2.555858385760285
13553 -0.37046075994419203
13565 1.9878743481543455
13572 1.8745456628473423
13845 2.001297368486486
13930 1.3601549729168554
14034 6.9985096422506015
14195 1.7781538171722764
14196 0.8373023205555247
14237 -3.4862417415207996
14282 12.610724923381312
14381 0.2288676653980985
14634 5.8998973535824915
14656 2.2811529755342836
14682 3.0863770537857995
14914 3.3096301881366648
15057 1.152070867192877
15332 -7.761558650728101
15418 2.1233123190494494
15468 3.4648956756577247
15648 7.7030785302218625
15672 0.7275212103923018
15731 2.9911764570181303
15786 2.694572070691611
