119
1822 4.766778250818684
2009 2.413542163580029
2070 1.4730567031188173
2077 3.3875917296063767
2175 6.9985096422506015
2176 2.383389125409342
2271 2.7342649445776765
2450 -2.4434275828144427
2484 1.3149298749119196
2597 2.1157077196642304
2631 0.8516879889706869
2639 2.6040604875781623
2766 6.133368019052551
2862 1.4690805547391779
3068 4.038061385945852
3165 3.7796338173824005
3223 2.5211728277723946
3566 4.695924549256556
3763 3.597312260588446
3901 2.363780654020965
4158 0.09180132134615113
4250 4.695924549256556
4262 3.1698682457615064
4286 2.130975191795019
4427 3.597312260588446
4437 2.4033897921160112
4438 3.47214911763444
4537 1.0196238773494795
5046 2.236335707452845
5047 3.3349479961209547
5202 6.9985096422506015
5316 2.236335707452845
5369 3.047265923669174
5430 2.750014400201242
5439 3.7796338173824005
5590 1.4533321977710387
5680 3.182675741580965
5905 1.7835738846416156
5993 0.8521803845817039
6218 4.00277736869661
6233 3.1918471524802814
6338 2.413542163580029
6433 2.06160916317361
6872 1.3047775034479017
7025 1.0095482253607377
7072 3.8973072700021283
7104 -1.3269758333025843
7299 2.8553749158590684
7401 1.886521853894058
7421 3.2373095265570386
7804 6.9985096422506015
7845 2.4237986637472186
7935 2.335070548138534
7965 11.319131123364349
7991 1.3149298749119196
8032 0.5108256237659907
8078 1.9359146092236343
8216 4.00277736869661
8256 3.3607792968127694
8582 4.134326329600354
8708 1.4810567457858934
8710 0.551203779709388
8880 1.67063347346102
8896 2.938066631704182
9106 1.0850066366123312
9170 0.6116303228879563
9970 0.4837969513780714
10006 2.6944445490464313
10329 -0.630272087128793
10422 0.7087940713416041
10437 1.3672978604292356
10487 1.981229805435677
10503 2.413542163580029
10610 3.6312138122641273
10749 1.1754637467675824
10801 4.433560284789064
10867 2.9066643955420775
10868 -0.18536107281185138
11023 1.2880826248757316
11032 3.263138994630222
11089 1.1549652252192415
11168 1.2781978656431896
11299 -0.5211827618659379
11459 3.047265923669174
11524 1.5178707189086098
11537 3.666305132075397
11644 3.5327737394508745
11778 2.8553749158590684
11790 2.2449194511442365
12022 0.40409618250082274
12078 1.3637200390813515
12383 1.2523064517104479
12393 5.052599493195288
12455 -0.6457759976041206
12610 2.4237986637472186
12853 1.152070867192877
13208 1.3115342859107813
13353 5.884671119510916
13553 -0.7409215198883841
13752 4.600614369452231
13845 2.001297368486486
14078 2.5098732725184614
14196 1.6746046411110493
14221 6.9985096422506015
14237 -2.7889933932166397
14267 -0.3823693933135151
14313 1.6466515087745348
14416 0.7739512129752414
14431 2.06986059726431
14455 1.637217476541176
14463 1.67063347346102
14529 2.8088549002241754
14679 7.559267634764801
15057 2.304141734385754
15129 2.8876357780772897
15332 -9.313870380873722
15348 2.10066984229969
15523 8.33059259638877
15783 0.48083836933832624
