394
143 4.8012850649143815
209 1.7001922757025645
248 6.9985096422506015
657 2.0640357091199095
673 5.8998973535824915
730 2.298029276458185
820 6.9985096422506015
874 3.2849375755462935
1060 0.12433381283310307
1109 6.9985096422506015
1345 10.413500346045092
1379 1.0740829317937672
1404 1.3708885285599641
1685 3.2373095265570386
1686 5.774826126096207
1687 2.413542163580029
1714 5.389071729816501
1734 6.9985096422506015
1750 2.2137308608496604
1836 7.5978045707880515
1884 3.8973072700021283
1929 2.1081605140288473
1968 4.165296298194385
2019 2.344549292093078
2021 5.41610040220442
2026 5.362043057428582
2068 3.3609234825242154
2070 2.9461134062376346
2151 6.9985096422506015
2159 3.502002080784121
2187 6.305362461690656
2191 3.086486636822455
2224 1.981229805435677
2245 6.305362461690656
2311 4.8012850649143815
2351 1.5647876386963615
2357 3.5621059478217028
2450 -1.2217137914072214
2513 5.4840769416373485
2519 5.070725834548189
2638 2.130975191795019
2682 4.108137884354437
2695 4.919068100570765
2705 3.3315816979704644
2796 4.670141096277068
2853 6.829981407588982
2858 7.726030852642903
2893 2.5098732725184614
2919 2.1944885975173447
2920 0.6795415285041667
2924 2.0286963426746007
2935 1.8961175835574902
2940 1.6278716141229383
2959 1.1873686492739008
2984 4.919068100570765
3100 2.7938170228596353
3276 6.9985096422506015
3296 10.791936781765338
3394 3.047265923669174
3449 2.9470574476567433
3498 2.87137525720551
3501 5.8998973535824915
3578 4.211059909241183
3597 5.775271556154579
3612 3.1918471524802814
3614 8.626968067410441
3647 2.1081605140288473
3763 3.597312260588446
3774 10.353060502121124
3828 4.919068100570765
3867 3.2373095265570386
3886 4.919068100570765
3896 2.807596525297524
3939 4.359452312635343
3946 6.829981407588982
3950 6.9985096422506015
3982 7.538518558247499
3991 5.617709800448351
4006 2.6547042203969173
4114 8.334227082393848
4115 6.9985096422506015
4186 3.8204558119026557
4193 4.919068100570765
4219 1.7567626271909589
4301 3.597312260588446
4366 1.9878743481543455
4400 2.938066631704182
4416 2.727440078162703
4422 4.359452312635343
4501 4.433560284789064
4522 2.082857181237153
4531 5.362043057428582
4537 3.0588716320484384
4564 6.305362461690656
4636 2.955458374416051
4646 9.343054636637639
4661 5.8998973535824915
4750 0.33155284982139466
4777 4.359452312635343
4852 2.517433460142734
4882 10.654875958975094
4906 3.9074671888922854
4932 6.9985096422506015
4964 1.6918893703894442
4970 1.9746291214043248
5006 3.086486636822455
5033 4.246624638098899
5084 17.699692060747473
5103 3.414990703794491
5105 4.600614369452231
5110 1.8452180477528222
5119 2.3933394562625097
5156 2.211017899468555
5227 6.305362461690656
5249 3.3096301881366648
5250 5.052599493195288
5261 4.433560284789064
5283 3.2849375755462935
5289 6.9985096422506015
5462 6.305362461690656
5518 1.5868635903955612
5550 3.666305132075397
5554 2.1081605140288473
5630 1.3106922156917824
5635 4.40543819330772
5652 3.3096301881366648
5814 4.919068100570765
5856 5.052599493195288
5861 2.750014400201242
5871 5.206750173022546
5889 2.4033897921160112
5891 3.1273086313427103
5949 7.1290448755309095
5982 4.919068100570765
6043 3.182675741580965
6078 2.555858385760285
6088 1.2146844599208637
6164 2.6290617897835795
6206 4.22592092001082
6223 2.8088549002241754
6234 2.6290617897835795
6235 1.2270685191205855
6238 4.513602992462601
6250 10.636577811224399
6331 4.22592092001082
6335 2.476721065201561
6357 5.612215281130711
6433 1.030804581586805
6446 6.305362461690656
6467 2.2535775138873513
6497 6.9985096422506015
6549 6.9985096422506015
6554 6.9985096422506015
6555 2.9911764570181303
6567 2.579669034454003
6595 9.695194654988875
6633 2.8088549002241754
6657 2.138697237888929
6733 6.9985096422506015
6739 20.98218953299966
6751 5.088324691994187
6752 14.403855194743144
6754 3.607355674455688
6794 3.9074671888922854
6908 0.33537694625979814
6994 6.9985096422506015
7051 19.98398701154368
7081 4.695924549256556
7104 -0.6634879166512921
7170 1.6186122887101415
7312 4.632756830252763
7325 2.8088549002241754
7327 3.5327737394508745
7333 4.8012850649143815
7344 1.6325336272287498
7376 6.9985096422506015
7482 1.8055527913603908
7497 0.7014003223166658
7569 2.0341908619922413
7714 5.389071729816501
7731 2.001297368486486
7932 1.8745456628473423
7991 1.3149298749119196
8007 1.904759441443839
8120 29.157074087360698
8123 11.626800937844981
8186 6.9985096422506015
8262 4.142511914186793
8283 2.8876357780772897
8327 2.824122372354964
8363 6.9985096422506015
8439 0.9381816079767518
8509 4.600614369452231
8643 4.002594736972972
8648 2.434161450782765
8660 1.675499663112193
8677 3.5645224377654547
8708 1.4810567457858934
8710 0.551203779709388
8723 1.5262389685791264
8771 6.9985096422506015
8795 3.502002080784121
8850 1.7153059135126125
8879 5.8998973535824915
8928 1.3355491621146554
8957 5.052599493195288
9006 8.216275768708874
9007 4.108137884354437
9110 4.071330023981388
9122 4.123476408189788
9151 1.258716730071367
9154 2.465910149097345
9170 2.446521291551825
9204 7.529619817555384
9206 14.757204301712296
9211 3.502002080784121
9384 1.3355491621146554
9531 1.67063347346102
9537 4.582404456869892
9559 -0.08319894385497392
9589 1.3115342859107813
9597 3.1273086313427103
9651 3.3875917296063767
9712 4.433560284789064
9765 3.567147769283231
9817 2.6366740664670676
9895 4.577958881876534
9970 2.418984756890357
10006 2.6944445490464313
10031 2.498699971920336
10059 5.612215281130711
10114 5.205664622980787
10199 2.3256808077886952
10202 5.183580789972696
10329 -0.21009069570959765
10418 6.305362461690656
10424 4.8012850649143815
10443 2.4876501357337513
10446 3.1483620405405426
10447 0.6099482367049713
10477 4.05407066308416
10517 7.450844820801358
10562 5.612215281130711
10621 5.206750173022546
10665 4.433560284789064
10672 13.659962815177964
10723 4.513602992462601
10751 7.145566917137198
10753 2.7790019370744945
10754 3.1698682457615064
10868 -0.9268053640592568
10872 1.6048820958982397
10889 3.086486636822455
10962 2.6290617897835795
11044 3.9074671888922854
11110 3.2409820766720454
11139 5.74275051441102
11140 8.61729022316804
11154 4.433560284789064
11168 1.2781978656431896
11210 3.21432000833234
11218 0.5720211847929105
11262 6.9985096422506015
11277 3.7796338173824005
11299 -3.1270965711956276
11304 6.0274801693322875
11334 1.994563336305142
11386 2.1157077196642304
11388 12.67776276003246
11450 2.262311193856106
11453 6.818600195406757
11522 2.555858385760285
11570 1.1933746733341126
11580 2.5441623459970937
11671 2.2535775138873513
11677 6.902040334747417
11769 3.2933030175490696
11783 4.00277736869661
11793 6.9985096422506015
11825 2.9041650800285006
11831 10.791936781765338
11881 2.70805020110221
11907 2.434161450782765
11908 3.0693556744499824
11939 2.681021528714291
11969 3.0329351883193265
12022 0.40409618250082274
12034 2.7972046564405604
12057 2.10066984229969
12062 3.47214911763444
12093 3.3607792968127694
12122 1.1963912668735384
12143 8.33059259638877
12254 2.335070548138534
12291 5.8998973535824915
12292 2.5211728277723946
12309 3.5645224377654547
12321 6.886323161522375
12377 1.3460204619819507
12379 4.8012850649143815
12383 2.5046129034208957
12457 3.2373095265570386
12595 2.344549292093078
12629 6.6192603762733295
12717 0.5999147077153936
12736 3.414990703794491
12801 1.9109133070182172
12853 1.152070867192877
12867 4.695924549256556
12878 3.5327737394508745
12992 4.6513616155773905
12997 7.004004161568242
13001 1.4730567031188173
13029 1.6609715625492831
13045 3.773043707788116
13080 0.8123010183501074
13104 3.2373095265570386
13189 1.8745456628473423
13227 3.666305132075397
13289 19.151156972451016
13319 1.8055527913603908
13345 6.9985096422506015
13359 5.258123579567159
13401 2.465910149097345
13440 1.4770487243883548
13451 3.4431615807611875
13501 5.042345655544789
13527 2.049749751872433
13553 -1.111382279832576
13572 3.7490913256946845
13670 5.232966015153439
13672 1.5262389685791264
13718 2.6850356628614973
13723 3.597312260588446
13767 2.6547042203969173
13862 3.7796338173824005
13867 6.526277989260444
13891 1.8197775865739976
13906 4.108137884354437
13918 2.8396265588909295
13993 3.3609234825242154
14049 4.290459441148391
14064 7.405345552492545
14135 2.3541187431092285
14136 5.924226983143574
14153 4.9753002714675025
14237 -3.4862417415207996
14267 -1.5294775732540604
14268 4.290459441148391
14309 4.541138126279838
14381 0.2288676653980985
14399 3.502002080784121
14416 0.7739512129752414
14424 6.9985096422506015
14431 1.034930298632155
14473 3.2849375755462935
14519 3.086486636822455
14527 2.938066631704182
14633 2.6547042203969173
14656 3.4217294633014257
14682 6.172754107571599
14686 3.414990703794491
14692 2.8396265588909295
14697 6.9985096422506015
14761 5.612215281130711
14763 5.389071729816501
14789 3.7026727762462723
15020 6.17297327364491
15136 6.9985096422506015
15153 3.1483620405405426
15155 0.6904112007410705
15192 1.489121305622624
15241 1.7462362142039713
15307 5.8998973535824915
15332 -10.866182111019342
15341 0.7959741250626788
15348 2.10066984229969
15413 1.2781978656431896
15418 2.1233123190494494
15468 16.16951315306938
15517 1.886521853894058
15518 3.761031659667692
15538 3.8204558119026557
15551 1.1578679848772029
15595 1.3320829541381691
15604 4.246624638098899
15624 3.8630154263214513
15671 3.7796338173824005
15679 5.206750173022546
15721 5.389071729816501
15744 5.8998973535824915
15771 0.04619142958929879
15794 2.5676928434072877
15828 1.0931477941960308
