38
592 2.4446327506500602
1940 2.6944445490464313
2519 1.6902419448493964
3545 3.009525595686327
3614 1.4378280112350734
3759 2.4033897921160112
3991 2.8088549002241754
4114 1.3890378470656415
4871 2.4876501357337513
4991 3.9539872045271784
6402 1.4112609838503516
6467 2.2535775138873513
6739 3.2280291589230243
6754 1.2024518914852294
7051 1.8167260919585162
7104 -0.6634879166512921
7569 1.0170954309961207
7639 12.610724923381312
8123 1.6609715625492831
8124 2.973157951515452
8710 1.102407559418776
8967 5.052599493195288
9008 4.695924549256556
10447 0.6099482367049713
10751 0.7939518796819108
11057 5.11171677152057
11218 0.5720211847929105
12254 2.335070548138534
12377 1.3460204619819507
12736 3.414990703794491
12991 3.1066893441399746
13272 2.7790019370744945
13289 1.7410142702228197
13553 -0.37046075994419203
13718 1.3425178314307487
14136 1.4810567457858934
14664 5.389071729816501
15468 1.1549652252192415
