30
289 6.17297327364491
2839 3.1483620405405426
3192 2.0190964507214755
4247 2.3163784151263815
4711 3.8592108800607394
4750 0.33155284982139466
5279 3.4820285404456395
5426 4.8012850649143815
5590 1.4533321977710387
5773 5.471659530418572
5973 1.4770487243883548
7104 -0.6634879166512921
7487 1.8167260919585162
8439 0.4690908039883759
8556 1.8223599096767722
9990 0.5671785603171224
10210 2.9911764570181303
10250 2.9209721983448818
10329 -0.21009069570959765
11788 3.3096301881366648
11840 1.6902419448493964
11841 2.8396265588909295
12407 1.67038967643192
12460 0.7332084295128914
12527 3.086486636822455
12660 2.035665011990694
12853 1.152070867192877
13795 1.5389241281064423
14104 1.710242611556066
15570 2.7218435232345457
