147
389 1.6419233675785887
1942 1.691553895092994
2036 1.9486536350010641
2269 1.8686109273275278
2271 0.34178311807220957
2301 4.695924549256556
2302 3.009525595686327
2334 0.7939518796819108
2351 1.5647876386963615
2357 1.1873686492739008
2421 1.5431885268928998
2450 -1.832570687110832
2592 2.938066631704182
2631 0.42584399448534344
2674 1.0272478024601386
2705 1.6657908489852322
2874 3.047265923669174
2935 1.2640783890383267
3120 3.2097641917964794
3215 1.7699425535733089
3635 1.5779746429783155
3637 3.260840023967233
3780 2.465910149097345
4021 1.5054481989100525
4070 1.1068654304248302
4158 0.061200880897434085
4208 1.5220460903190904
4223 4.372650573756367
4256 5.389071729816501
4286 2.130975191795019
4319 2.049749751872433
4333 1.4651201535230811
4366 3.975748696308691
4375 3.5645224377654547
4508 4.108137884354437
4562 3.3096301881366648
4750 0.33155284982139466
4783 2.1782280766455644
4815 5.443687046469091
4852 1.258716730071367
4878 1.3672978604292356
4886 3.009525595686327
4912 1.9296054400303697
4914 2.8679784698558155
4976 2.288979440938267
5014 2.3541187431092285
5046 2.236335707452845
5067 2.2278250177849364
5191 4.433560284789064
5339 1.1784267118982394
5430 2.750014400201242
5539 1.7153059135126125
5620 3.8204558119026557
5711 2.6290617897835795
5895 2.4033897921160112
5905 1.7835738846416156
5928 4.919068100570765
5983 1.9878743481543455
6043 1.5913378707904824
6049 2.035665011990694
6064 2.138697237888929
6169 2.4033897921160112
6433 0.5154022907934025
6533 3.3349479961209547
6754 1.2024518914852294
6819 1.7153059135126125
6872 1.3047775034479017
7072 3.8973072700021283
7104 -1.3269758333025843
7311 4.47267141490569
7333 4.8012850649143815
7430 6.6192603762733295
7569 1.0170954309961207
7578 0.5215372793609184
7892 1.5517722705842913
7935 2.335070548138534
7965 5.659565561682174
7981 2.0426825846493406
8032 0.5108256237659907
8391 2.555858385760285
9106 1.0850066366123312
9151 5.034866920285468
9285 3.047265923669174
9481 1.7727629685373998
9537 0.6546292081242703
9641 2.6418008155610093
9983 3.1066893441399746
10326 0.5230769255465112
10329 -0.4201813914191953
10799 6.9985096422506015
10867 2.9066643955420775
10868 -0.37072214562370276
10903 2.476721065201561
11148 2.356853423796479
11168 1.2781978656431896
11295 3.2373095265570386
11297 4.600614369452231
11320 2.764403137653342
11453 1.3637200390813515
11570 1.1933746733341126
11597 3.0666840095262753
11870 7.1290448755309095
11894 1.5178707189086098
11908 1.5346778372249912
11969 0.7582337970798316
12023 3.6312138122641273
12034 0.9324015521468534
12060 6.088184361276362
12213 3.047265923669174
12218 5.309408440793835
12254 2.335070548138534
12447 2.8396265588909295
12455 -0.8610346634721608
12460 0.7332084295128914
12545 6.9985096422506015
12636 5.612215281130711
12773 1.7652350335351346
13045 1.886521853894058
13183 3.502002080784121
13353 1.961557039836972
13412 2.5098732725184614
13440 1.4770487243883548
13502 6.305362461690656
13734 1.942263836902293
13754 3.8204558119026557
13845 2.001297368486486
13883 5.612215281130711
13896 8.718904625270685
13949 10.413500346045092
14195 1.7781538171722764
14196 1.6746046411110493
14267 -1.5294775732540604
14313 3.2933030175490696
14431 1.034930298632155
14446 4.8012850649143815
15057 1.152070867192877
15155 1.380822401482141
15265 4.165296298194385
15283 4.47267141490569
15332 -9.313870380873722
15341 0.7959741250626788
15397 6.003892105459458
15468 1.1549652252192415
15471 0.6940608398286201
15783 0.48083836933832624
15786 1.7963813804610742
15814 2.262311193856106
