107
174 1.6232312345664361
302 1.7153059135126125
1923 2.211017899468555
1928 4.9753002714675025
2036 3.8973072700021283
2302 6.019051191372654
2421 1.5431885268928998
2631 1.7033759779413737
2674 1.0272478024601386
2744 5.612215281130711
2935 1.8961175835574902
3068 1.3460204619819507
3186 1.2880826248757316
3215 2.949904255955515
3227 6.9985096422506015
3637 3.260840023967233
3685 4.513602992462601
3995 1.751485570090115
4070 1.1068654304248302
4158 0.2142030831410193
4334 3.1698682457615064
4359 4.8012850649143815
4476 3.740413104229119
4750 0.33155284982139466
4765 1.4150133334689021
4914 1.4339892349279078
4943 4.22592092001082
5047 3.3349479961209547
5181 2.288979440938267
5257 5.389071729816501
5484 0.9464204733261844
5518 1.5868635903955612
5539 1.7153059135126125
5597 3.2373095265570386
5993 0.8521803845817039
6049 2.035665011990694
6348 6.9985096422506015
6609 3.1918471524802814
7001 4.290459441148391
7025 1.0095482253607377
7028 2.764403137653342
7311 4.47267141490569
7430 3.3096301881366648
7569 4.068381723984483
7578 0.5215372793609184
7749 5.8998973535824915
7854 3.3609234825242154
7892 1.5517722705842913
7935 2.335070548138534
7965 3.773043707788116
8032 1.0216512475319814
8043 1.730651483187273
8078 1.9359146092236343
8090 2.236335707452845
8096 4.359996593313117
8227 3.5645224377654547
8230 4.74707365793266
8582 1.3781087765334512
8664 2.7938170228596353
8896 2.938066631704182
9384 1.3355491621146554
9481 1.7727629685373998
9510 7.559267634764801
9970 0.4837969513780714
10001 4.128071418239819
10329 -0.630272087128793
10393 1.9746291214043248
10420 4.290459441148391
10422 1.4175881426832082
10503 2.413542163580029
10867 7.266660988855193
11004 6.305362461690656
11168 1.2781978656431896
11202 5.8419443966897635
11299 -0.5211827618659379
11320 2.764403137653342
12022 1.2122885475024683
12060 1.5220460903190904
12129 6.669895992241909
12447 2.8396265588909295
12455 -0.4305173317360804
12707 2.2278250177849364
12717 0.5999147077153936
12793 2.87137525720551
12826 1.2619373447714093
12853 1.152070867192877
12965 6.9985096422506015
13392 2.764403137653342
13845 2.001297368486486
13878 4.919068100570765
14044 1.4611753752320646
14196 2.511906961666574
14200 3.47214911763444
14237 -1.3944966966083199
14267 -0.7647387866270302
14357 2.476721065201561
14381 0.2288676653980985
14416 1.5479024259504828
14455 4.911652429623528
14463 1.67063347346102
14830 2.7790019370744945
15083 5.8998973535824915
15332 -12.418493841164961
15397 14.0090815794054
15413 1.2781978656431896
15471 0.6940608398286201
15783 1.923353477353305
