394
104 6.9985096422506015
170 3.7796338173824005
194 1.5399972773188362
209 1.7001922757025645
254 2.498699971920336
279 5.283601631122019
430 6.9985096422506015
480 4.359452312635343
521 1.8986432144264027
592 4.8892655013001205
619 3.666305132075397
657 2.0640357091199095
730 2.298029276458185
925 5.8998973535824915
1060 0.06216690641655154
1094 2.335070548138534
1161 6.305362461690656
1171 5.8419443966897635
1174 6.9985096422506015
1208 6.9985096422506015
1252 9.602570129828763
1259 6.9985096422506015
1379 2.685207329484418
1423 6.9985096422506015
1424 6.9985096422506015
1532 6.9985096422506015
1567 4.22592092001082
1687 7.2406264907400875
1688 4.919068100570765
1689 6.9985096422506015
1690 2.455214859980597
1692 10.972442987586724
1698 6.305362461690656
1700 6.305362461690656
1757 3.9539872045271784
1782 2.7218435232345457
1789 6.9985096422506015
1805 5.206750173022546
1806 6.305362461690656
1884 1.9486536350010641
1902 2.0149030205422647
1923 2.211017899468555
1929 2.1081605140288473
2026 2.681021528714291
2174 5.206750173022546
2244 5.612215281130711
2288 3.7796338173824005
2358 3.1273086313427103
2407 6.7090071223585355
2424 2.219386149139072
2427 5.612215281130711
2450 -6.108568957036107
2519 1.6902419448493964
2536 5.350721653924847
2538 4.267681617312855
2577 10.598321218352623
2652 4.108137884354437
2672 6.9985096422506015
2690 3.1483620405405426
2705 3.3315816979704644
2887 5.612215281130711
2893 2.5098732725184614
2913 3.440789966040168
2919 4.388977195034689
2920 0.6795415285041667
2940 6.511486456491753
2947 5.052599493195288
2959 4.749474597095603
3005 3.6312138122641273
3092 6.9985096422506015
3095 4.695924549256556
3110 5.775271556154579
3143 2.219386149139072
3215 0.589980851191103
3329 5.943689416307031
3359 15.452061705285805
3362 3.8204558119026557
3392 2.20271909665386
3404 2.465910149097345
3406 6.9985096422506015
3423 3.7026727762462723
3449 1.9647049651044954
3455 4.919068100570765
3505 4.00277736869661
3547 8.867120569578129
3548 6.9985096422506015
3573 6.9985096422506015
3578 1.8047399611033645
3596 5.052599493195288
3598 1.1666271649670843
3635 1.5779746429783155
3647 4.216321028057695
3780 2.465910149097345
3825 3.3609234825242154
3867 3.2373095265570386
3901 2.363780654020965
3982 1.0769312226067855
3985 2.5098732725184614
3995 1.751485570090115
4000 6.9985096422506015
4026 2.8876357780772897
4075 3.597312260588446
4108 12.426757376559898
4208 3.044092180638181
4222 2.3256808077886952
4223 2.1863252868781835
4314 2.764403137653342
4325 3.21432000833234
4442 6.305362461690656
4447 4.433560284789064
4474 5.389071729816501
4484 6.9985096422506015
4522 0.5207142953092883
4625 1.8452180477528222
4636 2.955458374416051
4646 5.605832781982583
4668 6.721846965048431
4711 1.9296054400303697
4750 0.994658549464184
4852 1.258716730071367
4878 1.3672978604292356
4909 1.4690805547391779
4912 9.648027200151848
4956 2.413542163580029
4964 0.563963123463148
5110 1.8452180477528222
5154 2.4446327506500602
5255 4.8012850649143815
5305 6.9985096422506015
5314 6.9985096422506015
5397 4.22592092001082
5398 4.919068100570765
5402 4.919068100570765
5517 3.2464624691328723
5518 1.5868635903955612
5550 3.666305132075397
5630 0.23830767558032406
5636 11.892631806061807
5731 2.8876357780772897
5739 5.775271556154579
5895 2.4033897921160112
5901 2.455214859980597
5962 6.9985096422506015
5999 2.5098732725184614
6043 1.5913378707904824
6047 6.019051191372654
6064 2.138697237888929
6077 8.45184184002164
6088 1.2146844599208637
6091 10.778143459633002
6147 4.00277736869661
6150 4.05407066308416
6205 5.910916748832102
6242 2.9041650800285006
6387 2.9911764570181303
6401 6.9985096422506015
6486 6.9985096422506015
6567 2.579669034454003
6583 0.8629447511688624
6590 3.8204558119026557
6622 5.159338068908006
6631 4.359452312635343
6721 2.383389125409342
6729 2.1944885975173447
6742 4.600614369452231
6751 2.5441623459970937
6754 2.4049037829704587
6766 5.206750173022546
6908 2.0122616775587887
7008 6.9985096422506015
7028 2.764403137653342
7057 3.2849375755462935
7104 -1.9904637499538764
7197 1.730651483187273
7263 5.389071729816501
7286 1.4112609838503516
7299 2.8553749158590684
7306 2.4876501357337513
7316 6.254617262685421
7348 4.600614369452231
7379 4.22592092001082
7497 1.4028006446333317
7519 4.05407066308416
7534 1.242767428663689
7614 2.5676928434072877
7633 1.8745456628473423
7634 4.359452312635343
7731 2.001297368486486
7797 3.047265923669174
7813 1.0145733615634107
7838 2.1081605140288473
7864 3.502002080784121
7949 2.5441623459970937
7981 2.0426825846493406
7987 3.666305132075397
8096 2.9066643955420775
8301 2.413542163580029
8496 17.510010403920603
8514 2.008077055471865
8523 5.079428449931035
8702 12.610724923381312
8710 1.102407559418776
8723 6.104955874316506
8806 3.47214911763444
8886 2.6163003758530814
8928 1.3355491621146554
8979 1.7890234894091803
9122 1.3744921360632627
9154 2.465910149097345
9245 4.919068100570765
9349 4.600614369452231
9422 3.8630154263214513
9452 22.448861124522843
9463 17.699692060747473
9526 6.9985096422506015
9531 3.34126694692204
9559 -0.49919366312984353
9580 19.857781128819987
9590 3.3096301881366648
9640 2.8088549002241754
9743 3.8630154263214513
9765 5.350721653924847
9817 5.273348132934135
9818 3.21432000833234
9924 6.9985096422506015
9970 0.9675939027561428
9974 3.8630154263214513
9979 4.786678912525019
10006 2.6944445490464313
10012 4.290459441148391
10029 4.847597327494437
10114 1.3014161557451966
10125 6.9985096422506015
10196 5.042345655544789
10200 4.695924549256556
10283 5.8998973535824915
10301 4.22592092001082
10326 2.092307702186045
10422 0.7087940713416041
10447 3.659689420229828
10473 3.5563076343445528
10477 8.10814132616832
10487 1.981229805435677
10559 3.8630154263214513
10561 1.6003469407328483
10749 3.526391240302747
10791 4.05407066308416
10814 4.359452312635343
10868 -1.8536107281185137
11027 1.2781978656431896
11032 1.087712998210074
11042 4.433560284789064
11066 4.05407066308416
11089 1.1549652252192415
11102 11.308910239885483
11104 4.290459441148391
11105 4.22592092001082
11114 9.141797771007521
11210 3.21432000833234
11218 0.5720211847929105
11299 -1.5635482855978138
11317 3.0666840095262753
11320 2.764403137653342
11335 6.9985096422506015
11358 4.290459441148391
11393 3.2849375755462935
11453 5.454880156325406
11503 2.8876357780772897
11522 5.11171677152057
11584 4.433560284789064
11646 2.3541187431092285
11677 1.7255100836868542
11825 2.9041650800285006
11900 2.049749751872433
11907 4.86832290156553
11943 2.455214859980597
11969 0.7582337970798316
11977 3.7026727762462723
12062 3.47214911763444
12093 1.6803896484063847
12210 3.1698682457615064
12216 2.87137525720551
12220 8.580918882296782
12242 11.589046278964354
12368 6.9985096422506015
12391 3.1918471524802814
12455 -0.8610346634721608
12457 3.2373095265570386
12463 6.9985096422506015
12610 2.4237986637472186
12699 5.052599493195288
12785 2.8088549002241754
12796 5.8419443966897635
12801 3.8218266140364343
12803 6.818600195406757
12805 7.427384342991766
12833 1.9260564194516896
12886 5.206750173022546
12918 6.9985096422506015
12942 3.9539872045271784
12983 4.22592092001082
12995 4.165296298194385
12997 10.506006242352363
12999 5.389071729816501
13001 1.4730567031188173
13029 1.6609715625492831
13080 0.8123010183501074
13090 6.9985096422506015
13106 2.335070548138534
13167 6.9985096422506015
13189 1.8745456628473423
13191 4.513602992462601
13202 3.6312138122641273
13289 1.7410142702228197
13346 2.9041650800285006
13354 1.8280256472124494
13379 4.513602992462601
13400 5.612215281130711
13438 2.555858385760285
13460 5.910916748832102
13505 3.0666840095262753
13547 1.6003469407328483
13588 3.5327737394508745
13613 5.433371509229539
13624 4.165296298194385
13661 3.7026727762462723
13670 5.232966015153439
13672 1.5262389685791264
13715 4.05407066308416
13734 15.538110695218345
13738 8.45184184002164
13767 2.6547042203969173
13819 11.224430562261421
13820 6.9985096422506015
13838 2.3163784151263815
13867 2.175425996420148
13891 0.6065925288579992
13906 4.108137884354437
13976 4.108137884354437
13983 6.9985096422506015
14008 2.001297368486486
14044 1.4611753752320646
14135 2.3541187431092285
14237 -3.4862417415207996
14267 -2.6765857531946056
14315 3.009525595686327
14340 4.108137884354437
14352 0.9464204733261844
14431 4.13972119452862
14463 1.67063347346102
14507 1.8510151654371483
14521 3.666305132075397
14558 2.476721065201561
14656 3.4217294633014257
14682 4.629565580678699
14884 5.389071729816501
14894 3.740413104229119
15006 6.305362461690656
15099 3.47214911763444
15155 1.380822401482141
15187 3.989126672610284
15192 1.489121305622624
15259 1.3320829541381691
15288 3.21432000833234
15292 2.211017899468555
15306 1.4399764361695133
15316 6.9985096422506015
15317 3.0666840095262753
15323 5.389071729816501
15332 -9.313870380873722
15344 4.513602992462601
15348 2.10066984229969
15358 2.579669034454003
15373 1.628721502626236
15397 2.001297368486486
15403 4.165296298194385
15418 2.1233123190494494
15424 1.8111238364098463
15446 3.5327737394508745
15468 5.774826126096207
15478 4.359452312635343
15624 7.726030852642903
15651 4.5508936751389415
15657 4.600614369452231
15669 2.162227735299123
15672 2.1825636311769054
15677 11.045822500848208
15694 2.938066631704182
15727 4.433560284789064
15731 2.9911764570181303
15771 0.04619142958929879
15814 2.262311193856106
15827 1.9109133070182172
15828 1.0931477941960308
