44
1940 2.6944445490464313
2519 3.3804838896987928
3578 0.6015799870344548
3614 1.4378280112350734
3896 1.403798262648762
3991 2.8088549002241754
3995 3.50297114018023
4114 1.3890378470656415
4531 2.681021528714291
5246 4.513602992462601
5518 1.5868635903955612
5630 0.11915383779016203
5635 2.20271909665386
5856 5.052599493195288
6467 2.2535775138873513
6739 4.842043738384536
6754 1.2024518914852294
6908 0.33537694625979814
7051 3.6334521839170324
7104 -0.6634879166512921
8123 1.6609715625492831
8124 2.973157951515452
8660 1.675499663112193
8967 5.052599493195288
9008 4.695924549256556
9537 1.3092584162485406
10447 0.6099482367049713
11057 2.555858385760285
11299 -0.5211827618659379
11304 1.2054960338664575
11453 1.3637200390813515
11646 2.3541187431092285
11939 2.681021528714291
12254 2.335070548138534
12378 3.3349479961209547
12383 1.2523064517104479
13501 2.5211728277723946
13553 -0.37046075994419203
14136 1.4810567457858934
14431 1.034930298632155
15210 4.919068100570765
15242 3.414990703794491
15468 2.309930450438483
15651 1.1377234187847354
