285
344 2.7790019370744945
584 4.8012850649143815
800 2.434161450782765
1060 0.6838359705820669
1171 2.9209721983448818
1379 0.5370414658968836
1390 3.260840023967233
1549 4.8012850649143815
1583 5.8998973535824915
1650 6.9985096422506015
1686 1.1549652252192415
1690 2.455214859980597
1750 2.2137308608496604
1836 12.663007617980087
1843 5.8998973535824915
1850 3.0666840095262753
1893 1.7567626271909589
1902 2.0149030205422647
1977 2.6040604875781623
2010 6.305362461690656
2021 2.70805020110221
2065 6.305362461690656
2159 3.502002080784121
2248 5.8998973535824915
2331 3.6312138122641273
2351 1.5647876386963615
2444 3.666305132075397
2450 -1.832570687110832
2597 2.1157077196642304
2631 0.42584399448534344
2705 1.6657908489852322
2745 15.452061705285805
2796 2.335070548138534
2893 2.5098732725184614
2968 3.4431615807611875
2984 4.919068100570765
3065 4.290459441148391
3100 2.7938170228596353
3143 2.219386149139072
3296 3.597312260588446
3392 2.20271909665386
3407 2.085854756514549
3498 14.35687628602755
3578 4.211059909241183
3614 1.4378280112350734
3690 1.4972514317058743
3896 1.403798262648762
3946 3.414990703794491
3961 2.6290617897835795
3982 2.153862445213571
3991 5.617709800448351
3995 5.254456710270345
4006 7.964112661190752
4021 1.5054481989100525
4081 3.1066893441399746
4086 4.22592092001082
4114 9.723264929459491
4116 4.695924549256556
4131 5.8998973535824915
4219 3.5135252543819178
4270 3.5327737394508745
4319 2.049749751872433
4459 6.569875151092587
4501 13.300680854367194
4507 4.59605855291637
4522 0.2603571476546441
4537 2.039247754698959
4646 1.8686109273275278
4750 0.6631056996427893
4852 1.258716730071367
4871 2.4876501357337513
4882 2.130975191795019
4956 2.413542163580029
4964 0.563963123463148
4970 9.873145607021623
5091 6.305362461690656
5116 1.961557039836972
5183 5.206750173022546
5384 4.05407066308416
5408 4.290459441148391
5484 1.8928409466523688
5498 4.108137884354437
5518 1.5868635903955612
5563 3.1066893441399746
5630 1.1915383779016202
5635 2.20271909665386
5830 8.10814132616832
5861 5.500028800402484
5949 14.258089751061819
6043 1.5913378707904824
6088 1.2146844599208637
6189 4.919068100570765
6216 4.786678912525019
6219 2.298029276458185
6242 2.9041650800285006
6250 1.7727629685373998
6335 2.476721065201561
6337 6.474619053114077
6402 4.2337829515510546
6433 1.030804581586805
6467 2.2535775138873513
6488 3.0666840095262753
6516 4.919068100570765
6595 4.847597327494437
6631 4.359452312635343
6660 2.7938170228596353
6672 5.389071729816501
6721 4.766778250818684
6739 27.438247850845705
6751 2.5441623459970937
6908 0.33537694625979814
6957 5.052599493195288
6970 2.1863252868781835
6983 3.414990703794491
6999 5.612215281130711
7025 2.0190964507214755
7051 10.900356551751097
7104 -0.6634879166512921
7344 1.6325336272287498
7482 1.8055527913603908
7497 0.7014003223166658
7569 1.0170954309961207
7578 1.0430745587218369
7713 3.1066893441399746
7714 5.389071729816501
7838 2.1081605140288473
7906 1.4339892349279078
8043 1.730651483187273
8123 11.626800937844981
8124 5.946315903030904
8262 2.0712559570933964
8299 4.433560284789064
8327 5.648244744709928
8439 1.8763632159535035
8509 4.600614369452231
8648 4.86832290156553
8677 3.5645224377654547
8683 3.3607792968127694
8710 2.75601889854694
8737 5.206750173022546
8749 3.0666840095262753
9060 9.201228738904462
9122 1.3744921360632627
9170 0.6116303228879563
9229 2.3933394562625097
9276 2.6944445490464313
9349 4.600614369452231
9393 1.060973437168175
9534 5.500028800402484
9537 1.3092584162485406
9674 3.6312138122641273
9709 1.082307579643166
9765 1.7835738846416156
9781 4.00277736869661
9786 3.1483620405405426
9818 3.21432000833234
9872 4.165296298194385
9895 4.577958881876534
9932 6.305362461690656
9970 0.4837969513780714
10006 2.6944445490464313
10031 14.992199831522015
10091 6.305362461690656
10202 2.591790394986348
10203 5.8998973535824915
10243 5.8998973535824915
10258 5.400037832954326
10326 0.5230769255465112
10329 -0.8403627828383906
10443 2.4876501357337513
10447 1.829844710114914
10517 22.352534462404073
10665 4.433560284789064
10723 4.513602992462601
10751 7.939518796819108
10825 2.0149030205422647
10868 -0.9268053640592568
11102 1.3304600282218215
11110 0.8102455191680114
11114 6.094531847338348
11140 6.462967667376029
11164 6.305362461690656
11167 4.108137884354437
11218 2.8601059239645528
11299 -1.5635482855978138
11304 3.616488101599373
11371 6.305362461690656
11381 5.612215281130711
11398 3.009525595686327
11416 2.1782280766455644
11453 5.454880156325406
11481 1.6186122887101415
11522 2.555858385760285
11580 2.5441623459970937
11677 5.176530251060562
11781 2.591790394986348
11900 2.049749751872433
11974 6.9985096422506015
12022 0.40409618250082274
12034 1.8648031042937068
12057 2.10066984229969
12070 2.87137525720551
12078 1.3637200390813515
12122 2.3927825337470767
12228 3.047265923669174
12254 2.335070548138534
12377 5.384081847927803
12383 1.2523064517104479
12432 5.612215281130711
12588 8.10814132616832
12714 3.7796338173824005
12717 1.1998294154307871
12723 2.288979440938267
12853 1.152070867192877
12896 3.2373095265570386
12997 3.502002080784121
13001 1.4730567031188173
13071 3.086486636822455
13101 6.9985096422506015
13178 5.206750173022546
13183 3.502002080784121
13227 3.666305132075397
13269 6.305362461690656
13359 2.6290617897835795
13440 1.4770487243883548
13547 1.6003469407328483
13553 -1.111382279832576
13637 4.108137884354437
13672 1.5262389685791264
13718 8.055106988584491
13744 5.8998973535824915
13753 3.7026727762462723
13817 7.1290448755309095
13867 2.175425996420148
13891 6.672517817437991
13897 5.443687046469091
13918 2.8396265588909295
13951 4.22592092001082
13968 3.3349479961209547
14017 5.389071729816501
14036 4.290459441148391
14107 2.4237986637472186
14136 1.4810567457858934
14237 -1.3944966966083199
14242 2.5326015235960173
14267 -1.1471081799405454
14309 3.0274254175198925
14315 3.009525595686327
14352 0.9464204733261844
14357 2.476721065201561
14399 3.502002080784121
14472 4.513602992462601
14507 1.8510151654371483
14588 2.0785287164224764
14594 4.695924549256556
14656 2.2811529755342836
14682 1.5431885268928998
14858 6.305362461690656
14908 2.476721065201561
14914 3.3096301881366648
15020 3.086486636822455
15113 3.7796338173824005
15192 2.978242611245248
15241 1.7462362142039713
15306 2.8799528723390266
15307 5.8998973535824915
15332 -10.866182111019342
15397 2.001297368486486
15450 4.290459441148391
15468 5.774826126096207
15471 0.6940608398286201
15502 4.513602992462601
15517 1.886521853894058
15518 1.880515829833846
15551 1.1578679848772029
15595 1.3320829541381691
15604 4.246624638098899
15622 4.72756130804193
15651 2.2754468375694707
15679 5.206750173022546
15709 2.1863252868781835
15710 5.612215281130711
15762 3.9074671888922854
15803 5.389071729816501
15814 2.262311193856106
