272
289 3.086486636822455
298 5.389071729816501
302 1.7153059135126125
327 2.20271909665386
509 6.305362461690656
583 5.808330160057001
627 5.206750173022546
713 6.305362461690656
1114 3.9074671888922854
1115 6.9985096422506015
1150 6.305362461690656
1379 0.5370414658968836
1842 2.0286963426746007
1884 1.9486536350010641
1886 3.1273086313427103
1893 1.7567626271909589
1935 4.433560284789064
1954 5.500028800402484
1960 3.1483620405405426
2036 1.9486536350010641
2064 1.5647876386963615
2201 4.071330023981388
2334 0.7939518796819108
2421 1.5431885268928998
2450 -0.6108568957036107
2479 5.206750173022546
2484 1.3149298749119196
2638 2.130975191795019
2657 3.3609234825242154
2659 3.4431615807611875
2674 1.0272478024601386
2682 4.108137884354437
2839 3.1483620405405426
2862 1.4690805547391779
2920 0.6795415285041667
2935 0.6320391945191633
2989 4.433560284789064
3090 3.047265923669174
3120 1.6048820958982397
3135 5.389071729816501
3166 4.600614369452231
3192 4.038192901442951
3272 5.389071729816501
3286 4.600614369452231
3482 3.3096301881366648
3612 3.1918471524802814
3721 4.513602992462601
3737 5.416658374081172
3785 2.87137525720551
3814 2.236335707452845
3896 2.807596525297524
4021 1.5054481989100525
4088 3.5645224377654547
4167 2.0712559570933964
4179 3.414990703794491
4208 1.5220460903190904
4247 11.581892075631908
4284 3.9074671888922854
4307 5.648244744709928
4326 3.9539872045271784
4491 5.206750173022546
4608 7.037613308698722
4611 4.165296298194385
4711 3.8592108800607394
4750 1.6577642491069733
4783 2.1782280766455644
4878 1.3672978604292356
4976 2.288979440938267
5006 3.086486636822455
5020 3.21432000833234
5033 2.1233123190494494
5049 4.359452312635343
5055 2.2278250177849364
5067 2.2278250177849364
5083 1.5735596247691985
5110 1.8452180477528222
5181 6.866938322814802
5198 6.9985096422506015
5200 3.3096301881366648
5279 8.705071351114098
5297 4.513602992462601
5392 2.130975191795019
5440 5.206750173022546
5590 5.813328791084155
5606 4.22592092001082
5687 2.0785287164224764
5700 3.1483620405405426
5809 2.363780654020965
5834 6.62470156114316
5983 1.9878743481543455
5987 4.433560284789064
5993 4.260901922908519
6048 5.612215281130711
6088 1.2146844599208637
6219 2.298029276458185
6338 4.827084327160058
6360 3.21432000833234
6387 2.9911764570181303
6402 1.4112609838503516
6447 3.8642478746271944
6633 2.8088549002241754
6721 2.383389125409342
6908 0.6707538925195963
6929 4.8012850649143815
7104 -0.6634879166512921
7112 5.052599493195288
7164 4.290459441148391
7264 10.791936781765338
7286 1.4112609838503516
7401 1.886521853894058
7487 3.6334521839170324
7534 1.242767428663689
7669 6.305362461690656
7689 4.513602992462601
7692 4.489838902288473
7700 3.7026727762462723
7702 5.389071729816501
7721 4.8012850649143815
7845 2.4237986637472186
7904 2.211017899468555
7907 2.6418008155610093
7991 1.3149298749119196
8105 5.389071729816501
8439 0.4690908039883759
8463 4.290459441148391
8494 10.082770447572646
8555 18.054411969850403
8556 10.934159458060634
8659 6.305362461690656
8714 4.22592092001082
8886 1.3081501879265407
8904 2.1863252868781835
8906 3.047265923669174
8928 1.3355491621146554
9010 2.9209721983448818
9106 1.0850066366123312
9110 2.035665011990694
9136 4.433560284789064
9154 2.465910149097345
9170 0.6116303228879563
9353 2.476721065201561
9365 1.4972514317058743
9384 1.3355491621146554
9391 2.735829765209286
9393 1.060973437168175
9400 3.1273086313427103
9506 4.919068100570765
9537 0.6546292081242703
9589 1.3115342859107813
9602 2.2800107709555064
9803 17.734241139156257
9881 5.389071729816501
9990 0.5671785603171224
10008 2.0568672196412967
10139 13.550366918425507
10202 5.183580789972696
10210 5.982352914036261
10217 17.23458044633608
10250 5.8419443966897635
10329 -0.630272087128793
10422 0.7087940713416041
10431 0.7218661529089567
10663 5.8998973535824915
10868 -0.37072214562370276
10897 4.00277736869661
10932 4.600614369452231
11080 7.726030852642903
11089 1.1549652252192415
11148 1.1784267118982394
11168 1.2781978656431896
11218 1.7160635543787315
11299 -0.5211827618659379
11308 2.5098732725184614
11334 1.994563336305142
11353 2.8088549002241754
11375 2.681021528714291
11416 2.1782280766455644
11461 2.146479378330984
11526 1.6419233675785887
11570 1.1933746733341126
11580 2.5441623459970937
11597 3.0666840095262753
11643 5.8998973535824915
11773 9.83813620114153
11840 5.070725834548189
11841 2.8396265588909295
11860 6.305362461690656
11911 3.414990703794491
11943 2.455214859980597
11969 2.274701391239495
12022 0.8081923650016455
12047 2.883363161102127
12062 3.47214911763444
12078 1.3637200390813515
12081 2.363780654020965
12093 1.6803896484063847
12120 3.5327737394508745
12213 3.047265923669174
12220 4.290459441148391
12312 2.7938170228596353
12336 4.919068100570765
12361 4.8012850649143815
12377 1.3460204619819507
12404 1.485080896085619
12407 5.011169029295759
12455 -0.2152586658680402
12460 0.7332084295128914
12527 6.17297327364491
12553 1.0715836162801904
12558 2.4446327506500602
12660 2.035665011990694
12662 4.8012850649143815
12668 12.67776276003246
12669 4.433560284789064
12674 1.5779746429783155
12714 3.7796338173824005
12837 3.4431615807611875
12850 3.502002080784121
12856 5.052599493195288
12946 0.5932811842197597
12983 4.22592092001082
12991 3.1066893441399746
13001 1.4730567031188173
13021 3.6312138122641273
13094 3.1918471524802814
13125 3.3096301881366648
13319 1.8055527913603908
13343 2.973157951515452
13346 5.808330160057001
13381 11.224430562261421
13491 2.288979440938267
13501 2.5211728277723946
13508 1.7255100836868542
13765 6.9985096422506015
13795 13.850317152957981
13800 5.8998973535824915
13843 2.1782280766455644
13904 3.5327737394508745
13921 2.1782280766455644
13922 3.7972864288528054
14073 4.8012850649143815
14237 -1.3944966966083199
14267 -0.3823693933135151
14352 3.7856818933047376
14356 5.389071729816501
14381 0.2288676653980985
14431 1.034930298632155
14463 1.67063347346102
14473 3.2849375755462935
14523 2.8553749158590684
14674 5.8998973535824915
14682 1.5431885268928998
14718 5.389071729816501
14754 3.8204558119026557
14914 3.3096301881366648
14977 6.305362461690656
15181 1.751485570090115
15278 4.93182029819469
15332 -10.866182111019342
15348 2.10066984229969
15373 0.814360751313118
15397 2.001297368486486
15424 3.6222476728196926
15453 2.236335707452845
15458 2.8088549002241754
15468 2.309930450438483
15471 0.6940608398286201
15518 1.880515829833846
15672 0.7275212103923018
15685 0.8716404581364162
15725 3.5645224377654547
15728 3.009525595686327
