70
583 2.9041650800285006
2201 2.035665011990694
2351 1.5647876386963615
3192 1.0095482253607377
3275 3.666305132075397
3737 1.8055527913603908
4177 5.052599493195288
4258 3.3096301881366648
4319 2.049749751872433
4608 1.4075226617397445
4750 0.33155284982139466
5181 2.288979440938267
5279 1.7410142702228197
5349 4.8012850649143815
5590 1.4533321977710387
5834 1.65617539028579
5993 0.8521803845817039
6586 2.288979440938267
7264 3.597312260588446
7312 2.3163784151263815
7701 3.6312138122641273
7731 2.001297368486486
7991 1.3149298749119196
8007 1.904759441443839
8556 5.467079729030317
8736 1.1933746733341126
8784 2.146479378330984
8993 2.973157951515452
9106 2.1700132732246624
9136 4.433560284789064
10209 4.290459441148391
10217 6.462967667376029
10329 -0.4201813914191953
10429 6.9985096422506015
10431 0.7218661529089567
11080 3.8630154263214513
11324 4.695924549256556
11570 1.1933746733341126
11671 2.2535775138873513
11774 3.0282177286984795
11840 1.6902419448493964
11943 2.455214859980597
11969 0.7582337970798316
12047 1.4416815805510634
12404 1.485080896085619
12407 2.5055845146478797
12455 -0.2152586658680402
12460 3.666042147564457
12558 2.4446327506500602
12660 2.035665011990694
13343 2.973157951515452
13795 1.5389241281064423
13825 2.7218435232345457
13921 2.1782280766455644
14104 1.710242611556066
14128 6.9985096422506015
14136 1.4810567457858934
14416 0.7739512129752414
14588 2.0785287164224764
14692 2.8396265588909295
14914 3.3096301881366648
15155 0.6904112007410705
15332 -7.761558650728101
15373 0.814360751313118
15514 5.612215281130711
15576 3.009525595686327
15685 0.8716404581364162
15728 3.009525595686327
15735 2.938066631704182
15794 2.5676928434072877
