37
389 1.6419233675785887
512 2.0785287164224764
710 2.8553749158590684
2450 -0.6108568957036107
3215 1.179961702382206
4088 3.5645224377654547
4158 0.030600440448717042
4172 3.414990703794491
5040 1.4378280112350734
5905 1.7835738846416156
6136 1.457246097092175
7487 1.8167260919585162
7614 2.5676928434072877
8032 0.5108256237659907
8439 0.4690908039883759
8723 1.5262389685791264
8736 1.1933746733341126
10473 1.7781538171722764
11023 1.2880826248757316
12460 0.7332084295128914
12598 2.5098732725184614
12674 1.5779746429783155
12717 0.5999147077153936
13029 1.6609715625492831
13508 1.7255100836868542
14112 4.00277736869661
14135 2.3541187431092285
14237 -0.6972483483041599
14313 1.6466515087745348
14416 0.7739512129752414
15057 1.152070867192877
15124 6.9985096422506015
15332 -1.5523117301456202
15351 3.5645224377654547
15477 6.9985096422506015
15709 2.1863252868781835
15783 0.9616767386766525
