241
297 6.9985096422506015
298 5.389071729816501
302 1.7153059135126125
340 6.9985096422506015
356 2.591790394986348
505 12.610724923381312
509 6.305362461690656
512 2.0785287164224764
551 3.9074671888922854
583 8.712495240085502
592 2.4446327506500602
626 4.359452312635343
666 3.260840023967233
713 6.305362461690656
1060 0.24866762566620615
1094 2.335070548138534
1114 3.9074671888922854
1379 0.5370414658968836
1462 4.919068100570765
1750 1.1068654304248302
1842 2.0286963426746007
1884 1.9486536350010641
1886 9.38192589402813
1954 2.750014400201242
2023 5.612215281130711
2036 1.9486536350010641
2070 1.4730567031188173
2083 6.9985096422506015
2242 3.9539872045271784
2271 0.34178311807220957
2351 1.5647876386963615
2450 -1.832570687110832
2594 3.5645224377654547
2603 3.3609234825242154
2638 4.261950383590038
2640 2.735829765209286
2657 6.721846965048431
2659 3.4431615807611875
2690 3.1483620405405426
2839 6.296724081081085
2920 1.3590830570083334
2940 1.6278716141229383
3051 4.919068100570765
3100 2.7938170228596353
3120 3.2097641917964794
3134 4.919068100570765
3192 3.028644676082213
3275 3.666305132075397
3326 5.8998973535824915
3379 3.1918471524802814
3454 3.47214911763444
3489 1.942263836902293
3642 3.47214911763444
3643 6.42864001666468
3646 2.5676928434072877
3903 4.433560284789064
4156 3.086486636822455
4208 1.5220460903190904
4247 6.949135245379145
4477 6.305362461690656
4608 4.222567985219234
4611 12.495888894583157
4619 3.2849375755462935
4625 3.6904360955056443
4750 1.3262113992855786
4765 1.4150133334689021
4857 2.0712559570933964
4878 1.3672978604292356
5020 3.21432000833234
5065 2.735829765209286
5083 3.147119249538397
5116 1.961557039836972
5138 6.305362461690656
5192 4.8012850649143815
5279 6.964057080891279
5349 4.8012850649143815
5484 1.8928409466523688
5587 2.5326015235960173
5590 2.9066643955420775
5779 6.42864001666468
5809 2.363780654020965
5810 4.513602992462601
5834 6.62470156114316
5852 2.4876501357337513
5900 2.8553749158590684
5905 1.7835738846416156
5942 5.206750173022546
5959 3.47214911763444
5987 4.433560284789064
5990 2.938066631704182
5993 3.4087215383268155
6064 2.138697237888929
6088 1.2146844599208637
6101 4.165296298194385
6120 4.8012850649143815
6158 2.455214859980597
6223 5.617709800448351
6235 1.2270685191205855
6331 4.22592092001082
6337 3.2373095265570386
6338 2.413542163580029
6364 3.260840023967233
6440 6.305362461690656
6447 1.2880826248757316
6832 5.206750173022546
7006 4.05407066308416
7181 3.260840023967233
7264 7.194624521176892
7286 1.4112609838503516
7311 2.236335707452845
7569 2.0341908619922413
7578 0.5215372793609184
7620 4.372650573756367
7731 2.001297368486486
7789 4.8012850649143815
7827 3.414990703794491
7845 4.847597327494437
7904 2.211017899468555
7932 3.7490913256946845
7946 4.290459441148391
7949 2.5441623459970937
7965 1.886521853894058
7995 4.513602992462601
8105 10.778143459633002
8494 16.804617412621077
8556 9.11179954838386
8592 7.480826208458238
9010 2.9209721983448818
9106 1.0850066366123312
9400 3.1273086313427103
9423 8.66290733423187
9506 4.919068100570765
9537 3.927775248745622
9541 6.9985096422506015
9588 4.359452312635343
9602 4.560021541911013
9803 22.16780142394532
9807 3.1698682457615064
9817 1.3183370332335338
9970 0.4837969513780714
9986 2.0568672196412967
9990 0.5671785603171224
10008 4.113734439282593
10139 3.3875917296063767
10202 2.591790394986348
10209 8.580918882296782
10210 2.9911764570181303
10217 17.23458044633608
10304 4.433560284789064
10325 1.8925641683500207
10329 -0.4201813914191953
10431 1.4437323058179135
10473 1.7781538171722764
10857 5.052599493195288
10868 -0.37072214562370276
10886 2.87137525720551
10909 2.7790019370744945
11013 6.9985096422506015
11072 4.290459441148391
11080 3.8630154263214513
11154 4.433560284789064
11170 2.5676928434072877
11342 5.389071729816501
11353 2.8088549002241754
11377 3.414990703794491
11445 3.740413104229119
11450 2.262311193856106
11481 1.6186122887101415
11485 3.3875917296063767
11526 3.2838467351571774
11671 2.2535775138873513
11696 3.2373095265570386
11806 5.8998973535824915
11836 2.37353682896633
11840 3.3804838896987928
11841 2.8396265588909295
11900 2.049749751872433
11901 5.8998973535824915
11930 6.9985096422506015
11952 1.5958322603783217
11969 0.7582337970798316
12022 0.40409618250082274
12040 3.5645224377654547
12047 4.3250447416531905
12066 3.7796338173824005
12078 1.3637200390813515
12120 7.065547478901749
12213 3.047265923669174
12312 2.7938170228596353
12329 6.305362461690656
12404 1.485080896085619
12407 4.1759741910798
12460 5.13245900659024
12527 6.17297327364491
12553 1.0715836162801904
12595 2.344549292093078
12644 6.9985096422506015
12660 8.142660047962776
12714 7.559267634764801
12732 5.8998973535824915
12764 6.9985096422506015
12783 1.8986432144264027
12853 1.152070867192877
13046 3.47214911763444
13080 0.8123010183501074
13094 3.1918471524802814
13108 2.2800107709555064
13197 3.2849375755462935
13346 2.9041650800285006
13390 2.236335707452845
13553 -0.7409215198883841
13795 4.616772384319327
13825 2.7218435232345457
13843 4.356456153291129
13846 3.3096301881366648
13904 3.5327737394508745
13921 6.534684229936693
13922 1.8986432144264027
14073 4.8012850649143815
14252 3.502002080784121
14267 -0.7647387866270302
14477 2.5211728277723946
14588 2.0785287164224764
14674 5.8998973535824915
14840 3.740413104229119
15079 3.666305132075397
15110 5.052599493195288
15155 0.6904112007410705
15164 4.00277736869661
15169 9.340282192554136
15181 1.751485570090115
15332 -12.418493841164961
15424 3.6222476728196926
15471 0.6940608398286201
15583 5.389071729816501
15672 0.7275212103923018
15685 0.8716404581364162
15718 4.108137884354437
15725 3.5645224377654547
15728 6.019051191372654
15735 2.938066631704182
