39
2271 0.34178311807220957
2450 -0.6108568957036107
2631 0.21292199724267172
2920 0.6795415285041667
2932 5.206750173022546
3215 0.589980851191103
4158 0.061200880897434085
4286 2.130975191795019
5539 3.430611827025225
5902 4.05407066308416
6433 0.5154022907934025
7104 -0.6634879166512921
7563 2.335070548138534
7808 2.8396265588909295
7813 1.0145733615634107
8032 0.5108256237659907
8043 1.730651483187273
9346 2.498699971920336
9481 3.5455259370747996
9537 0.6546292081242703
10867 1.4533321977710387
11450 2.262311193856106
12137 2.498699971920336
12717 1.1998294154307871
13440 1.4770487243883548
13508 1.7255100836868542
13553 -0.37046075994419203
14267 -0.3823693933135151
14313 1.6466515087745348
14416 1.5479024259504828
14455 1.637217476541176
14620 2.15432255579201
14633 2.6547042203969173
14906 0.4013639403639497
15057 1.152070867192877
15351 3.5645224377654547
15669 2.162227735299123
15692 3.8204558119026557
15783 0.48083836933832624
