124
174 3.2464624691328723
290 6.9985096422506015
583 8.712495240085502
666 3.260840023967233
1842 2.0286963426746007
1886 3.1273086313427103
1896 1.7835738846416156
1940 2.6944445490464313
2070 1.4730567031188173
2201 2.035665011990694
2334 1.5879037593638217
2638 4.261950383590038
2839 6.296724081081085
2935 1.2640783890383267
2964 1.800870720168722
2969 5.389071729816501
3192 1.0095482253607377
3275 3.666305132075397
3489 1.942263836902293
3903 8.867120569578129
4156 6.17297327364491
4247 4.632756830252763
4370 4.919068100570765
4608 5.630090646958978
4625 1.8452180477528222
4711 1.9296054400303697
4750 0.33155284982139466
4794 3.6312138122641273
4840 2.938066631704182
4849 10.778143459633002
4852 1.258716730071367
5029 3.2373095265570386
5111 3.21432000833234
5201 8.718904625270685
5279 1.7410142702228197
5297 4.513602992462601
5349 4.8012850649143815
5498 4.108137884354437
5834 3.31235078057158
5993 1.7043607691634077
6049 2.035665011990694
6064 2.138697237888929
6088 1.2146844599208637
6158 2.455214859980597
6223 2.8088549002241754
6228 1.2947271675944
6235 2.454137038241171
6360 3.21432000833234
6536 4.05407066308416
6591 6.9985096422506015
6605 5.206750173022546
6656 5.612215281130711
7007 6.305362461690656
7104 -1.3269758333025843
7188 5.612215281130711
7264 3.597312260588446
7311 2.236335707452845
7534 1.242767428663689
7569 1.0170954309961207
7620 2.1863252868781835
7904 2.211017899468555
7946 4.290459441148391
8230 4.74707365793266
8439 0.4690908039883759
8493 17.699692060747473
8556 7.289439638707089
8664 2.7938170228596353
8672 2.8876357780772897
8784 6.439438134992953
8815 6.9985096422506015
8880 1.67063347346102
9384 1.3355491621146554
9510 7.559267634764801
9641 5.283601631122019
9733 1.0850066366123312
9911 4.165296298194385
9990 1.1343571206342449
10001 4.128071418239819
10210 2.9911764570181303
10217 2.15432255579201
10329 -0.21009069570959765
10366 5.8998973535824915
10867 2.9066643955420775
11080 3.8630154263214513
11218 0.5720211847929105
11570 1.1933746733341126
11580 2.5441623459970937
11671 2.2535775138873513
11696 3.2373095265570386
11774 3.0282177286984795
11784 3.47214911763444
11785 1.9680717208581657
11788 3.3096301881366648
12047 2.883363161102127
12404 1.485080896085619
12407 2.5055845146478797
12460 0.7332084295128914
12639 4.165296298194385
12660 4.071330023981388
12664 4.22592092001082
12853 1.152070867192877
12960 3.1918471524802814
13795 1.5389241281064423
13873 3.740413104229119
13904 3.5327737394508745
13921 2.1782280766455644
13922 3.7972864288528054
14040 5.389071729816501
14153 2.4876501357337513
14237 -1.3944966966083199
14242 2.5326015235960173
14416 1.5479024259504828
14455 1.637217476541176
14486 2.6164830075767194
14558 2.476721065201561
15332 -3.1046234602912404
15348 2.10066984229969
15424 3.6222476728196926
15471 0.6940608398286201
15578 1.7945029551738059
15669 8.648910941196492
15719 3.597312260588446
15725 3.5645224377654547
15771 0.023095714794649395
