107
289 6.17297327364491
583 2.9041650800285006
627 5.206750173022546
1822 4.766778250818684
1886 3.1273086313427103
1893 1.7567626271909589
1964 3.260840023967233
2421 1.5431885268928998
2450 -0.6108568957036107
2703 4.513602992462601
2773 6.9985096422506015
2935 0.6320391945191633
2940 1.6278716141229383
2964 0.900435360084361
3135 5.389071729816501
3180 5.587634045719271
3189 7.1290448755309095
3192 2.0190964507214755
3275 3.666305132075397
3643 3.21432000833234
3896 1.403798262648762
4179 3.414990703794491
4247 4.632756830252763
4409 5.052599493195288
4608 4.222567985219234
4794 3.6312138122641273
4878 1.3672978604292356
5005 4.05407066308416
5083 1.5735596247691985
5110 1.8452180477528222
5111 3.21432000833234
5200 3.3096301881366648
5278 3.9074671888922854
5279 1.7410142702228197
5297 4.513602992462601
5316 2.236335707452845
5319 3.086486636822455
5606 4.22592092001082
5834 1.65617539028579
5905 1.7835738846416156
5993 1.7043607691634077
6088 2.4293689198417274
6156 3.6000252219695508
6302 4.165296298194385
6360 3.21432000833234
6433 0.5154022907934025
6729 2.1944885975173447
7264 3.597312260588446
7482 1.8055527913603908
7543 4.919068100570765
7569 1.0170954309961207
7620 2.1863252868781835
7650 2.1081605140288473
7731 2.001297368486486
7932 3.7490913256946845
7946 4.290459441148391
7991 1.3149298749119196
8494 13.443693930096861
8556 7.289439638707089
8814 4.22592092001082
8925 3.5327737394508745
9106 2.1700132732246624
9154 2.465910149097345
9384 1.3355491621146554
9393 2.12194687433635
9733 1.0850066366123312
9990 0.5671785603171224
10139 3.3875917296063767
10217 10.77161277896005
10329 -0.4201813914191953
10422 0.7087940713416041
10661 3.3349479961209547
10667 3.9539872045271784
10868 -0.18536107281185138
10968 3.740413104229119
11283 6.9985096422506015
12093 1.6803896484063847
12213 3.047265923669174
12404 1.485080896085619
12407 1.67038967643192
12455 -0.2152586658680402
12527 3.086486636822455
12660 4.071330023981388
12850 3.502002080784121
13094 3.1918471524802814
13125 3.3096301881366648
13795 3.0778482562128846
13857 3.9074671888922854
13904 3.5327737394508745
13921 2.1782280766455644
14025 6.9985096422506015
14107 2.4237986637472186
14237 -1.3944966966083199
14267 -0.3823693933135151
14416 2.3218536389257243
14588 2.0785287164224764
14682 1.5431885268928998
15164 4.00277736869661
15332 -10.866182111019342
15512 6.9985096422506015
15576 3.009525595686327
15664 8.45184184002164
15725 3.5645224377654547
15728 6.019051191372654
15731 2.9911764570181303
15735 5.876133263408364
15771 0.023095714794649395
