43
1909 2.8876357780772897
2036 1.9486536350010641
3407 2.085854756514549
3448 3.1273086313427103
3700 1.2947271675944
3995 1.751485570090115
4108 3.1066893441399746
4537 1.0196238773494795
4562 3.3096301881366648
4882 2.130975191795019
4909 1.4690805547391779
5259 5.206750173022546
5630 0.23830767558032406
6140 2.211017899468555
6433 0.5154022907934025
6908 0.33537694625979814
7421 3.2373095265570386
8026 5.052599493195288
8523 0.7256326357044336
8710 0.551203779709388
8723 1.5262389685791264
9559 -0.16639788770994784
9817 1.3183370332335338
10326 0.5230769255465112
10447 1.829844710114914
10749 1.1754637467675824
11102 0.6652300141109108
11299 -0.5211827618659379
11304 1.2054960338664575
12022 0.40409618250082274
12377 2.6920409239639014
12736 3.414990703794491
13189 1.8745456628473423
13553 -0.37046075994419203
13736 5.389071729816501
13891 0.6065925288579992
14237 -0.6972483483041599
14381 0.2288676653980985
14416 1.5479024259504828
15293 5.8998973535824915
15332 -1.5523117301456202
15604 2.1233123190494494
15828 1.0931477941960308
