25
810 2.8396265588909295
2240 1.65617539028579
2271 0.34178311807220957
2450 -0.6108568957036107
2631 0.21292199724267172
3215 0.589980851191103
3991 2.8088549002241754
4158 0.030600440448717042
7563 4.670141096277068
8032 0.5108256237659907
8718 2.824122372354964
9537 0.6546292081242703
10114 1.3014161557451966
10909 2.7790019370744945
12717 0.5999147077153936
13508 1.7255100836868542
14313 1.6466515087745348
14370 3.666305132075397
14372 5.8998973535824915
14416 0.7739512129752414
14521 3.666305132075397
14682 1.5431885268928998
15332 -3.1046234602912404
15762 3.9074671888922854
15783 0.48083836933832624
