26
874 3.2849375755462935
2019 2.344549292093078
2450 -1.2217137914072214
3635 1.5779746429783155
3946 3.414990703794491
4114 1.3890378470656415
4750 0.33155284982139466
4970 1.9746291214043248
5439 3.7796338173824005
6216 4.786678912525019
6223 2.8088549002241754
8123 1.6609715625492831
8439 0.4690908039883759
8710 0.551203779709388
9276 2.6944445490464313
9537 0.6546292081242703
9674 3.6312138122641273
9895 2.288979440938267
10422 0.7087940713416041
10447 0.6099482367049713
10868 -0.18536107281185138
11218 0.5720211847929105
13718 1.3425178314307487
14425 5.612215281130711
14476 5.052599493195288
15289 5.052599493195288
