405
356 2.591790394986348
492 3.3609234825242154
512 2.0785287164224764
657 2.0640357091199095
683 3.3609234825242154
697 6.9985096422506015
703 3.7026727762462723
730 2.298029276458185
854 4.290459441148391
1018 3.7796338173824005
1060 0.1865007192496546
1114 3.9074671888922854
1312 6.305362461690656
1379 0.5370414658968836
1404 1.3708885285599641
1446 5.206750173022546
1576 6.9985096422506015
1634 6.305362461690656
1692 2.1944885975173447
1750 2.2137308608496604
1836 5.065203047192035
1843 5.8998973535824915
1884 1.9486536350010641
1893 3.5135252543819178
1929 2.1081605140288473
1938 2.66777630196427
1968 4.165296298194385
1979 3.9539872045271784
2019 4.689098584186156
2020 6.9985096422506015
2021 10.83220080440884
2026 2.681021528714291
2068 3.3609234825242154
2159 3.502002080784121
2191 3.086486636822455
2224 1.981229805435677
2258 2.87137525720551
2261 4.919068100570765
2288 3.7796338173824005
2328 2.9911764570181303
2348 4.05407066308416
2351 1.5647876386963615
2355 6.9985096422506015
2357 2.3747372985478017
2358 3.1273086313427103
2382 6.9985096422506015
2450 -0.6108568957036107
2513 1.8280256472124494
2631 0.6387659917280152
2638 2.130975191795019
2674 1.0272478024601386
2705 1.6657908489852322
2745 3.8630154263214513
2829 5.617709800448351
2919 6.583465792552034
2920 0.6795415285041667
2928 10.416447352903319
2935 0.6320391945191633
2940 1.6278716141229383
3052 3.2373095265570386
3143 2.219386149139072
3297 11.861961613581535
3392 2.20271909665386
3578 4.211059909241183
3612 3.1918471524802814
3621 6.305362461690656
3690 1.4972514317058743
3709 2.9041650800285006
3774 1.7255100836868542
3932 4.05407066308416
3946 6.829981407588982
3961 2.6290617897835795
3982 2.153862445213571
3990 2.6290617897835795
4006 5.309408440793835
4021 1.5054481989100525
4027 6.9985096422506015
4070 1.1068654304248302
4086 4.22592092001082
4101 6.9985096422506015
4114 5.556151388262566
4128 5.8998973535824915
4186 3.8204558119026557
4219 1.7567626271909589
4245 3.597312260588446
4416 1.3637200390813515
4501 4.433560284789064
4507 2.298029276458185
4522 1.822500033582509
4537 2.039247754698959
4646 1.8686109273275278
4691 8.867120569578129
4695 2.87137525720551
4750 1.6577642491069733
4838 1.4730567031188173
4840 2.938066631704182
4852 1.258716730071367
4866 5.042345655544789
4871 2.4876501357337513
4882 4.261950383590038
4964 0.563963123463148
4970 1.9746291214043248
4989 1.3355491621146554
5006 3.086486636822455
5012 4.108137884354437
5017 3.260840023967233
5033 2.1233123190494494
5083 3.147119249538397
5103 3.414990703794491
5116 3.923114079673944
5156 2.211017899468555
5211 5.8998973535824915
5249 3.3096301881366648
5261 4.433560284789064
5284 3.5645224377654547
5350 2.955458374416051
5384 4.05407066308416
5392 4.261950383590038
5393 6.9985096422506015
5517 1.6232312345664361
5518 1.5868635903955612
5550 3.666305132075397
5563 3.1066893441399746
5630 1.1915383779016202
5635 2.20271909665386
5668 2.955458374416051
5687 4.157057432844953
5717 5.612215281130711
5729 4.359452312635343
5839 2.579669034454003
5861 16.500086401207454
5862 6.305362461690656
5871 5.206750173022546
5900 2.8553749158590684
5949 3.5645224377654547
5991 5.052599493195288
6003 3.3609234825242154
6027 6.9985096422506015
6043 1.5913378707904824
6068 6.254617262685421
6163 4.8012850649143815
6216 2.3933394562625097
6219 2.298029276458185
6223 2.8088549002241754
6228 1.2947271675944
6235 1.2270685191205855
6250 3.5455259370747996
6335 4.953442130403122
6402 1.4112609838503516
6433 2.06160916317361
6447 1.2880826248757316
6467 2.2535775138873513
6488 3.0666840095262753
6525 6.296724081081085
6548 2.0785287164224764
6583 0.8629447511688624
6595 2.4237986637472186
6633 2.8088549002241754
6645 5.206750173022546
6660 5.587634045719271
6739 25.824233271384195
6751 2.5441623459970937
6752 28.80771038948629
6754 7.214711348911376
6786 3.7026727762462723
6845 6.9985096422506015
6908 0.6707538925195963
7025 3.028644676082213
7044 3.761031659667692
7051 9.08363045979258
7104 -1.3269758333025843
7170 1.6186122887101415
7286 2.822521967700703
7312 2.3163784151263815
7326 6.305362461690656
7344 1.6325336272287498
7358 5.8998973535824915
7363 3.2849375755462935
7397 2.87137525720551
7411 4.8012850649143815
7459 2.1944885975173447
7482 3.6111055827207816
7497 0.7014003223166658
7568 9.201228738904462
7578 2.0861491174436737
7591 2.0426825846493406
7640 4.00277736869661
7688 3.086486636822455
7725 6.305362461690656
7731 2.001297368486486
7734 3.3096301881366648
7764 1.7052048175261088
7797 3.047265923669174
7813 2.0291467231268214
7816 5.612215281130711
7827 3.414990703794491
7883 5.612215281130711
7931 5.8998973535824915
7932 1.8745456628473423
7935 2.335070548138534
7991 1.3149298749119196
8078 1.9359146092236343
8120 20.826481490971926
8123 6.6438862501971325
8190 4.433560284789064
8439 0.9381816079767518
8478 3.502002080784121
8488 4.05407066308416
8501 4.290459441148391
8502 5.8998973535824915
8628 3.9074671888922854
8648 2.434161450782765
8677 3.5645224377654547
8710 1.102407559418776
8731 4.0573926853492015
8749 3.0666840095262753
8822 2.2800107709555064
8823 3.1066893441399746
8886 1.3081501879265407
9060 9.201228738904462
9110 6.106995035972082
9122 1.3744921360632627
9154 2.465910149097345
9170 1.2232606457759125
9312 5.8998973535824915
9365 1.4972514317058743
9393 2.12194687433635
9405 5.206750173022546
9423 2.8876357780772897
9537 0.6546292081242703
9554 2.543323789326808
9559 -0.08319894385497392
9589 1.3115342859107813
9679 4.433560284789064
9695 6.9985096422506015
9712 4.433560284789064
9765 7.134295538566462
9781 16.01110947478644
9797 6.9985096422506015
9895 22.88979440938267
9970 2.418984756890357
9976 6.9985096422506015
10008 2.0568672196412967
10031 4.997399943840672
10050 5.612215281130711
10114 3.9042484672355897
10199 2.3256808077886952
10202 5.183580789972696
10326 0.5230769255465112
10329 -0.21009069570959765
10422 1.4175881426832082
10447 0.6099482367049713
10477 4.05407066308416
10487 5.943689416307031
10517 20.48982325720373
10561 1.6003469407328483
10619 10.413500346045092
10624 6.9985096422506015
10629 3.7026727762462723
10672 3.414990703794491
10684 6.9985096422506015
10723 4.513602992462601
10751 6.351615037455287
10770 2.4876501357337513
10827 3.740413104229119
10868 -0.9268053640592568
10872 8.024410479491198
10957 4.433560284789064
11106 2.021775899830027
11110 2.430736557504034
11139 8.614125771616528
11140 4.30864511158402
11165 2.1863252868781835
11177 6.9985096422506015
11218 1.7160635543787315
11221 6.9985096422506015
11235 3.740413104229119
11277 3.7796338173824005
11299 -4.169462094927503
11304 1.2054960338664575
11334 1.994563336305142
11415 3.7796338173824005
11468 4.22592092001082
11522 2.555858385760285
11580 2.5441623459970937
11584 4.433560284789064
11809 4.165296298194385
11816 1.9296054400303697
11831 3.597312260588446
11874 4.513602992462601
11881 2.70805020110221
11895 5.052599493195288
11931 6.9985096422506015
11939 2.681021528714291
11961 9.928890564409993
11962 9.391849098513111
11969 0.7582337970798316
12022 1.2122885475024683
12057 4.20133968459938
12093 3.3607792968127694
12143 4.165296298194385
12210 3.1698682457615064
12228 3.047265923669174
12254 2.335070548138534
12263 2.579669034454003
12383 1.2523064517104479
12455 -0.2152586658680402
12550 4.290459441148391
12593 4.359452312635343
12595 2.344549292093078
12598 2.5098732725184614
12710 4.108137884354437
12717 2.3996588308615743
12736 6.829981407588982
12738 6.9985096422506015
12785 2.8088549002241754
12853 1.152070867192877
12972 2.8553749158590684
13001 2.9461134062376346
13030 4.290459441148391
13053 4.695924549256556
13071 3.086486636822455
13189 1.8745456628473423
13209 3.6312138122641273
13231 6.9985096422506015
13272 5.558003874148989
13354 1.8280256472124494
13438 2.555858385760285
13440 2.9540974487767095
13459 4.919068100570765
13460 2.955458374416051
13508 1.7255100836868542
13553 -2.222764559665152
13648 4.359452312635343
13672 1.5262389685791264
13718 4.0275534942922455
13835 4.00277736869661
13838 2.3163784151263815
13867 3.263138994630222
13891 5.459332759721993
13918 2.8396265588909295
13968 3.3349479961209547
13986 3.47214911763444
14044 1.4611753752320646
14078 2.5098732725184614
14107 4.847597327494437
14108 6.9985096422506015
14136 1.4810567457858934
14153 2.4876501357337513
14174 1.7945029551738059
14218 5.8998973535824915
14237 -2.09174504491248
14267 -1.1471081799405454
14309 1.5137127087599462
14332 4.22592092001082
14344 5.8998973535824915
14352 9.464204733261845
14357 2.476721065201561
14416 0.7739512129752414
14422 2.1233123190494494
14423 6.9985096422506015
14431 1.034930298632155
14435 2.3933394562625097
14470 3.7796338173824005
14519 3.086486636822455
14527 2.938066631704182
14557 6.9985096422506015
14588 4.157057432844953
14682 1.5431885268928998
14686 3.414990703794491
14789 3.7026727762462723
14893 4.359452312635343
14901 2.5326015235960173
14906 1.6054557614557987
14907 14.258089751061819
14932 5.052599493195288
14998 3.5645224377654547
15003 4.695924549256556
15020 3.086486636822455
15037 2.3163784151263815
15116 3.8630154263214513
15129 2.8876357780772897
15144 6.9985096422506015
15155 0.6904112007410705
15241 3.4924724284079427
15288 3.21432000833234
15306 3.5999410904237834
15332 -18.627740761747443
15341 0.7959741250626788
15373 0.814360751313118
15517 1.886521853894058
15538 3.8204558119026557
15573 5.052599493195288
15604 4.246624638098899
15622 2.363780654020965
15648 2.5676928434072877
15672 0.7275212103923018
15679 5.206750173022546
15709 2.1863252868781835
15744 5.8998973535824915
15745 6.305362461690656
15768 12.610724923381312
15771 0.09238285917859758
15814 2.262311193856106
15828 1.0931477941960308
