200
521 1.8986432144264027
522 6.305362461690656
855 6.9985096422506015
987 6.9985096422506015
1836 2.5326015235960173
1866 6.9985096422506015
1925 4.00277736869661
1928 2.4876501357337513
1933 4.05407066308416
1997 3.009525595686327
2021 10.83220080440884
2159 7.004004161568242
2331 3.6312138122641273
2334 0.7939518796819108
2351 1.5647876386963615
2406 2.9209721983448818
2450 -2.4434275828144427
2594 3.5645224377654547
2595 2.5211728277723946
2631 0.21292199724267172
2745 3.8630154263214513
2829 5.617709800448351
2935 0.6320391945191633
3275 3.666305132075397
3329 1.981229805435677
3578 1.2031599740689096
3586 6.569875151092587
3598 1.1666271649670843
3614 2.875656022470147
3635 1.5779746429783155
3647 2.1081605140288473
3709 2.9041650800285006
3850 3.9074671888922854
3896 1.403798262648762
3946 3.414990703794491
3961 2.6290617897835795
3974 3.3875917296063767
3985 5.019746545036923
3995 1.751485570090115
4004 4.8892655013001205
4006 2.6547042203969173
4053 -0.07476007520910928
4114 9.723264929459491
4217 3.3096301881366648
4219 1.7567626271909589
4221 4.290459441148391
4253 4.22592092001082
4261 2.262311193856106
4286 2.130975191795019
4405 2.6920409239639014
4416 1.3637200390813515
4481 2.146479378330984
4500 2.8396265588909295
4522 0.5207142953092883
4531 2.681021528714291
4536 2.70805020110221
4691 4.433560284789064
4878 1.3672978604292356
4882 2.130975191795019
4914 1.4339892349279078
4970 1.9746291214043248
4984 4.22592092001082
5110 1.8452180477528222
5316 2.236335707452845
5369 3.047265923669174
5630 0.4766153511606481
5635 6.60815728996158
5652 3.3096301881366648
5687 2.0785287164224764
6078 2.555858385760285
6128 7.065547478901749
6402 1.4112609838503516
6433 1.030804581586805
6447 1.2880826248757316
6531 6.9985096422506015
6567 2.579669034454003
6644 4.513602992462601
6673 16.01110947478644
6679 4.919068100570765
6739 9.684087476769072
6754 3.607355674455688
6970 2.1863252868781835
7051 1.8167260919585162
7057 3.2849375755462935
7104 -0.6634879166512921
7401 1.886521853894058
7448 4.695924549256556
7482 1.8055527913603908
7578 1.0430745587218369
7764 1.7052048175261088
7940 4.359452312635343
7981 2.0426825846493406
8123 11.626800937844981
8306 3.7026727762462723
8380 10.413500346045092
8389 6.305362461690656
8391 2.555858385760285
8439 0.4690908039883759
8643 2.001297368486486
8708 1.4810567457858934
8710 1.102407559418776
8850 3.430611827025225
8870 3.7026727762462723
9110 2.035665011990694
9113 4.108137884354437
9151 2.517433460142734
9170 1.2232606457759125
9175 7.194624521176892
9365 1.4972514317058743
9537 1.963887624372811
9590 3.3096301881366648
9781 4.00277736869661
9895 2.288979440938267
9970 1.4513908541342142
10030 2.413542163580029
10258 1.8000126109847754
10393 1.9746291214043248
10447 0.6099482367049713
10466 6.9985096422506015
10487 1.981229805435677
10517 7.450844820801358
10539 6.305362461690656
10601 3.740413104229119
10628 4.165296298194385
10751 0.7939518796819108
10824 5.389071729816501
10825 2.0149030205422647
10868 -0.5560832184355542
11023 2.576165249751463
11110 2.430736557504034
11168 1.2781978656431896
11202 2.9209721983448818
11218 2.288084739171642
11287 2.0286963426746007
11296 2.764403137653342
11299 -2.6059138093296896
11317 3.0666840095262753
11318 7.726030852642903
11344 3.1483620405405426
11386 4.231415439328461
11415 3.7796338173824005
11453 1.3637200390813515
11570 2.3867493466682252
11816 1.9296054400303697
11908 3.0693556744499824
12064 3.3349479961209547
12078 1.3637200390813515
12093 1.6803896484063847
12216 2.87137525720551
12230 6.9985096422506015
12254 2.335070548138534
12377 1.3460204619819507
12378 3.3349479961209547
12383 1.2523064517104479
12455 -1.2915519952082413
12717 0.5999147077153936
12837 3.4431615807611875
12853 1.152070867192877
12969 3.7026727762462723
13043 3.4431615807611875
13080 0.8123010183501074
13108 4.560021541911013
13222 10.244972111383474
13353 1.961557039836972
13390 2.236335707452845
13418 5.612215281130711
13460 2.955458374416051
13494 3.21432000833234
13505 3.0666840095262753
13681 4.997399943840672
13718 1.3425178314307487
13867 2.175425996420148
13891 1.2131850577159984
13913 2.8396265588909295
14008 2.001297368486486
14160 5.612215281130711
14237 -0.6972483483041599
14381 0.2288676653980985
14416 4.6437072778514485
14463 1.67063347346102
14663 6.305362461690656
14681 4.22592092001082
14682 1.5431885268928998
14869 4.433560284789064
14907 3.5645224377654547
14949 3.9074671888922854
15014 5.389071729816501
15031 6.9985096422506015
15192 2.978242611245248
15241 3.4924724284079427
15295 4.165296298194385
15306 0.7199882180847567
15313 1.917105277266138
15328 6.305362461690656
15332 -10.866182111019342
15517 3.773043707788116
15551 2.3157359697544058
15672 0.7275212103923018
15685 1.7432809162728324
15702 2.8553749158590684
