79
521 3.7972864288528054
1836 2.5326015235960173
1884 3.8973072700021283
1988 4.695924549256556
2021 2.70805020110221
2159 3.502002080784121
2450 -2.4434275828144427
2742 12.610724923381312
2901 3.3349479961209547
3498 2.87137525720551
3501 5.8998973535824915
3578 0.6015799870344548
3744 5.8998973535824915
3982 2.153862445213571
4006 5.309408440793835
4114 2.778075694131283
4405 2.6920409239639014
4522 0.7810714429639324
4750 0.33155284982139466
4956 2.413542163580029
4964 0.563963123463148
4970 1.9746291214043248
5019 4.290459441148391
5249 3.3096301881366648
5339 1.1784267118982394
5630 0.8340768645311343
6053 4.359452312635343
6402 1.4112609838503516
6739 1.6140145794615122
7104 -1.9904637499538764
7688 3.086486636822455
8123 3.3219431250985663
8153 2.8396265588909295
8163 6.9985096422506015
8439 0.4690908039883759
8677 3.5645224377654547
8710 0.551203779709388
8925 3.5327737394508745
9122 1.3744921360632627
9537 0.6546292081242703
9589 1.3115342859107813
10447 0.6099482367049713
10517 3.725422410400679
10522 2.9911764570181303
10532 2.9209721983448818
10561 1.6003469407328483
10868 -0.18536107281185138
10872 1.6048820958982397
10957 4.433560284789064
11110 0.8102455191680114
11140 4.30864511158402
11299 -1.5635482855978138
11304 1.2054960338664575
11334 1.994563336305142
11570 1.1933746733341126
11766 6.305362461690656
11939 2.681021528714291
12023 3.6312138122641273
12143 4.165296298194385
12228 3.047265923669174
12378 3.3349479961209547
12455 -0.2152586658680402
12783 1.8986432144264027
13460 2.955458374416051
13553 -0.37046075994419203
13754 3.8204558119026557
13867 1.087712998210074
13891 1.2131850577159984
13986 3.47214911763444
14267 -0.3823693933135151
14416 1.5479024259504828
14686 3.414990703794491
14949 3.9074671888922854
15173 3.009525595686327
15241 1.7462362142039713
15242 3.414990703794491
15332 -3.1046234602912404
15517 1.886521853894058
15685 0.8716404581364162
