72
521 1.8986432144264027
2199 6.305362461690656
2351 1.5647876386963615
2450 -1.2217137914072214
2701 2.7218435232345457
2745 3.8630154263214513
2829 2.8088549002241754
3383 6.305362461690656
3392 2.20271909665386
3501 5.8998973535824915
3578 1.2031599740689096
4114 1.3890378470656415
4416 1.3637200390813515
4522 0.2603571476546441
4691 4.433560284789064
4750 0.33155284982139466
4812 3.9539872045271784
4840 2.938066631704182
4852 1.258716730071367
4928 4.359452312635343
4989 1.3355491621146554
5318 3.1066893441399746
5587 2.5326015235960173
5630 0.23830767558032406
5687 2.0785287164224764
5770 3.4431615807611875
6053 4.359452312635343
6475 6.9985096422506015
6636 4.600614369452231
6739 4.842043738384536
6908 0.6707538925195963
7104 -1.3269758333025843
7935 2.335070548138534
8123 1.6609715625492831
8439 0.4690908039883759
8664 2.7938170228596353
8710 1.6536113391281642
8967 5.052599493195288
9970 0.4837969513780714
10069 3.4431615807611875
10123 5.389071729816501
10447 0.6099482367049713
10517 1.8627112052003394
10868 -0.18536107281185138
10957 8.867120569578129
11032 1.087712998210074
11299 -0.5211827618659379
11416 2.1782280766455644
11927 12.610724923381312
12078 1.3637200390813515
12228 3.047265923669174
12377 1.3460204619819507
12553 1.0715836162801904
12833 0.9630282097258448
13384 4.113734439282593
13440 1.4770487243883548
13460 2.955458374416051
13553 -0.7409215198883841
13867 1.087712998210074
13891 2.4263701154319968
13986 3.47214911763444
14237 -0.6972483483041599
14352 0.9464204733261844
14416 0.7739512129752414
14907 3.5645224377654547
15037 4.632756830252763
15113 3.7796338173824005
15187 1.994563336305142
15241 10.477417285223828
15283 2.236335707452845
15306 0.7199882180847567
15332 -1.5523117301456202
