52
583 2.9041650800285006
926 6.9985096422506015
977 6.305362461690656
1012 5.052599493195288
1057 5.612215281130711
1886 3.1273086313427103
2023 5.612215281130711
2036 3.8973072700021283
2450 -0.6108568957036107
2839 3.1483620405405426
2920 0.6795415285041667
3135 5.389071729816501
3192 1.0095482253607377
3721 4.513602992462601
4247 4.632756830252763
4398 3.9539872045271784
4405 1.3460204619819507
4608 1.4075226617397445
4669 6.9985096422506015
5111 3.21432000833234
5279 1.7410142702228197
5349 4.8012850649143815
5855 6.9985096422506015
5942 5.206750173022546
5993 0.8521803845817039
7569 1.0170954309961207
7946 4.290459441148391
8556 3.6447198193535444
9393 1.060973437168175
9986 2.0568672196412967
10217 12.925935334752058
10329 -0.21009069570959765
11080 3.8630154263214513
11485 3.3875917296063767
11774 3.0282177286984795
11788 3.3096301881366648
11952 1.5958322603783217
12022 0.40409618250082274
12120 3.5327737394508745
12404 1.485080896085619
12407 2.5055845146478797
12455 -0.2152586658680402
12460 0.7332084295128914
12527 6.17297327364491
12660 2.035665011990694
13795 4.616772384319327
13904 3.5327737394508745
14087 6.9985096422506015
15187 1.994563336305142
15332 -3.1046234602912404
15725 3.5645224377654547
15728 3.009525595686327
