30
2218 3.740413104229119
2271 0.34178311807220957
2690 3.1483620405405426
3520 5.74275051441102
3982 1.0769312226067855
4039 4.165296298194385
4228 5.389071729816501
4537 1.0196238773494795
4914 2.8679784698558155
5574 3.4431615807611875
5983 1.9878743481543455
7104 -0.6634879166512921
7892 3.1035445411685827
8695 1.9550845253313545
9779 1.8337236683270872
10436 4.290459441148391
11137 0.8870423027479227
11506 3.8630154263214513
12051 3.5645224377654547
12407 1.67038967643192
12623 8.580918882296782
12707 2.2278250177849364
13439 3.7796338173824005
13553 -0.37046075994419203
14202 3.666305132075397
14431 1.034930298632155
14477 7.563518483317184
14588 2.0785287164224764
14590 1.8337236683270872
15622 2.363780654020965
