82
521 1.8986432144264027
582 5.389071729816501
2159 3.502002080784121
2351 1.5647876386963615
2450 -0.6108568957036107
2745 3.8630154263214513
2829 2.8088549002241754
3374 1.9680717208581657
3383 6.305362461690656
3392 2.20271909665386
3578 0.6015799870344548
3614 1.4378280112350734
4114 1.3890378470656415
4176 5.612215281130711
4815 2.7218435232345457
4963 2.3933394562625097
4989 1.3355491621146554
5258 5.052599493195288
5465 3.3349479961209547
5630 0.7149230267409722
5950 4.00277736869661
6064 2.138697237888929
6068 3.1273086313427103
6331 4.22592092001082
6440 6.305362461690656
6527 6.9985096422506015
6548 2.0785287164224764
6577 4.05407066308416
6628 3.1918471524802814
6636 4.600614369452231
6739 4.842043738384536
6908 1.0061308387793944
7104 -0.6634879166512921
7312 2.3163784151263815
7482 1.8055527913603908
7764 1.7052048175261088
7816 5.612215281130711
8123 1.6609715625492831
8124 2.973157951515452
8439 0.4690908039883759
8664 2.7938170228596353
8708 1.4810567457858934
8710 0.551203779709388
8753 4.513602992462601
8967 5.052599493195288
9061 3.6312138122641273
9122 1.3744921360632627
9970 0.4837969513780714
10015 3.5645224377654547
10069 3.4431615807611875
10307 2.5676928434072877
10447 0.6099482367049713
10517 1.8627112052003394
10560 5.612215281130711
10751 0.7939518796819108
10868 -0.18536107281185138
10950 6.305362461690656
11032 1.087712998210074
11299 -0.5211827618659379
11416 2.1782280766455644
11524 1.5178707189086098
11874 4.513602992462601
12089 2.8088549002241754
12228 3.047265923669174
12377 1.3460204619819507
12785 2.8088549002241754
12833 0.9630282097258448
13440 1.4770487243883548
13553 -0.37046075994419203
13867 1.087712998210074
13891 0.6065925288579992
14352 0.9464204733261844
14416 0.7739512129752414
14907 3.5645224377654547
15155 0.6904112007410705
15241 1.7462362142039713
15283 2.236335707452845
15288 3.21432000833234
15306 0.7199882180847567
15332 -3.1046234602912404
15413 1.2781978656431896
15685 0.8716404581364162
