46
389 1.6419233675785887
2421 1.5431885268928998
2450 -0.6108568957036107
2631 0.42584399448534344
2754 3.2849375755462935
3215 1.179961702382206
3578 1.2031599740689096
3737 1.8055527913603908
3896 2.807596525297524
4158 0.030600440448717042
4208 3.044092180638181
4309 2.681021528714291
4914 1.4339892349279078
5040 1.4378280112350734
6205 2.955458374416051
6433 1.030804581586805
7104 -1.3269758333025843
7344 1.6325336272287498
7555 3.740413104229119
7563 4.670141096277068
7578 0.5215372793609184
8032 1.0216512475319814
8396 5.052599493195288
8439 0.4690908039883759
9990 0.5671785603171224
10867 1.4533321977710387
11377 3.414990703794491
11450 2.262311193856106
12022 0.40409618250082274
12460 0.7332084295128914
12629 3.3096301881366648
12708 4.787496781134966
12717 0.5999147077153936
12826 2.5238746895428186
13108 2.2800107709555064
13440 1.4770487243883548
13845 2.001297368486486
14313 1.6466515087745348
14371 4.600614369452231
14431 1.034930298632155
14467 6.9985096422506015
15057 1.152070867192877
15195 3.0282177286984795
15332 -1.5523117301456202
15471 0.6940608398286201
15783 0.48083836933832624
