96
1924 2.288979440938267
2049 2.37353682896633
2167 2.66777630196427
2351 1.5647876386963615
2450 -0.6108568957036107
2538 1.422560539104285
2787 3.1918471524802814
2959 3.5621059478217028
2998 4.8012850649143815
3598 1.1666271649670843
3614 1.4378280112350734
3815 5.389071729816501
3820 1.7890234894091803
3888 6.9985096422506015
3990 2.6290617897835795
4423 3.8630154263214513
4940 4.513602992462601
4956 2.413542163580029
4964 1.127926246926296
5151 2.555858385760285
5233 4.22592092001082
5518 3.1737271807911225
5590 1.4533321977710387
5630 0.11915383779016203
5799 9.83813620114153
5846 5.612215281130711
6219 2.298029276458185
6402 1.4112609838503516
6447 2.576165249751463
6784 5.389071729816501
6786 3.7026727762462723
6908 0.6707538925195963
7104 -1.3269758333025843
7286 1.4112609838503516
7482 1.8055527913603908
8153 5.679253117781859
8523 0.7256326357044336
8650 6.6192603762733295
9069 3.260840023967233
9081 4.433560284789064
9345 2.66777630196427
9354 3.8204558119026557
9365 1.4972514317058743
9559 -0.24959683156492177
9590 6.6192603762733295
9779 3.6674473366541744
9970 0.4837969513780714
9971 6.9985096422506015
10079 5.8998973535824915
10325 1.8925641683500207
10329 -0.21009069570959765
10431 0.7218661529089567
10447 3.659689420229828
10667 3.9539872045271784
10868 -0.18536107281185138
11027 1.2781978656431896
11032 1.087712998210074
11110 0.8102455191680114
11114 3.047265923669174
11299 -2.6059138093296896
11304 1.2054960338664575
11415 3.7796338173824005
11526 3.2838467351571774
11778 2.8553749158590684
11804 3.7796338173824005
11939 2.681021528714291
12075 2.938066631704182
12292 2.5211728277723946
12404 2.970161792171238
12407 3.34077935286384
12455 -0.2152586658680402
12553 2.1431672325603808
12614 5.206750173022546
12708 1.5958322603783217
13001 1.4730567031188173
13189 3.7490913256946845
13353 1.961557039836972
13390 2.236335707452845
13533 4.919068100570765
13553 -0.37046075994419203
13565 1.9878743481543455
13613 3.6222476728196926
13867 2.175425996420148
13891 0.6065925288579992
14044 1.4611753752320646
14135 2.3541187431092285
14416 0.7739512129752414
15278 4.93182029819469
15283 2.236335707452845
15292 2.211017899468555
15306 0.7199882180847567
15332 -1.5523117301456202
15471 0.6940608398286201
15735 2.938066631704182
15827 3.8218266140364343
15828 3.2794433825880924
