230
695 2.9911764570181303
730 2.298029276458185
800 2.434161450782765
938 6.9985096422506015
978 2.298029276458185
1898 6.9985096422506015
1902 2.0149030205422647
1923 2.211017899468555
1928 2.4876501357337513
1940 2.6944445490464313
1957 1.8223599096767722
1964 3.260840023967233
2026 2.681021528714291
2380 7.559267634764801
2405 4.600614369452231
2411 4.359452312635343
2421 1.5431885268928998
2424 2.219386149139072
2450 -3.665141374221664
2577 3.5327737394508745
2588 4.108137884354437
2744 5.612215281130711
2820 2.4446327506500602
2920 1.3590830570083334
2959 11.873686492739008
2960 6.305362461690656
3052 3.2373095265570386
3090 3.047265923669174
3143 4.438772298278144
3297 3.9539872045271784
3329 1.981229805435677
3374 1.9680717208581657
3449 0.9823524825522477
3505 8.00555473739322
3578 0.6015799870344548
3614 1.4378280112350734
3635 4.733923928934947
3647 2.1081605140288473
3728 11.799794707164983
3739 4.00277736869661
3774 1.7255100836868542
3788 2.750014400201242
3820 1.7890234894091803
3827 3.2849375755462935
3860 8.718904625270685
3990 5.258123579567159
3995 3.50297114018023
4008 3.21432000833234
4108 21.746825408979824
4262 3.1698682457615064
4325 3.21432000833234
4405 1.3460204619819507
4447 4.433560284789064
4459 9.85481272663888
4500 2.8396265588909295
4522 0.7810714429639324
4533 3.086486636822455
4562 6.6192603762733295
4586 6.019051191372654
4651 3.8630154263214513
4750 0.33155284982139466
4751 3.414990703794491
4783 2.1782280766455644
4842 8.867120569578129
4909 1.4690805547391779
4944 5.052599493195288
4956 4.827084327160058
4970 9.873145607021623
5067 2.2278250177849364
5233 4.22592092001082
5275 4.8012850649143815
5339 1.1784267118982394
5409 3.502002080784121
5430 2.750014400201242
5572 3.47214911763444
5587 2.5326015235960173
5630 0.23830767558032406
5641 4.359452312635343
5643 7.814934377784571
5647 4.513602992462601
5895 2.4033897921160112
6064 2.138697237888929
6414 3.1483620405405426
6819 1.7153059135126125
6908 0.33537694625979814
6911 6.305362461690656
6970 2.1863252868781835
7104 -0.6634879166512921
7157 3.8630154263214513
7197 1.730651483187273
7311 2.236335707452845
7344 1.6325336272287498
7569 3.0512862929883617
7688 3.086486636822455
7741 6.9985096422506015
7764 15.34684335773498
7805 4.600614369452231
7832 3.047265923669174
7834 3.5327737394508745
7892 1.5517722705842913
7935 2.335070548138534
7967 6.9985096422506015
8041 3.597312260588446
8085 4.108137884354437
8261 4.513602992462601
8262 8.285023828373586
8283 5.775271556154579
8391 2.555858385760285
8496 14.008008323136483
8497 12.610724923381312
8523 1.4512652714088672
8710 0.551203779709388
8788 2.146479378330984
8850 1.7153059135126125
8874 4.513602992462601
8880 1.67063347346102
8890 2.2800107709555064
8974 6.9985096422506015
9151 2.517433460142734
9353 7.430163195604683
9365 1.4972514317058743
9481 1.7727629685373998
9531 1.67063347346102
9559 -0.8319894385497393
9580 26.477041505093318
9589 1.3115342859107813
9698 1.9878743481543455
9733 1.0850066366123312
9817 2.6366740664670676
10030 4.827084327160058
10040 21.787282873584765
10326 0.5230769255465112
10393 1.9746291214043248
10443 2.4876501357337513
10447 2.4397929468198853
10456 5.710749831718137
10473 1.7781538171722764
10487 1.981229805435677
10561 3.2006938814656967
10665 4.433560284789064
10827 3.740413104229119
10868 -1.482888582494811
10872 1.6048820958982397
10902 5.8998973535824915
10967 3.6312138122641273
10968 3.740413104229119
10993 4.22592092001082
11089 1.1549652252192415
11102 4.656610098776375
11106 2.021775899830027
11113 12.610724923381312
11139 2.87137525720551
11165 2.1863252868781835
11168 1.2781978656431896
11218 1.7160635543787315
11228 3.3096301881366648
11299 -3.1270965711956276
11304 1.2054960338664575
11317 3.0666840095262753
11453 8.18232023448811
11522 5.11171677152057
11524 1.5178707189086098
11646 4.708237486218457
11785 1.9680717208581657
11939 2.681021528714291
11963 4.919068100570765
12081 4.72756130804193
12341 2.8088549002241754
12383 1.2523064517104479
12455 -0.6457759976041206
12595 2.344549292093078
12803 2.727440078162703
12805 5.5705382572438245
12833 0.9630282097258448
12878 3.5327737394508745
12972 5.710749831718137
13001 1.4730567031188173
13029 1.6609715625492831
13052 3.260840023967233
13189 1.8745456628473423
13314 2.0286963426746007
13338 35.29641958881352
13384 2.0568672196412967
13460 2.955458374416051
13547 3.2006938814656967
13613 1.8111238364098463
13672 1.5262389685791264
13715 8.10814132616832
13718 1.3425178314307487
13734 17.48037453212064
13767 2.6547042203969173
13867 1.087712998210074
14237 -8.36698017964992
14242 2.5326015235960173
14267 -1.9118469665675755
14309 7.568563543799732
14315 3.009525595686327
14381 0.457735330796197
14416 3.869756064876207
14447 6.296724081081085
14507 1.8510151654371483
14588 2.0785287164224764
14620 4.30864511158402
14647 3.8630154263214513
14744 3.4431615807611875
14878 4.513602992462601
14906 0.8027278807278994
15012 4.108137884354437
15113 3.7796338173824005
15121 4.760590771186684
15129 2.8876357780772897
15155 8.284934408892846
15224 5.808330160057001
15292 2.211017899468555
15293 5.8998973535824915
15306 1.4399764361695133
15332 -6.209246920582481
15341 0.7959741250626788
15373 0.814360751313118
15471 0.6940608398286201
15484 2.9911764570181303
15595 1.3320829541381691
15651 1.1377234187847354
15672 1.4550424207846036
15677 1.5779746429783155
15685 1.7432809162728324
15703 6.9985096422506015
15771 0.023095714794649395
15827 1.9109133070182172
15828 1.0931477941960308
