37
289 3.086486636822455
583 2.9041650800285006
2421 1.5431885268928998
3192 1.0095482253607377
4247 2.3163784151263815
4608 1.4075226617397445
4610 10.105198986390576
5083 1.5735596247691985
5138 6.305362461690656
5993 2.5565411537451115
7104 -0.6634879166512921
7569 1.0170954309961207
7845 2.4237986637472186
7946 4.290459441148391
8494 6.721846965048431
8556 5.467079729030317
8814 8.45184184002164
9602 2.2800107709555064
10217 6.462967667376029
10250 2.9209721983448818
10326 0.5230769255465112
10431 0.7218661529089567
11080 3.8630154263214513
11840 1.6902419448493964
12129 3.3349479961209547
12246 4.290459441148391
12407 0.83519483821596
12527 3.086486636822455
12650 5.8998973535824915
12853 1.152070867192877
12904 3.4431615807611875
13795 4.616772384319327
13921 4.356456153291129
14473 3.2849375755462935
15169 2.335070548138534
15332 -3.1046234602912404
15424 1.8111238364098463
