46
2218 3.740413104229119
2271 0.34178311807220957
2543 6.9985096422506015
2690 3.1483620405405426
3520 5.74275051441102
3814 2.236335707452845
3982 1.0769312226067855
4039 4.165296298194385
4176 5.612215281130711
4228 5.389071729816501
4537 1.0196238773494795
4635 5.052599493195288
4815 2.7218435232345457
4914 2.8679784698558155
5574 3.4431615807611875
5983 1.9878743481543455
6068 3.1273086313427103
7104 -1.3269758333025843
7892 3.1035445411685827
8695 1.9550845253313545
9451 6.9985096422506015
9753 6.9985096422506015
9779 1.8337236683270872
10436 4.290459441148391
10507 12.610724923381312
10761 6.9985096422506015
11137 1.7740846054958455
11506 3.8630154263214513
12051 3.5645224377654547
12407 1.67038967643192
12623 4.290459441148391
12707 2.2278250177849364
13133 4.433560284789064
13439 3.7796338173824005
13553 -0.37046075994419203
13856 5.612215281130711
14202 3.666305132075397
14431 1.034930298632155
14439 3.1273086313427103
14477 7.563518483317184
14588 2.0785287164224764
14590 3.6674473366541744
15155 0.6904112007410705
15191 4.359452312635343
15283 2.236335707452845
15622 2.363780654020965
