119
174 3.2464624691328723
241 1.6902419448493964
275 6.9985096422506015
583 8.712495240085502
1842 2.0286963426746007
1886 3.1273086313427103
1896 1.7835738846416156
1940 2.6944445490464313
2070 1.4730567031188173
2201 2.035665011990694
2334 1.5879037593638217
2638 6.392925575385057
2839 3.1483620405405426
2935 1.2640783890383267
2964 0.900435360084361
2969 5.389071729816501
3180 2.7938170228596353
3275 3.666305132075397
3643 3.21432000833234
3903 8.867120569578129
4075 3.597312260588446
4247 2.3163784151263815
4370 4.919068100570765
4476 3.740413104229119
4608 1.4075226617397445
4625 1.8452180477528222
4750 0.33155284982139466
4836 6.9985096422506015
4849 5.389071729816501
4852 1.258716730071367
5029 3.2373095265570386
5111 3.21432000833234
5181 2.288979440938267
5201 4.359452312635343
5484 0.9464204733261844
5498 4.108137884354437
5540 3.1698682457615064
5993 1.7043607691634077
6064 2.138697237888929
6088 1.2146844599208637
6228 1.2947271675944
6235 1.2270685191205855
6360 3.21432000833234
6402 1.4112609838503516
6536 4.05407066308416
6605 5.206750173022546
6657 2.138697237888929
7001 4.290459441148391
7007 6.305362461690656
7188 5.612215281130711
7264 3.597312260588446
7534 1.242767428663689
7569 2.0341908619922413
7904 4.42203579893711
8230 2.37353682896633
8556 7.289439638707089
8672 2.8876357780772897
8784 6.439438134992953
8814 4.22592092001082
8880 1.67063347346102
8928 1.3355491621146554
9106 1.0850066366123312
9511 6.9985096422506015
9641 2.6418008155610093
9911 4.165296298194385
9990 1.1343571206342449
10001 2.0640357091199095
10217 4.30864511158402
10250 2.9209721983448818
10329 -0.21009069570959765
10334 6.9985096422506015
10366 5.8998973535824915
10422 0.7087940713416041
10867 2.9066643955420775
11023 1.2880826248757316
11080 3.8630154263214513
11406 2.6418008155610093
11423 4.600614369452231
11570 1.1933746733341126
11671 2.2535775138873513
11696 3.2373095265570386
11774 3.0282177286984795
11784 3.47214911763444
11785 1.9680717208581657
11788 3.3096301881366648
12047 2.883363161102127
12407 1.67038967643192
12455 -0.2152586658680402
12460 2.1996252885386745
12527 3.086486636822455
12639 4.165296298194385
12660 2.035665011990694
12664 4.22592092001082
12853 1.152070867192877
13071 3.086486636822455
13681 2.498699971920336
13795 1.5389241281064423
13873 3.740413104229119
13921 6.534684229936693
13922 1.8986432144264027
14028 6.9985096422506015
14040 5.389071729816501
14188 3.597312260588446
14237 -2.09174504491248
14242 2.5326015235960173
14263 6.9985096422506015
14267 -0.3823693933135151
14416 0.7739512129752414
14455 3.274434953082352
14483 6.9985096422506015
14558 4.953442130403122
15332 -1.5523117301456202
15348 2.10066984229969
15471 0.6940608398286201
15578 1.7945029551738059
15669 4.324455470598246
15725 3.5645224377654547
15735 2.938066631704182
15771 0.023095714794649395
