330
241 1.6902419448493964
657 2.0640357091199095
680 4.433560284789064
730 2.298029276458185
800 2.434161450782765
854 4.290459441148391
862 2.344549292093078
927 2.0785287164224764
986 3.9539872045271784
1060 0.6216690641655154
1316 5.612215281130711
1322 5.8998973535824915
1379 1.0740829317937672
1406 5.8998973535824915
1549 4.8012850649143815
1583 5.8998973535824915
1686 1.1549652252192415
1750 2.2137308608496604
1836 12.663007617980087
1850 3.0666840095262753
1902 2.0149030205422647
1929 2.1081605140288473
1977 2.6040604875781623
1986 2.4237986637472186
2021 2.70805020110221
2026 2.681021528714291
2065 6.305362461690656
2070 1.4730567031188173
2159 3.502002080784121
2198 4.8012850649143815
2201 2.035665011990694
2218 3.740413104229119
2248 5.8998973535824915
2271 0.34178311807220957
2333 4.8012850649143815
2348 4.05407066308416
2357 2.3747372985478017
2424 4.438772298278144
2450 -1.832570687110832
2484 1.3149298749119196
2745 7.726030852642903
2829 5.617709800448351
2890 4.919068100570765
2893 2.5098732725184614
2920 0.6795415285041667
2984 4.919068100570765
3065 4.290459441148391
3084 4.8012850649143815
3100 2.7938170228596353
3143 2.219386149139072
3147 12.610724923381312
3270 4.695924549256556
3296 3.597312260588446
3297 3.9539872045271784
3498 14.35687628602755
3578 1.8047399611033645
3614 2.875656022470147
3690 1.4972514317058743
3759 2.4033897921160112
3850 3.9074671888922854
3946 3.414990703794491
3961 5.258123579567159
3982 2.153862445213571
3991 2.8088549002241754
3995 1.751485570090115
4006 7.964112661190752
4008 3.21432000833234
4086 4.22592092001082
4114 12.501340623590773
4131 5.8998973535824915
4219 3.5135252543819178
4230 2.0149030205422647
4258 3.3096301881366648
4270 3.5327737394508745
4302 1.8000126109847754
4319 2.049749751872433
4405 1.3460204619819507
4459 6.569875151092587
4501 4.433560284789064
4507 2.298029276458185
4522 0.5207142953092883
4531 5.362043057428582
4537 1.0196238773494795
4646 3.7372218546550555
4750 0.33155284982139466
4871 2.4876501357337513
4882 2.130975191795019
4956 2.413542163580029
4963 2.3933394562625097
4964 1.6918893703894442
4970 1.9746291214043248
4989 1.3355491621146554
4991 3.9539872045271784
4992 3.260840023967233
4998 4.695924549256556
5024 5.8998973535824915
5043 3.502002080784121
5083 4.720678874307596
5091 6.305362461690656
5116 1.961557039836972
5151 5.11171677152057
5183 5.206750173022546
5384 4.05407066308416
5392 2.130975191795019
5408 4.290459441148391
5498 4.108137884354437
5517 1.6232312345664361
5518 1.5868635903955612
5547 6.9985096422506015
5555 2.4033897921160112
5630 0.9532307023212963
5635 8.81087638661544
5680 4.774013612371447
5861 5.500028800402484
5949 7.1290448755309095
6043 1.5913378707904824
6068 3.1273086313427103
6088 1.2146844599208637
6098 6.305362461690656
6156 1.8000126109847754
6219 4.59605855291637
6235 1.2270685191205855
6250 1.7727629685373998
6331 4.22592092001082
6335 4.953442130403122
6337 6.474619053114077
6402 5.645043935401406
6433 3.0924137447604148
6447 1.2880826248757316
6488 3.0666840095262753
6558 4.359452312635343
6590 7.640911623805311
6595 2.4237986637472186
6647 5.206750173022546
6660 2.7938170228596353
6672 5.389071729816501
6699 4.165296298194385
6721 2.383389125409342
6739 22.59620411246117
6751 2.5441623459970937
6908 0.33537694625979814
6970 2.1863252868781835
6983 3.414990703794491
7019 2.130975191795019
7025 1.0095482253607377
7044 1.880515829833846
7051 10.900356551751097
7088 4.919068100570765
7093 5.612215281130711
7104 -1.3269758333025843
7327 3.5327737394508745
7344 1.6325336272287498
7497 0.7014003223166658
7569 1.0170954309961207
7578 1.5646118380827554
7591 2.0426825846493406
7714 5.389071729816501
7838 2.1081605140288473
7940 4.359452312635343
7968 3.047265923669174
7990 5.389071729816501
7999 5.612215281130711
8037 4.22592092001082
8041 3.597312260588446
8123 13.287772500394265
8124 8.919473854546355
8262 4.142511914186793
8299 4.433560284789064
8327 11.296489489419857
8439 1.4072724119651276
8488 4.05407066308416
8509 4.600614369452231
8526 6.9985096422506015
8644 5.8998973535824915
8648 2.434161450782765
8677 3.5645224377654547
8710 2.204815118837552
8723 3.052477937158253
8808 6.9985096422506015
8954 3.5645224377654547
9060 13.801843108356692
9122 1.3744921360632627
9170 1.2232606457759125
9365 1.4972514317058743
9384 1.3355491621146554
9393 1.060973437168175
9534 2.750014400201242
9537 1.3092584162485406
9597 3.1273086313427103
9681 3.8204558119026557
9698 1.9878743481543455
9733 1.0850066366123312
9765 1.7835738846416156
9781 4.00277736869661
9786 3.1483620405405426
9802 6.9985096422506015
9895 2.288979440938267
9932 6.305362461690656
9970 1.4513908541342142
10006 5.3888890980928625
10031 9.994799887681344
10114 2.6028323114903933
10178 5.8998973535824915
10202 2.591790394986348
10203 5.8998973535824915
10329 -1.260544174257586
10422 0.7087940713416041
10443 2.4876501357337513
10447 1.829844710114914
10473 1.7781538171722764
10517 22.352534462404073
10561 1.6003469407328483
10665 4.433560284789064
10672 3.414990703794491
10749 2.3509274935351647
10751 3.1758075187276433
10825 2.0149030205422647
10868 -0.9268053640592568
10872 3.2097641917964794
10886 2.87137525720551
10957 4.433560284789064
10981 3.086486636822455
11023 1.2880826248757316
11102 0.6652300141109108
11110 1.6204910383360227
11140 6.462967667376029
11164 6.305362461690656
11218 1.7160635543787315
11299 -0.5211827618659379
11304 6.0274801693322875
11371 6.305362461690656
11381 5.612215281130711
11386 6.347123158992691
11446 3.597312260588446
11522 2.555858385760285
11524 1.5178707189086098
11576 3.3096301881366648
11677 6.902040334747417
11874 4.513602992462601
11900 2.049749751872433
11952 1.5958322603783217
11985 6.305362461690656
12022 0.8081923650016455
12034 2.7972046564405604
12057 4.20133968459938
12075 2.938066631704182
12081 2.363780654020965
12089 2.8088549002241754
12093 1.6803896484063847
12131 4.433560284789064
12228 6.094531847338348
12243 6.305362461690656
12254 2.335070548138534
12263 2.579669034454003
12377 2.6920409239639014
12383 1.2523064517104479
12455 -0.2152586658680402
12588 8.10814132616832
12646 4.05407066308416
12710 4.108137884354437
12717 2.3996588308615743
12723 2.288979440938267
12783 1.8986432144264027
12820 3.3349479961209547
12896 3.2373095265570386
12979 5.612215281130711
13001 1.4730567031188173
13080 0.8123010183501074
13227 3.666305132075397
13302 4.359452312635343
13316 3.047265923669174
13359 2.6290617897835795
13440 2.9540974487767095
13501 2.5211728277723946
13547 1.6003469407328483
13553 -0.37046075994419203
13555 5.612215281130711
13637 4.108137884354437
13718 9.39762482001524
13744 5.8998973535824915
13753 3.7026727762462723
13817 7.1290448755309095
13867 2.175425996420148
13891 7.27911034629599
13897 2.7218435232345457
13918 2.8396265588909295
13951 4.22592092001082
13968 3.3349479961209547
13986 6.94429823526888
14036 4.290459441148391
14107 2.4237986637472186
14136 1.4810567457858934
14242 2.5326015235960173
14267 -1.5294775732540604
14307 5.8998973535824915
14315 3.009525595686327
14352 6.624943313283291
14399 3.502002080784121
14422 2.1233123190494494
14472 4.513602992462601
14507 1.8510151654371483
14588 2.0785287164224764
14594 4.695924549256556
14656 2.2811529755342836
14906 0.4013639403639497
15020 3.086486636822455
15129 2.8876357780772897
15165 6.9985096422506015
15192 1.489121305622624
15241 5.238708642611914
15306 3.5999410904237834
15332 -13.970805571310581
15341 0.7959741250626788
15413 1.2781978656431896
15435 2.750014400201242
15450 4.290459441148391
15468 6.929791351315449
15471 0.6940608398286201
15517 1.886521853894058
15518 1.880515829833846
15551 1.1578679848772029
15604 2.1233123190494494
15622 4.72756130804193
15651 1.1377234187847354
15672 0.7275212103923018
15702 2.8553749158590684
15710 5.612215281130711
15803 5.389071729816501
15814 2.262311193856106
15820 8.33059259638877
