287
241 1.6902419448493964
657 2.0640357091199095
730 2.298029276458185
800 2.434161450782765
986 3.9539872045271784
1060 0.1865007192496546
1094 2.335070548138534
1272 6.305362461690656
1316 5.612215281130711
1322 5.8998973535824915
1379 0.5370414658968836
1686 1.1549652252192415
1750 1.1068654304248302
1836 10.13040609438407
1986 2.4237986637472186
2019 2.344549292093078
2021 2.70805020110221
2026 2.681021528714291
2028 4.433560284789064
2070 1.4730567031188173
2159 3.502002080784121
2201 2.035665011990694
2271 0.34178311807220957
2348 4.05407066308416
2351 1.5647876386963615
2357 2.3747372985478017
2434 2.413542163580029
2450 -1.2217137914072214
2484 1.3149298749119196
2519 1.6902419448493964
2674 1.0272478024601386
2705 1.6657908489852322
2745 7.726030852642903
2796 2.335070548138534
2829 5.617709800448351
2893 2.5098732725184614
2920 0.6795415285041667
2940 1.6278716141229383
2964 0.900435360084361
2984 4.919068100570765
3084 4.8012850649143815
3419 4.22592092001082
3489 1.942263836902293
3498 8.614125771616528
3516 2.0785287164224764
3545 9.02857678705898
3578 0.6015799870344548
3586 3.2849375755462935
3593 3.666305132075397
3614 2.875656022470147
3635 1.5779746429783155
3647 2.1081605140288473
3946 3.414990703794491
3961 5.258123579567159
3982 2.153862445213571
3995 1.751485570090115
4006 13.273521101984587
4008 3.21432000833234
4086 4.22592092001082
4114 5.556151388262566
4186 3.8204558119026557
4217 3.3096301881366648
4219 1.7567626271909589
4230 2.0149030205422647
4302 1.8000126109847754
4319 2.049749751872433
4388 3.8204558119026557
4405 1.3460204619819507
4522 0.5207142953092883
4531 2.681021528714291
4537 1.0196238773494795
4646 1.8686109273275278
4750 1.3262113992855786
4838 1.4730567031188173
4862 3.047265923669174
4876 4.489838902288473
4882 2.130975191795019
4956 7.2406264907400875
4963 2.3933394562625097
4964 2.81981561731574
4970 1.9746291214043248
4989 1.3355491621146554
4992 3.260840023967233
4998 4.695924549256556
5083 4.720678874307596
5151 5.11171677152057
5183 5.206750173022546
5208 2.5676928434072877
5388 3.47214911763444
5392 2.130975191795019
5408 4.290459441148391
5517 1.6232312345664361
5518 1.5868635903955612
5630 1.0723845401114582
5635 2.20271909665386
5680 4.774013612371447
5850 3.047265923669174
5861 2.750014400201242
5965 3.740413104229119
5973 1.4770487243883548
6068 3.1273086313427103
6156 1.8000126109847754
6216 2.3933394562625097
6219 4.59605855291637
6250 3.5455259370747996
6331 8.45184184002164
6335 4.953442130403122
6337 3.2373095265570386
6389 3.1273086313427103
6390 3.047265923669174
6402 5.645043935401406
6433 1.5462068723802074
6467 2.2535775138873513
6525 3.1483620405405426
6558 4.359452312635343
6567 2.579669034454003
6583 4.314723755844312
6595 4.847597327494437
6660 2.7938170228596353
6739 25.824233271384195
6751 2.5441623459970937
6908 0.33537694625979814
7025 1.0095482253607377
7051 10.900356551751097
7088 4.919068100570765
7104 -1.3269758333025843
7170 1.6186122887101415
7482 1.8055527913603908
7497 0.7014003223166658
7534 2.485534857327378
7591 2.0426825846493406
7797 3.047265923669174
7813 1.0145733615634107
7838 2.1081605140288473
7949 2.5441623459970937
8123 6.6438862501971325
8124 11.892631806061807
8281 6.9985096422506015
8327 2.824122372354964
8439 0.9381816079767518
8488 4.05407066308416
8644 5.8998973535824915
8677 3.5645224377654547
8710 2.204815118837552
8723 3.052477937158253
8749 3.0666840095262753
8858 6.9985096422506015
8886 1.3081501879265407
9060 4.600614369452231
9110 2.035665011990694
9170 2.446521291551825
9192 4.00277736869661
9199 6.9985096422506015
9428 4.997399943840672
9537 0.6546292081242703
9589 1.3115342859107813
9681 3.8204558119026557
9698 1.9878743481543455
9733 1.0850066366123312
9765 3.567147769283231
9781 8.00555473739322
9786 6.296724081081085
9811 3.9074671888922854
9895 2.288979440938267
9970 1.4513908541342142
10006 2.6944445490464313
10031 2.498699971920336
10114 1.3014161557451966
10178 5.8998973535824915
10196 2.5211728277723946
10203 5.8998973535824915
10329 -0.8403627828383906
10431 0.7218661529089567
10447 1.2198964734099427
10473 1.7781538171722764
10517 14.901689641602715
10522 5.982352914036261
10672 3.414990703794491
10749 2.3509274935351647
10751 3.1758075187276433
10753 2.7790019370744945
10868 -0.9268053640592568
10886 2.87137525720551
10957 4.433560284789064
11023 1.2880826248757316
11096 4.919068100570765
11110 1.6204910383360227
11140 6.462967667376029
11218 1.144042369585821
11299 -1.5635482855978138
11304 4.82198413546583
11334 1.994563336305142
11344 6.296724081081085
11386 6.347123158992691
11446 3.597312260588446
11453 1.3637200390813515
11524 1.5178707189086098
11567 5.612215281130711
11583 6.305362461690656
11646 2.3541187431092285
11677 3.4510201673737084
11874 4.513602992462601
11939 2.681021528714291
11969 0.7582337970798316
11985 6.305362461690656
12022 0.40409618250082274
12023 3.6312138122641273
12034 0.9324015521468534
12057 4.20133968459938
12093 1.6803896484063847
12095 3.502002080784121
12122 3.589173800620615
12228 9.141797771007521
12254 2.335070548138534
12263 2.579669034454003
12292 2.5211728277723946
12377 2.6920409239639014
12378 3.3349479961209547
12380 3.2849375755462935
12455 -0.2152586658680402
12543 3.5645224377654547
12710 4.108137884354437
12717 1.1998294154307871
12968 3.047265923669174
13029 3.3219431250985663
13202 3.6312138122641273
13220 3.2849375755462935
13278 6.305362461690656
13289 1.7410142702228197
13316 3.047265923669174
13359 2.6290617897835795
13440 1.4770487243883548
13495 3.9539872045271784
13501 2.5211728277723946
13505 3.0666840095262753
13547 4.801040822198545
13553 -0.7409215198883841
13559 3.5645224377654547
13609 4.22592092001082
13718 4.0275534942922455
13867 2.175425996420148
13890 2.681021528714291
13891 3.032962644289996
13897 2.7218435232345457
13951 4.22592092001082
13961 4.00277736869661
13968 3.3349479961209547
13986 3.47214911763444
14044 1.4611753752320646
14107 2.4237986637472186
14237 -0.6972483483041599
14267 -1.1471081799405454
14308 2.0640357091199095
14352 5.678522839957107
14381 0.2288676653980985
14416 0.7739512129752414
14431 1.034930298632155
14463 1.67063347346102
14472 4.513602992462601
14476 5.052599493195288
14507 1.8510151654371483
14588 2.0785287164224764
14594 4.695924549256556
14637 3.3349479961209547
14656 1.1405764877671418
14856 4.8012850649143815
14906 0.4013639403639497
14949 3.9074671888922854
15011 4.695924549256556
15020 6.17297327364491
15063 3.2373095265570386
15146 4.290459441148391
15192 2.978242611245248
15241 6.984944856815885
15306 3.5999410904237834
15332 -12.418493841164961
15341 0.7959741250626788
15413 1.2781978656431896
15424 1.8111238364098463
15468 1.1549652252192415
15471 0.6940608398286201
15517 3.773043707788116
15622 2.363780654020965
15672 0.7275212103923018
15702 2.8553749158590684
15710 5.612215281130711
15803 5.389071729816501
