276
289 3.086486636822455
302 3.430611827025225
327 2.20271909665386
521 1.8986432144264027
583 2.9041650800285006
592 2.4446327506500602
842 4.433560284789064
1060 0.12433381283310307
1094 2.335070548138534
1217 6.9985096422506015
1404 1.3708885285599641
1686 6.929791351315449
1687 2.413542163580029
1726 6.305362461690656
1750 1.1068654304248302
1839 2.093234863812172
1884 1.9486536350010641
1922 1.6952047341915255
1954 5.500028800402484
2064 1.5647876386963615
2201 6.106995035972082
2328 2.9911764570181303
2334 2.3818556390457326
2379 6.9985096422506015
2421 1.5431885268928998
2450 -0.6108568957036107
2597 2.1157077196642304
2601 3.1066893441399746
2657 10.082770447572646
2674 1.0272478024601386
2705 1.6657908489852322
2786 5.612215281130711
2839 3.1483620405405426
2907 12.610724923381312
2920 0.6795415285041667
2935 0.6320391945191633
2964 0.900435360084361
3192 5.047741126803689
3374 1.9680717208581657
3407 2.085854756514549
3489 3.884527673804586
3578 0.6015799870344548
3612 3.1918471524802814
3642 3.47214911763444
3700 1.2947271675944
3705 5.8998973535824915
3721 4.513602992462601
3785 2.87137525720551
3814 2.236335707452845
3985 2.5098732725184614
4041 6.305362461690656
4208 1.5220460903190904
4247 11.581892075631908
4281 4.695924549256556
4326 3.9539872045271784
4608 9.852658632178212
4609 5.612215281130711
4750 1.6577642491069733
4783 2.1782280766455644
4838 1.4730567031188173
4852 2.517433460142734
4900 5.389071729816501
4914 1.4339892349279078
5006 3.086486636822455
5014 2.3541187431092285
5083 6.294238499076794
5110 1.8452180477528222
5119 2.3933394562625097
5181 4.577958881876534
5223 6.9985096422506015
5227 6.305362461690656
5279 17.410142702228196
5297 4.513602992462601
5339 1.1784267118982394
5369 3.047265923669174
5421 3.8630154263214513
5440 5.206750173022546
5465 3.3349479961209547
5484 0.9464204733261844
5517 1.6232312345664361
5570 3.6312138122641273
5606 4.22592092001082
5700 3.1483620405405426
5773 5.471659530418572
5809 2.363780654020965
5834 1.65617539028579
5850 3.047265923669174
5905 1.7835738846416156
5983 1.9878743481543455
5984 4.919068100570765
5993 3.4087215383268155
6228 1.2947271675944
6253 6.9985096422506015
6262 3.4431615807611875
6338 9.654168654320117
6434 6.9985096422506015
6447 1.2880826248757316
6449 3.9074671888922854
6520 4.695924549256556
6583 3.4517790046754495
6679 9.83813620114153
6721 2.383389125409342
6729 4.388977195034689
6801 4.433560284789064
6819 3.430611827025225
6908 1.6768847312989907
7006 4.05407066308416
7104 -3.3174395832564607
7264 7.194624521176892
7286 1.4112609838503516
7299 2.8553749158590684
7346 3.5645224377654547
7482 1.8055527913603908
7519 4.05407066308416
7534 2.485534857327378
7545 5.389071729816501
7546 5.8998973535824915
7569 5.0854771549806035
7651 6.9985096422506015
7669 6.305362461690656
7692 2.2449194511442365
7721 4.8012850649143815
7845 4.847597327494437
7892 4.655316811752874
7904 4.42203579893711
7932 1.8745456628473423
7946 4.290459441148391
8041 3.597312260588446
8096 1.4533321977710387
8158 4.8012850649143815
8203 6.9985096422506015
8283 2.8876357780772897
8463 4.290459441148391
8494 13.443693930096861
8556 10.934159458060634
8659 6.305362461690656
8784 2.146479378330984
8788 2.146479378330984
8816 1.7255100836868542
8879 5.8998973535824915
8880 1.67063347346102
8886 1.3081501879265407
8925 3.5327737394508745
8946 5.443687046469091
9010 2.9209721983448818
9170 0.6116303228879563
9205 6.9985096422506015
9308 3.1698682457615064
9345 2.66777630196427
9391 2.735829765209286
9423 2.8876357780772897
9429 3.3609234825242154
9484 3.9539872045271784
9537 1.3092584162485406
9589 1.3115342859107813
9602 2.2800107709555064
9698 1.9878743481543455
9791 2.344549292093078
9817 1.3183370332335338
9828 4.22592092001082
9970 0.4837969513780714
9986 2.0568672196412967
9990 1.7015356809513673
9993 4.00277736869661
10076 2.750014400201242
10139 10.16277518881913
10202 10.367161579945392
10210 2.9911764570181303
10217 6.462967667376029
10250 2.9209721983448818
10329 -1.0504534785479882
10341 3.1698682457615064
10393 1.9746291214043248
10415 5.612215281130711
10422 1.4175881426832082
10437 2.7345957208584712
10658 2.9041650800285006
10749 1.1754637467675824
10884 3.502002080784121
10892 4.8012850649143815
10897 4.00277736869661
11023 1.2880826248757316
11032 1.087712998210074
11071 5.206750173022546
11080 7.726030852642903
11089 1.1549652252192415
11138 15.620250519067639
11140 2.15432255579201
11168 1.2781978656431896
11195 4.165296298194385
11299 -0.5211827618659379
11310 6.9985096422506015
11320 5.528806275306684
11323 3.597312260588446
11334 1.994563336305142
11379 2.0426825846493406
11450 2.262311193856106
11530 4.919068100570765
11570 1.1933746733341126
11580 5.088324691994187
11658 4.513602992462601
11671 2.2535775138873513
11840 5.070725834548189
11943 2.455214859980597
11969 0.7582337970798316
11984 2.4237986637472186
12047 2.883363161102127
12078 1.3637200390813515
12129 3.3349479961209547
12130 4.695924549256556
12140 4.108137884354437
12213 3.047265923669174
12220 4.290459441148391
12246 4.290459441148391
12377 1.3460204619819507
12407 0.83519483821596
12455 -0.4305173317360804
12460 0.7332084295128914
12527 9.259459910467365
12553 1.0715836162801904
12558 7.333898251950181
12660 4.071330023981388
12669 8.867120569578129
12707 4.455650035569873
12729 6.305362461690656
12853 1.152070867192877
12856 5.052599493195288
12960 3.1918471524802814
12976 3.9539872045271784
13094 3.1918471524802814
13106 2.335070548138534
13197 6.569875151092587
13261 6.305362461690656
13303 5.206750173022546
13440 1.4770487243883548
13484 5.052599493195288
13565 3.975748696308691
13624 4.165296298194385
13681 2.498699971920336
13684 6.305362461690656
13689 6.9985096422506015
13761 2.6040604875781623
13795 10.772468896745096
13800 5.8998973535824915
13840 5.612215281130711
13921 6.534684229936693
13922 3.7972864288528054
13936 3.3349479961209547
14206 6.305362461690656
14237 -2.7889933932166397
14267 -0.3823693933135151
14352 0.9464204733261844
14381 0.2288676653980985
14431 1.034930298632155
14459 6.9985096422506015
14482 4.22592092001082
14523 2.8553749158590684
14644 3.597312260588446
14754 3.8204558119026557
15097 3.6312138122641273
15155 0.6904112007410705
15162 6.9985096422506015
15169 2.335070548138534
15278 2.465910149097345
15330 5.612215281130711
15332 -7.761558650728101
15424 1.8111238364098463
15435 2.750014400201242
15458 5.617709800448351
15468 1.1549652252192415
15476 4.600614369452231
15597 3.5327737394508745
15629 5.389071729816501
15672 0.7275212103923018
15699 5.389071729816501
15718 4.108137884354437
