158
77 10.413500346045092
209 1.7001922757025645
241 1.6902419448493964
282 6.9985096422506015
356 2.591790394986348
526 6.9985096422506015
717 2.8396265588909295
747 4.8012850649143815
760 4.513602992462601
764 3.502002080784121
769 3.9539872045271784
771 4.513602992462601
879 3.666305132075397
892 6.9985096422506015
927 2.0785287164224764
1379 0.5370414658968836
1852 13.300680854367194
1884 1.9486536350010641
1938 2.66777630196427
2221 15.141088643492397
2434 4.827084327160058
2567 5.145917740537838
2796 2.335070548138534
2920 0.6795415285041667
2935 0.6320391945191633
3305 5.206750173022546
3386 2.6290617897835795
3598 1.1666271649670843
3614 1.4378280112350734
3678 12.02469064357896
3738 4.05407066308416
3820 1.7890234894091803
3957 4.695924549256556
3982 1.0769312226067855
4070 2.2137308608496604
4153 6.9985096422506015
4202 4.05407066308416
4205 3.666305132075397
4307 14.12061186177482
4576 2.085854756514549
4711 3.8592108800607394
4750 0.33155284982139466
4838 2.9461134062376346
4852 2.517433460142734
4859 5.389071729816501
4964 2.255852493852592
5061 11.224430562261421
5083 1.5735596247691985
5156 2.211017899468555
5263 4.22592092001082
5630 0.23830767558032406
5752 3.9539872045271784
5801 5.8998973535824915
5828 10.27077137362915
5888 5.206750173022546
5889 2.4033897921160112
5983 1.9878743481543455
5987 4.433560284789064
6020 3.9074671888922854
6149 5.8998973535824915
6170 4.359452312635343
6483 6.9985096422506015
6548 2.0785287164224764
6675 2.5098732725184614
6776 1.942263836902293
6898 4.324455470598246
7104 -5.307903333210337
7197 1.730651483187273
7321 6.775183459212753
7344 3.2650672544574997
7813 1.0145733615634107
7832 6.094531847338348
7838 2.1081605140288473
7892 1.5517722705842913
8182 5.362043057428582
8256 1.6803896484063847
8315 2.764403137653342
8356 4.165296298194385
8631 6.9985096422506015
8660 1.675499663112193
8708 8.886340474715361
8880 3.34126694692204
9115 3.047265923669174
9154 2.465910149097345
9211 17.510010403920603
9268 11.224430562261421
9372 2.3256808077886952
9393 1.060973437168175
9458 7.262427624528255
9599 5.612215281130711
9709 2.164615159286332
9733 2.1700132732246624
10076 2.750014400201242
10231 3.2373095265570386
10393 1.9746291214043248
10422 1.4175881426832082
10443 2.4876501357337513
10872 16.048820958982397
10874 13.078356937906028
11032 1.087712998210074
11034 1.5958322603783217
11066 4.05407066308416
11089 6.929791351315449
11116 24.841872991236823
11266 2.9041650800285006
11270 4.05407066308416
11305 2.0640357091199095
11524 1.5178707189086098
11570 2.3867493466682252
11580 2.5441623459970937
11625 5.8289843883687
11952 3.1916645207566434
11969 1.5164675941596633
12001 2.5676928434072877
12034 3.7296062085874135
12051 7.1290448755309095
12248 16.804617412621077
12283 2.6040604875781623
12321 3.4431615807611875
12337 4.22592092001082
12772 3.773043707788116
12773 1.7652350335351346
13001 1.4730567031188173
13080 0.8123010183501074
13208 2.6230685718215625
13409 5.389071729816501
13432 3.7796338173824005
13493 14.757204301712296
13538 3.414990703794491
13575 4.165296298194385
13705 5.052599493195288
13891 0.6065925288579992
13919 7.194624521176892
14135 2.3541187431092285
14174 1.7945029551738059
14237 -0.6972483483041599
14284 6.305362461690656
14329 6.9985096422506015
14352 1.8928409466523688
14381 0.6866029961942954
14463 1.67063347346102
14527 5.876133263408364
14656 2.2811529755342836
14723 5.052599493195288
14808 14.087773647769666
15247 4.997399943840672
15306 0.7199882180847567
15308 6.9985096422506015
15313 11.502631663596828
15332 -4.656935190436861
15468 2.309930450438483
15471 2.08218251948586
15576 6.019051191372654
15592 5.74275051441102
15595 2.6641659082763383
15650 2.130975191795019
15739 6.9985096422506015
15771 0.04619142958929879
