64
389 1.6419233675785887
710 2.8553749158590684
1942 0.845776947546497
2036 1.9486536350010641
2271 0.34178311807220957
2388 4.8012850649143815
2450 -0.6108568957036107
2594 3.5645224377654547
2595 2.5211728277723946
2631 0.6387659917280152
3068 2.6920409239639014
3215 0.589980851191103
3804 2.750014400201242
3896 1.403798262648762
3995 1.751485570090115
4145 2.008077055471865
4158 0.061200880897434085
4208 3.044092180638181
4914 1.4339892349279078
4976 2.288979440938267
5905 3.567147769283231
6233 3.1918471524802814
6754 1.2024518914852294
7104 -0.6634879166512921
7215 2.344549292093078
7363 3.2849375755462935
7965 1.886521853894058
8263 3.414990703794491
8439 0.4690908039883759
8582 2.7562175530669024
8856 2.3163784151263815
9346 2.498699971920336
9537 0.6546292081242703
10076 2.750014400201242
10294 2.70805020110221
10329 -0.21009069570959765
10503 2.413542163580029
10867 1.4533321977710387
11050 3.9539872045271784
11148 1.1784267118982394
11894 1.5178707189086098
12022 0.8081923650016455
12460 0.7332084295128914
12554 1.6609715625492831
12708 1.5958322603783217
12931 4.919068100570765
13001 1.4730567031188173
13501 2.5211728277723946
13720 3.666305132075397
13887 4.433560284789064
14134 5.8998973535824915
14196 0.8373023205555247
14416 0.7739512129752414
14463 1.67063347346102
14805 4.22592092001082
15037 2.3163784151263815
15050 5.052599493195288
15057 1.152070867192877
15195 3.0282177286984795
15332 -1.5523117301456202
15351 3.5645224377654547
15587 1.2947271675944
15709 2.1863252868781835
15783 0.48083836933832624
