206
592 2.4446327506500602
1018 3.7796338173824005
1272 6.305362461690656
1686 1.1549652252192415
1836 5.065203047192035
2019 2.344549292093078
2021 2.70805020110221
2159 3.502002080784121
2258 2.87137525720551
2261 4.919068100570765
2288 3.7796338173824005
2357 1.1873686492739008
2450 -1.2217137914072214
2519 1.6902419448493964
2577 3.5327737394508745
2591 3.8630154263214513
2810 3.597312260588446
2940 6.511486456491753
3052 3.2373095265570386
3296 3.597312260588446
3395 4.695924549256556
3489 1.942263836902293
3578 0.6015799870344548
3614 1.4378280112350734
3774 1.7255100836868542
3946 6.829981407588982
3982 3.2307936678203566
3985 2.5098732725184614
3995 3.50297114018023
4006 10.61881688158767
4070 1.1068654304248302
4086 4.22592092001082
4114 1.3890378470656415
4186 3.8204558119026557
4284 3.9074671888922854
4325 3.21432000833234
4522 0.5207142953092883
4531 2.681021528714291
4695 2.87137525720551
4750 0.6631056996427893
4838 1.4730567031188173
4865 3.0282177286984795
4871 2.4876501357337513
4882 2.130975191795019
4909 1.4690805547391779
4956 4.827084327160058
5012 4.108137884354437
5060 6.9985096422506015
5083 1.5735596247691985
5103 6.829981407588982
5116 1.961557039836972
5284 3.5645224377654547
5392 2.130975191795019
5431 4.22592092001082
5533 3.7026727762462723
5630 0.8340768645311343
5687 2.0785287164224764
5830 4.05407066308416
5861 5.500028800402484
5871 5.206750173022546
6053 8.718904625270685
6088 1.2146844599208637
6216 4.786678912525019
6250 1.7727629685373998
6335 2.476721065201561
6337 3.2373095265570386
6402 4.2337829515510546
6433 1.5462068723802074
6447 1.2880826248757316
6467 2.2535775138873513
6488 3.0666840095262753
6525 6.296724081081085
6583 3.4517790046754495
6660 2.7938170228596353
6739 16.140145794615123
6751 2.5441623459970937
6754 2.4049037829704587
6786 3.7026727762462723
6908 1.0061308387793944
7025 1.0095482253607377
7051 12.717082643709613
7104 -0.6634879166512921
7170 1.6186122887101415
7344 1.6325336272287498
7397 2.87137525720551
7411 4.8012850649143815
7578 0.5215372793609184
8120 4.165296298194385
8123 1.6609715625492831
8262 2.0712559570933964
8439 0.4690908039883759
8677 3.5645224377654547
8710 3.3072226782563283
8749 3.0666840095262753
8978 1.6140145794615122
9060 4.600614369452231
9110 4.071330023981388
9346 2.498699971920336
9365 2.9945028634117485
9393 1.060973437168175
9428 4.997399943840672
9537 0.6546292081242703
9559 -0.08319894385497392
9589 1.3115342859107813
9765 5.350721653924847
9811 3.9074671888922854
9895 4.577958881876534
9970 0.9675939027561428
10114 1.3014161557451966
10302 2.6290617897835795
10329 -0.21009069570959765
10422 0.7087940713416041
10447 1.829844710114914
10473 1.7781538171722764
10487 1.981229805435677
10491 3.086486636822455
10517 16.764400846803056
10522 2.9911764570181303
10570 6.9985096422506015
10619 5.206750173022546
10621 5.206750173022546
10751 5.5576631577733755
10753 2.7790019370744945
10868 -0.37072214562370276
11102 0.6652300141109108
11110 0.8102455191680114
11140 4.30864511158402
11218 2.288084739171642
11299 -1.5635482855978138
11304 2.410992067732915
11334 1.994563336305142
11344 6.296724081081085
11353 2.8088549002241754
11481 1.6186122887101415
11484 3.6312138122641273
11491 1.8745456628473423
11522 2.555858385760285
11580 5.088324691994187
11677 1.7255100836868542
11809 4.165296298194385
11939 2.681021528714291
11961 3.3096301881366648
11962 4.695924549256556
11969 0.7582337970798316
11999 4.8012850649143815
12022 0.40409618250082274
12028 2.591790394986348
12034 0.9324015521468534
12057 4.20133968459938
12075 2.938066631704182
12093 1.6803896484063847
12122 1.1963912668735384
12143 4.165296298194385
12228 6.094531847338348
12254 2.335070548138534
12357 2.1701959049483
12383 1.2523064517104479
12543 3.5645224377654547
12550 4.290459441148391
12595 2.344549292093078
12598 2.5098732725184614
12717 1.1998294154307871
12736 3.414990703794491
12833 0.9630282097258448
12968 3.047265923669174
12972 2.8553749158590684
13029 4.982914687647849
13189 1.8745456628473423
13209 3.6312138122641273
13272 5.558003874148989
13289 1.7410142702228197
13553 -0.7409215198883841
13672 1.5262389685791264
13718 1.3425178314307487
13867 2.175425996420148
13891 1.8197775865739976
13918 2.8396265588909295
13961 4.00277736869661
13968 3.3349479961209547
13971 5.389071729816501
13986 3.47214911763444
14107 2.4237986637472186
14136 1.4810567457858934
14153 2.4876501357337513
14237 -0.6972483483041599
14309 1.5137127087599462
14352 5.678522839957107
14357 2.476721065201561
14422 2.1233123190494494
14435 2.3933394562625097
14893 4.359452312635343
14906 0.8027278807278994
14907 7.1290448755309095
14914 3.3096301881366648
14998 3.5645224377654547
15020 3.086486636822455
15037 2.3163784151263815
15241 1.7462362142039713
15242 6.829981407588982
15306 0.7199882180847567
15332 -9.313870380873722
15468 2.309930450438483
15538 3.8204558119026557
15604 2.1233123190494494
15771 0.023095714794649395
15828 1.0931477941960308
