339
108 4.359452312635343
178 5.8998973535824915
241 1.6902419448493964
302 3.430611827025225
389 1.6419233675785887
422 2.66777630196427
496 2.2800107709555064
500 2.1701959049483
521 1.8986432144264027
530 2.66777630196427
710 2.8553749158590684
730 4.59605855291637
817 4.695924549256556
927 2.0785287164224764
1060 0.24866762566620615
1062 2.591790394986348
1311 5.206750173022546
1516 4.359452312635343
1685 3.2373095265570386
1686 2.309930450438483
1690 2.455214859980597
1702 3.3609234825242154
1750 1.1068654304248302
1838 3.414990703794491
1839 2.093234863812172
1842 2.0286963426746007
1885 12.038102382745308
1938 2.66777630196427
1940 2.6944445490464313
1942 1.691553895092994
1954 2.750014400201242
2009 2.413542163580029
2025 4.165296298194385
2038 5.641547489501538
2051 2.66777630196427
2068 3.3609234825242154
2085 4.600614369452231
2167 13.33888150982135
2269 1.8686109273275278
2271 1.0253493542166288
2334 3.1758075187276433
2356 2.681021528714291
2388 4.8012850649143815
2424 2.219386149139072
2434 2.413542163580029
2450 -3.665141374221664
2458 4.324455470598246
2459 2.938066631704182
2498 6.9985096422506015
2519 1.6902419448493964
2575 4.22592092001082
2631 1.0646099862133587
2657 3.3609234825242154
2674 1.0272478024601386
2754 22.994563028824054
2874 3.047265923669174
2920 0.6795415285041667
3020 6.9985096422506015
3064 4.695924549256556
3068 4.038061385945852
3165 3.7796338173824005
3186 1.2880826248757316
3215 5.309827660719927
3223 2.5211728277723946
3717 3.8204558119026557
3804 2.750014400201242
3820 1.7890234894091803
3896 4.211394787946286
3910 5.612215281130711
3974 3.3875917296063767
3991 2.8088549002241754
4021 1.5054481989100525
4100 6.9985096422506015
4145 10.040385277359325
4158 0.3366048449358875
4172 3.414990703794491
4208 13.698414812871814
4214 4.93182029819469
4219 3.5135252543819178
4222 4.6513616155773905
4223 2.1863252868781835
4230 2.0149030205422647
4258 3.3096301881366648
4261 2.262311193856106
4262 3.1698682457615064
4286 4.261950383590038
4297 3.3096301881366648
4302 1.8000126109847754
4309 5.362043057428582
4319 4.099499503744866
4334 3.1698682457615064
4341 2.6547042203969173
4437 7.210169376348034
4472 3.7026727762462723
4507 2.298029276458185
4549 2.6418008155610093
4613 2.211017899468555
4625 1.8452180477528222
4642 4.00277736869661
4886 6.019051191372654
4912 1.9296054400303697
4914 1.4339892349279078
4915 5.8998973535824915
5046 4.47267141490569
5055 2.2278250177849364
5058 3.5327737394508745
5154 4.8892655013001205
5155 3.3096301881366648
5156 2.211017899468555
5307 2.9911764570181303
5484 1.8928409466523688
5518 1.5868635903955612
5539 1.7153059135126125
5563 3.1066893441399746
5680 1.5913378707904824
5705 4.695924549256556
5706 4.919068100570765
5721 4.22592092001082
5736 2.8088549002241754
5750 5.206750173022546
5850 6.094531847338348
5872 2.5441623459970937
5905 7.134295538566462
5933 5.910916748832102
5965 7.480826208458238
5993 0.8521803845817039
5999 2.5098732725184614
6064 2.138697237888929
6088 1.2146844599208637
6136 14.57246097092175
6158 4.910429719961194
6233 3.1918471524802814
6235 2.454137038241171
6265 4.600614369452231
6433 2.06160916317361
6557 22.038534283783797
6576 3.666305132075397
6583 1.7258895023377248
6614 3.009525595686327
6619 6.9985096422506015
6622 5.159338068908006
6657 2.138697237888929
6729 2.1944885975173447
6747 4.108137884354437
6748 6.9985096422506015
6751 5.088324691994187
6754 1.2024518914852294
6848 4.05407066308416
6872 1.3047775034479017
6971 7.194624521176892
7104 -3.980927499907753
7210 1.8568460857479414
7215 2.344549292093078
7240 4.359452312635343
7286 2.822521967700703
7363 3.2849375755462935
7401 1.886521853894058
7487 1.8167260919585162
7497 1.4028006446333317
7569 1.0170954309961207
7578 1.0430745587218369
7595 8.718904625270685
7597 4.372650573756367
7620 2.1863252868781835
7692 2.2449194511442365
7756 6.305362461690656
7781 5.208120975156325
7813 4.058293446253643
7892 1.5517722705842913
7941 3.740413104229119
7965 3.773043707788116
8007 5.7142783243315165
8032 4.597430613893916
8078 1.9359146092236343
8096 1.4533321977710387
8230 2.37353682896633
8263 6.829981407588982
8391 2.555858385760285
8401 3.8204558119026557
8405 3.3096301881366648
8425 4.695924549256556
8439 1.4072724119651276
8567 4.8012850649143815
8570 4.513602992462601
8582 4.134326329600354
8667 3.8630154263214513
8683 1.6803896484063847
8710 0.551203779709388
8780 4.22592092001082
8823 3.1066893441399746
8856 6.949135245379145
8869 4.356456153291129
8880 1.67063347346102
8886 1.3081501879265407
8906 6.094531847338348
8987 2.211017899468555
9069 3.260840023967233
9122 1.3744921360632627
9212 11.799794707164983
9344 4.359452312635343
9346 4.997399943840672
9393 2.12194687433635
9400 3.1273086313427103
9481 1.7727629685373998
9519 5.8998973535824915
9520 6.9985096422506015
9534 2.750014400201242
9537 2.618516832497081
9785 5.052599493195288
9990 1.1343571206342449
10015 3.5645224377654547
10055 3.009525595686327
10295 4.433560284789064
10306 2.15432255579201
10329 -1.260544174257586
10437 1.3672978604292356
10445 3.3875917296063767
10473 1.7781538171722764
10503 2.413542163580029
10648 5.612215281130711
10658 2.9041650800285006
10753 8.337005811223484
10759 3.0666840095262753
10867 5.813328791084155
10868 -0.18536107281185138
10888 6.305362461690656
10906 2.035665011990694
10909 2.7790019370744945
10945 4.919068100570765
10971 3.502002080784121
11023 1.2880826248757316
11032 2.175425996420148
11050 3.9539872045271784
11062 3.6312138122641273
11066 4.05407066308416
11089 1.1549652252192415
11148 2.356853423796479
11168 1.2781978656431896
11196 5.612215281130711
11236 3.5645224377654547
11287 2.0286963426746007
11299 -0.5211827618659379
11353 5.617709800448351
11379 4.085365169298681
11384 3.3609234825242154
11386 2.1157077196642304
11450 15.83617835699274
11461 2.146479378330984
11522 2.555858385760285
11570 2.3867493466682252
11894 1.5178707189086098
11908 1.5346778372249912
11967 4.290459441148391
11969 1.5164675941596633
11972 3.21432000833234
12022 0.40409618250082274
12043 4.997399943840672
12068 4.600614369452231
12111 3.989126672610284
12122 2.3927825337470767
12129 3.3349479961209547
12137 2.498699971920336
12460 0.7332084295128914
12477 2.476721065201561
12554 6.6438862501971325
12598 2.5098732725184614
12674 3.155949285956631
12708 4.787496781134966
12717 1.7997441231461808
12783 1.8986432144264027
12793 2.87137525720551
12826 2.5238746895428186
12853 1.152070867192877
12931 14.757204301712296
12946 1.7798435526592793
12976 3.9539872045271784
13071 3.086486636822455
13106 2.335070548138534
13108 2.2800107709555064
13208 1.3115342859107813
13302 4.359452312635343
13319 1.8055527913603908
13343 2.973157951515452
13384 2.0568672196412967
13390 2.236335707452845
13391 7.480826208458238
13392 8.293209412960024
13408 4.8012850649143815
13440 2.9540974487767095
13501 2.5211728277723946
13553 -0.37046075994419203
13565 1.9878743481543455
13596 3.502002080784121
13672 1.5262389685791264
13720 3.666305132075397
13845 2.001297368486486
13887 4.433560284789064
13930 6.800774864584277
14008 2.001297368486486
14072 3.3609234825242154
14078 2.5098732725184614
14104 1.710242611556066
14112 4.00277736869661
14115 2.973157951515452
14134 11.799794707164983
14195 1.7781538171722764
14196 1.6746046411110493
14198 3.047265923669174
14237 -6.275235134737439
14242 2.5326015235960173
14267 -0.3823693933135151
14308 2.0640357091199095
14313 1.6466515087745348
14352 1.8928409466523688
14463 1.67063347346102
14506 3.740413104229119
14523 2.8553749158590684
14612 2.1863252868781835
14620 2.15432255579201
14633 2.6547042203969173
14894 3.740413104229119
15037 4.632756830252763
15038 5.612215281130711
15057 3.456212601578631
15113 3.7796338173824005
15195 6.056435457396959
15259 1.3320829541381691
15332 -4.656935190436861
15341 1.5919482501253577
15413 2.556395731286379
15446 7.065547478901749
15570 2.7218435232345457
15587 2.5894543351888
15595 1.3320829541381691
15622 4.72756130804193
15672 2.1825636311769054
15709 2.1863252868781835
15783 1.4425151080149787
15786 5.389144141383222
