63
2291 3.5327737394508745
2354 4.290459441148391
2901 3.3349479961209547
2964 0.900435360084361
3598 1.1666271649670843
3612 3.1918471524802814
4009 5.206750173022546
4381 4.029806041084529
4405 1.3460204619819507
4417 3.1918471524802814
4537 2.039247754698959
4547 6.9985096422506015
4751 3.414990703794491
4806 3.6312138122641273
4878 1.3672978604292356
4938 3.4431615807611875
5020 3.21432000833234
5283 3.2849375755462935
5293 3.4431615807611875
5630 0.3574615133704861
6433 1.030804581586805
6721 2.383389125409342
7104 -1.3269758333025843
8710 0.551203779709388
9106 1.0850066366123312
9151 1.258716730071367
9154 2.465910149097345
9278 4.359452312635343
9559 -0.16639788770994784
9701 4.359452312635343
9733 1.0850066366123312
9738 6.9985096422506015
10255 6.9985096422506015
10447 3.0497411835248567
10749 1.1754637467675824
10805 7.332610264150794
11218 0.5720211847929105
11299 -0.5211827618659379
11304 1.2054960338664575
11453 2.727440078162703
11459 3.047265923669174
11766 6.305362461690656
12022 0.40409618250082274
12023 3.6312138122641273
12377 2.6920409239639014
12455 -1.076293329340201
12833 1.9260564194516896
13187 6.9985096422506015
14021 4.108137884354437
14022 6.305362461690656
14237 -1.3944966966083199
14267 -0.7647387866270302
14381 0.2288676653980985
14558 2.476721065201561
14601 4.433560284789064
14637 3.3349479961209547
15289 5.052599493195288
15293 5.8998973535824915
15306 0.7199882180847567
15604 2.1233123190494494
15655 7.907974409054357
15828 1.0931477941960308
15862 3.9074671888922854
