117
389 1.6419233675785887
530 2.66777630196427
1822 7.150167376228025
1885 6.019051191372654
1942 1.691553895092994
2038 7.522063319335384
2224 1.981229805435677
2258 2.87137525720551
2271 1.3671324722888383
2334 1.5879037593638217
2450 -3.0542844785180536
2631 0.21292199724267172
2920 2.0386245855125003
2964 0.900435360084361
3356 4.513602992462601
3374 1.9680717208581657
3505 4.00277736869661
3578 0.6015799870344548
3652 5.8998973535824915
3700 1.2947271675944
3982 1.0769312226067855
4076 3.4431615807611875
4158 0.061200880897434085
4172 3.414990703794491
4258 3.3096301881366648
4286 4.261950383590038
4437 2.4033897921160112
4467 4.22592092001082
4516 5.389071729816501
4522 0.2603571476546441
4765 1.4150133334689021
4846 2.021775899830027
5369 3.047265923669174
5517 1.6232312345664361
5678 4.695924549256556
5905 1.7835738846416156
6136 4.371738291276525
6205 2.955458374416051
6240 5.389071729816501
6609 6.383694304960563
6657 2.138697237888929
6742 4.600614369452231
6872 1.3047775034479017
6908 0.33537694625979814
6970 2.1863252868781835
7028 2.764403137653342
7104 -1.9904637499538764
7274 3.0666840095262753
7401 3.773043707788116
7462 1.942263836902293
7497 1.4028006446333317
7534 1.242767428663689
7578 1.0430745587218369
7838 2.1081605140288473
7892 3.1035445411685827
8007 1.904759441443839
8032 3.5757793663619353
8256 3.3607792968127694
8708 1.4810567457858934
8723 1.5262389685791264
8788 4.292958756661968
9122 1.3744921360632627
9428 2.498699971920336
9552 9.391849098513111
9786 3.1483620405405426
9817 2.6366740664670676
9876 2.6944445490464313
9970 0.4837969513780714
9990 0.5671785603171224
10008 2.0568672196412967
10329 -0.8403627828383906
10331 4.600614369452231
10422 0.7087940713416041
10749 2.3509274935351647
11148 1.1784267118982394
11299 -0.5211827618659379
11400 3.5327737394508745
11443 3.260840023967233
11591 2.7218435232345457
12022 0.40409618250082274
12447 2.8396265588909295
12455 -0.2152586658680402
12460 0.7332084295128914
12477 2.476721065201561
12708 1.5958322603783217
12717 0.5999147077153936
12783 1.8986432144264027
12896 6.474619053114077
12946 0.5932811842197597
13353 1.961557039836972
13364 5.052599493195288
13508 1.7255100836868542
13553 -0.7409215198883841
13930 2.7203099458337108
14044 1.4611753752320646
14076 5.8998973535824915
14166 4.108137884354437
14196 0.8373023205555247
14237 -1.3944966966083199
14267 -0.3823693933135151
14313 1.6466515087745348
14416 0.7739512129752414
14455 1.637217476541176
14504 3.9539872045271784
14633 2.6547042203969173
14906 0.4013639403639497
15155 1.380822401482141
15259 1.3320829541381691
15332 -1.5523117301456202
15363 2.555858385760285
15471 0.6940608398286201
15622 4.72756130804193
15685 0.8716404581364162
15694 2.938066631704182
15783 0.9616767386766525
15786 6.28733483161376
15794 2.5676928434072877
