35
2019 2.344549292093078
2450 -0.6108568957036107
3168 2.824122372354964
3374 1.9680717208581657
3578 0.6015799870344548
3610 6.569875151092587
4158 0.030600440448717042
5596 3.5645224377654547
5934 2.8876357780772897
6515 6.9985096422506015
6803 6.9985096422506015
6856 3.2849375755462935
8060 3.9539872045271784
8928 1.3355491621146554
8946 2.7218435232345457
9106 1.0850066366123312
9238 3.47214911763444
10749 1.1754637467675824
10867 4.359996593313117
11032 2.175425996420148
11044 3.9074671888922854
12341 2.8088549002241754
12946 0.5932811842197597
12988 6.9985096422506015
13121 5.389071729816501
13837 3.666305132075397
14196 0.8373023205555247
14237 -0.6972483483041599
14267 -0.3823693933135151
14416 0.7739512129752414
14556 2.8876357780772897
14612 2.1863252868781835
15326 3.2373095265570386
15332 -3.1046234602912404
15471 0.6940608398286201
