29
2450 -0.6108568957036107
2615 6.305362461690656
2935 0.6320391945191633
3356 4.513602992462601
3374 1.9680717208581657
4076 3.4431615807611875
4158 0.061200880897434085
4765 1.4150133334689021
6136 1.457246097092175
6609 3.1918471524802814
6908 0.33537694625979814
7462 1.942263836902293
7497 0.7014003223166658
8007 1.904759441443839
8032 1.5324768712979722
8664 2.7938170228596353
9110 2.035665011990694
10979 3.1066893441399746
12137 2.498699971920336
13681 2.498699971920336
14237 -2.7889933932166397
14416 0.7739512129752414
14455 1.637217476541176
15057 1.152070867192877
15121 3.1737271807911225
15363 2.555858385760285
15622 2.363780654020965
15783 0.48083836933832624
15786 0.8981906902305371
