255
373 2.750014400201242
534 4.433560284789064
690 4.22592092001082
695 2.9911764570181303
717 2.8396265588909295
744 3.3875917296063767
761 5.612215281130711
764 3.502002080784121
769 7.907974409054357
771 4.513602992462601
906 8.10814132616832
922 5.8998973535824915
927 2.0785287164224764
1060 0.43516834491586076
1062 2.591790394986348
1125 6.305362461690656
1356 2.363780654020965
1362 6.305362461690656
1379 1.6111243976906509
1498 3.7796338173824005
1517 5.612215281130711
1657 5.612215281130711
1691 4.108137884354437
1750 1.1068654304248302
1765 5.052599493195288
1884 1.9486536350010641
1938 2.66777630196427
1986 2.4237986637472186
2044 6.9985096422506015
2201 2.035665011990694
2351 1.5647876386963615
2434 4.827084327160058
2450 -1.2217137914072214
2525 6.9985096422506015
2567 13.7224473081009
2690 3.1483620405405426
2796 2.335070548138534
2906 6.9985096422506015
2910 3.740413104229119
2935 1.2640783890383267
2964 1.800870720168722
3090 3.047265923669174
3189 3.5645224377654547
3469 5.389071729816501
3490 4.108137884354437
3528 5.612215281130711
3598 4.666508659868337
3614 2.875656022470147
3678 20.041151072631603
3679 5.206750173022546
3737 1.8055527913603908
3982 1.0769312226067855
4174 3.3875917296063767
4191 12.32441365306331
4195 4.919068100570765
4222 2.3256808077886952
4314 2.764403137653342
4433 5.389071729816501
4536 2.70805020110221
4576 4.171709513029098
4584 5.8998973535824915
4750 0.33155284982139466
4838 4.419170109356452
4852 3.7761501902141013
4869 4.8012850649143815
4878 1.3672978604292356
4882 2.130975191795019
4906 3.9074671888922854
4964 2.255852493852592
5083 4.720678874307596
5116 1.961557039836972
5208 2.5676928434072877
5316 2.236335707452845
5339 1.1784267118982394
5357 6.9985096422506015
5421 3.8630154263214513
5484 0.9464204733261844
5630 0.5957691889508101
5828 2.5676928434072877
5981 2.8553749158590684
5986 3.3609234825242154
6062 12.610724923381312
6088 1.2146844599208637
6156 1.8000126109847754
6223 2.8088549002241754
6387 2.9911764570181303
6402 1.4112609838503516
6583 2.588834253506587
6640 3.7026727762462723
6729 2.1944885975173447
6754 1.2024518914852294
6889 5.612215281130711
6898 2.162227735299123
6919 4.267681617312855
6970 2.1863252868781835
7050 5.8998973535824915
7104 -3.980927499907753
7170 1.6186122887101415
7215 2.344549292093078
7281 3.2373095265570386
7286 1.4112609838503516
7482 1.8055527913603908
7483 5.8998973535824915
7527 2.681021528714291
7578 0.5215372793609184
7597 4.372650573756367
7650 10.540802570144237
7679 5.8998973535824915
7802 5.8998973535824915
7892 1.5517722705842913
8096 2.9066643955420775
8182 2.681021528714291
8256 3.3607792968127694
8257 5.206750173022546
8356 4.165296298194385
8431 4.695924549256556
8650 6.6192603762733295
8660 5.026498989336579
8670 5.206750173022546
8695 1.9550845253313545
8736 1.1933746733341126
8880 1.67063347346102
8886 2.6163003758530814
8908 3.6312138122641273
8987 2.211017899468555
9008 4.695924549256556
9151 2.517433460142734
9170 0.6116303228879563
9211 3.502002080784121
9268 5.612215281130711
9372 2.3256808077886952
9373 6.9985096422506015
9391 2.735829765209286
9393 1.060973437168175
9599 5.612215281130711
9645 2.021775899830027
9709 2.164615159286332
9911 4.165296298194385
9970 0.4837969513780714
10008 2.0568672196412967
10030 2.413542163580029
10055 3.009525595686327
10081 6.305362461690656
10231 3.2373095265570386
10233 3.4431615807611875
10306 2.15432255579201
10325 1.8925641683500207
10326 1.5692307766395337
10422 1.4175881426832082
10443 2.4876501357337513
10483 6.305362461690656
10552 4.22592092001082
10636 3.9539872045271784
10749 1.1754637467675824
10751 1.5879037593638217
10868 -0.7414442912474055
10872 4.814646287694719
10874 4.359452312635343
10895 4.290459441148391
10973 2.7938170228596353
11012 4.919068100570765
11032 1.087712998210074
11034 3.1916645207566434
11066 4.05407066308416
11089 1.1549652252192415
11110 0.8102455191680114
11114 3.047265923669174
11116 7.643653228072869
11119 5.612215281130711
11140 2.15432255579201
11165 2.1863252868781835
11192 5.052599493195288
11225 6.305362461690656
11416 2.1782280766455644
11485 3.3875917296063767
11524 3.0357414378172196
11625 1.457246097092175
11677 1.7255100836868542
11754 3.1918471524802814
11781 2.591790394986348
11836 2.37353682896633
11984 2.4237986637472186
12017 4.165296298194385
12034 1.8648031042937068
12075 2.938066631704182
12111 1.994563336305142
12283 10.41624195031265
12321 3.4431615807611875
12383 1.2523064517104479
12457 3.2373095265570386
12679 1.5958322603783217
12759 4.22592092001082
12772 1.886521853894058
12773 3.530470067070269
12823 1.034930298632155
12878 3.5327737394508745
12896 3.2373095265570386
13001 2.9461134062376346
13045 5.659565561682174
13052 3.260840023967233
13080 1.6246020367002147
13191 4.513602992462601
13208 1.3115342859107813
13220 3.2849375755462935
13312 2.955458374416051
13314 2.0286963426746007
13319 1.8055527913603908
13463 5.8998973535824915
13483 6.9985096422506015
13491 2.288979440938267
13527 2.049749751872433
13538 3.414990703794491
13570 6.305362461690656
13575 4.165296298194385
13638 6.305362461690656
13670 2.6164830075767194
13672 1.5262389685791264
13680 2.2449194511442365
13767 2.6547042203969173
13772 5.206750173022546
13836 9.83813620114153
13891 1.2131850577159984
14044 2.9223507504641293
14069 6.9985096422506015
14103 4.05407066308416
14237 -1.3944966966083199
14267 -0.3823693933135151
14365 3.8630154263214513
14431 1.034930298632155
14458 6.9985096422506015
14656 1.1405764877671418
14717 4.695924549256556
15097 3.6312138122641273
15155 0.6904112007410705
15306 4.31992930850854
15313 3.834210554532276
15332 -4.656935190436861
15341 0.7959741250626788
15348 2.10066984229969
15358 2.579669034454003
15413 1.2781978656431896
15464 26.945358649082504
15471 0.6940608398286201
15472 2.735829765209286
15515 3.666305132075397
15576 6.019051191372654
15592 5.74275051441102
15595 1.3320829541381691
15651 1.1377234187847354
15669 2.162227735299123
15672 0.7275212103923018
15677 1.5779746429783155
15708 2.9911764570181303
15762 3.9074671888922854
15771 0.04619142958929879
