182
3 3.0666840095262753
12 4.8012850649143815
45 4.8012850649143815
302 1.7153059135126125
389 1.6419233675785887
592 2.4446327506500602
666 3.260840023967233
667 6.9985096422506015
695 2.9911764570181303
710 2.8553749158590684
730 4.59605855291637
787 2.035665011990694
817 4.695924549256556
978 2.298029276458185
1062 2.591790394986348
1359 6.305362461690656
1842 6.086089028023802
1942 5.074661685278982
2235 3.2849375755462935
2450 -1.2217137914072214
2484 1.3149298749119196
2509 6.305362461690656
2538 1.422560539104285
2631 0.6387659917280152
2791 11.799794707164983
2883 9.83813620114153
2920 0.6795415285041667
3062 2.8396265588909295
3168 19.76885660648475
3186 1.2880826248757316
3215 0.589980851191103
3449 0.9823524825522477
3454 6.94429823526888
3492 6.305362461690656
3578 0.6015799870344548
3665 4.359452312635343
3910 5.612215281130711
4096 3.3609234825242154
4114 1.3890378470656415
4158 0.4284061662820386
4159 10.413500346045092
4208 1.5220460903190904
4217 3.3096301881366648
4302 1.8000126109847754
4333 1.4651201535230811
4407 6.829981407588982
4487 3.1066893441399746
4608 1.4075226617397445
4619 3.2849375755462935
4750 0.33155284982139466
4765 2.8300266669378042
4876 2.2449194511442365
4881 5.587634045719271
5040 2.875656022470147
5058 3.5327737394508745
5396 4.05407066308416
5458 5.206750173022546
5713 4.359452312635343
5852 2.4876501357337513
5973 2.9540974487767095
5993 1.7043607691634077
6158 7.365644579941792
6223 2.8088549002241754
6376 3.0666840095262753
6583 1.7258895023377248
6984 3.7796338173824005
7072 7.794614540004257
7104 -3.980927499907753
7210 1.8568460857479414
7243 6.9985096422506015
7325 2.8088549002241754
7401 1.886521853894058
7487 1.8167260919585162
7494 17.699692060747473
7497 1.4028006446333317
7569 1.0170954309961207
7595 8.718904625270685
7597 6.5589758606345505
7620 2.1863252868781835
7896 5.8998973535824915
7904 2.211017899468555
7968 3.047265923669174
8060 3.9539872045271784
8242 2.035665011990694
8439 0.4690908039883759
8664 2.7938170228596353
8736 1.1933746733341126
8822 13.680064625733038
8896 2.938066631704182
9106 1.0850066366123312
9110 2.035665011990694
9164 7.194624521176892
9209 6.9985096422506015
9238 20.832894705806638
9239 6.305362461690656
9429 3.3609234825242154
9486 5.8998973535824915
9519 5.8998973535824915
9522 6.305362461690656
9537 0.6546292081242703
9554 2.543323789326808
9640 2.8088549002241754
9709 2.164615159286332
9873 5.8998973535824915
9986 2.0568672196412967
9990 5.671785603171225
10055 3.009525595686327
10151 6.9985096422506015
10194 2.455214859980597
10196 7.563518483317184
10209 4.290459441148391
10210 2.9911764570181303
10258 1.8000126109847754
10306 2.15432255579201
10329 -0.630272087128793
10331 4.600614369452231
10339 6.305362461690656
10341 3.1698682457615064
10393 1.9746291214043248
10437 1.3672978604292356
10508 6.305362461690656
10537 5.206750173022546
10636 3.9539872045271784
10763 5.206750173022546
10903 2.476721065201561
11032 1.087712998210074
11148 3.5352801356947183
11386 2.1157077196642304
11894 1.5178707189086098
11969 1.5164675941596633
12006 5.910916748832102
12081 2.363780654020965
12122 1.1963912668735384
12196 4.165296298194385
12216 2.87137525720551
12460 0.7332084295128914
12598 2.5098732725184614
12666 6.9985096422506015
12826 1.2619373447714093
12882 5.206750173022546
12946 1.7798435526592793
12949 4.919068100570765
12953 4.919068100570765
13008 5.389071729816501
13029 1.6609715625492831
13045 1.886521853894058
13080 1.6246020367002147
13202 3.6312138122641273
13208 2.6230685718215625
13222 6.829981407588982
13386 5.206750173022546
13440 1.4770487243883548
13443 3.502002080784121
13508 1.7255100836868542
13553 -0.7409215198883841
13568 6.9985096422506015
13572 1.8745456628473423
13679 5.8998973535824915
13799 5.389071729816501
13867 1.087712998210074
14064 7.405345552492545
14196 0.8373023205555247
14381 0.2288676653980985
14431 1.034930298632155
14441 5.052599493195288
14473 3.2849375755462935
14504 3.9539872045271784
14556 8.66290733423187
14612 4.372650573756367
14779 4.290459441148391
14832 4.600614369452231
14906 1.204091821091849
15057 2.304141734385754
15247 2.498699971920336
15332 -4.656935190436861
15424 5.433371509229539
15471 0.6940608398286201
15570 2.7218435232345457
15613 4.108137884354437
15672 1.4550424207846036
15709 2.1863252868781835
15783 0.9616767386766525
