415
19 4.165296298194385
57 3.7796338173824005
194 2.3099959159782544
209 1.7001922757025645
356 2.591790394986348
365 3.414990703794491
389 1.6419233675785887
391 4.513602992462601
473 3.1273086313427103
568 6.9985096422506015
607 2.5211728277723946
609 6.9985096422506015
744 3.3875917296063767
800 2.434161450782765
813 6.305362461690656
848 3.7796338173824005
874 3.2849375755462935
937 4.433560284789064
953 6.9985096422506015
1028 6.9985096422506015
1060 0.12433381283310307
1067 6.9985096422506015
1133 6.9985096422506015
1139 6.305362461690656
1171 2.9209721983448818
1372 5.389071729816501
1402 6.9985096422506015
1404 1.3708885285599641
1489 5.612215281130711
1623 5.8998973535824915
1648 4.600614369452231
1750 1.1068654304248302
1782 5.443687046469091
1830 3.1066893441399746
1839 2.093234863812172
1893 5.270287881572877
1896 7.134295538566462
1942 2.537330842639491
2006 3.5645224377654547
2009 2.413542163580029
2019 2.344549292093078
2036 1.9486536350010641
2038 1.880515829833846
2103 2.4446327506500602
2191 3.086486636822455
2269 1.8686109273275278
2271 2.392481826505467
2314 10.778143459633002
2333 4.8012850649143815
2334 0.7939518796819108
2351 1.5647876386963615
2358 3.1273086313427103
2450 -3.0542844785180536
2452 8.712912306582258
2459 2.938066631704182
2534 3.2373095265570386
2607 5.052599493195288
2631 1.7033759779413737
2690 3.1483620405405426
2704 6.305362461690656
2755 6.521680047934466
2862 1.4690805547391779
2920 0.6795415285041667
2935 0.6320391945191633
2940 1.6278716141229383
2964 0.900435360084361
2977 3.47214911763444
3048 2.5098732725184614
3063 5.389071729816501
3064 4.695924549256556
3068 1.3460204619819507
3120 3.2097641917964794
3186 12.880826248757316
3188 6.9985096422506015
3215 4.129865958337721
3223 5.042345655544789
3246 6.9985096422506015
3382 4.433560284789064
3384 6.9985096422506015
3448 9.38192589402813
3449 1.9647049651044954
3482 3.3096301881366648
3530 11.799794707164983
3539 6.9985096422506015
3553 5.612215281130711
3578 1.8047399611033645
3585 6.9985096422506015
3632 3.47214911763444
3685 9.027205984925201
3690 2.9945028634117485
3723 4.22592092001082
3737 1.8055527913603908
3739 4.00277736869661
3801 6.9985096422506015
3814 2.236335707452845
3818 4.05407066308416
3840 1.2980660688599148
3898 3.047265923669174
3981 3.3609234825242154
4075 3.597312260588446
4093 5.612215281130711
4117 4.513602992462601
4158 0.3978057258333215
4174 3.3875917296063767
4261 4.524622387712212
4281 4.695924549256556
4285 4.919068100570765
4286 2.130975191795019
4310 4.290459441148391
4319 2.049749751872433
4385 3.1273086313427103
4398 3.9539872045271784
4405 1.3460204619819507
4497 5.052599493195288
4522 0.5207142953092883
4549 2.6418008155610093
4566 3.597312260588446
4638 6.305362461690656
4679 4.919068100570765
4686 4.108137884354437
4750 0.33155284982139466
4815 2.7218435232345457
4818 3.8204558119026557
4846 2.021775899830027
4857 2.0712559570933964
4899 3.0666840095262753
5014 4.708237486218457
5020 3.21432000833234
5039 5.471659530418572
5040 2.875656022470147
5067 2.2278250177849364
5083 1.5735596247691985
5119 2.3933394562625097
5154 7.333898251950181
5208 2.5676928434072877
5396 4.05407066308416
5419 3.8630154263214513
5427 4.290459441148391
5439 3.7796338173824005
5487 6.305362461690656
5533 3.7026727762462723
5666 3.47214911763444
5731 2.8876357780772897
5774 5.612215281130711
5779 3.21432000833234
5810 4.513602992462601
5899 4.695924549256556
5901 2.455214859980597
5902 4.05407066308416
5933 2.955458374416051
5965 3.740413104229119
5983 1.9878743481543455
5993 2.5565411537451115
6083 3.3349479961209547
6112 5.052599493195288
6136 2.91449219418435
6151 1.4075226617397445
6158 2.455214859980597
6198 9.201228738904462
6233 3.1918471524802814
6235 1.2270685191205855
6258 6.305362461690656
6277 29.581446440075737
6280 19.205140259657526
6323 4.600614369452231
6364 3.260840023967233
6397 5.052599493195288
6433 1.5462068723802074
6444 6.305362461690656
6471 6.305362461690656
6476 4.600614369452231
6505 5.052599493195288
6576 3.666305132075397
6583 0.8629447511688624
6614 3.009525595686327
6655 6.9985096422506015
6729 2.1944885975173447
6870 6.9985096422506015
6895 6.9985096422506015
6971 3.597312260588446
6998 4.8012850649143815
7025 1.0095482253607377
7053 3.9074671888922854
7104 -3.980927499907753
7117 6.9985096422506015
7140 6.9985096422506015
7143 5.8998973535824915
7157 3.8630154263214513
7197 1.730651483187273
7261 6.305362461690656
7325 2.8088549002241754
7401 1.886521853894058
7424 3.3609234825242154
7497 0.7014003223166658
7539 4.600614369452231
7569 1.0170954309961207
7573 43.21156558422943
7578 2.0861491174436737
7620 4.372650573756367
7624 4.433560284789064
7690 6.42864001666468
7692 2.2449194511442365
7693 4.600614369452231
7743 5.052599493195288
7805 4.600614369452231
7826 3.1273086313427103
7901 6.305362461690656
7904 2.211017899468555
7938 4.695924549256556
7941 3.740413104229119
7965 1.886521853894058
8032 2.043302495063963
8082 3.47214911763444
8090 2.236335707452845
8230 2.37353682896633
8439 0.9381816079767518
8582 1.3781087765334512
8596 6.305362461690656
8645 3.5327737394508745
8745 2.5441623459970937
8821 5.612215281130711
8823 3.1066893441399746
8856 2.3163784151263815
8869 2.1782280766455644
8877 6.9985096422506015
8880 1.67063347346102
8890 2.2800107709555064
8928 2.6710983242293107
9087 5.8998973535824915
9106 1.0850066366123312
9110 2.035665011990694
9122 1.3744921360632627
9212 5.8998973535824915
9230 3.3096301881366648
9393 4.2438937486727
9496 5.612215281130711
9602 2.2800107709555064
9667 3.7796338173824005
9675 4.108137884354437
9686 3.6312138122641273
9689 5.612215281130711
9733 2.1700132732246624
9798 9.50960473728452
9895 2.288979440938267
9896 6.305362461690656
9962 6.9985096422506015
9990 1.1343571206342449
10029 2.4237986637472186
10222 6.305362461690656
10261 3.9539872045271784
10302 2.6290617897835795
10329 -1.260544174257586
10422 0.7087940713416041
10432 5.052599493195288
10491 3.086486636822455
10503 2.413542163580029
10528 16.167215189449504
10561 1.6003469407328483
10600 4.919068100570765
10629 3.7026727762462723
10647 3.5327737394508745
10790 5.206750173022546
10857 5.052599493195288
10859 3.086486636822455
10868 -0.18536107281185138
10875 5.612215281130711
11027 2.556395731286379
11032 1.087712998210074
11054 4.919068100570765
11131 4.433560284789064
11148 2.356853423796479
11163 3.7796338173824005
11168 2.556395731286379
11202 2.9209721983448818
11209 7.332610264150794
11218 2.288084739171642
11287 2.0286963426746007
11299 -0.5211827618659379
11327 3.5645224377654547
11330 4.359452312635343
11339 4.00277736869661
11379 4.085365169298681
11423 4.600614369452231
11469 6.9985096422506015
11506 3.8630154263214513
11518 7.726030852642903
11524 1.5178707189086098
11550 5.052599493195288
11570 2.3867493466682252
11577 6.9985096422506015
11718 6.9985096422506015
11887 3.3349479961209547
11934 4.05407066308416
11943 2.455214859980597
11969 0.7582337970798316
11972 3.21432000833234
11996 4.513602992462601
12023 3.6312138122641273
12065 6.9985096422506015
12078 1.3637200390813515
12166 6.9985096422506015
12427 6.9985096422506015
12447 5.679253117781859
12455 -0.4305173317360804
12460 2.1996252885386745
12477 9.906884260806244
12548 5.389071729816501
12554 1.6609715625492831
12567 6.9985096422506015
12660 2.035665011990694
12679 3.1916645207566434
12717 0.5999147077153936
12760 6.9985096422506015
12781 2.498699971920336
12785 2.8088549002241754
12818 3.1483620405405426
12833 0.9630282097258448
12837 3.4431615807611875
12895 5.8998973535824915
12946 0.5932811842197597
12976 7.907974409054357
13024 5.206750173022546
13075 3.9539872045271784
13077 3.047265923669174
13080 1.6246020367002147
13099 31.240501038135278
13106 2.335070548138534
13137 3.740413104229119
13145 5.389071729816501
13157 6.9985096422506015
13208 3.9346028577323438
13240 6.9985096422506015
13245 5.8998973535824915
13269 6.305362461690656
13314 4.0573926853492015
13316 3.047265923669174
13319 1.8055527913603908
13333 3.666305132075397
13336 5.8998973535824915
13353 1.961557039836972
13365 3.3349479961209547
13379 4.513602992462601
13389 6.9985096422506015
13391 3.740413104229119
13399 3.086486636822455
13412 2.5098732725184614
13440 1.4770487243883548
13479 3.7796338173824005
13553 -1.8523037997209602
13565 1.9878743481543455
13596 7.004004161568242
13613 1.8111238364098463
13631 6.9985096422506015
13761 2.6040604875781623
13805 4.8012850649143815
13839 4.22592092001082
13842 6.9985096422506015
13843 4.356456153291129
13845 2.001297368486486
13913 2.8396265588909295
13930 2.7203099458337108
14012 3.8630154263214513
14019 5.206750173022546
14044 2.9223507504641293
14101 9.391849098513111
14115 5.946315903030904
14121 5.8998973535824915
14135 2.3541187431092285
14168 2.9041650800285006
14196 2.511906961666574
14199 6.305362461690656
14237 -2.7889933932166397
14267 -0.3823693933135151
14308 2.0640357091199095
14381 0.457735330796197
14408 4.919068100570765
14431 1.034930298632155
14449 3.21432000833234
14512 4.165296298194385
14518 9.027205984925201
14528 4.05407066308416
14624 6.9985096422506015
14665 6.9985096422506015
14795 6.9985096422506015
14824 4.359452312635343
14858 6.305362461690656
14906 2.0068197018197482
15129 2.8876357780772897
15155 0.6904112007410705
15173 3.009525595686327
15224 2.9041650800285006
15259 1.3320829541381691
15261 8.867120569578129
15332 -13.970805571310581
15341 0.7959741250626788
15373 1.628721502626236
15387 4.600614369452231
15413 3.834593596929569
15418 2.1233123190494494
15424 1.8111238364098463
15471 0.6940608398286201
15486 12.610724923381312
15517 1.886521853894058
15551 1.1578679848772029
15570 5.443687046469091
15630 4.919068100570765
15655 11.861961613581535
15672 0.7275212103923018
15675 6.9985096422506015
15685 0.8716404581364162
15692 7.640911623805311
15783 2.4041918466916314
15786 2.694572070691611
15814 2.262311193856106
15818 5.8998973535824915
