338
3 6.133368019052551
13 5.8998973535824915
63 6.305362461690656
112 6.9985096422506015
161 6.9985096422506015
170 3.7796338173824005
171 5.8998973535824915
194 0.7699986386594181
241 1.6902419448493964
292 6.9985096422506015
293 6.9985096422506015
343 6.9985096422506015
373 2.750014400201242
401 3.1698682457615064
500 2.1701959049483
592 2.4446327506500602
644 6.9985096422506015
646 4.438772298278144
694 6.9985096422506015
755 9.602570129828763
768 6.9985096422506015
787 6.106995035972082
860 6.9985096422506015
862 4.689098584186156
909 5.8998973535824915
1058 7.640911623805311
1101 6.305362461690656
1122 3.1698682457615064
1180 6.305362461690656
1379 1.0740829317937672
1427 6.9985096422506015
1522 5.052599493195288
1523 5.389071729816501
1560 6.9985096422506015
1805 5.206750173022546
1852 8.867120569578129
1923 2.211017899468555
1935 4.433560284789064
2103 9.778531002600241
2155 3.9539872045271784
2221 6.056435457396959
2222 6.9985096422506015
2223 5.612215281130711
2240 1.65617539028579
2302 3.009525595686327
2334 0.7939518796819108
2358 6.254617262685421
2360 5.206750173022546
2407 2.236335707452845
2424 2.219386149139072
2431 11.799794707164983
2434 4.827084327160058
2442 2.7938170228596353
2450 -1.2217137914072214
2567 1.7153059135126125
2595 2.5211728277723946
2596 6.9985096422506015
2652 4.108137884354437
2796 7.005211644415603
2893 2.5098732725184614
2920 0.6795415285041667
2924 2.0286963426746007
2976 6.305362461690656
2990 6.9985096422506015
3168 2.824122372354964
3180 2.7938170228596353
3213 4.433560284789064
3386 2.6290617897835795
3423 3.7026727762462723
3428 6.305362461690656
3506 6.564524225600007
3511 6.305362461690656
3598 6.999762989802505
3647 2.1081605140288473
3678 7.014402875421061
3736 9.259459910467365
3807 2.3256808077886952
3814 2.236335707452845
3844 3.7026727762462723
3862 3.0666840095262753
3878 6.9985096422506015
3897 5.8998973535824915
3983 5.8998973535824915
4070 2.2137308608496604
4191 4.108137884354437
4205 3.666305132075397
4222 2.3256808077886952
4223 8.745301147512734
4241 2.4033897921160112
4307 2.824122372354964
4334 3.1698682457615064
4400 2.938066631704182
4412 3.086486636822455
4576 2.085854756514549
4597 6.9985096422506015
4711 1.9296054400303697
4750 0.994658549464184
4774 6.305362461690656
4813 2.236335707452845
4821 5.8998973535824915
4850 12.610724923381312
4852 1.258716730071367
4859 5.389071729816501
4909 1.4690805547391779
4964 4.511704987705184
4982 4.919068100570765
5046 2.236335707452845
5101 3.414990703794491
5111 3.21432000833234
5154 2.4446327506500602
5283 3.2849375755462935
5284 3.5645224377654547
5309 2.5326015235960173
5326 3.1483620405405426
5339 2.356853423796479
5342 7.262427624528255
5365 6.9985096422506015
5501 5.206750173022546
5507 5.052599493195288
5518 3.1737271807911225
5557 6.305362461690656
5630 0.11915383779016203
5635 2.20271909665386
5711 2.6290617897835795
5752 3.9539872045271784
5801 11.799794707164983
5888 5.206750173022546
5890 5.389071729816501
5895 2.4033897921160112
6107 6.9985096422506015
6156 1.8000126109847754
6232 6.9985096422506015
6387 2.9911764570181303
6402 1.4112609838503516
6467 2.2535775138873513
6583 0.8629447511688624
6675 2.5098732725184614
6696 4.513602992462601
6729 2.1944885975173447
6754 1.2024518914852294
6776 7.769055347609172
6887 17.281063007893156
6890 6.305362461690656
6898 6.48668320589737
6919 4.267681617312855
7025 1.0095482253607377
7104 -1.9904637499538764
7210 1.8568460857479414
7236 6.9985096422506015
7306 2.4876501357337513
7307 6.9985096422506015
7344 1.6325336272287498
7430 3.3096301881366648
7511 6.305362461690656
7555 3.740413104229119
7569 1.0170954309961207
7576 5.8998973535824915
7622 2.764403137653342
7650 2.1081605140288473
7740 3.5327737394508745
7832 6.094531847338348
7833 6.305362461690656
7845 7.271395991241656
7904 6.633053698405666
7991 1.3149298749119196
8007 3.809518882887678
8046 4.108137884354437
8182 10.724086114857164
8256 1.6803896484063847
8276 3.21432000833234
8346 6.305362461690656
8439 0.4690908039883759
8569 3.7026727762462723
8575 6.9985096422506015
8648 2.434161450782765
8660 1.675499663112193
8664 5.587634045719271
8666 12.610724923381312
8683 1.6803896484063847
8708 1.4810567457858934
8712 3.3349479961209547
8722 16.836645843392134
8745 2.5441623459970937
8761 4.919068100570765
8811 6.9985096422506015
8814 4.22592092001082
8823 3.1066893441399746
8917 5.206750173022546
9017 4.00277736869661
9106 1.0850066366123312
9110 4.071330023981388
9113 4.108137884354437
9230 3.3096301881366648
9268 5.612215281130711
9355 2.1782280766455644
9372 4.6513616155773905
9423 2.8876357780772897
9424 5.8998973535824915
9453 14.403855194743144
9458 14.52485524905651
9478 5.612215281130711
9531 1.67063347346102
9554 3.814985683990212
9573 3.3096301881366648
9592 5.8998973535824915
9593 6.305362461690656
9645 6.06532769949008
9671 4.600614369452231
9698 1.9878743481543455
9733 3.2550199098369936
9801 14.757204301712296
9818 3.21432000833234
9852 5.8998973535824915
9923 6.305362461690656
9970 0.4837969513780714
10063 6.9985096422506015
10260 6.9985096422506015
10329 -0.4201813914191953
10338 6.9985096422506015
10393 1.9746291214043248
10408 6.9985096422506015
10480 6.9985096422506015
10577 6.9985096422506015
10634 4.695924549256556
10642 8.10814132616832
10703 6.9985096422506015
10782 4.433560284789064
10791 4.05407066308416
10863 3.4431615807611875
10868 -0.18536107281185138
10872 4.814646287694719
10874 4.359452312635343
10951 5.612215281130711
10961 5.8998973535824915
11017 5.389071729816501
11032 2.175425996420148
11034 1.5958322603783217
11089 2.309930450438483
11110 0.8102455191680114
11116 13.37639314912752
11140 2.15432255579201
11155 5.206750173022546
11299 -2.6059138093296896
11416 2.1782280766455644
11418 3.597312260588446
11438 3.3349479961209547
11445 3.740413104229119
11491 3.7490913256946845
11524 3.0357414378172196
11566 11.224430562261421
11570 1.1933746733341126
11593 5.8998973535824915
11625 2.91449219418435
11677 1.7255100836868542
11678 4.513602992462601
11710 12.610724923381312
11781 2.591790394986348
12001 2.5676928434072877
12034 3.7296062085874135
12057 2.10066984229969
12078 1.3637200390813515
12081 2.363780654020965
12186 4.108137884354437
12232 6.9985096422506015
12248 10.082770447572646
12283 2.6040604875781623
12455 -0.8610346634721608
12543 3.5645224377654547
12553 1.0715836162801904
12598 2.5098732725184614
12674 1.5779746429783155
12772 3.773043707788116
12773 3.530470067070269
12777 4.919068100570765
12823 2.06986059726431
12826 3.785812034314228
13071 6.17297327364491
13086 4.359452312635343
13316 3.047265923669174
13346 2.9041650800285006
13354 1.8280256472124494
13403 10.506006242352363
13406 6.9985096422506015
13410 5.206750173022546
13412 5.019746545036923
13493 4.919068100570765
13538 3.414990703794491
13553 -1.4818430397767681
13587 5.612215281130711
13708 3.9539872045271784
13813 5.612215281130711
13835 4.00277736869661
13845 2.001297368486486
13891 2.4263701154319968
13919 3.597312260588446
13921 2.1782280766455644
14002 6.9985096422506015
14045 6.9985096422506015
14237 -1.3944966966083199
14267 -1.9118469665675755
14381 0.457735330796197
14422 2.1233123190494494
14485 16.167215189449504
14527 2.938066631704182
14563 2.6418008155610093
14564 5.8998973535824915
14626 2.750014400201242
14691 6.9985096422506015
14808 4.695924549256556
14901 10.13040609438407
14961 4.600614369452231
15155 1.380822401482141
15170 4.695924549256556
15181 5.254456710270345
15247 4.997399943840672
15260 10.778143459633002
15306 2.15996465425427
15313 3.834210554532276
15332 -6.209246920582481
15341 0.7959741250626788
15415 5.648244744709928
15456 3.1273086313427103
15468 1.1549652252192415
15471 4.16436503897172
15472 2.735829765209286
15566 10.778143459633002
15576 6.019051191372654
15585 12.610724923381312
15592 2.87137525720551
15595 1.3320829541381691
15648 2.5676928434072877
15650 2.130975191795019
15672 0.7275212103923018
15693 4.919068100570765
15771 0.023095714794649395
15805 6.0242311664155945
15814 2.262311193856106
15816 3.9539872045271784
