73
2038 1.880515829833846
2167 2.66777630196427
2450 -1.832570687110832
2484 1.3149298749119196
2631 0.42584399448534344
2674 1.0272478024601386
3068 2.6920409239639014
3143 2.219386149139072
3215 1.179961702382206
3578 0.6015799870344548
4070 1.1068654304248302
4078 6.9985096422506015
4158 0.09180132134615113
4437 2.4033897921160112
4522 0.2603571476546441
4765 2.8300266669378042
5040 1.4378280112350734
5156 2.211017899468555
5259 5.206750173022546
5905 3.567147769283231
6136 1.457246097092175
6233 3.1918471524802814
6449 3.9074671888922854
6557 3.1483620405405426
6721 2.383389125409342
7025 1.0095482253607377
7104 -0.6634879166512921
7497 0.7014003223166658
7838 2.1081605140288473
7932 1.8745456628473423
8007 1.904759441443839
8032 1.5324768712979722
8582 2.7562175530669024
8987 2.211017899468555
9069 3.260840023967233
9353 2.476721065201561
9817 1.3183370332335338
9970 0.4837969513780714
10294 2.70805020110221
10307 2.5676928434072877
10329 -0.4201813914191953
10503 2.413542163580029
10609 3.5327737394508745
10867 2.9066643955420775
10945 4.919068100570765
10979 3.1066893441399746
11148 1.1784267118982394
11168 1.2781978656431896
11202 5.8419443966897635
11299 -0.5211827618659379
11570 1.1933746733341126
11900 2.049749751872433
11957 6.305362461690656
12022 0.40409618250082274
12292 2.5211728277723946
12455 -0.6457759976041206
12554 1.6609715625492831
12708 1.5958322603783217
12717 0.5999147077153936
12826 1.2619373447714093
13392 2.764403137653342
13553 -0.37046075994419203
14237 -0.6972483483041599
14612 2.1863252868781835
14881 5.8998973535824915
15057 2.304141734385754
15209 2.579669034454003
15332 -1.5523117301456202
15420 6.305362461690656
15471 0.6940608398286201
15622 4.72756130804193
15783 1.4425151080149787
15786 0.8981906902305371
