34
389 1.6419233675785887
1942 0.845776947546497
1960 3.1483620405405426
2201 2.035665011990694
2519 1.6902419448493964
2538 1.422560539104285
2595 2.5211728277723946
2631 0.21292199724267172
3215 0.589980851191103
3690 1.4972514317058743
4158 0.061200880897434085
4765 1.4150133334689021
5465 3.3349479961209547
6754 1.2024518914852294
7329 4.8012850649143815
7965 1.886521853894058
8032 0.5108256237659907
8439 0.4690908039883759
8890 2.2800107709555064
9537 0.6546292081242703
9990 0.5671785603171224
10307 2.5676928434072877
10437 1.3672978604292356
11384 3.3609234825242154
12137 2.498699971920336
12460 0.7332084295128914
12946 0.5932811842197597
13390 2.236335707452845
13553 -0.37046075994419203
14237 -1.3944966966083199
14447 3.1483620405405426
14906 0.4013639403639497
15057 1.152070867192877
15783 0.9616767386766525
