32
289 3.086486636822455
1885 3.009525595686327
1979 3.9539872045271784
2450 -0.6108568957036107
3192 1.0095482253607377
4549 2.6418008155610093
4711 3.8592108800607394
5279 1.7410142702228197
5590 1.4533321977710387
5993 0.8521803845817039
6675 2.5098732725184614
7534 1.242767428663689
7620 4.372650573756367
8439 0.4690908039883759
8556 3.6447198193535444
10210 2.9911764570181303
10536 4.359452312635343
10868 -0.18536107281185138
10897 4.00277736869661
11840 1.6902419448493964
11841 2.8396265588909295
12095 3.502002080784121
12355 3.5327737394508745
12407 0.83519483821596
12527 6.17297327364491
13106 2.335070548138534
13795 1.5389241281064423
14237 -1.3944966966083199
14268 4.290459441148391
14416 0.7739512129752414
14447 3.1483620405405426
15458 5.617709800448351
