190
173 9.027205984925201
451 4.22592092001082
646 2.219386149139072
730 2.298029276458185
958 6.305362461690656
986 3.9539872045271784
1846 4.290459441148391
1884 1.9486536350010641
1893 1.7567626271909589
1923 6.633053698405666
1990 4.165296298194385
2103 4.8892655013001205
2216 6.9985096422506015
2224 1.981229805435677
2269 1.8686109273275278
2334 0.7939518796819108
2357 1.1873686492739008
2358 3.1273086313427103
2412 4.108137884354437
2442 2.7938170228596353
2443 4.00277736869661
2450 -1.832570687110832
2492 3.047265923669174
2550 6.9985096422506015
2577 3.5327737394508745
2674 1.0272478024601386
2705 3.3315816979704644
2920 0.6795415285041667
2964 1.800870720168722
2981 8.00555473739322
3048 2.5098732725184614
3240 3.5645224377654547
3271 4.00277736869661
3449 0.9823524825522477
3450 5.389071729816501
3506 4.102827641000005
3614 5.751312044940294
3657 5.232966015153439
3690 1.4972514317058743
4156 9.259459910467365
4222 2.3256808077886952
4487 3.1066893441399746
4522 0.2603571476546441
4533 3.086486636822455
4536 2.70805020110221
4857 10.356279785466981
4876 2.2449194511442365
4970 1.9746291214043248
5014 2.3541187431092285
5020 3.21432000833234
5067 2.2278250177849364
5073 4.290459441148391
5116 3.923114079673944
5151 2.555858385760285
5154 2.4446327506500602
5171 5.612215281130711
5172 4.513602992462601
5174 3.740413104229119
5316 2.236335707452845
5339 2.356853423796479
5443 2.9041650800285006
5455 6.9985096422506015
5630 0.23830767558032406
5706 9.83813620114153
5895 2.4033897921160112
5902 4.05407066308416
5944 3.8204558119026557
6043 1.5913378707904824
6216 2.3933394562625097
6402 1.4112609838503516
6433 1.030804581586805
6447 9.016578374130122
6754 1.2024518914852294
6756 6.9985096422506015
6776 1.942263836902293
6887 6.912425203157262
6919 4.267681617312855
7044 1.880515829833846
7104 -0.6634879166512921
7197 1.730651483187273
7295 3.7026727762462723
7401 1.886521853894058
7534 1.242767428663689
7981 4.085365169298681
8005 4.165296298194385
8041 3.597312260588446
8043 6.922605932749092
8096 1.4533321977710387
8189 11.224430562261421
8230 4.74707365793266
8340 4.513602992462601
8400 3.597312260588446
8641 10.105198986390576
8708 1.4810567457858934
8723 1.5262389685791264
8829 5.389071729816501
8979 1.7890234894091803
9151 1.258716730071367
9170 0.6116303228879563
9356 4.290459441148391
9393 1.060973437168175
9537 2.618516832497081
9559 -0.24959683156492177
9680 3.597312260588446
9970 2.418984756890357
10114 2.6028323114903933
10146 4.05407066308416
10326 0.5230769255465112
10422 0.7087940713416041
10437 1.3672978604292356
10456 2.8553749158590684
10473 1.7781538171722764
10532 2.9209721983448818
10709 3.666305132075397
10825 2.0149030205422647
10868 -0.18536107281185138
11023 3.8642478746271944
11089 1.1549652252192415
11106 12.13065539898016
11110 0.8102455191680114
11236 3.5645224377654547
11294 4.600614369452231
11299 -3.1270965711956276
11304 1.2054960338664575
11308 2.5098732725184614
11320 2.764403137653342
11375 2.681021528714291
11437 6.9985096422506015
11570 2.3867493466682252
11591 2.7218435232345457
11808 6.9985096422506015
11828 5.910916748832102
11887 3.3349479961209547
11900 2.049749751872433
11967 8.580918882296782
12022 0.40409618250082274
12075 2.938066631704182
12093 3.3607792968127694
12218 2.6547042203969173
12292 5.042345655544789
12377 1.3460204619819507
12404 1.485080896085619
12407 0.83519483821596
12455 -0.2152586658680402
12614 5.206750173022546
12629 3.3096301881366648
12717 1.1998294154307871
12805 1.8568460857479414
12900 8.33059259638877
13052 3.260840023967233
13071 3.086486636822455
13077 3.047265923669174
13080 0.8123010183501074
13183 3.502002080784121
13271 3.3875917296063767
13392 2.764403137653342
13412 2.5098732725184614
13513 7.405345552492545
13553 -0.7409215198883841
13613 3.6222476728196926
13816 6.9985096422506015
13822 3.740413104229119
14044 1.4611753752320646
14093 2.973157951515452
14208 1.1873686492739008
14237 -0.6972483483041599
14257 4.695924549256556
14260 4.165296298194385
14267 -0.3823693933135151
14381 0.2288676653980985
14452 5.052599493195288
14490 3.3096301881366648
14519 3.086486636822455
14586 4.05407066308416
14588 2.0785287164224764
14620 6.462967667376029
14692 2.8396265588909295
14906 0.8027278807278994
15037 2.3163784151263815
15155 2.0712336022232116
15181 7.00594228036046
15257 4.359452312635343
15265 4.165296298194385
15332 -6.209246920582481
15341 1.5919482501253577
15373 4.886164507878708
15595 1.3320829541381691
15685 4.358202290682081
15771 0.06928714438394819
15828 1.0931477941960308
