288
3 3.0666840095262753
58 8.867120569578129
194 2.3099959159782544
241 1.6902419448493964
302 1.7153059135126125
389 1.6419233675785887
1060 0.06216690641655154
1092 6.9985096422506015
1094 4.670141096277068
1119 5.612215281130711
1171 2.9209721983448818
1203 6.9985096422506015
1239 6.9985096422506015
1310 3.7796338173824005
1379 1.6111243976906509
1527 5.8998973535824915
1692 2.1944885975173447
1750 1.1068654304248302
1822 2.383389125409342
1831 6.9985096422506015
1884 1.9486536350010641
1902 2.0149030205422647
1909 2.8876357780772897
1977 2.6040604875781623
1979 3.9539872045271784
1985 5.206750173022546
1986 2.4237986637472186
1990 4.165296298194385
2001 5.206750173022546
2064 4.6943629160890845
2153 12.610724923381312
2221 15.141088643492397
2225 4.359452312635343
2271 1.7089155903610478
2334 2.3818556390457326
2358 3.1273086313427103
2407 4.47267141490569
2418 3.7796338173824005
2450 -1.832570687110832
2506 3.1483620405405426
2583 5.612215281130711
2591 11.589046278964354
2597 2.1157077196642304
2631 0.6387659917280152
2639 2.6040604875781623
2640 2.735829765209286
2701 2.7218435232345457
2893 2.5098732725184614
2920 0.6795415285041667
2935 1.2640783890383267
2940 1.6278716141229383
2944 4.8012850649143815
2964 0.900435360084361
3094 4.00277736869661
3180 2.7938170228596353
3215 0.589980851191103
3309 5.612215281130711
3423 3.7026727762462723
3578 4.8126398962756385
3583 10.105198986390576
3598 18.66603463947335
3614 1.4378280112350734
3804 2.750014400201242
3982 2.153862445213571
4026 2.8876357780772897
4053 -1.5699615793912949
4070 2.2137308608496604
4158 0.2142030831410193
4219 1.7567626271909589
4223 2.1863252868781835
4306 6.305362461690656
4309 2.681021528714291
4341 2.6547042203969173
4381 2.0149030205422647
4388 3.8204558119026557
4400 5.876133263408364
4412 3.086486636822455
4502 11.235419600896702
4551 3.9074671888922854
4625 1.8452180477528222
4668 3.3609234825242154
4735 5.8998973535824915
4750 0.33155284982139466
4765 1.4150133334689021
4773 4.108137884354437
4886 3.009525595686327
4976 2.288979440938267
4984 8.45184184002164
5040 1.4378280112350734
5083 1.5735596247691985
5110 1.8452180477528222
5154 2.4446327506500602
5238 3.6312138122641273
5339 2.356853423796479
5484 1.8928409466523688
5539 1.7153059135126125
5582 5.206750173022546
5590 1.4533321977710387
5630 0.11915383779016203
5680 1.5913378707904824
5773 2.735829765209286
5828 2.5676928434072877
5839 2.579669034454003
5935 6.9985096422506015
5944 7.640911623805311
5991 5.052599493195288
5993 0.8521803845817039
6004 3.1066893441399746
6020 3.9074671888922854
6068 6.254617262685421
6083 3.3349479961209547
6088 2.4293689198417274
6120 4.8012850649143815
6151 1.4075226617397445
6221 5.710749831718137
6228 2.5894543351888
6233 3.1918471524802814
6433 0.5154022907934025
6634 3.9539872045271784
6675 2.5098732725184614
6729 4.388977195034689
6776 1.942263836902293
6898 2.162227735299123
7025 4.038192901442951
7104 -2.6539516666051686
7152 3.8204558119026557
7159 9.027205984925201
7240 4.359452312635343
7247 4.22592092001082
7312 4.632756830252763
7401 1.886521853894058
7431 5.208120975156325
7462 1.942263836902293
7482 1.8055527913603908
7590 4.22592092001082
7683 11.799794707164983
7692 2.2449194511442365
7845 2.4237986637472186
7892 1.5517722705842913
7905 4.919068100570765
7953 4.165296298194385
7968 3.047265923669174
8007 1.904759441443839
8032 1.0216512475319814
8082 3.47214911763444
8090 4.47267141490569
8109 6.305362461690656
8212 6.305362461690656
8221 8.580918882296782
8256 1.6803896484063847
8411 5.8998973535824915
8439 0.9381816079767518
8444 7.156093957636721
8487 6.9985096422506015
8585 6.94429823526888
8705 33.31039501568328
8710 1.6536113391281642
8780 4.22592092001082
8850 1.7153059135126125
8928 1.3355491621146554
9061 3.6312138122641273
9170 0.6116303228879563
9310 3.4431615807611875
9345 2.66777630196427
9384 2.6710983242293107
9391 5.471659530418572
9428 2.498699971920336
9481 1.7727629685373998
9483 7.262427624528255
9534 2.750014400201242
9650 6.305362461690656
9651 3.3875917296063767
9711 7.474443709310111
9817 3.9550110997006014
9890 9.83813620114153
9895 6.866938322814802
9970 0.9675939027561428
10170 12.610724923381312
10194 2.455214859980597
10217 2.15432255579201
10306 2.15432255579201
10437 1.3672978604292356
10443 2.4876501357337513
10487 5.943689416307031
10655 3.8204558119026557
10658 2.9041650800285006
10678 4.577958881876534
10749 2.3509274935351647
10751 5.5576631577733755
10783 6.9985096422506015
10868 -0.5560832184355542
10962 2.6290617897835795
11110 3.2409820766720454
11116 1.9109133070182172
11119 5.612215281130711
11163 3.7796338173824005
11170 2.5676928434072877
11218 0.5720211847929105
11228 3.3096301881366648
11299 -0.5211827618659379
11317 3.0666840095262753
11523 6.9985096422506015
11524 1.5178707189086098
11570 1.1933746733341126
11580 2.5441623459970937
11597 9.200052028578826
11625 2.91449219418435
11677 1.7255100836868542
11785 1.9680717208581657
11881 2.70805020110221
11952 1.5958322603783217
11972 3.21432000833234
12022 0.8081923650016455
12034 7.459212417174827
12078 1.3637200390813515
12090 5.612215281130711
12122 2.3927825337470767
12181 3.8204558119026557
12277 3.1273086313427103
12383 2.5046129034208957
12455 -1.076293329340201
12460 3.666042147564457
12553 8.572668930241523
12569 5.612215281130711
12610 2.4237986637472186
12679 1.5958322603783217
12772 1.886521853894058
12773 2.647852550302702
12783 1.8986432144264027
12826 2.5238746895428186
13001 2.9461134062376346
13029 1.6609715625492831
13046 3.47214911763444
13152 4.600614369452231
13217 5.8998973535824915
13309 6.305362461690656
13314 4.0573926853492015
13440 2.9540974487767095
13444 4.22592092001082
13460 2.955458374416051
13547 1.6003469407328483
13553 -2.9636860795535362
13565 3.975748696308691
13670 2.6164830075767194
13723 3.597312260588446
13754 3.8204558119026557
13891 1.8197775865739976
13914 5.612215281130711
13997 4.919068100570765
14021 8.216275768708874
14113 5.206750173022546
14135 23.541187431092286
14136 1.4810567457858934
14188 3.597312260588446
14195 7.1126152686891055
14196 1.6746046411110493
14237 -1.3944966966083199
14242 2.5326015235960173
14267 -1.5294775732540604
14308 4.128071418239819
14316 4.22592092001082
14381 0.2288676653980985
14431 2.06986059726431
14497 6.305362461690656
14498 3.0282177286984795
14523 5.710749831718137
14682 4.629565580678699
14733 6.305362461690656
15024 3.2373095265570386
15037 2.3163784151263815
15057 2.304141734385754
15076 3.21432000833234
15173 3.009525595686327
15202 1.095876308849235
15209 2.579669034454003
15241 5.238708642611914
15313 9.58552638633069
15332 -17.07542903160182
15373 0.814360751313118
15418 2.1233123190494494
15461 4.290459441148391
15587 1.2947271675944
15647 5.389071729816501
15677 3.155949285956631
15771 0.023095714794649395
15783 0.48083836933832624
15805 8.03230822188746
15808 11.224430562261421
