213
369 6.305362461690656
530 2.66777630196427
569 6.056435457396959
834 5.206750173022546
1060 0.06216690641655154
1379 0.5370414658968836
1404 1.3708885285599641
1686 1.1549652252192415
1687 2.413542163580029
1836 10.13040609438407
1889 3.414990703794491
1896 1.7835738846416156
2159 3.502002080784121
2217 2.4876501357337513
2248 5.8998973535824915
2329 4.433560284789064
2356 2.681021528714291
2357 2.3747372985478017
2450 -0.6108568957036107
2480 5.612215281130711
2484 1.3149298749119196
2538 1.422560539104285
2566 6.9985096422506015
2628 4.513602992462601
2631 0.21292199724267172
2674 2.054495604920277
2705 3.3315816979704644
2829 2.8088549002241754
2893 2.5098732725184614
2913 1.720394983020084
3192 4.038192901442951
3201 6.9985096422506015
3245 5.8998973535824915
3392 2.20271909665386
3578 0.6015799870344548
3709 2.9041650800285006
3840 1.2980660688599148
3946 3.414990703794491
3982 2.153862445213571
3995 1.751485570090115
4081 3.1066893441399746
4114 4.167113541196924
4254 3.740413104229119
4302 1.8000126109847754
4319 2.049749751872433
4468 12.16221198925248
4501 8.867120569578129
4522 0.5207142953092883
4537 1.0196238773494795
4613 2.211017899468555
4750 0.994658549464184
4838 1.4730567031188173
4970 1.9746291214043248
5201 8.718904625270685
5319 3.086486636822455
5350 2.955458374416051
5370 6.9985096422506015
5392 2.130975191795019
5408 4.290459441148391
5432 6.886323161522375
5439 7.559267634764801
5478 8.867120569578129
5563 3.1066893441399746
5630 0.3574615133704861
5690 5.389071729816501
5834 1.65617539028579
5955 2.434161450782765
6165 3.3096301881366648
6205 8.866375123248154
6216 7.180018368787529
6219 2.298029276458185
6235 1.2270685191205855
6337 3.2373095265570386
6402 5.645043935401406
6433 3.6078160355538174
6453 4.8012850649143815
6539 2.434161450782765
6583 0.8629447511688624
6614 3.009525595686327
6739 11.298102056230585
6751 2.5441623459970937
6840 5.612215281130711
6908 1.0061308387793944
6921 5.8998973535824915
6922 4.22592092001082
6957 5.052599493195288
7018 5.8998973535824915
7037 6.305362461690656
7051 5.450178275875548
7104 -0.6634879166512921
7170 1.6186122887101415
7189 3.8630154263214513
7269 5.052599493195288
7497 0.7014003223166658
7544 5.206750173022546
7578 0.5215372793609184
7838 2.1081605140288473
7941 3.740413104229119
7987 3.666305132075397
8032 0.5108256237659907
8043 1.730651483187273
8123 4.982914687647849
8124 5.946315903030904
8262 2.0712559570933964
8327 2.824122372354964
8439 1.4072724119651276
8440 4.00277736869661
8643 2.001297368486486
8672 2.8876357780772897
8677 3.5645224377654547
8710 1.102407559418776
8731 2.0286963426746007
8736 1.1933746733341126
9110 2.035665011990694
9151 1.258716730071367
9267 5.206750173022546
9384 1.3355491621146554
9393 4.2438937486727
9534 5.500028800402484
9537 1.3092584162485406
9589 2.6230685718215625
9786 3.1483620405405426
9800 4.433560284789064
9895 2.288979440938267
9940 6.305362461690656
10018 4.8012850649143815
10031 2.498699971920336
10069 3.4431615807611875
10202 2.591790394986348
10258 1.8000126109847754
10285 6.305362461690656
10306 2.15432255579201
10329 -0.4201813914191953
10422 1.4175881426832082
10447 2.4397929468198853
10517 11.176267231202036
10723 13.540808977387801
10751 1.5879037593638217
10752 4.513602992462601
10868 -0.18536107281185138
10990 3.597312260588446
11041 3.47214911763444
11057 2.555858385760285
11102 2.660920056443643
11110 0.8102455191680114
11218 1.7160635543787315
11299 -0.5211827618659379
11304 1.2054960338664575
11453 2.727440078162703
11677 1.7255100836868542
11696 3.2373095265570386
11920 5.612215281130711
11943 2.455214859980597
11990 4.108137884354437
12022 0.40409618250082274
12034 0.9324015521468534
12057 2.10066984229969
12228 3.047265923669174
12254 2.335070548138534
12355 3.5327737394508745
12378 3.3349479961209547
12380 3.2849375755462935
12455 -0.6457759976041206
12553 2.1431672325603808
12713 6.305362461690656
12717 2.9995735385769677
12833 0.9630282097258448
12869 4.05407066308416
12992 2.3256808077886952
13080 0.8123010183501074
13183 3.502002080784121
13289 3.4820285404456395
13338 2.5211728277723946
13359 2.6290617897835795
13380 4.05407066308416
13440 1.4770487243883548
13451 3.4431615807611875
13612 6.305362461690656
13718 2.6850356628614973
13867 1.087712998210074
13891 3.639555173147995
13897 2.7218435232345457
13909 5.8998973535824915
13918 2.8396265588909295
13968 3.3349479961209547
14061 4.8012850649143815
14097 5.206750173022546
14237 -1.3944966966083199
14267 -0.3823693933135151
14308 2.0640357091199095
14309 1.5137127087599462
14463 1.67063347346102
14515 3.0666840095262753
14644 3.597312260588446
14682 3.0863770537857995
14700 4.00277736869661
14856 4.8012850649143815
14869 4.433560284789064
14949 7.814934377784571
15020 3.086486636822455
15192 2.978242611245248
15241 5.238708642611914
15306 1.4399764361695133
15332 -4.656935190436861
15341 0.7959741250626788
15383 5.389071729816501
15468 1.1549652252192415
15471 0.6940608398286201
15551 1.1578679848772029
15622 2.363780654020965
15672 0.7275212103923018
15803 5.389071729816501
15814 6.786933581568317
