188
289 3.086486636822455
302 3.430611827025225
583 2.9041650800285006
1462 4.919068100570765
1687 2.413542163580029
1782 2.7218435232345457
1850 3.0666840095262753
1884 1.9486536350010641
1886 6.254617262685421
2028 4.433560284789064
2201 2.035665011990694
2240 4.96852617085737
2351 1.5647876386963615
2357 1.1873686492739008
2403 6.305362461690656
2450 -0.6108568957036107
2479 5.206750173022546
2571 6.305362461690656
2638 2.130975191795019
2657 3.3609234825242154
2674 1.0272478024601386
2839 6.296724081081085
2920 1.3590830570083334
2935 0.6320391945191633
2940 1.6278716141229383
3120 1.6048820958982397
3192 4.038192901442951
3374 1.9680717208581657
3489 1.942263836902293
3586 6.569875151092587
3698 4.8012850649143815
3737 3.6111055827207816
3785 2.87137525720551
3903 4.433560284789064
3961 2.6290617897835795
4021 1.5054481989100525
4179 3.414990703794491
4245 3.597312260588446
4247 6.949135245379145
4286 2.130975191795019
4549 2.6418008155610093
4608 1.4075226617397445
4636 2.955458374416051
4711 5.788816320091109
4787 6.305362461690656
4857 2.0712559570933964
4938 3.4431615807611875
4947 3.414990703794491
5055 2.2278250177849364
5083 1.5735596247691985
5111 3.21432000833234
5181 2.288979440938267
5201 4.359452312635343
5278 3.9074671888922854
5279 10.446085621336918
5590 1.4533321977710387
5606 4.22592092001082
5700 3.1483620405405426
5980 3.8630154263214513
5990 2.938066631704182
5993 0.8521803845817039
6049 2.035665011990694
6064 2.138697237888929
6088 1.2146844599208637
6158 2.455214859980597
6206 4.22592092001082
6338 2.413542163580029
6390 3.047265923669174
6433 0.5154022907934025
6447 2.576165249751463
6583 0.8629447511688624
6679 4.919068100570765
6872 1.3047775034479017
7019 2.130975191795019
7104 -1.3269758333025843
7181 3.260840023967233
7286 1.4112609838503516
7346 7.1290448755309095
7487 5.450178275875548
7497 0.7014003223166658
7569 1.0170954309961207
7620 4.372650573756367
7731 2.001297368486486
7813 1.0145733615634107
7904 2.211017899468555
7932 1.8745456628473423
8439 0.4690908039883759
8556 5.467079729030317
8778 6.9985096422506015
8946 2.7218435232345457
8968 5.206750173022546
9170 0.6116303228879563
9308 3.1698682457615064
9384 1.3355491621146554
9391 2.735829765209286
9393 1.060973437168175
9641 2.6418008155610093
9881 5.389071729816501
9990 0.5671785603171224
9993 12.008332106089831
10114 1.3014161557451966
10139 6.775183459212753
10202 2.591790394986348
10210 5.982352914036261
10217 2.15432255579201
10250 2.9209721983448818
10329 -0.4201813914191953
10393 1.9746291214043248
10422 0.7087940713416041
10437 1.3672978604292356
10500 7.332610264150794
10536 4.359452312635343
10601 3.740413104229119
10868 -0.18536107281185138
10897 4.00277736869661
11032 1.087712998210074
11080 3.8630154263214513
11148 2.356853423796479
11168 1.2781978656431896
11195 4.165296298194385
11218 0.5720211847929105
11320 5.528806275306684
11331 4.290459441148391
11419 3.1273086313427103
11491 1.8745456628473423
11524 1.5178707189086098
11570 1.1933746733341126
11840 5.070725834548189
11841 2.8396265588909295
11917 4.433560284789064
11969 1.5164675941596633
12012 10.778143459633002
12047 1.4416815805510634
12095 3.502002080784121
12120 3.5327737394508745
12140 4.108137884354437
12220 4.290459441148391
12355 3.5327737394508745
12407 6.68155870572768
12455 -0.2152586658680402
12460 1.466416859025783
12527 6.17297327364491
12553 7.501085313961333
12558 2.4446327506500602
12566 5.8998973535824915
12660 4.071330023981388
12833 0.9630282097258448
12853 1.152070867192877
12856 15.157798479585864
12946 1.7798435526592793
12996 4.22592092001082
13052 3.260840023967233
13106 4.670141096277068
13136 5.206750173022546
13208 1.3115342859107813
13384 2.0568672196412967
13440 1.4770487243883548
13547 1.6003469407328483
13683 3.0666840095262753
13750 2.162227735299123
13795 7.694620640532212
13867 2.175425996420148
13934 4.600614369452231
14237 -1.3944966966083199
14242 2.5326015235960173
14252 3.502002080784121
14267 -0.3823693933135151
14268 4.290459441148391
14269 5.612215281130711
14381 0.457735330796197
14469 11.224430562261421
14477 2.5211728277723946
14519 3.086486636822455
14558 2.476721065201561
14602 5.206750173022546
14612 2.1863252868781835
14651 4.513602992462601
14707 5.389071729816501
14805 4.22592092001082
15146 4.290459441148391
15278 2.465910149097345
15332 -7.761558650728101
15348 4.20133968459938
15435 2.750014400201242
15458 2.8088549002241754
15468 1.1549652252192415
15597 10.598321218352623
15672 2.1825636311769054
