24
583 2.9041650800285006
2943 3.4431615807611875
3192 2.0190964507214755
4247 2.3163784151263815
4711 1.9296054400303697
4750 0.33155284982139466
4938 3.4431615807611875
5279 1.7410142702228197
5590 1.4533321977710387
5773 2.735829765209286
5973 1.4770487243883548
6235 1.2270685191205855
7487 1.8167260919585162
8556 1.8223599096767722
10139 3.3875917296063767
10210 2.9911764570181303
10250 2.9209721983448818
11840 1.6902419448493964
12095 3.502002080784121
12407 1.67038967643192
13795 1.5389241281064423
13873 3.740413104229119
14237 -1.3944966966083199
15459 6.9985096422506015
