30
800 2.434161450782765
1836 2.5326015235960173
2674 1.0272478024601386
4114 1.3890378470656415
4417 3.1918471524802814
4522 0.2603571476546441
4691 4.433560284789064
5587 2.5326015235960173
5630 0.11915383779016203
6583 0.8629447511688624
6962 3.8630154263214513
8123 1.6609715625492831
8440 4.00277736869661
8731 2.0286963426746007
9270 6.213378688279949
9393 1.060973437168175
9537 0.6546292081242703
10523 4.8012850649143815
10561 1.6003469407328483
11304 1.2054960338664575
11503 2.8876357780772897
11969 1.5164675941596633
12378 3.3349479961209547
13108 2.2800107709555064
14166 4.108137884354437
14515 3.0666840095262753
14949 3.9074671888922854
15317 3.0666840095262753
15471 0.6940608398286201
15814 2.262311193856106
