164
532 3.4431615807611875
583 2.9041650800285006
1839 2.093234863812172
1957 5.467079729030317
2049 2.37353682896633
2233 3.260840023967233
2357 1.1873686492739008
2421 3.0863770537857995
2450 -0.6108568957036107
2595 2.5211728277723946
2638 2.130975191795019
2746 5.389071729816501
2920 0.6795415285041667
2935 0.6320391945191633
2947 5.052599493195288
3100 2.7938170228596353
3252 5.052599493195288
3273 4.8012850649143815
3379 3.1918471524802814
3380 4.708237486218457
3484 9.602570129828763
3516 2.0785287164224764
3654 3.4431615807611875
3814 2.236335707452845
3906 2.973157951515452
4021 3.010896397820105
4053 -0.07476007520910928
4150 5.612215281130711
4405 1.3460204619819507
4412 3.086486636822455
4522 0.2603571476546441
4536 5.41610040220442
4750 0.6631056996427893
4815 2.7218435232345457
4886 3.009525595686327
4963 2.3933394562625097
4964 0.563963123463148
5065 2.735829765209286
5110 1.8452180477528222
5133 6.9985096422506015
5136 6.9985096422506015
5174 14.961652416916476
5181 4.577958881876534
5268 5.206750173022546
5409 3.502002080784121
5555 2.4033897921160112
5751 6.9985096422506015
5905 1.7835738846416156
5983 1.9878743481543455
6096 6.9985096422506015
6242 2.9041650800285006
6467 2.2535775138873513
6675 2.5098732725184614
6754 2.4049037829704587
6883 6.9985096422506015
6908 0.6707538925195963
6956 5.8998973535824915
6970 2.1863252868781835
7104 -3.980927499907753
7197 1.730651483187273
7200 6.9985096422506015
7303 6.9985096422506015
7344 1.6325336272287498
7401 1.886521853894058
7534 1.242767428663689
7722 3.5327737394508745
7740 3.5327737394508745
7764 1.7052048175261088
7840 1.5691640132961604
7892 1.5517722705842913
8250 9.83813620114153
8418 5.206750173022546
8444 3.5780469788183606
8556 5.467079729030317
8664 2.7938170228596353
8712 3.3349479961209547
8788 2.146479378330984
8928 1.3355491621146554
9106 1.0850066366123312
9151 2.517433460142734
9170 1.2232606457759125
9210 5.612215281130711
9415 6.9985096422506015
9506 4.919068100570765
9529 6.9985096422506015
9537 0.6546292081242703
9559 -0.08319894385497392
9589 1.3115342859107813
9779 1.8337236683270872
10210 5.982352914036261
10258 1.8000126109847754
10325 1.8925641683500207
10326 0.5230769255465112
10437 1.3672978604292356
10884 3.502002080784121
10969 5.052599493195288
11072 4.290459441148391
11110 2.430736557504034
11168 1.2781978656431896
11218 0.5720211847929105
11295 3.2373095265570386
11299 -0.5211827618659379
11334 1.994563336305142
11524 1.5178707189086098
11526 14.777310308207298
11804 3.7796338173824005
11887 3.3349479961209547
11947 3.0282177286984795
11968 6.305362461690656
11969 0.7582337970798316
11975 2.9209721983448818
12042 2.6418008155610093
12047 1.4416815805510634
12089 2.8088549002241754
12130 14.087773647769666
12383 1.2523064517104479
12404 4.455242688256857
12407 5.011169029295759
12455 -0.2152586658680402
12460 1.466416859025783
12558 2.4446327506500602
12595 4.689098584186156
12660 2.035665011990694
12785 2.8088549002241754
12853 1.152070867192877
13035 4.600614369452231
13080 0.8123010183501074
13092 6.9985096422506015
13197 3.2849375755462935
13314 2.0286963426746007
13327 5.612215281130711
13494 3.21432000833234
13553 -0.37046075994419203
13578 6.9985096422506015
13613 1.8111238364098463
13708 3.9539872045271784
13781 3.8204558119026557
13795 1.5389241281064423
13896 4.359452312635343
13921 4.356456153291129
14231 6.9985096422506015
14237 -3.4862417415207996
14251 5.8998973535824915
14267 -1.1471081799405454
14308 2.0640357091199095
14439 3.1273086313427103
14558 2.476721065201561
14588 2.0785287164224764
14682 1.5431885268928998
14906 0.4013639403639497
15079 3.666305132075397
15121 1.5868635903955612
15155 0.6904112007410705
15209 2.579669034454003
15278 2.465910149097345
15288 3.21432000833234
15332 -10.866182111019342
15341 1.5919482501253577
15446 3.5327737394508745
15528 3.666305132075397
15651 1.1377234187847354
15770 4.165296298194385
15771 0.04619142958929879
15781 11.224430562261421
