192
302 1.7153059135126125
310 4.00277736869661
389 1.6419233675785887
422 2.66777630196427
496 2.2800107709555064
710 2.8553749158590684
1099 6.9985096422506015
1287 6.305362461690656
1360 6.9985096422506015
1686 1.1549652252192415
1942 3.383107790185988
1954 2.750014400201242
2009 4.827084327160058
2070 1.4730567031188173
2103 2.4446327506500602
2167 2.66777630196427
2271 0.6835662361444191
2356 2.681021528714291
2385 6.9985096422506015
2424 2.219386149139072
2450 -1.2217137914072214
2452 13.069368459873386
2458 6.48668320589737
2519 1.6902419448493964
2538 1.422560539104285
2553 10.778143459633002
2631 0.42584399448534344
2862 1.4690805547391779
2911 4.05407066308416
2935 0.6320391945191633
2964 0.900435360084361
2968 3.4431615807611875
3068 1.3460204619819507
3120 3.2097641917964794
3186 1.2880826248757316
3205 3.1273086313427103
3215 2.949904255955515
3223 2.5211728277723946
3635 1.5779746429783155
3647 2.1081605140288473
3690 1.4972514317058743
3862 3.0666840095262753
4070 1.1068654304248302
4158 0.12240176179486817
4214 2.465910149097345
4268 5.612215281130711
4302 1.8000126109847754
4307 2.824122372354964
4341 2.6547042203969173
4423 3.8630154263214513
4437 4.8067795842320225
4438 3.47214911763444
4586 3.009525595686327
4642 8.00555473739322
4750 0.33155284982139466
4765 1.4150133334689021
4841 4.22592092001082
4914 1.4339892349279078
4989 1.3355491621146554
5014 2.3541187431092285
5015 4.8012850649143815
5040 1.4378280112350734
5046 2.236335707452845
5047 3.3349479961209547
5058 3.5327737394508745
5083 1.5735596247691985
5156 2.211017899468555
5244 6.9985096422506015
5307 2.9911764570181303
5421 3.8630154263214513
5596 3.5645224377654547
5597 6.474619053114077
5850 3.047265923669174
5973 1.4770487243883548
5993 1.7043607691634077
6136 1.457246097092175
6137 6.9985096422506015
6218 4.00277736869661
6280 9.602570129828763
6433 0.5154022907934025
6557 3.1483620405405426
6721 2.383389125409342
6747 8.216275768708874
6751 2.5441623459970937
6828 3.8630154263214513
6908 0.33537694625979814
6970 2.1863252868781835
6971 3.597312260588446
7025 1.0095482253607377
7104 -1.3269758333025843
7181 3.260840023967233
7210 1.8568460857479414
7240 4.359452312635343
7655 4.433560284789064
7692 2.2449194511442365
7965 1.886521853894058
7985 5.8998973535824915
7987 3.666305132075397
8032 3.5757793663619353
8263 3.414990703794491
8294 3.666305132075397
8439 0.4690908039883759
8582 1.3781087765334512
8616 4.919068100570765
8710 0.551203779709388
8731 2.0286963426746007
8788 2.146479378330984
8987 2.211017899468555
9069 3.260840023967233
9164 3.597312260588446
9393 1.060973437168175
9537 1.3092584162485406
9557 4.290459441148391
9589 1.3115342859107813
9641 2.6418008155610093
9686 3.6312138122641273
9970 0.4837969513780714
9990 0.5671785603171224
10258 1.8000126109847754
10306 2.15432255579201
10325 1.8925641683500207
10329 -0.4201813914191953
10503 2.413542163580029
10659 3.4431615807611875
10749 1.1754637467675824
10884 3.502002080784121
10909 2.7790019370744945
10968 3.740413104229119
11148 2.356853423796479
11163 3.7796338173824005
11165 2.1863252868781835
11287 2.0286963426746007
11299 -0.5211827618659379
11377 6.829981407588982
11384 3.3609234825242154
11433 4.513602992462601
11450 2.262311193856106
11459 3.047265923669174
11535 5.8998973535824915
11570 1.1933746733341126
11594 6.9985096422506015
11769 1.6466515087745348
11798 5.052599493195288
11900 2.049749751872433
11972 3.21432000833234
12022 0.40409618250082274
12093 1.6803896484063847
12111 3.989126672610284
12137 4.997399943840672
12292 2.5211728277723946
12460 0.7332084295128914
12504 4.359452312635343
12553 4.2863344651207615
12554 8.304857812746416
12708 1.5958322603783217
12717 0.5999147077153936
12783 1.8986432144264027
12793 2.87137525720551
12946 1.1865623684395195
13080 0.8123010183501074
13088 2.7790019370744945
13134 13.078356937906028
13208 1.3115342859107813
13353 5.884671119510916
13384 2.0568672196412967
13390 2.236335707452845
13438 2.555858385760285
13553 -1.111382279832576
13565 3.975748696308691
13845 2.001297368486486
13867 1.087712998210074
13930 8.160929837501133
14044 1.4611753752320646
14195 1.7781538171722764
14196 0.8373023205555247
14237 -1.3944966966083199
14498 3.0282177286984795
14633 2.6547042203969173
14682 1.5431885268928998
14906 0.8027278807278994
15057 1.152070867192877
15173 3.009525595686327
15332 -1.5523117301456202
15373 0.814360751313118
15418 2.1233123190494494
15491 6.9985096422506015
15587 1.2947271675944
15622 7.091341962062895
15671 3.7796338173824005
15709 2.1863252868781835
15783 0.9616767386766525
15786 7.185525521844297
