217
3 3.0666840095262753
58 8.867120569578129
114 6.9985096422506015
194 2.3099959159782544
209 1.7001922757025645
302 1.7153059135126125
389 1.6419233675785887
710 2.8553749158590684
755 4.8012850649143815
787 2.035665011990694
800 2.434161450782765
1060 0.06216690641655154
1062 2.591790394986348
1119 5.612215281130711
1125 6.305362461690656
1140 4.165296298194385
1283 5.8998973535824915
1379 1.0740829317937672
1395 6.9985096422506015
1527 5.8998973535824915
1530 6.9985096422506015
1535 6.305362461690656
1686 1.1549652252192415
1719 6.9985096422506015
1750 1.1068654304248302
1884 3.8973072700021283
1902 2.0149030205422647
1929 2.1081605140288473
1957 1.8223599096767722
1985 5.206750173022546
1987 6.9985096422506015
2271 0.34178311807220957
2334 0.7939518796819108
2418 11.338901452147201
2450 -0.6108568957036107
2452 2.1782280766455644
2453 5.612215281130711
2492 3.047265923669174
2506 12.59344816216217
2538 1.422560539104285
2597 2.1157077196642304
2709 4.695924549256556
2855 6.305362461690656
2940 3.2557432282458767
2964 0.900435360084361
3120 1.6048820958982397
3215 1.7699425535733089
3271 4.00277736869661
3275 3.666305132075397
3309 5.612215281130711
3423 3.7026727762462723
3578 4.8126398962756385
3598 5.833135824835422
3614 2.875656022470147
3840 3.8941982065797447
4053 -1.1961612033457485
4158 0.12240176179486817
4195 4.919068100570765
4214 2.465910149097345
4223 2.1863252868781835
4301 3.597312260588446
4335 2.938066631704182
4405 1.3460204619819507
4412 3.086486636822455
4502 5.617709800448351
4549 2.6418008155610093
4750 0.33155284982139466
4838 1.4730567031188173
4846 2.021775899830027
4857 4.142511914186793
4912 1.9296054400303697
4976 2.288979440938267
5083 1.5735596247691985
5110 1.8452180477528222
5205 5.612215281130711
5339 1.1784267118982394
5342 3.6312138122641273
5494 6.305362461690656
5539 1.7153059135126125
5729 8.718904625270685
5828 2.5676928434072877
6088 2.4293689198417274
6228 1.2947271675944
6239 5.8998973535824915
6261 5.206750173022546
6433 0.5154022907934025
6583 0.8629447511688624
6634 7.907974409054357
6662 6.9985096422506015
6878 2.8553749158590684
6908 0.33537694625979814
7025 3.028644676082213
7104 -0.6634879166512921
7159 9.027205984925201
7240 4.359452312635343
7321 3.3875917296063767
7344 1.6325336272287498
7396 5.206750173022546
7401 1.886521853894058
7431 5.208120975156325
7432 6.9985096422506015
7555 3.740413104229119
7590 4.22592092001082
7597 4.372650573756367
7643 4.919068100570765
7683 5.8998973535824915
7762 6.305362461690656
7906 1.4339892349279078
7953 4.165296298194385
7957 5.8998973535824915
7998 4.433560284789064
8043 1.730651483187273
8082 3.47214911763444
8109 6.305362461690656
8221 4.290459441148391
8325 5.052599493195288
8439 0.9381816079767518
8444 1.7890234894091803
8585 3.47214911763444
8705 30.282177286984794
8708 1.4810567457858934
8723 1.5262389685791264
8780 4.22592092001082
8856 2.3163784151263815
8869 2.1782280766455644
8928 1.3355491621146554
9061 3.6312138122641273
9400 3.1273086313427103
9481 1.7727629685373998
9483 3.6312138122641273
9602 2.2800107709555064
9711 1.8686109273275278
9876 2.6944445490464313
9890 4.919068100570765
9891 6.9985096422506015
9895 2.288979440938267
10055 3.009525595686327
10076 2.750014400201242
10261 3.9539872045271784
10306 2.15432255579201
10403 6.305362461690656
10443 2.4876501357337513
10473 1.7781538171722764
10474 6.9985096422506015
10483 6.305362461690656
10487 3.962459610871354
10633 4.433560284789064
10678 4.577958881876534
10751 1.5879037593638217
10868 -0.37072214562370276
10872 3.2097641917964794
10962 7.887185369350739
11032 1.087712998210074
11089 1.1549652252192415
11110 0.8102455191680114
11116 5.732739921054652
11170 5.135385686814575
11187 6.9985096422506015
11202 2.9209721983448818
11236 3.5645224377654547
11307 6.9985096422506015
11485 6.775183459212753
11625 1.457246097092175
11677 1.7255100836868542
11816 1.9296054400303697
11900 2.049749751872433
12001 2.5676928434072877
12010 3.6312138122641273
12022 0.40409618250082274
12028 2.591790394986348
12034 5.594409312881121
12093 1.6803896484063847
12122 2.3927825337470767
12181 3.8204558119026557
12277 3.1273086313427103
12292 2.5211728277723946
12383 2.5046129034208957
12455 -0.2152586658680402
12460 2.932833718051566
12553 4.2863344651207615
12610 4.847597327494437
12773 2.647852550302702
12833 0.9630282097258448
13230 6.9985096422506015
13385 4.00277736869661
13438 2.555858385760285
13440 1.4770487243883548
13444 4.22592092001082
13553 -1.111382279832576
13571 5.389071729816501
13575 4.165296298194385
13672 1.5262389685791264
13867 1.087712998210074
13869 6.9985096422506015
13891 1.8197775865739976
13918 2.8396265588909295
14195 5.334461451516829
14196 1.6746046411110493
14201 6.9985096422506015
14242 2.5326015235960173
14267 -0.3823693933135151
14316 4.22592092001082
14352 0.9464204733261844
14381 0.2288676653980985
14612 2.1863252868781835
14733 6.305362461690656
15029 6.305362461690656
15057 4.608283468771508
15152 5.8998973535824915
15241 1.7462362142039713
15313 5.751315831798414
15332 -9.313870380873722
15471 1.3881216796572402
15637 6.9985096422506015
15647 10.778143459633002
15672 0.7275212103923018
15805 24.096924665662378
