207
289 3.086486636822455
302 3.430611827025225
583 2.9041650800285006
1462 4.919068100570765
1686 1.1549652252192415
1687 4.827084327160058
1782 2.7218435232345457
1850 3.0666840095262753
1884 1.9486536350010641
1886 9.38192589402813
2201 2.035665011990694
2240 4.96852617085737
2334 0.7939518796819108
2351 1.5647876386963615
2357 1.1873686492739008
2421 1.5431885268928998
2479 5.206750173022546
2521 4.165296298194385
2626 4.290459441148391
2638 2.130975191795019
2657 6.721846965048431
2674 1.0272478024601386
2701 2.7218435232345457
2757 3.2849375755462935
2839 6.296724081081085
2920 0.6795415285041667
2935 0.6320391945191633
3120 1.6048820958982397
3192 5.047741126803689
3374 1.9680717208581657
3489 1.942263836902293
3690 1.4972514317058743
3691 3.7026727762462723
3708 3.8630154263214513
3737 7.222211165441563
3785 2.87137525720551
3961 2.6290617897835795
4021 1.5054481989100525
4179 3.414990703794491
4245 3.597312260588446
4247 11.581892075631908
4281 4.695924549256556
4522 0.2603571476546441
4608 5.630090646958978
4636 2.955458374416051
4711 3.8592108800607394
4750 0.33155284982139466
4765 1.4150133334689021
4787 6.305362461690656
4857 2.0712559570933964
4914 1.4339892349279078
4938 3.4431615807611875
5006 3.086486636822455
5055 2.2278250177849364
5083 1.5735596247691985
5111 3.21432000833234
5181 4.577958881876534
5279 6.964057080891279
5491 3.597312260588446
5518 1.5868635903955612
5563 3.1066893441399746
5590 1.4533321977710387
5606 8.45184184002164
5700 3.1483620405405426
5773 2.735829765209286
5980 3.8630154263214513
5990 2.938066631704182
5993 1.7043607691634077
6049 2.035665011990694
6064 2.138697237888929
6088 1.2146844599208637
6101 4.165296298194385
6338 7.2406264907400875
6364 3.260840023967233
6390 3.047265923669174
6433 0.5154022907934025
6447 2.576165249751463
6461 4.919068100570765
6872 1.3047775034479017
7014 6.9985096422506015
7019 2.130975191795019
7104 -1.3269758333025843
7181 3.260840023967233
7325 2.8088549002241754
7346 3.5645224377654547
7487 3.6334521839170324
7569 1.0170954309961207
7620 2.1863252868781835
7690 3.21432000833234
7700 3.7026727762462723
7721 4.8012850649143815
7731 2.001297368486486
7813 1.0145733615634107
7900 5.612215281130711
7932 3.7490913256946845
8138 4.8012850649143815
8439 0.4690908039883759
8463 4.290459441148391
8556 10.934159458060634
8884 6.9985096422506015
8946 2.7218435232345457
8968 5.206750173022546
8993 2.973157951515452
9166 4.513602992462601
9170 0.6116303228879563
9308 3.1698682457615064
9384 1.3355491621146554
9393 1.060973437168175
9429 3.3609234825242154
9589 2.6230685718215625
9792 6.9985096422506015
9811 3.9074671888922854
9881 5.389071729816501
9990 1.1343571206342449
10114 1.3014161557451966
10139 13.550366918425507
10202 2.591790394986348
10210 2.9911764570181303
10217 2.15432255579201
10250 2.9209721983448818
10258 1.8000126109847754
10329 -0.4201813914191953
10393 1.9746291214043248
10500 7.332610264150794
10868 -0.18536107281185138
10909 2.7790019370744945
11023 1.2880826248757316
11080 3.8630154263214513
11148 1.1784267118982394
11168 1.2781978656431896
11218 0.5720211847929105
11331 4.290459441148391
11334 1.994563336305142
11491 1.8745456628473423
11570 1.1933746733341126
11671 2.2535775138873513
11840 6.7609677793975855
11841 2.8396265588909295
11969 4.54940278247899
12012 10.778143459633002
12013 6.9985096422506015
12047 2.883363161102127
12120 7.065547478901749
12140 4.108137884354437
12220 4.290459441148391
12355 3.5327737394508745
12404 1.485080896085619
12407 5.011169029295759
12455 -0.2152586658680402
12460 2.932833718051566
12527 6.17297327364491
12553 2.1431672325603808
12558 2.4446327506500602
12566 5.8998973535824915
12660 4.071330023981388
12674 1.5779746429783155
12811 8.45184184002164
12815 12.610724923381312
12823 2.06986059726431
12826 1.2619373447714093
12833 0.9630282097258448
12853 3.456212601578631
12856 10.105198986390576
12904 3.4431615807611875
12946 0.5932811842197597
12996 4.22592092001082
13052 3.260840023967233
13063 6.9985096422506015
13094 6.383694304960563
13106 2.335070548138534
13136 5.206750173022546
13208 1.3115342859107813
13260 6.9985096422506015
13384 4.113734439282593
13440 1.4770487243883548
13596 3.502002080784121
13624 4.165296298194385
13761 2.6040604875781623
13795 10.772468896745096
13867 1.087712998210074
13873 3.740413104229119
14237 -2.7889933932166397
14242 2.5326015235960173
14252 3.502002080784121
14267 -0.7647387866270302
14268 4.290459441148391
14381 0.457735330796197
14469 11.224430562261421
14477 2.5211728277723946
14507 1.8510151654371483
14519 6.17297327364491
14558 2.476721065201561
14651 4.513602992462601
14707 5.389071729816501
14789 3.7026727762462723
14805 4.22592092001082
14832 4.600614369452231
15081 4.919068100570765
15155 0.6904112007410705
15332 -6.209246920582481
15341 0.7959741250626788
15348 2.10066984229969
15468 2.309930450438483
15472 2.735829765209286
15597 3.5327737394508745
15672 0.7275212103923018
15798 4.695924549256556
