51
606 4.8012850649143815
1893 1.7567626271909589
2036 1.9486536350010641
2354 4.290459441148391
2424 2.219386149139072
2450 -0.6108568957036107
3407 2.085854756514549
3807 2.3256808077886952
3995 1.751485570090115
4021 1.5054481989100525
4381 2.0149030205422647
4400 2.938066631704182
4522 0.2603571476546441
4537 5.098119386747397
4882 2.130975191795019
4970 1.9746291214043248
5630 0.3574615133704861
6622 2.579669034454003
7104 -0.6634879166512921
7591 2.0426825846493406
7731 2.001297368486486
7740 3.5327737394508745
8026 5.052599493195288
8523 1.4512652714088672
8978 1.6140145794615122
9270 3.1066893441399746
9384 1.3355491621146554
9559 -0.16639788770994784
9709 1.082307579643166
9733 1.0850066366123312
10447 1.2198964734099427
10749 1.1754637467675824
11299 -0.5211827618659379
11304 1.2054960338664575
11453 1.3637200390813515
11952 1.5958322603783217
12377 1.3460204619819507
12383 1.2523064517104479
12797 2.7218435232345457
13080 0.8123010183501074
13189 1.8745456628473423
13505 3.0666840095262753
13553 -0.37046075994419203
13565 1.9878743481543455
13891 1.2131850577159984
14416 0.7739512129752414
14457 12.610724923381312
15292 2.211017899468555
15332 -3.1046234602912404
15604 2.1233123190494494
15827 1.9109133070182172
