211
58 4.433560284789064
194 1.5399972773188362
302 1.7153059135126125
389 1.6419233675785887
502 2.5676928434072877
810 2.8396265588909295
1060 0.06216690641655154
1158 6.9985096422506015
1249 4.600614369452231
1379 0.5370414658968836
1527 5.8998973535824915
1669 6.9985096422506015
1685 3.2373095265570386
1686 1.1549652252192415
1687 2.413542163580029
1699 6.9985096422506015
1701 6.9985096422506015
1875 6.9985096422506015
1884 5.845960905003192
1906 3.597312260588446
2068 3.3609234825242154
2221 9.084653186095439
2225 4.359452312635343
2244 5.612215281130711
2247 2.219386149139072
2271 0.6835662361444191
2334 0.7939518796819108
2358 3.1273086313427103
2407 2.236335707452845
2418 7.559267634764801
2443 4.00277736869661
2513 1.8280256472124494
2639 2.6040604875781623
2640 2.735829765209286
2828 5.389071729816501
2920 0.6795415285041667
2935 0.6320391945191633
2940 1.6278716141229383
2944 4.8012850649143815
2964 0.900435360084361
3046 2.9911764570181303
3120 1.6048820958982397
3215 1.179961702382206
3271 4.00277736869661
3309 5.612215281130711
3382 4.433560284789064
3388 4.695924549256556
3578 7.218959844413458
3598 9.333017319736674
3657 2.6164830075767194
3736 3.086486636822455
3737 1.8055527913603908
3804 2.750014400201242
3820 7.156093957636721
3844 3.7026727762462723
3961 2.6290617897835795
4026 2.8876357780772897
4053 -1.1214011281366392
4158 0.2142030831410193
4222 2.3256808077886952
4223 2.1863252868781835
4335 5.876133263408364
4398 3.9539872045271784
4405 4.038061385945852
4412 3.086486636822455
4536 2.70805020110221
4625 5.5356541432584665
4773 4.108137884354437
4809 2.8088549002241754
4878 2.7345957208584712
4912 1.9296054400303697
4926 5.389071729816501
4956 2.413542163580029
4976 2.288979440938267
5029 3.2373095265570386
5055 2.2278250177849364
5110 1.8452180477528222
5339 1.1784267118982394
5342 7.262427624528255
5347 4.600614369452231
5430 2.750014400201242
5680 3.182675741580965
5773 2.735829765209286
5852 2.4876501357337513
5973 1.4770487243883548
5993 0.8521803845817039
6088 1.2146844599208637
6169 2.4033897921160112
6389 3.1273086313427103
6634 7.907974409054357
6657 2.138697237888929
6872 1.3047775034479017
6878 2.8553749158590684
6954 6.9985096422506015
7025 2.0190964507214755
7104 -1.9904637499538764
7237 6.9985096422506015
7248 5.8998973535824915
7306 2.4876501357337513
7312 2.3163784151263815
7431 2.6040604875781623
7527 2.681021528714291
7688 3.086486636822455
7813 4.058293446253643
7995 4.513602992462601
8032 0.5108256237659907
8043 3.461302966374546
8090 4.47267141490569
8212 6.305362461690656
8218 5.052599493195288
8221 8.580918882296782
8323 6.339736491523013
8439 0.9381816079767518
8444 1.7890234894091803
8471 2.7938170228596353
8705 27.253959558286315
8710 1.102407559418776
8718 2.824122372354964
8823 3.1066893441399746
8850 1.7153059135126125
8856 2.3163784151263815
8946 2.7218435232345457
8978 1.6140145794615122
8993 2.973157951515452
9170 0.6116303228879563
9318 5.8998973535824915
9483 3.6312138122641273
9711 5.605832781982583
9817 2.6366740664670676
9876 2.6944445490464313
9895 2.288979440938267
9970 0.4837969513780714
10169 12.610724923381312
10306 2.15432255579201
10329 -0.4201813914191953
10487 3.962459610871354
10633 4.433560284789064
10678 6.866938322814802
10749 1.1754637467675824
10751 4.763711278091465
10794 2.938066631704182
10825 2.0149030205422647
10868 -0.5560832184355542
10962 5.258123579567159
11012 4.919068100570765
11032 1.087712998210074
11110 0.8102455191680114
11112 5.8998973535824915
11165 2.1863252868781835
11168 1.2781978656431896
11218 1.7160635543787315
11461 2.146479378330984
11570 5.966873366670563
11597 3.0666840095262753
11625 1.457246097092175
11671 2.2535775138873513
11769 3.2933030175490696
11816 3.8592108800607394
11881 13.54025100551105
11900 4.099499503744866
11908 1.5346778372249912
12009 3.502002080784121
12022 0.40409618250082274
12034 2.7972046564405604
12063 3.9074671888922854
12078 2.727440078162703
12122 1.1963912668735384
12137 2.498699971920336
12181 3.8204558119026557
12261 6.305362461690656
12277 3.1273086313427103
12383 1.2523064517104479
12455 -1.2915519952082413
12460 1.466416859025783
12553 3.214750848840571
12616 6.9985096422506015
12651 16.167215189449504
12772 1.886521853894058
12773 1.7652350335351346
13316 3.047265923669174
13319 1.8055527913603908
13343 2.973157951515452
13384 2.0568672196412967
13440 4.4311461731650645
13553 -2.222764559665152
13672 1.5262389685791264
13791 6.094531847338348
13843 2.1782280766455644
13867 3.263138994630222
13891 3.032962644289996
14093 2.973157951515452
14135 9.416474972436914
14174 1.7945029551738059
14195 5.334461451516829
14196 0.8373023205555247
14237 -4.18349008982496
14352 0.9464204733261844
14381 0.2288676653980985
14431 1.034930298632155
14461 3.740413104229119
14523 2.8553749158590684
14731 5.206750173022546
14846 6.305362461690656
14906 0.4013639403639497
15057 3.456212601578631
15241 1.7462362142039713
15313 5.751315831798414
15332 -10.866182111019342
15587 1.2947271675944
15771 0.023095714794649395
15794 2.5676928434072877
