29
289 3.086486636822455
2659 3.4431615807611875
2839 3.1483620405405426
3192 1.0095482253607377
3785 2.87137525720551
4576 2.085854756514549
4608 1.4075226617397445
5279 1.7410142702228197
5993 0.8521803845817039
6364 3.260840023967233
7344 1.6325336272287498
8439 0.4690908039883759
8556 3.6447198193535444
9391 2.735829765209286
9537 0.6546292081242703
11385 3.8630154263214513
11840 1.6902419448493964
11841 2.8396265588909295
12407 1.67038967643192
12660 4.071330023981388
12669 4.433560284789064
12672 5.8998973535824915
12904 3.4431615807611875
13795 1.5389241281064423
13867 2.175425996420148
14825 6.9985096422506015
15332 -3.1046234602912404
15672 0.7275212103923018
15719 3.597312260588446
