42
389 3.2838467351571774
710 2.8553749158590684
1942 0.845776947546497
2077 3.3875917296063767
2271 0.34178311807220957
2631 0.21292199724267172
2890 4.919068100570765
2943 3.4431615807611875
3215 0.589980851191103
3690 1.4972514317058743
4158 0.030600440448717042
4619 3.2849375755462935
4750 0.33155284982139466
5040 1.4378280112350734
6316 5.206750173022546
6696 4.513602992462601
7044 1.880515829833846
7104 -0.6634879166512921
7210 1.8568460857479414
7487 1.8167260919585162
7497 0.7014003223166658
7614 2.5676928434072877
8284 3.9539872045271784
8439 0.4690908039883759
9990 0.5671785603171224
10210 2.9911764570181303
11989 6.305362461690656
12460 0.7332084295128914
12946 1.1865623684395195
13029 1.6609715625492831
13553 -0.37046075994419203
13930 1.3601549729168554
14196 0.8373023205555247
14473 3.2849375755462935
14504 3.9539872045271784
14556 2.8876357780772897
14906 0.4013639403639497
15169 2.335070548138534
15332 -1.5523117301456202
15407 2.2711218235382606
15709 2.1863252868781835
15783 0.48083836933832624
