81
254 2.498699971920336
800 2.434161450782765
1836 7.5978045707880515
1851 12.610724923381312
1871 3.5645224377654547
2199 6.305362461690656
2484 2.629859749823839
2631 0.21292199724267172
2829 2.8088549002241754
3192 1.0095482253607377
3578 0.6015799870344548
3597 2.8876357780772897
3982 1.0769312226067855
4006 5.309408440793835
4019 4.919068100570765
4114 1.3890378470656415
4956 2.413542163580029
5014 2.3541187431092285
5083 1.5735596247691985
5200 3.3096301881366648
5392 2.130975191795019
5397 4.22592092001082
5484 0.9464204733261844
5518 1.5868635903955612
5630 0.23830767558032406
5861 5.500028800402484
5955 2.434161450782765
6078 2.555858385760285
6216 2.3933394562625097
6331 4.22592092001082
6467 2.2535775138873513
6962 3.8630154263214513
7051 1.8167260919585162
7104 -0.6634879166512921
7692 2.2449194511442365
7924 3.2849375755462935
7991 1.3149298749119196
8123 1.6609715625492831
8221 4.290459441148391
8439 0.4690908039883759
8664 2.7938170228596353
8710 1.102407559418776
9110 2.035665011990694
9270 3.1066893441399746
9272 5.052599493195288
9393 1.060973437168175
9537 0.6546292081242703
9946 10.778143459633002
10447 0.6099482367049713
10517 7.450844820801358
10561 1.6003469407328483
10751 0.7939518796819108
10807 12.610724923381312
10868 -0.37072214562370276
11102 1.9956900423327322
11267 6.9985096422506015
11677 1.7255100836868542
11750 15.157798479585864
11905 3.2849375755462935
12022 0.40409618250082274
12034 0.9324015521468534
12254 2.335070548138534
12455 -0.2152586658680402
12629 3.3096301881366648
12714 3.7796338173824005
13080 0.8123010183501074
13718 1.3425178314307487
13743 3.8204558119026557
13817 3.5645224377654547
13867 1.087712998210074
13891 1.8197775865739976
14237 -1.3944966966083199
14352 2.8392614199785533
14490 3.3096301881366648
15283 2.236335707452845
15332 -1.5523117301456202
15471 0.6940608398286201
15570 2.7218435232345457
15622 2.363780654020965
15655 3.9539872045271784
15814 2.262311193856106
