114
389 1.6419233675785887
473 3.1273086313427103
935 3.740413104229119
1928 2.4876501357337513
1942 2.537330842639491
2007 6.9985096422506015
2009 2.413542163580029
2271 1.0253493542166288
2302 3.009525595686327
2364 5.206750173022546
2421 3.0863770537857995
2452 2.1782280766455644
2631 0.42584399448534344
2674 1.0272478024601386
2706 3.6312138122641273
2757 3.2849375755462935
2943 3.4431615807611875
2964 0.900435360084361
3186 2.576165249751463
3215 2.359923404764412
3559 5.206750173022546
3690 2.9945028634117485
3995 3.50297114018023
4158 0.12240176179486817
4214 2.465910149097345
4405 1.3460204619819507
4522 0.2603571476546441
4765 4.245040000406706
4812 7.907974409054357
5040 2.875656022470147
5047 3.3349479961209547
5151 2.555858385760285
5837 4.433560284789064
5954 4.8012850649143815
5999 2.5098732725184614
6049 2.035665011990694
6140 2.211017899468555
6216 2.3933394562625097
6345 3.414990703794491
6433 0.5154022907934025
6731 12.610724923381312
7025 1.0095482253607377
7072 1.9486536350010641
7076 2.434161450782765
7104 -0.6634879166512921
7210 1.8568460857479414
7346 3.5645224377654547
7497 0.7014003223166658
7813 1.0145733615634107
8032 0.5108256237659907
8078 3.8718292184472687
8263 3.414990703794491
8284 3.9539872045271784
8439 0.4690908039883759
8723 1.5262389685791264
8880 1.67063347346102
8904 2.1863252868781835
9061 3.6312138122641273
9106 2.1700132732246624
9170 0.6116303228879563
9534 2.750014400201242
9537 0.6546292081242703
9807 3.1698682457615064
9970 0.4837969513780714
9990 0.5671785603171224
10210 2.9911764570181303
10329 -0.21009069570959765
10431 0.7218661529089567
10595 4.05407066308416
10796 3.8630154263214513
10868 -0.18536107281185138
11027 1.2781978656431896
11132 3.7796338173824005
11148 2.356853423796479
11218 0.5720211847929105
11295 3.2373095265570386
11491 1.8745456628473423
11570 1.1933746733341126
11850 2.455214859980597
11894 1.5178707189086098
11959 2.2449194511442365
12006 2.955458374416051
12022 0.40409618250082274
12078 1.3637200390813515
12455 -0.2152586658680402
12460 0.7332084295128914
12660 2.035665011990694
12717 0.5999147077153936
12823 1.034930298632155
12946 2.373124736879039
13202 3.6312138122641273
13359 2.6290617897835795
13365 3.3349479961209547
13553 -0.7409215198883841
13708 3.9539872045271784
13720 3.666305132075397
13845 2.001297368486486
13878 4.919068100570765
14196 0.8373023205555247
14237 -2.09174504491248
14357 2.476721065201561
14370 3.666305132075397
14504 7.907974409054357
14556 2.8876357780772897
14658 5.612215281130711
15057 1.152070867192877
15283 2.236335707452845
15302 3.3609234825242154
15332 -6.209246920582481
15424 1.8111238364098463
15471 0.6940608398286201
15685 0.8716404581364162
15783 0.9616767386766525
15786 3.5927627609221484
