51
289 3.086486636822455
986 3.9539872045271784
2521 4.165296298194385
2639 2.6040604875781623
2659 3.4431615807611875
2839 3.1483620405405426
3192 2.0190964507214755
3275 3.666305132075397
3647 2.1081605140288473
3690 1.4972514317058743
3785 5.74275051441102
4576 2.085854756514549
4914 1.4339892349279078
5083 1.5735596247691985
5279 1.7410142702228197
5484 0.9464204733261844
6461 4.919068100570765
6721 2.383389125409342
6779 4.8012850649143815
7104 -0.6634879166512921
7700 3.7026727762462723
8439 0.4690908039883759
8556 1.8223599096767722
9391 2.735829765209286
9537 1.3092584162485406
9589 1.3115342859107813
9779 1.8337236683270872
10030 2.413542163580029
10250 2.9209721983448818
10659 6.886323161522375
10868 -0.18536107281185138
11034 1.5958322603783217
11526 1.6419233675785887
11840 1.6902419448493964
11969 0.7582337970798316
12120 3.5327737394508745
12404 1.485080896085619
12407 1.67038967643192
12460 1.466416859025783
12660 2.035665011990694
12812 6.9985096422506015
12826 2.5238746895428186
12855 6.9985096422506015
13094 3.1918471524802814
13795 3.0778482562128846
13867 2.175425996420148
14507 1.8510151654371483
14599 8.867120569578129
15278 2.465910149097345
15471 1.3881216796572402
15718 4.108137884354437
