61
1836 5.065203047192035
2156 6.9985096422506015
2450 -0.6108568957036107
2674 1.0272478024601386
3110 2.8876357780772897
3578 1.2031599740689096
3982 1.0769312226067855
4006 2.6547042203969173
4114 1.3890378470656415
4522 0.2603571476546441
4856 6.9985096422506015
5392 2.130975191795019
5630 0.11915383779016203
6140 2.211017899468555
6402 2.822521967700703
6433 0.5154022907934025
6739 3.2280291589230243
6962 3.8630154263214513
7924 3.2849375755462935
7941 3.740413104229119
7991 1.3149298749119196
8123 1.6609715625492831
8439 0.9381816079767518
8710 0.551203779709388
8967 5.052599493195288
9006 4.108137884354437
9110 2.035665011990694
9192 4.00277736869661
9270 3.1066893441399746
9272 5.052599493195288
9345 2.66777630196427
9537 0.6546292081242703
10069 3.4431615807611875
10196 2.5211728277723946
10447 0.6099482367049713
10517 7.450844820801358
10568 6.9985096422506015
10868 -0.37072214562370276
11299 -0.5211827618659379
11503 2.8876357780772897
11969 0.7582337970798316
12078 1.3637200390813515
12122 2.3927825337470767
12378 3.3349479961209547
12383 1.2523064517104479
12455 -0.2152586658680402
12717 0.5999147077153936
13080 0.8123010183501074
13202 3.6312138122641273
13867 1.087712998210074
13891 0.6065925288579992
14167 3.7026727762462723
14267 -0.3823693933135151
14515 3.0666840095262753
15241 1.7462362142039713
15283 2.236335707452845
15306 0.7199882180847567
15317 3.0666840095262753
15332 -3.1046234602912404
15471 0.6940608398286201
15622 2.363780654020965
