255
3 3.0666840095262753
12 4.8012850649143815
45 4.8012850649143815
74 6.9985096422506015
197 6.9985096422506015
201 6.305362461690656
241 1.6902419448493964
302 1.7153059135126125
344 2.7790019370744945
389 3.2838467351571774
458 4.165296298194385
473 3.1273086313427103
482 4.695924549256556
484 9.027205984925201
488 3.6312138122641273
512 4.157057432844953
646 2.219386149139072
680 4.433560284789064
683 3.3609234825242154
703 3.7026727762462723
710 2.8553749158590684
770 6.9985096422506015
787 2.035665011990694
842 4.433560284789064
852 6.9985096422506015
861 3.5645224377654547
862 2.344549292093078
881 4.919068100570765
937 4.433560284789064
978 2.298029276458185
1404 1.3708885285599641
1679 6.9985096422506015
1842 2.0286963426746007
1923 4.42203579893711
1938 2.66777630196427
1942 1.691553895092994
1977 2.6040604875781623
1979 3.9539872045271784
2233 3.260840023967233
2357 1.1873686492739008
2384 6.305362461690656
2418 3.7796338173824005
2421 1.5431885268928998
2446 2.5326015235960173
2521 4.165296298194385
2631 0.8516879889706869
3062 2.8396265588909295
3120 3.2097641917964794
3168 8.472367117064893
3186 2.576165249751463
3213 4.433560284789064
3240 3.5645224377654547
3454 3.47214911763444
3474 5.612215281130711
3546 5.206750173022546
3665 13.078356937906028
3691 3.7026727762462723
3700 1.2947271675944
3849 4.8012850649143815
4096 6.721846965048431
4114 1.3890378470656415
4158 0.24480352358973634
4198 3.7796338173824005
4407 3.414990703794491
4416 1.3637200390813515
4429 4.05407066308416
4487 3.1066893441399746
4608 1.4075226617397445
4611 12.495888894583157
4619 6.569875151092587
4658 5.8998973535824915
4765 5.6600533338756085
4794 3.6312138122641273
4881 2.7938170228596353
4947 3.414990703794491
5039 2.735829765209286
5040 2.875656022470147
5452 6.9985096422506015
5458 10.413500346045092
5484 2.8392614199785533
5490 11.224430562261421
5491 3.597312260588446
5539 5.145917740537838
5647 4.513602992462601
5739 2.8876357780772897
5837 4.433560284789064
5911 6.9985096422506015
5929 3.3096301881366648
5967 6.9985096422506015
5994 5.8998973535824915
6047 3.009525595686327
6064 2.138697237888929
6158 4.910429719961194
6250 3.5455259370747996
6262 3.4431615807611875
6338 2.413542163580029
6358 4.290459441148391
6433 0.5154022907934025
6569 6.9985096422506015
6589 9.027205984925201
6660 2.7938170228596353
6814 5.8998973535824915
6984 3.7796338173824005
7072 13.64057544500745
7079 6.305362461690656
7123 4.513602992462601
7210 1.8568460857479414
7329 9.602570129828763
7379 4.22592092001082
7462 1.942263836902293
7487 1.8167260919585162
7497 1.4028006446333317
7559 12.32441365306331
7620 2.1863252868781835
7638 3.7026727762462723
7643 4.919068100570765
7807 6.9985096422506015
7808 5.679253117781859
7813 1.0145733615634107
7906 1.4339892349279078
7919 5.389071729816501
8050 4.165296298194385
8053 16.167215189449504
8055 2.9041650800285006
8056 6.9985096422506015
8057 4.165296298194385
8090 2.236335707452845
8388 4.919068100570765
8439 0.9381816079767518
8562 6.9985096422506015
8645 3.5327737394508745
8654 5.389071729816501
8660 1.675499663112193
8718 2.824122372354964
8780 4.22592092001082
8801 4.919068100570765
8928 1.3355491621146554
9018 6.9985096422506015
9106 3.2550199098369936
9110 6.106995035972082
9238 10.416447352903319
9360 5.206750173022546
9391 2.735829765209286
9474 6.9985096422506015
9481 3.5455259370747996
9496 11.224430562261421
9554 3.814985683990212
9579 6.9985096422506015
9582 6.9985096422506015
9597 3.1273086313427103
9640 8.426564700672525
9644 4.359452312635343
9709 1.082307579643166
9733 2.1700132732246624
9748 2.6547042203969173
9807 3.1698682457615064
9986 2.0568672196412967
9990 2.8358928015856124
10008 4.113734439282593
10114 1.3014161557451966
10210 2.9911764570181303
10306 2.15432255579201
10329 -0.21009069570959765
10331 4.600614369452231
10341 6.339736491523013
10402 5.389071729816501
10508 6.305362461690656
10796 3.8630154263214513
10805 3.666305132075397
10892 4.8012850649143815
10903 7.430163195604683
10988 11.799794707164983
11044 3.9074671888922854
11148 1.1784267118982394
11218 0.5720211847929105
11323 3.597312260588446
11337 5.8998973535824915
11461 2.146479378330984
11524 1.5178707189086098
11567 5.612215281130711
11658 4.513602992462601
11805 6.9985096422506015
11886 6.9985096422506015
11894 1.5178707189086098
11989 6.305362461690656
12006 5.910916748832102
12093 1.6803896484063847
12104 3.2373095265570386
12122 3.589173800620615
12153 6.9985096422506015
12186 4.108137884354437
12207 6.9985096422506015
12254 14.010423288831205
12396 5.8998973535824915
12455 -0.2152586658680402
12460 2.1996252885386745
12501 4.919068100570765
12527 3.086486636822455
12558 7.333898251950181
12660 2.035665011990694
12824 9.83813620114153
12853 2.304141734385754
12946 5.932811842197597
12953 4.919068100570765
13029 1.6609715625492831
13102 2.735829765209286
13112 6.9985096422506015
13125 3.3096301881366648
13130 3.9539872045271784
13143 5.052599493195288
13208 1.3115342859107813
13222 3.414990703794491
13440 1.4770487243883548
13470 5.389071729816501
13471 2.6040604875781623
13543 19.205140259657526
13547 1.6003469407328483
13553 -1.111382279832576
13557 6.305362461690656
13596 3.502002080784121
13773 4.433560284789064
13799 5.389071729816501
13845 2.001297368486486
13872 5.052599493195288
13891 0.6065925288579992
13921 2.1782280766455644
14066 11.799794707164983
14113 10.413500346045092
14196 0.8373023205555247
14381 0.2288676653980985
14392 3.7796338173824005
14422 2.1233123190494494
14449 3.21432000833234
14461 3.740413104229119
14504 7.907974409054357
14529 2.8088549002241754
14556 5.775271556154579
14612 4.372650573756367
14674 5.8998973535824915
14698 5.206750173022546
14906 1.204091821091849
15057 6.912425203157262
15169 4.670141096277068
15187 3.989126672610284
15332 -21.732364222038683
15373 3.257443005252472
15387 4.600614369452231
15402 5.052599493195288
15407 6.813365470614782
15424 1.8111238364098463
15471 0.6940608398286201
15472 2.735829765209286
15672 0.7275212103923018
15709 4.372650573756367
15771 0.04619142958929879
