231
3 3.0666840095262753
194 0.7699986386594181
373 2.750014400201242
512 2.0785287164224764
638 3.502002080784121
646 2.219386149139072
703 3.7026727762462723
717 5.679253117781859
760 9.027205984925201
764 3.502002080784121
769 3.9539872045271784
771 4.513602992462601
779 5.612215281130711
888 4.05407066308416
906 4.05407066308416
907 5.612215281130711
967 6.9985096422506015
1062 2.591790394986348
1225 6.9985096422506015
1252 4.8012850649143815
1375 4.8012850649143815
1378 6.305362461690656
1379 1.6111243976906509
1404 1.3708885285599641
1750 1.1068654304248302
1778 5.612215281130711
1884 1.9486536350010641
1902 2.0149030205422647
1923 2.211017899468555
1984 4.513602992462601
1986 2.4237986637472186
2049 2.37353682896633
2334 0.7939518796819108
2351 1.5647876386963615
2434 4.827084327160058
2435 5.8998973535824915
2450 -0.6108568957036107
2567 6.86122365405045
2640 2.735829765209286
2796 2.335070548138534
2920 0.6795415285041667
3190 4.8012850649143815
3490 4.108137884354437
3528 11.224430562261421
3578 0.6015799870344548
3598 4.666508659868337
3599 12.610724923381312
3612 3.1918471524802814
3614 1.4378280112350734
3678 24.04938128715792
3679 5.206750173022546
3788 2.750014400201242
3789 5.612215281130711
3840 1.2980660688599148
3932 4.05407066308416
3942 3.3875917296063767
4034 4.8012850649143815
4074 6.9985096422506015
4191 8.216275768708874
4269 5.206750173022546
4307 2.824122372354964
4422 4.359452312635343
4576 4.171709513029098
4625 1.8452180477528222
4838 1.4730567031188173
4842 4.433560284789064
4846 2.021775899830027
4878 4.101893581287706
4964 0.563963123463148
5083 3.147119249538397
5127 4.8012850649143815
5256 6.9985096422506015
5272 7.194624521176892
5318 3.1066893441399746
5416 4.108137884354437
5484 1.8928409466523688
5629 5.8998973535824915
5630 0.11915383779016203
5828 2.5676928434072877
6088 3.644053379762591
6092 4.695924549256556
6104 17.699692060747473
6105 4.8012850649143815
6250 1.7727629685373998
6390 3.047265923669174
6586 2.288979440938267
6640 3.7026727762462723
6702 6.056435457396959
6878 2.8553749158590684
6898 2.162227735299123
6919 1.422560539104285
6970 4.372650573756367
6993 4.05407066308416
6997 4.600614369452231
7104 -4.644415416559045
7299 2.8553749158590684
7344 1.6325336272287498
7534 1.242767428663689
7597 4.372650573756367
7650 10.540802570144237
7764 1.7052048175261088
7767 3.414990703794491
7813 1.0145733615634107
7832 3.047265923669174
7969 3.5327737394508745
7991 1.3149298749119196
8096 1.4533321977710387
8182 16.086129172285744
8256 1.6803896484063847
8257 5.206750173022546
8467 5.389071729816501
8471 2.7938170228596353
8585 3.47214911763444
8636 5.8998973535824915
8660 6.701998652448772
8674 6.9985096422506015
8708 1.4810567457858934
8886 1.3081501879265407
8928 1.3355491621146554
8987 8.84407159787422
9154 2.465910149097345
9201 3.5645224377654547
9211 3.502002080784121
9346 2.498699971920336
9353 2.476721065201561
9372 23.25680807788695
9462 6.305362461690656
9554 1.271661894663404
9599 5.612215281130711
9645 2.021775899830027
9667 3.7796338173824005
9709 1.082307579643166
9733 1.0850066366123312
9812 4.290459441148391
10055 3.009525595686327
10306 2.15432255579201
10325 3.7851283367000415
10326 0.5230769255465112
10329 -0.4201813914191953
10552 4.22592092001082
10561 3.2006938814656967
10658 2.9041650800285006
10753 2.7790019370744945
10872 6.419528383592959
10874 4.359452312635343
10906 4.071330023981388
10997 3.1483620405405426
11027 1.2781978656431896
11032 1.087712998210074
11034 1.5958322603783217
11037 4.05407066308416
11066 4.05407066308416
11089 1.1549652252192415
11116 7.643653228072869
11175 5.389071729816501
11388 4.22592092001082
11445 3.740413104229119
11481 3.237224577420283
11546 3.9539872045271784
11625 2.91449219418435
11772 4.108137884354437
11816 3.8592108800607394
11836 2.37353682896633
11898 6.9985096422506015
11952 1.5958322603783217
11969 1.5164675941596633
11984 2.4237986637472186
12028 2.591790394986348
12034 1.8648031042937068
12093 1.6803896484063847
12111 1.994563336305142
12228 3.047265923669174
12283 7.812181462734487
12294 4.8012850649143815
12383 1.2523064517104479
12455 -0.2152586658680402
12457 3.2373095265570386
12598 5.019746545036923
12773 2.647852550302702
12785 2.8088549002241754
13001 1.4730567031188173
13040 7.194624521176892
13080 0.8123010183501074
13158 5.206750173022546
13208 1.3115342859107813
13312 2.955458374416051
13319 1.8055527913603908
13412 2.5098732725184614
13491 9.155917763753068
13527 2.049749751872433
13553 -0.37046075994419203
13562 6.9985096422506015
13565 1.9878743481543455
13572 1.8745456628473423
13575 4.165296298194385
13613 1.8111238364098463
13843 2.1782280766455644
13867 1.087712998210074
13882 6.9985096422506015
13891 0.6065925288579992
13918 2.8396265588909295
13998 4.8012850649143815
14136 1.4810567457858934
14237 -0.6972483483041599
14267 -0.3823693933135151
14308 2.0640357091199095
14357 2.476721065201561
14381 0.2288676653980985
14422 2.1233123190494494
14431 1.034930298632155
14453 3.414990703794491
14692 2.8396265588909295
14830 2.7790019370744945
14990 5.8998973535824915
15037 2.3163784151263815
15302 3.3609234825242154
15306 2.8799528723390266
15313 1.917105277266138
15332 -4.656935190436861
15348 2.10066984229969
15472 8.207489295627859
15473 6.9985096422506015
15515 3.666305132075397
15576 3.009525595686327
15592 14.35687628602755
15595 1.3320829541381691
15636 5.8998973535824915
15669 2.162227735299123
15731 2.9911764570181303
15771 0.023095714794649395
15860 11.224430562261421
