329
154 6.305362461690656
254 2.498699971920336
389 1.6419233675785887
451 4.22592092001082
458 4.165296298194385
461 4.05407066308416
486 2.70805020110221
607 2.5211728277723946
986 3.9539872045271784
1060 0.06216690641655154
1120 4.695924549256556
1147 5.052599493195288
1686 1.1549652252192415
1836 2.5326015235960173
1840 5.8998973535824915
1865 4.8012850649143815
1871 7.1290448755309095
2019 30.479140797210015
2021 13.54025100551105
2100 5.8998973535824915
2247 2.219386149139072
2261 4.919068100570765
2269 1.8686109273275278
2271 0.34178311807220957
2309 3.7796338173824005
2336 6.305362461690656
2450 -1.832570687110832
2640 2.735829765209286
2822 4.695924549256556
2862 4.407241664217533
2874 3.047265923669174
2924 2.0286963426746007
2935 0.6320391945191633
2940 1.6278716141229383
2943 3.4431615807611875
2984 4.919068100570765
3038 6.305362461690656
3134 4.919068100570765
3136 5.8998973535824915
3328 6.305362461690656
3370 6.305362461690656
3392 2.20271909665386
3449 0.9823524825522477
3494 4.695924549256556
3498 2.87137525720551
3586 3.2849375755462935
3635 3.155949285956631
3657 2.6164830075767194
3780 2.465910149097345
3782 7.405345552492545
3827 3.2849375755462935
3946 6.829981407588982
3985 2.5098732725184614
4008 3.21432000833234
4021 1.5054481989100525
4070 1.1068654304248302
4114 13.890378470656415
4130 4.22592092001082
4138 3.3875917296063767
4186 7.640911623805311
4230 2.0149030205422647
4275 4.165296298194385
4286 2.130975191795019
4301 3.597312260588446
4330 6.305362461690656
4420 4.00277736869661
4459 3.2849375755462935
4481 2.146479378330984
4522 1.3017857382732205
4621 5.443687046469091
4682 4.433560284789064
4721 4.8012850649143815
4794 3.6312138122641273
4840 2.938066631704182
4852 1.258716730071367
4866 2.5211728277723946
4906 3.9074671888922854
4956 2.413542163580029
4963 4.786678912525019
4964 0.563963123463148
5013 4.8012850649143815
5033 2.1233123190494494
5103 6.829981407588982
5151 2.555858385760285
5181 4.577958881876534
5182 4.919068100570765
5249 3.3096301881366648
5283 3.2849375755462935
5331 3.2373095265570386
5350 2.955458374416051
5517 1.6232312345664361
5539 1.7153059135126125
5540 3.1698682457615064
5554 2.1081605140288473
5555 2.4033897921160112
5581 3.0666840095262753
5590 1.4533321977710387
5630 0.11915383779016203
5636 2.973157951515452
5668 2.955458374416051
5710 5.612215281130711
5714 5.8998973535824915
5737 3.740413104229119
5807 4.00277736869661
5839 2.579669034454003
5861 16.500086401207454
5872 2.5441623459970937
5901 2.455214859980597
5922 6.305362461690656
5948 6.305362461690656
5981 5.710749831718137
5982 4.919068100570765
5993 0.8521803845817039
5996 4.00277736869661
6009 6.305362461690656
6043 1.5913378707904824
6049 4.071330023981388
6053 4.359452312635343
6078 2.555858385760285
6089 7.726030852642903
6097 5.8998973535824915
6113 4.695924549256556
6140 2.211017899468555
6205 2.955458374416051
6250 3.5455259370747996
6310 6.305362461690656
6331 4.22592092001082
6447 2.576165249751463
6491 4.600614369452231
6525 9.445086121621628
6567 2.579669034454003
6622 2.579669034454003
6656 5.612215281130711
6721 2.383389125409342
6754 1.2024518914852294
6819 1.7153059135126125
6856 3.2849375755462935
6872 1.3047775034479017
6953 2.681021528714291
7029 4.108137884354437
7066 6.305362461690656
7093 5.612215281130711
7104 -8.625342916466797
7170 1.6186122887101415
7174 5.8998973535824915
7268 4.8012850649143815
7286 1.4112609838503516
7459 2.1944885975173447
7482 1.8055527913603908
7538 5.389071729816501
7600 5.612215281130711
7614 2.5676928434072877
7690 3.21432000833234
7764 1.7052048175261088
7826 3.1273086313427103
7838 2.1081605140288473
7847 6.305362461690656
7864 3.502002080784121
7871 4.108137884354437
7887 2.973157951515452
7899 5.052599493195288
7938 4.695924549256556
7981 4.085365169298681
7991 1.3149298749119196
8123 16.609715625492832
8265 4.108137884354437
8339 5.389071729816501
8439 0.4690908039883759
8468 6.305362461690656
8643 4.002594736972972
8667 3.8630154263214513
8708 2.962113491571787
8710 1.102407559418776
8800 10.778143459633002
8816 1.7255100836868542
8823 3.1066893441399746
8850 3.430611827025225
8856 2.3163784151263815
8880 1.67063347346102
8886 1.3081501879265407
8928 1.3355491621146554
8936 6.305362461690656
8954 3.5645224377654547
8993 2.973157951515452
9046 6.305362461690656
9106 2.1700132732246624
9115 3.047265923669174
9138 10.413500346045092
9152 6.305362461690656
9170 3.0581516144397813
9229 2.3933394562625097
9301 5.612215281130711
9466 4.695924549256556
9481 1.7727629685373998
9537 0.6546292081242703
9554 1.271661894663404
9674 3.6312138122641273
9675 4.108137884354437
9682 5.052599493195288
9795 3.9074671888922854
9895 2.288979440938267
9983 3.1066893441399746
10029 4.847597327494437
10030 2.413542163580029
10112 13.078356937906028
10199 2.3256808077886952
10215 4.695924549256556
10221 2.434161450782765
10298 4.05407066308416
10341 3.1698682457615064
10422 2.1263822140248125
10424 4.8012850649143815
10431 0.7218661529089567
10436 4.290459441148391
10487 1.981229805435677
10561 3.2006938814656967
10620 4.695924549256556
10751 0.7939518796819108
10801 4.433560284789064
10872 1.6048820958982397
10906 2.035665011990694
11023 2.576165249751463
11027 1.2781978656431896
11110 0.8102455191680114
11114 6.094531847338348
11133 6.305362461690656
11139 5.74275051441102
11140 2.15432255579201
11218 1.7160635543787315
11223 6.305362461690656
11266 2.9041650800285006
11299 -0.5211827618659379
11305 2.0640357091199095
11308 2.5098732725184614
11320 2.764403137653342
11339 8.00555473739322
11393 3.2849375755462935
11461 2.146479378330984
11580 5.088324691994187
11691 5.206750173022546
11717 2.938066631704182
11784 3.47214911763444
11788 3.3096301881366648
11790 2.2449194511442365
11908 9.208067023349948
11969 0.7582337970798316
12009 3.502002080784121
12033 2.5211728277723946
12070 2.87137525720551
12093 1.6803896484063847
12098 5.612215281130711
12145 3.1918471524802814
12241 2.579669034454003
12316 4.695924549256556
12337 4.22592092001082
12377 1.3460204619819507
12383 2.5046129034208957
12419 5.052599493195288
12420 6.305362461690656
12421 6.305362461690656
12587 5.612215281130711
12724 5.8998973535824915
12749 6.305362461690656
12823 1.034930298632155
12833 1.9260564194516896
12853 1.152070867192877
13005 3.8630154263214513
13058 4.00277736869661
13129 6.305362461690656
13130 3.9539872045271784
13131 6.305362461690656
13148 5.612215281130711
13177 5.612215281130711
13271 3.3875917296063767
13314 2.0286963426746007
13346 2.9041650800285006
13357 3.3875917296063767
13360 4.05407066308416
13390 2.236335707452845
13460 2.955458374416051
13481 5.8998973535824915
13553 -1.111382279832576
13683 3.0666840095262753
13723 3.597312260588446
13750 4.324455470598246
13891 0.6065925288579992
14013 6.305362461690656
14135 2.3541187431092285
14237 -1.3944966966083199
14242 5.065203047192035
14267 -1.5294775732540604
14357 4.953442130403122
14416 0.7739512129752414
14417 6.305362461690656
14435 2.3933394562625097
14588 2.0785287164224764
14626 2.750014400201242
14744 3.4431615807611875
14785 5.612215281130711
14856 4.8012850649143815
14862 6.305362461690656
14906 1.204091821091849
15024 3.2373095265570386
15063 3.2373095265570386
15086 5.206750173022546
15102 5.206750173022546
15151 6.305362461690656
15241 1.7462362142039713
15256 3.3349479961209547
15259 1.3320829541381691
15287 6.305362461690656
15306 0.7199882180847567
15332 -7.761558650728101
15341 0.7959741250626788
15348 4.20133968459938
15373 0.814360751313118
15416 5.389071729816501
15421 5.389071729816501
15471 1.3881216796572402
15500 5.8998973535824915
15517 5.659565561682174
15518 1.880515829833846
15672 1.4550424207846036
15685 3.486561832545665
15689 6.305362461690656
15694 2.938066631704182
15697 3.7796338173824005
15702 2.8553749158590684
15771 0.09238285917859758
