32
582 5.389071729816501
1836 2.5326015235960173
3215 0.589980851191103
3614 1.4378280112350734
3982 1.0769312226067855
4114 1.3890378470656415
4537 1.0196238773494795
4882 2.130975191795019
5465 3.3349479961209547
5587 2.5326015235960173
5630 0.11915383779016203
5687 2.0785287164224764
5990 2.938066631704182
5993 0.8521803845817039
6908 0.33537694625979814
7104 -0.6634879166512921
8123 1.6609715625492831
8439 0.4690908039883759
9110 2.035665011990694
9484 3.9539872045271784
9537 0.6546292081242703
10307 2.5676928434072877
10868 -0.18536107281185138
11304 1.2054960338664575
12377 1.3460204619819507
13158 5.206750173022546
13527 2.049749751872433
13553 -0.37046075994419203
13897 2.7218435232345457
14416 0.7739512129752414
14447 3.1483620405405426
15709 2.1863252868781835
