478
154 6.305362461690656
254 2.498699971920336
389 1.6419233675785887
451 4.22592092001082
458 4.165296298194385
461 4.05407066308416
486 5.41610040220442
492 3.3609234825242154
495 2.8396265588909295
607 2.5211728277723946
986 3.9539872045271784
1060 0.06216690641655154
1120 4.695924549256556
1147 5.052599493195288
1240 6.305362461690656
1252 4.8012850649143815
1404 1.3708885285599641
1513 4.433560284789064
1686 1.1549652252192415
1836 2.5326015235960173
1840 5.8998973535824915
1865 4.8012850649143815
1871 7.1290448755309095
2019 32.82369008930309
2021 21.66440160881768
2099 11.224430562261421
2100 5.8998973535824915
2159 3.502002080784121
2240 1.65617539028579
2247 4.438772298278144
2261 4.919068100570765
2269 1.8686109273275278
2271 0.34178311807220957
2309 3.7796338173824005
2336 6.305362461690656
2348 4.05407066308416
2411 4.359452312635343
2450 -1.832570687110832
2519 1.6902419448493964
2640 2.735829765209286
2751 6.305362461690656
2757 3.2849375755462935
2822 4.695924549256556
2829 2.8088549002241754
2862 4.407241664217533
2874 3.047265923669174
2924 2.0286963426746007
2928 17.3607455881722
2935 0.6320391945191633
2940 1.6278716141229383
2943 3.4431615807611875
2984 4.919068100570765
3038 6.305362461690656
3134 4.919068100570765
3136 5.8998973535824915
3203 10.413500346045092
3328 6.305362461690656
3370 6.305362461690656
3392 2.20271909665386
3449 0.9823524825522477
3494 4.695924549256556
3498 2.87137525720551
3578 1.2031599740689096
3586 3.2849375755462935
3595 6.305362461690656
3614 1.4378280112350734
3635 3.155949285956631
3657 2.6164830075767194
3751 6.305362461690656
3780 2.465910149097345
3782 7.405345552492545
3820 1.7890234894091803
3827 3.2849375755462935
3850 3.9074671888922854
3915 4.695924549256556
3946 10.244972111383474
3949 2.7790019370744945
3985 5.019746545036923
3995 1.751485570090115
4008 3.21432000833234
4021 1.5054481989100525
4070 1.1068654304248302
4114 16.668454164787697
4130 4.22592092001082
4138 3.3875917296063767
4185 5.612215281130711
4186 7.640911623805311
4214 2.465910149097345
4230 2.0149030205422647
4275 4.165296298194385
4286 2.130975191795019
4301 3.597312260588446
4325 3.21432000833234
4330 6.305362461690656
4391 3.260840023967233
4420 4.00277736869661
4459 3.2849375755462935
4481 4.292958756661968
4522 2.343214328891797
4531 5.362043057428582
4621 5.443687046469091
4625 1.8452180477528222
4682 4.433560284789064
4721 4.8012850649143815
4783 2.1782280766455644
4794 3.6312138122641273
4840 2.938066631704182
4852 2.517433460142734
4866 2.5211728277723946
4876 2.2449194511442365
4898 4.919068100570765
4906 3.9074671888922854
4909 1.4690805547391779
4956 2.413542163580029
4963 9.573357825050039
4964 0.563963123463148
4989 1.3355491621146554
5006 3.086486636822455
5013 4.8012850649143815
5033 2.1233123190494494
5103 6.829981407588982
5151 2.555858385760285
5156 2.211017899468555
5181 4.577958881876534
5182 4.919068100570765
5200 3.3096301881366648
5214 5.206750173022546
5237 6.305362461690656
5249 3.3096301881366648
5267 4.919068100570765
5283 6.569875151092587
5331 3.2373095265570386
5350 2.955458374416051
5392 2.130975191795019
5517 4.869693703699308
5539 1.7153059135126125
5540 3.1698682457615064
5554 2.1081605140288473
5555 2.4033897921160112
5581 6.133368019052551
5587 2.5326015235960173
5590 1.4533321977710387
5630 0.4766153511606481
5636 2.973157951515452
5652 9.928890564409993
5668 2.955458374416051
5710 5.612215281130711
5714 5.8998973535824915
5737 3.740413104229119
5752 3.9539872045271784
5807 4.00277736869661
5839 5.159338068908006
5861 22.000115201609937
5872 2.5441623459970937
5875 2.750014400201242
5901 2.455214859980597
5922 6.305362461690656
5948 6.305362461690656
5951 6.305362461690656
5973 1.4770487243883548
5976 6.305362461690656
5981 5.710749831718137
5982 4.919068100570765
5993 0.8521803845817039
5996 4.00277736869661
6009 6.305362461690656
6043 1.5913378707904824
6049 4.071330023981388
6053 4.359452312635343
6078 2.555858385760285
6089 7.726030852642903
6097 5.8998973535824915
6113 4.695924549256556
6140 2.211017899468555
6163 4.8012850649143815
6205 2.955458374416051
6250 3.5455259370747996
6310 6.305362461690656
6331 4.22592092001082
6447 2.576165249751463
6491 9.201228738904462
6525 12.59344816216217
6548 2.0785287164224764
6567 15.47801420672402
6606 5.052599493195288
6622 2.579669034454003
6633 2.8088549002241754
6656 5.612215281130711
6663 6.305362461690656
6721 2.383389125409342
6739 6.456058317846049
6751 2.5441623459970937
6754 3.607355674455688
6819 1.7153059135126125
6856 3.2849375755462935
6872 1.3047775034479017
6908 1.0061308387793944
6953 2.681021528714291
6993 4.05407066308416
7025 1.0095482253607377
7029 4.108137884354437
7051 3.6334521839170324
7066 6.305362461690656
7093 5.612215281130711
7104 -9.28883083311809
7170 1.6186122887101415
7174 5.8998973535824915
7187 6.305362461690656
7268 9.602570129828763
7286 1.4112609838503516
7363 3.2849375755462935
7459 2.1944885975173447
7482 1.8055527913603908
7538 5.389071729816501
7565 6.305362461690656
7568 4.600614369452231
7600 5.612215281130711
7614 2.5676928434072877
7690 3.21432000833234
7693 4.600614369452231
7760 6.305362461690656
7764 3.4104096350522175
7782 5.8998973535824915
7813 1.0145733615634107
7826 3.1273086313427103
7838 2.1081605140288473
7847 6.305362461690656
7864 3.502002080784121
7871 4.108137884354437
7887 2.973157951515452
7899 5.052599493195288
7938 4.695924549256556
7968 3.047265923669174
7981 4.085365169298681
7991 2.629859749823839
8013 5.206750173022546
8028 5.052599493195288
8120 4.165296298194385
8121 6.305362461690656
8123 19.931658750591396
8137 5.052599493195288
8265 4.108137884354437
8339 5.389071729816501
8439 0.4690908039883759
8468 6.305362461690656
8488 4.05407066308416
8501 4.290459441148391
8643 4.002594736972972
8648 2.434161450782765
8662 6.305362461690656
8663 6.305362461690656
8667 3.8630154263214513
8677 3.5645224377654547
8708 2.962113491571787
8710 1.6536113391281642
8736 1.1933746733341126
8781 6.305362461690656
8800 10.778143459633002
8816 1.7255100836868542
8823 3.1066893441399746
8850 5.145917740537838
8856 2.3163784151263815
8874 4.513602992462601
8880 1.67063347346102
8886 1.3081501879265407
8928 1.3355491621146554
8936 6.305362461690656
8939 5.389071729816501
8954 3.5645224377654547
8977 2.6290617897835795
8993 2.973157951515452
9046 6.305362461690656
9106 2.1700132732246624
9115 3.047265923669174
9138 10.413500346045092
9152 6.305362461690656
9170 3.0581516144397813
9229 2.3933394562625097
9301 5.612215281130711
9312 5.8998973535824915
9466 4.695924549256556
9481 1.7727629685373998
9537 1.3092584162485406
9554 1.271661894663404
9589 1.3115342859107813
9674 3.6312138122641273
9675 4.108137884354437
9682 5.052599493195288
9712 4.433560284789064
9733 1.0850066366123312
9786 3.1483620405405426
9795 3.9074671888922854
9818 3.21432000833234
9895 6.866938322814802
9970 0.4837969513780714
9983 6.213378688279949
10005 6.305362461690656
10029 4.847597327494437
10030 2.413542163580029
10112 13.078356937906028
10199 2.3256808077886952
10202 5.183580789972696
10215 4.695924549256556
10221 2.434161450782765
10298 4.05407066308416
10326 0.5230769255465112
10341 3.1698682457615064
10422 2.1263822140248125
10424 4.8012850649143815
10431 0.7218661529089567
10436 4.290459441148391
10487 3.962459610871354
10517 7.450844820801358
10561 3.2006938814656967
10620 4.695924549256556
10621 10.413500346045092
10735 4.8012850649143815
10751 1.5879037593638217
10787 6.305362461690656
10801 4.433560284789064
10868 -0.37072214562370276
10872 1.6048820958982397
10906 2.035665011990694
11006 6.305362461690656
11023 2.576165249751463
11027 2.556395731286379
11110 0.8102455191680114
11114 6.094531847338348
11133 6.305362461690656
11139 8.614125771616528
11140 2.15432255579201
11218 4.004148293550374
11223 6.305362461690656
11266 2.9041650800285006
11284 6.305362461690656
11299 -3.1270965711956276
11305 4.128071418239819
11308 2.5098732725184614
11320 2.764403137653342
11334 1.994563336305142
11339 8.00555473739322
11386 2.1157077196642304
11388 4.22592092001082
11393 3.2849375755462935
11461 4.292958756661968
11508 5.206750173022546
11509 6.305362461690656
11580 5.088324691994187
11625 1.457246097092175
11691 5.206750173022546
11717 2.938066631704182
11778 2.8553749158590684
11784 3.47214911763444
11788 3.3096301881366648
11790 2.2449194511442365
11907 2.434161450782765
11908 9.208067023349948
11969 0.7582337970798316
12009 3.502002080784121
12033 2.5211728277723946
12052 5.206750173022546
12069 6.305362461690656
12070 2.87137525720551
12075 2.938066631704182
12093 1.6803896484063847
12098 5.612215281130711
12122 1.1963912668735384
12145 3.1918471524802814
12228 9.141797771007521
12241 2.579669034454003
12254 2.335070548138534
12292 2.5211728277723946
12316 4.695924549256556
12337 4.22592092001082
12377 2.6920409239639014
12378 3.3349479961209547
12383 2.5046129034208957
12400 2.9209721983448818
12419 5.052599493195288
12420 6.305362461690656
12421 6.305362461690656
12587 5.612215281130711
12710 4.108137884354437
12724 5.8998973535824915
12749 6.305362461690656
12823 1.034930298632155
12833 3.852112838903379
12853 1.152070867192877
12884 6.305362461690656
13001 1.4730567031188173
13005 3.8630154263214513
13058 4.00277736869661
13129 6.305362461690656
13130 3.9539872045271784
13131 6.305362461690656
13148 5.612215281130711
13177 5.612215281130711
13271 3.3875917296063767
13314 2.0286963426746007
13343 5.946315903030904
13346 2.9041650800285006
13348 5.8998973535824915
13354 1.8280256472124494
13357 3.3875917296063767
13358 4.695924549256556
13359 2.6290617897835795
13360 4.05407066308416
13361 5.206750173022546
13390 2.236335707452845
13440 1.4770487243883548
13460 2.955458374416051
13481 5.8998973535824915
13553 -1.8523037997209602
13609 4.22592092001082
13683 3.0666840095262753
13718 1.3425178314307487
13723 3.597312260588446
13750 4.324455470598246
13775 3.2849375755462935
13891 1.8197775865739976
13893 4.05407066308416
13913 2.8396265588909295
14013 6.305362461690656
14135 2.3541187431092285
14153 2.4876501357337513
14191 4.8012850649143815
14218 5.8998973535824915
14237 -1.3944966966083199
14242 7.5978045707880515
14267 -2.6765857531946056
14308 2.0640357091199095
14309 1.5137127087599462
14357 4.953442130403122
14399 3.502002080784121
14416 0.7739512129752414
14417 6.305362461690656
14435 2.3933394562625097
14588 2.0785287164224764
14626 2.750014400201242
14686 3.414990703794491
14718 5.389071729816501
14744 6.886323161522375
14785 5.612215281130711
14856 4.8012850649143815
14862 6.305362461690656
14906 1.6054557614557987
14907 3.5645224377654547
14932 5.052599493195288
14947 6.305362461690656
15024 3.2373095265570386
15063 3.2373095265570386
15086 5.206750173022546
15102 5.206750173022546
15151 6.305362461690656
15241 1.7462362142039713
15256 3.3349479961209547
15259 1.3320829541381691
15287 6.305362461690656
15306 0.7199882180847567
15332 -17.07542903160182
15341 0.7959741250626788
15348 4.20133968459938
15373 0.814360751313118
15416 5.389071729816501
15421 5.389071729816501
15471 1.3881216796572402
15500 5.8998973535824915
15517 5.659565561682174
15518 1.880515829833846
15604 2.1233123190494494
15672 1.4550424207846036
15685 4.358202290682081
15689 6.305362461690656
15694 2.938066631704182
15697 3.7796338173824005
15702 2.8553749158590684
15731 2.9911764570181303
15771 0.11547857397324697
