90
373 2.750014400201242
703 3.7026727762462723
760 4.513602992462601
906 8.10814132616832
1094 2.335070548138534
1687 2.413542163580029
1770 4.919068100570765
1835 4.919068100570765
1884 1.9486536350010641
1986 2.4237986637472186
2351 3.129575277392723
2434 7.2406264907400875
2567 3.430611827025225
3490 4.108137884354437
3598 1.1666271649670843
3678 12.02469064357896
3923 3.1273086313427103
3932 4.05407066308416
3942 3.3875917296063767
4388 3.8204558119026557
4405 1.3460204619819507
4576 4.171709513029098
4750 0.6631056996427893
4876 2.2449194511442365
4882 2.130975191795019
5083 3.147119249538397
5629 5.8998973535824915
6074 4.513602992462601
6088 3.644053379762591
6105 4.8012850649143815
6216 2.3933394562625097
6402 1.4112609838503516
6853 3.260840023967233
6898 4.324455470598246
6919 1.422560539104285
7104 -0.6634879166512921
7344 1.6325336272287498
7689 4.513602992462601
7832 3.047265923669174
8182 2.681021528714291
8256 1.6803896484063847
8708 1.4810567457858934
8886 1.3081501879265407
8987 2.211017899468555
9353 2.476721065201561
9372 9.302723231154781
9645 4.043551799660054
9709 1.082307579643166
9733 1.0850066366123312
10306 2.15432255579201
10325 3.7851283367000415
10326 0.5230769255465112
10561 1.6003469407328483
10753 2.7790019370744945
10973 2.7938170228596353
10997 3.1483620405405426
11034 3.1916645207566434
11116 3.8218266140364343
11145 6.305362461690656
11481 1.6186122887101415
11625 1.457246097092175
11677 1.7255100836868542
11943 2.455214859980597
12034 0.9324015521468534
12283 7.812181462734487
12294 4.8012850649143815
12383 1.2523064517104479
12679 1.5958322603783217
12773 3.530470067070269
13001 2.9461134062376346
13040 3.597312260588446
13180 3.666305132075397
13208 1.3115342859107813
13319 1.8055527913603908
13491 2.288979440938267
13527 2.049749751872433
13575 4.165296298194385
13670 2.6164830075767194
13891 0.6065925288579992
14237 -0.6972483483041599
14357 2.476721065201561
14431 1.034930298632155
15121 1.5868635903955612
15306 1.4399764361695133
15313 3.834210554532276
15332 -1.5523117301456202
15341 0.7959741250626788
15471 1.3881216796572402
15576 3.009525595686327
15592 5.74275051441102
