133
253 5.612215281130711
646 2.219386149139072
829 3.5645224377654547
1687 2.413542163580029
1692 2.1944885975173447
1750 1.1068654304248302
1884 1.9486536350010641
1951 10.778143459633002
2066 5.389071729816501
2240 1.65617539028579
2424 2.219386149139072
2446 5.065203047192035
2450 -0.6108568957036107
2536 3.567147769283231
2538 1.422560539104285
2605 13.443693930096861
2631 0.21292199724267172
2844 11.224430562261421
2964 0.900435360084361
3230 2.8876357780772897
3277 4.600614369452231
3329 1.981229805435677
3407 2.085854756514549
3448 3.1273086313427103
3520 2.87137525720551
3613 5.710749831718137
3700 1.2947271675944
3763 3.597312260588446
3840 1.2980660688599148
3982 1.0769312226067855
4010 3.1918471524802814
4051 4.919068100570765
4070 1.1068654304248302
4174 3.3875917296063767
4307 2.824122372354964
4341 2.6547042203969173
4537 3.0588716320484384
4750 0.6631056996427893
4914 1.4339892349279078
4989 1.3355491621146554
5055 2.2278250177849364
5110 1.8452180477528222
5210 4.695924549256556
5309 7.5978045707880515
5312 2.8553749158590684
5350 2.955458374416051
5363 3.0666840095262753
5484 0.9464204733261844
5518 1.5868635903955612
5573 6.775183459212753
5744 4.433560284789064
5747 5.612215281130711
5842 3.086486636822455
5933 2.955458374416051
6140 2.211017899468555
6156 1.8000126109847754
6283 3.5327737394508745
7019 2.130975191795019
7104 -2.6539516666051686
7306 4.9753002714675025
7344 1.6325336272287498
7414 3.7026727762462723
7808 2.8396265588909295
7884 6.305362461690656
7917 3.414990703794491
8263 6.829981407588982
8301 2.413542163580029
8695 3.910169050662709
8734 4.22592092001082
8928 1.3355491621146554
9029 4.165296298194385
9285 3.047265923669174
9345 2.66777630196427
9355 2.1782280766455644
9709 1.082307579643166
9765 1.7835738846416156
9779 5.501171004981262
9990 1.1343571206342449
10131 5.389071729816501
10326 0.5230769255465112
10642 4.05407066308416
10661 6.669895992241909
10749 1.1754637467675824
10811 4.433560284789064
11032 2.175425996420148
11050 3.9539872045271784
11051 2.9209721983448818
11137 10.644507632975072
11347 3.3492092822220987
11385 7.726030852642903
11444 2.434161450782765
11900 4.099499503744866
11939 2.681021528714291
11943 2.455214859980597
11945 1.9550845253313545
11952 1.5958322603783217
11979 4.433560284789064
12009 3.502002080784121
12010 3.6312138122641273
12022 0.40409618250082274
12097 5.389071729816501
12111 1.994563336305142
12122 1.1963912668735384
12175 2.955458374416051
12400 2.9209721983448818
12404 1.485080896085619
12407 1.67038967643192
12820 3.3349479961209547
12853 1.152070867192877
13046 3.47214911763444
13080 0.8123010183501074
13288 4.05407066308416
13314 2.0286963426746007
13384 2.0568672196412967
13399 3.086486636822455
13440 1.4770487243883548
13462 3.3096301881366648
13553 -0.7409215198883841
13565 1.9878743481543455
13838 4.632756830252763
13891 0.6065925288579992
14000 6.305362461690656
14044 1.4611753752320646
14115 2.973157951515452
14267 -0.3823693933135151
14352 0.9464204733261844
14477 2.5211728277723946
14590 7.334894673308349
14656 2.2811529755342836
14755 5.206750173022546
15332 -12.418493841164961
15341 0.7959741250626788
15413 1.2781978656431896
