207
89 6.9985096422506015
92 6.9985096422506015
246 6.9985096422506015
289 3.086486636822455
302 3.430611827025225
583 2.9041650800285006
646 2.219386149139072
798 5.389071729816501
834 5.206750173022546
935 3.740413104229119
1060 0.06216690641655154
1323 6.9985096422506015
1404 1.3708885285599641
1476 6.9985096422506015
1686 1.1549652252192415
1690 2.455214859980597
1750 1.1068654304248302
2023 11.224430562261421
2070 1.4730567031188173
2217 2.4876501357337513
2357 1.1873686492739008
2450 -1.2217137914072214
2479 5.206750173022546
2638 2.130975191795019
2657 3.3609234825242154
2755 3.260840023967233
2839 3.1483620405405426
2920 0.6795415285041667
2964 0.900435360084361
3120 3.2097641917964794
3166 4.600614369452231
3192 6.057289352164426
3407 2.085854756514549
3490 12.32441365306331
3642 6.94429823526888
3737 3.6111055827207816
3779 12.610724923381312
3785 2.87137525720551
3788 2.750014400201242
3814 2.236335707452845
3982 1.0769312226067855
4088 3.5645224377654547
4179 3.414990703794491
4247 13.89827049075829
4261 2.262311193856106
4265 3.5327737394508745
4318 5.206750173022546
4319 2.049749751872433
4363 3.7796338173824005
4405 1.3460204619819507
4409 5.052599493195288
4549 7.925402446683028
4611 4.165296298194385
4711 1.9296054400303697
4765 1.4150133334689021
4783 4.356456153291129
4976 2.288979440938267
5058 3.5327737394508745
5181 4.577958881876534
5279 17.410142702228196
5297 4.513602992462601
5312 5.710749831718137
5484 0.9464204733261844
5500 10.778143459633002
5518 1.5868635903955612
5528 1.4378280112350734
5590 1.4533321977710387
5606 4.22592092001082
5687 2.0785287164224764
5807 4.00277736869661
5809 7.091341962062895
5834 1.65617539028579
5959 3.47214911763444
5966 3.4431615807611875
5983 1.9878743481543455
5984 4.919068100570765
5990 2.938066631704182
5993 0.8521803845817039
6078 2.555858385760285
6235 2.454137038241171
6338 2.413542163580029
6351 2.8088549002241754
6376 6.133368019052551
6390 6.094531847338348
6433 0.5154022907934025
6447 2.576165249751463
6449 7.814934377784571
6595 7.271395991241656
6721 4.766778250818684
6856 3.2849375755462935
7098 6.9985096422506015
7164 4.290459441148391
7170 1.6186122887101415
7264 7.194624521176892
7346 3.5645224377654547
7487 1.8167260919585162
7534 3.7283022859910666
7550 4.22592092001082
7569 1.0170954309961207
7591 2.0426825846493406
7620 2.1863252868781835
7690 3.21432000833234
7691 7.1290448755309095
7700 3.7026727762462723
7781 2.6040604875781623
7806 12.610724923381312
7845 2.4237986637472186
7904 2.211017899468555
8301 2.413542163580029
8439 0.4690908039883759
8494 6.721846965048431
8556 7.289439638707089
8822 2.2800107709555064
8906 3.047265923669174
9010 2.9209721983448818
9062 10.778143459633002
9106 1.0850066366123312
9112 6.9985096422506015
9345 2.66777630196427
9391 2.735829765209286
9506 4.919068100570765
9698 1.9878743481543455
9733 1.0850066366123312
9779 1.8337236683270872
9791 2.344549292093078
9817 1.3183370332335338
9881 5.389071729816501
9978 4.05407066308416
9986 8.227468878565187
9990 0.5671785603171224
9993 16.01110947478644
10139 13.550366918425507
10202 2.591790394986348
10210 2.9911764570181303
10217 6.462967667376029
10250 2.9209721983448818
10326 0.5230769255465112
10329 -1.6807255656767812
10437 1.3672978604292356
10473 1.7781538171722764
10771 5.052599493195288
10932 4.600614369452231
10981 3.086486636822455
11080 3.8630154263214513
11168 1.2781978656431896
11218 0.5720211847929105
11296 2.764403137653342
11308 2.5098732725184614
11840 3.3804838896987928
11903 6.305362461690656
11943 2.455214859980597
11952 1.5958322603783217
11969 2.274701391239495
12111 1.994563336305142
12120 3.5327737394508745
12213 3.047265923669174
12218 2.6547042203969173
12220 4.290459441148391
12407 3.34077935286384
12447 2.8396265588909295
12455 -0.2152586658680402
12460 0.7332084295128914
12527 3.086486636822455
12660 2.035665011990694
12668 4.22592092001082
12669 8.867120569578129
12672 5.8998973535824915
12674 6.311898571913262
12707 2.2278250177849364
12714 7.559267634764801
12789 4.695924549256556
12833 0.9630282097258448
12853 1.152070867192877
12942 3.9539872045271784
12946 1.1865623684395195
12976 3.9539872045271784
13021 3.6312138122641273
13106 2.335070548138534
13390 2.236335707452845
13440 2.9540974487767095
13491 2.288979440938267
13547 1.6003469407328483
13565 1.9878743481543455
13596 3.502002080784121
13624 4.165296298194385
13672 1.5262389685791264
13703 5.8998973535824915
13795 6.155696512425769
13846 3.3096301881366648
13867 1.087712998210074
13873 3.740413104229119
13921 2.1782280766455644
13922 1.8986432144264027
14104 1.710242611556066
14237 -4.18349008982496
14252 3.502002080784121
14477 2.5211728277723946
14651 4.513602992462601
14656 4.562305951068567
14840 3.740413104229119
15278 2.465910149097345
15332 -10.866182111019342
15453 2.236335707452845
15458 5.617709800448351
15570 5.443687046469091
15672 2.910084841569207
15718 4.108137884354437
