130
3 3.0666840095262753
12 4.8012850649143815
174 1.6232312345664361
194 0.7699986386594181
241 1.6902419448493964
812 6.9985096422506015
1815 6.9985096422506015
1822 7.150167376228025
2019 2.344549292093078
2176 2.383389125409342
2271 1.7089155903610478
2329 4.433560284789064
2334 0.7939518796819108
2421 1.5431885268928998
2450 -0.6108568957036107
2458 2.162227735299123
2540 5.389071729816501
2674 1.0272478024601386
2791 5.8998973535824915
2920 0.6795415285041667
2964 1.800870720168722
2977 3.47214911763444
3062 2.8396265588909295
3168 8.472367117064893
3302 5.612215281130711
3329 1.981229805435677
3593 3.666305132075397
3610 3.2849375755462935
4158 0.1530022022435852
4261 2.262311193856106
4286 4.261950383590038
4437 2.4033897921160112
4487 3.1066893441399746
4592 3.0282177286984795
4619 3.2849375755462935
4625 1.8452180477528222
4750 0.33155284982139466
4765 1.4150133334689021
4881 8.381451068578906
5329 6.305362461690656
5813 4.600614369452231
5839 2.579669034454003
5852 2.4876501357337513
6360 3.21432000833234
6595 2.4237986637472186
6801 4.433560284789064
6908 0.6707538925195963
6971 3.597312260588446
7072 1.9486536350010641
7104 -1.9904637499538764
7189 3.8630154263214513
7210 1.8568460857479414
7346 3.5645224377654547
7397 2.87137525720551
7421 3.2373095265570386
7462 1.942263836902293
7497 0.7014003223166658
7764 1.7052048175261088
7827 3.414990703794491
8032 0.5108256237659907
8256 3.3607792968127694
8388 4.919068100570765
8561 3.8630154263214513
8615 2.6944445490464313
8718 2.824122372354964
8736 1.1933746733341126
8822 2.2800107709555064
8886 1.3081501879265407
8928 1.3355491621146554
9106 2.1700132732246624
9164 3.597312260588446
9238 10.416447352903319
9554 1.271661894663404
9719 4.290459441148391
9990 1.7015356809513673
10114 1.3014161557451966
10329 -0.630272087128793
10437 1.3672978604292356
10749 1.1754637467675824
10866 6.9985096422506015
10867 4.359996593313117
10871 4.513602992462601
10903 2.476721065201561
10973 2.7938170228596353
11023 2.576165249751463
11428 5.389071729816501
11461 2.146479378330984
11497 4.433560284789064
11524 1.5178707189086098
11671 2.2535775138873513
11771 4.8012850649143815
11788 3.3096301881366648
11900 2.049749751872433
12006 2.955458374416051
12186 4.108137884354437
12455 -0.2152586658680402
12491 8.45184184002164
12554 1.6609715625492831
12641 4.8012850649143815
12717 0.5999147077153936
12946 1.7798435526592793
13029 1.6609715625492831
13284 4.919068100570765
13314 2.0286963426746007
13321 6.305362461690656
13353 1.961557039836972
13553 -0.37046075994419203
13596 3.502002080784121
13703 5.8998973535824915
13837 3.666305132075397
13920 4.05407066308416
14064 3.7026727762462723
14196 0.8373023205555247
14237 -0.6972483483041599
14267 -0.3823693933135151
14313 1.6466515087745348
14416 2.3218536389257243
14455 1.637217476541176
14620 2.15432255579201
14840 3.740413104229119
15057 2.304141734385754
15195 3.0282177286984795
15197 3.5327737394508745
15332 -4.656935190436861
15397 2.001297368486486
15407 6.813365470614782
15424 1.8111238364098463
15485 4.919068100570765
15523 8.33059259638877
15783 1.923353477353305
