105
174 3.2464624691328723
194 0.7699986386594181
521 1.8986432144264027
695 2.9911764570181303
978 2.298029276458185
1928 2.4876501357337513
2019 2.344549292093078
2176 2.383389125409342
2177 6.9985096422506015
2271 0.34178311807220957
2334 0.7939518796819108
2450 -1.832570687110832
2458 2.162227735299123
2631 0.21292199724267172
2674 1.0272478024601386
2701 2.7218435232345457
2920 0.6795415285041667
3168 2.824122372354964
3610 3.2849375755462935
4158 0.18360264269230225
4280 5.389071729816501
4437 2.4033897921160112
4476 3.740413104229119
4592 3.0282177286984795
4619 3.2849375755462935
4750 0.33155284982139466
4881 2.7938170228596353
4951 4.359452312635343
5539 1.7153059135126125
5905 1.7835738846416156
6136 1.457246097092175
6262 3.4431615807611875
6628 3.1918471524802814
7072 1.9486536350010641
7325 2.8088549002241754
7421 3.2373095265570386
7497 1.4028006446333317
7735 5.389071729816501
7965 1.886521853894058
8032 0.5108256237659907
8096 1.4533321977710387
8230 7.12061048689899
8262 2.0712559570933964
8561 3.8630154263214513
8664 2.7938170228596353
8822 4.560021541911013
8856 2.3163784151263815
8896 2.938066631704182
8928 1.3355491621146554
9122 1.3744921360632627
9238 10.416447352903319
9345 2.66777630196427
9481 1.7727629685373998
9510 7.559267634764801
9531 1.67063347346102
9990 0.5671785603171224
10001 4.128071418239819
10194 2.455214859980597
10329 -0.21009069570959765
10420 4.290459441148391
10749 1.1754637467675824
10867 2.9066643955420775
10903 2.476721065201561
10973 2.7938170228596353
11165 2.1863252868781835
11168 1.2781978656431896
11287 2.0286963426746007
11419 3.1273086313427103
11522 2.555858385760285
12022 0.40409618250082274
12216 2.87137525720551
12341 2.8088549002241754
12546 4.359452312635343
12554 1.6609715625492831
12660 2.035665011990694
12828 3.597312260588446
12946 0.5932811842197597
12987 5.8998973535824915
13359 2.6290617897835795
13535 5.206750173022546
13553 -0.37046075994419203
13799 5.389071729816501
13837 3.666305132075397
13930 2.7203099458337108
14195 1.7781538171722764
14196 1.6746046411110493
14237 -0.6972483483041599
14267 -0.7647387866270302
14313 4.939954526323604
14395 2.7218435232345457
14440 4.433560284789064
14449 3.21432000833234
14455 4.911652429623528
14612 2.1863252868781835
14620 2.15432255579201
14658 5.612215281130711
15057 1.152070867192877
15155 0.6904112007410705
15195 3.0282177286984795
15341 1.5919482501253577
15397 2.001297368486486
15407 2.2711218235382606
15424 1.8111238364098463
15694 2.938066631704182
15783 0.48083836933832624
