245
108 4.359452312635343
157 5.052599493195288
264 6.9985096422506015
302 3.430611827025225
389 1.6419233675785887
500 2.1701959049483
578 3.740413104229119
710 2.8553749158590684
1060 0.1865007192496546
1129 6.9985096422506015
1171 2.9209721983448818
1379 1.0740829317937672
1404 2.7417770571199283
1498 3.7796338173824005
1512 5.8998973535824915
1572 6.9985096422506015
1686 2.309930450438483
1690 2.455214859980597
1750 5.534327152124151
1776 5.612215281130711
1885 6.019051191372654
1896 1.7835738846416156
1902 2.0149030205422647
1923 2.211017899468555
1935 4.433560284789064
1942 0.845776947546497
2009 7.2406264907400875
2017 3.3875917296063767
2019 2.344549292093078
2056 4.22592092001082
2176 4.766778250818684
2240 1.65617539028579
2269 1.8686109273275278
2271 1.0253493542166288
2334 3.1758075187276433
2356 2.681021528714291
2387 5.206750173022546
2443 4.00277736869661
2450 -4.2759982699252745
2458 2.162227735299123
2534 3.2373095265570386
2631 1.490453980698702
2632 6.9985096422506015
2659 3.4431615807611875
2674 1.0272478024601386
2701 5.443687046469091
2766 3.0666840095262753
2873 4.22592092001082
2920 0.6795415285041667
2935 0.6320391945191633
3068 8.076122771891704
3168 5.648244744709928
3215 3.5398851071466177
3335 5.389071729816501
3352 4.359452312635343
3610 16.42468787773147
3701 6.9985096422506015
3780 2.465910149097345
3840 2.5961321377198296
4021 3.010896397820105
4053 -0.2990403008364371
4070 1.1068654304248302
4155 4.00277736869661
4156 3.086486636822455
4158 0.2142030831410193
4208 1.5220460903190904
4286 2.130975191795019
4302 1.8000126109847754
4307 2.824122372354964
4366 3.975748696308691
4405 1.3460204619819507
4437 4.8067795842320225
4438 3.47214911763444
4519 4.433560284789064
4592 3.0282177286984795
4657 4.165296298194385
4750 0.33155284982139466
4852 1.258716730071367
4881 2.7938170228596353
4886 3.009525595686327
4914 4.301967704783723
4956 2.413542163580029
4976 2.288979440938267
4989 4.006647486343966
5120 3.8630154263214513
5154 2.4446327506500602
5318 6.213378688279949
5339 2.356853423796479
5392 2.130975191795019
5540 6.339736491523013
5597 3.2373095265570386
5668 2.955458374416051
5680 4.774013612371447
5770 3.4431615807611875
5848 4.108137884354437
5905 1.7835738846416156
5972 5.8998973535824915
5973 1.4770487243883548
6250 1.7727629685373998
6402 2.822521967700703
6433 0.5154022907934025
6447 1.2880826248757316
6628 3.1918471524802814
6657 2.138697237888929
6819 1.7153059135126125
6908 1.0061308387793944
6983 3.414990703794491
7025 1.0095482253607377
7054 3.8630154263214513
7072 3.8973072700021283
7104 -3.3174395832564607
7170 1.6186122887101415
7197 1.730651483187273
7286 1.4112609838503516
7329 4.8012850649143815
7344 1.6325336272287498
7421 6.474619053114077
7478 6.9985096422506015
7534 2.485534857327378
7731 2.001297368486486
7813 1.0145733615634107
7845 2.4237986637472186
7892 1.5517722705842913
7906 1.4339892349279078
7965 1.886521853894058
8015 6.305362461690656
8032 3.0649537425959443
8043 1.730651483187273
8405 3.3096301881366648
8439 0.9381816079767518
8561 3.8630154263214513
8582 8.268652659200708
8708 1.4810567457858934
8816 1.7255100836868542
8928 1.3355491621146554
9106 1.0850066366123312
9110 2.035665011990694
9238 6.94429823526888
9344 4.359452312635343
9345 2.66777630196427
9360 5.206750173022546
9365 1.4972514317058743
9454 3.1698682457615064
9542 6.305362461690656
9589 1.3115342859107813
9622 5.612215281130711
9640 2.8088549002241754
9709 3.246922738929498
9710 5.8998973535824915
9895 2.288979440938267
9903 6.9985096422506015
9990 1.7015356809513673
10058 2.6040604875781623
10114 1.3014161557451966
10306 4.30864511158402
10326 0.5230769255465112
10329 -1.4706348699671836
10393 1.9746291214043248
10420 4.290459441148391
10473 1.7781538171722764
10487 1.981229805435677
10503 2.413542163580029
10867 1.4533321977710387
10868 -0.18536107281185138
10903 2.476721065201561
10945 4.919068100570765
11023 1.2880826248757316
11032 1.087712998210074
11148 1.1784267118982394
11277 3.7796338173824005
11287 2.0286963426746007
11299 -1.0423655237318759
11355 6.9985096422506015
11386 4.231415439328461
11419 3.1273086313427103
11461 4.292958756661968
11537 3.666305132075397
11570 1.1933746733341126
11778 5.710749831718137
11850 2.455214859980597
11895 5.052599493195288
11908 1.5346778372249912
12022 0.40409618250082274
12078 2.727440078162703
12122 1.1963912668735384
12341 2.8088549002241754
12377 1.3460204619819507
12455 -0.4305173317360804
12460 0.7332084295128914
12509 5.206750173022546
12554 3.3219431250985663
12598 2.5098732725184614
12641 4.8012850649143815
12660 4.071330023981388
12717 1.1998294154307871
12783 1.8986432144264027
12916 30.315596959171728
12946 2.373124736879039
12991 6.213378688279949
13080 1.6246020367002147
13108 2.2800107709555064
13359 2.6290617897835795
13384 2.0568672196412967
13392 2.764403137653342
13399 3.086486636822455
13440 1.4770487243883548
13553 -4.445529119330304
13560 5.206750173022546
13672 1.5262389685791264
13753 3.7026727762462723
13812 4.165296298194385
13837 10.998915396226192
13930 4.080464918750566
14043 15.118535269529602
14072 3.3609234825242154
14078 2.5098732725184614
14195 3.5563076343445528
14196 3.3492092822220987
14237 -0.6972483483041599
14313 4.939954526323604
14381 0.2288676653980985
14395 2.7218435232345457
14441 5.052599493195288
14463 1.67063347346102
14527 2.938066631704182
14563 2.6418008155610093
14590 1.8337236683270872
14612 4.372650573756367
14620 2.15432255579201
14656 3.4217294633014257
14789 3.7026727762462723
14906 2.8095475825476477
15037 4.632756830252763
15057 1.152070867192877
15063 3.2373095265570386
15155 0.6904112007410705
15318 5.206750173022546
15332 -9.313870380873722
15341 0.7959741250626788
15354 6.9985096422506015
15413 1.2781978656431896
15622 4.72756130804193
15672 1.4550424207846036
15783 1.923353477353305
15786 0.8981906902305371
