201
389 1.6419233675785887
512 2.0785287164224764
717 2.8396265588909295
1830 3.1066893441399746
1839 2.093234863812172
1884 1.9486536350010641
1885 6.019051191372654
1942 2.537330842639491
1957 1.8223599096767722
2038 5.641547489501538
2167 2.66777630196427
2191 3.086486636822455
2221 9.084653186095439
2240 1.65617539028579
2271 3.0760480626498863
2334 2.3818556390457326
2337 4.600614369452231
2439 6.305362461690656
2450 -9.773710331257771
2534 3.2373095265570386
2538 1.422560539104285
2594 3.5645224377654547
2631 0.6387659917280152
2862 1.4690805547391779
2874 3.047265923669174
2920 0.6795415285041667
2964 0.900435360084361
3046 2.9911764570181303
3090 3.047265923669174
3215 0.589980851191103
3249 2.750014400201242
3700 3.8841815027832003
3788 2.750014400201242
4006 2.6547042203969173
4053 -0.07476007520910928
4070 1.1068654304248302
4103 4.600614369452231
4114 1.3890378470656415
4158 0.09180132134615113
4160 6.9985096422506015
4214 2.465910149097345
4246 4.8012850649143815
4287 6.9985096422506015
4319 2.049749751872433
4416 2.727440078162703
4522 1.0414285906185765
4549 2.6418008155610093
4632 5.206750173022546
4695 2.87137525720551
4722 12.610724923381312
4750 0.994658549464184
4840 2.938066631704182
4846 4.043551799660054
5067 2.2278250177849364
5116 1.961557039836972
5119 9.573357825050039
5154 2.4446327506500602
5303 6.305362461690656
5339 2.356853423796479
5539 3.430611827025225
5597 3.2373095265570386
5666 3.47214911763444
5668 2.955458374416051
5850 3.047265923669174
5905 3.567147769283231
5992 4.359452312635343
6043 3.182675741580965
6049 2.035665011990694
6068 3.1273086313427103
6136 4.371738291276525
6235 1.2270685191205855
6392 6.305362461690656
6402 1.4112609838503516
6447 2.576165249751463
6548 2.0785287164224764
6558 4.359452312635343
6721 4.766778250818684
6872 1.3047775034479017
6970 4.372650573756367
6971 3.597312260588446
7072 1.9486536350010641
7104 -0.6634879166512921
7182 6.9985096422506015
7203 3.1066893441399746
7215 9.378197168372312
7311 8.94534282981138
7312 4.632756830252763
7530 6.9985096422506015
7578 0.5215372793609184
7768 3.3096301881366648
7808 2.8396265588909295
7890 6.9985096422506015
7892 3.1035445411685827
7981 2.0426825846493406
7997 3.8204558119026557
8007 1.904759441443839
8032 3.0649537425959443
8043 3.461302966374546
8090 2.236335707452845
8242 2.035665011990694
8283 2.8876357780772897
8439 0.4690908039883759
8444 1.7890234894091803
8736 1.1933746733341126
8856 2.3163784151263815
8880 1.67063347346102
8979 1.7890234894091803
9069 3.260840023967233
9106 2.1700132732246624
9292 2.5441623459970937
9393 1.060973437168175
9481 3.5455259370747996
9534 2.750014400201242
9537 0.6546292081242703
9575 12.610724923381312
9602 2.2800107709555064
9698 1.9878743481543455
9733 1.0850066366123312
9817 1.3183370332335338
9864 4.513602992462601
9895 2.288979440938267
10258 3.6000252219695508
10287 3.009525595686327
10329 -0.21009069570959765
10390 6.9985096422506015
10561 1.6003469407328483
10678 2.288979440938267
10753 2.7790019370744945
10754 3.1698682457615064
10868 -1.2975275096829597
10886 11.48550102882204
10945 4.919068100570765
11062 3.6312138122641273
11089 3.4648956756577247
11102 0.6652300141109108
11148 1.1784267118982394
11163 3.7796338173824005
11168 3.834593596929569
11170 5.135385686814575
11277 3.7796338173824005
11299 -0.5211827618659379
11305 2.0640357091199095
11570 7.160248040004676
11732 12.610724923381312
11960 4.695924549256556
12022 3.232769460006582
12184 6.9985096422506015
12292 2.5211728277723946
12312 2.7938170228596353
12455 -0.6457759976041206
12477 2.476721065201561
12707 2.2278250177849364
12708 1.5958322603783217
12717 1.1998294154307871
12826 1.2619373447714093
13001 1.4730567031188173
13029 1.6609715625492831
13052 3.260840023967233
13202 3.6312138122641273
13316 3.047265923669174
13353 1.961557039836972
13364 5.052599493195288
13369 3.9074671888922854
13384 2.0568672196412967
13438 2.555858385760285
13508 3.4510201673737084
13527 4.099499503744866
13547 1.6003469407328483
13553 -0.7409215198883841
13565 1.9878743481543455
13681 2.498699971920336
13834 4.00277736869661
13891 0.6065925288579992
13930 9.521084810417987
14044 5.844701500928259
14237 -5.5779867864332795
14257 4.695924549256556
14267 -3.058955146508121
14381 0.6866029961942954
14410 5.8998973535824915
14416 0.7739512129752414
14431 1.034930298632155
14731 5.206750173022546
14830 2.7790019370744945
14906 0.4013639403639497
15012 4.108137884354437
15057 4.608283468771508
15097 3.6312138122641273
15155 1.380822401482141
15209 2.579669034454003
15332 -3.1046234602912404
15341 0.7959741250626788
15413 2.556395731286379
15471 0.6940608398286201
15622 9.45512261608386
15672 1.4550424207846036
15694 2.938066631704182
15783 3.3658685853682835
15786 6.28733483161376
15790 6.9985096422506015
15812 5.052599493195288
