42
2354 4.290459441148391
2357 1.1873686492739008
2380 3.7796338173824005
2450 -1.2217137914072214
2959 1.1873686492739008
3448 3.1273086313427103
3578 0.6015799870344548
3614 1.4378280112350734
4286 2.130975191795019
4381 2.0149030205422647
4422 4.359452312635343
4522 0.2603571476546441
4537 1.0196238773494795
5067 2.2278250177849364
5630 0.23830767558032406
5973 1.4770487243883548
7104 -0.6634879166512921
7633 1.8745456628473423
8444 1.7890234894091803
8523 1.4512652714088672
8978 1.6140145794615122
9559 -0.24959683156492177
10447 0.6099482367049713
10749 1.1754637467675824
11218 1.144042369585821
11299 -0.5211827618659379
11453 1.3637200390813515
11839 3.597312260588446
12022 0.40409618250082274
12455 -0.2152586658680402
13189 1.8745456628473423
13613 1.8111238364098463
13761 2.6040604875781623
14237 -0.6972483483041599
14309 1.5137127087599462
14381 0.2288676653980985
14416 0.7739512129752414
14447 3.1483620405405426
14601 4.433560284789064
14789 3.7026727762462723
15292 4.42203579893711
15828 1.0931477941960308
