30
1902 2.0149030205422647
1951 10.778143459633002
2271 0.6835662361444191
2638 2.130975191795019
3285 5.389071729816501
3520 2.87137525720551
4051 4.919068100570765
4912 1.9296054400303697
5309 2.5326015235960173
5574 3.4431615807611875
5680 1.5913378707904824
7019 2.130975191795019
7104 -1.3269758333025843
8263 3.414990703794491
9779 3.6674473366541744
10661 3.3349479961209547
11137 1.7740846054958455
11347 0.8373023205555247
11952 1.5958322603783217
12400 2.9209721983448818
12407 0.83519483821596
12820 3.3349479961209547
13471 2.6040604875781623
13588 3.5327737394508745
13838 2.3163784151263815
14115 2.973157951515452
14352 0.9464204733261844
14477 2.5211728277723946
14590 1.8337236683270872
15332 -1.5523117301456202
