31
289 3.086486636822455
302 1.7153059135126125
325 4.22592092001082
2659 3.4431615807611875
2839 3.1483620405405426
3192 1.0095482253607377
3275 3.666305132075397
4608 2.815045323479489
5279 1.7410142702228197
5834 1.65617539028579
5993 0.8521803845817039
6389 3.1273086313427103
7264 3.597312260588446
8439 0.4690908039883759
8556 3.6447198193535444
9106 1.0850066366123312
9110 2.035665011990694
9170 0.6116303228879563
9384 1.3355491621146554
10250 2.9209721983448818
10491 3.086486636822455
10892 4.8012850649143815
11788 3.3096301881366648
11840 1.6902419448493964
12660 2.035665011990694
12714 3.7796338173824005
13795 1.5389241281064423
13873 3.740413104229119
13978 4.00277736869661
14656 1.1405764877671418
14914 3.3096301881366648
