80
201 6.305362461690656
521 1.8986432144264027
695 2.9911764570181303
978 2.298029276458185
2019 2.344549292093078
2176 2.383389125409342
2334 1.5879037593638217
2450 -1.832570687110832
2631 0.21292199724267172
2674 1.0272478024601386
2701 2.7218435232345457
2920 0.6795415285041667
3166 4.600614369452231
3168 2.824122372354964
3610 3.2849375755462935
3690 2.9945028634117485
4158 0.1530022022435852
4286 2.130975191795019
4437 2.4033897921160112
4476 3.740413104229119
4619 3.2849375755462935
4750 0.33155284982139466
4881 5.587634045719271
5040 1.4378280112350734
5155 3.3096301881366648
5339 1.1784267118982394
5779 3.21432000833234
5905 1.7835738846416156
6262 3.4431615807611875
6628 3.1918471524802814
7072 1.9486536350010641
7104 -0.6634879166512921
7325 2.8088549002241754
7421 3.2373095265570386
7487 1.8167260919585162
7497 2.1042009669499975
7828 4.05407066308416
7965 1.886521853894058
8032 0.5108256237659907
8230 4.74707365793266
8645 3.5327737394508745
8822 4.560021541911013
8856 2.3163784151263815
8896 2.938066631704182
8928 1.3355491621146554
9238 10.416447352903319
9510 7.559267634764801
9531 1.67063347346102
10001 4.128071418239819
10867 2.9066643955420775
10903 2.476721065201561
10973 2.7938170228596353
11165 2.1863252868781835
11522 2.555858385760285
11908 1.5346778372249912
12022 0.8081923650016455
12216 2.87137525720551
12660 2.035665011990694
12820 3.3349479961209547
12946 1.1865623684395195
13029 1.6609715625492831
13359 2.6290617897835795
13553 -0.37046075994419203
13799 5.389071729816501
13837 3.666305132075397
13930 1.3601549729168554
14195 1.7781538171722764
14196 0.8373023205555247
14267 -1.1471081799405454
14313 3.2933030175490696
14395 2.7218435232345457
14455 3.274434953082352
14612 2.1863252868781835
14658 5.612215281130711
15195 3.0282177286984795
15332 -1.5523117301456202
15341 0.7959741250626788
15407 2.2711218235382606
15424 1.8111238364098463
15783 0.48083836933832624
