118
194 0.7699986386594181
241 1.6902419448493964
325 8.45184184002164
1842 2.0286963426746007
1909 2.8876357780772897
1923 2.211017899468555
1942 2.537330842639491
1999 3.5327737394508745
2176 7.150167376228025
2179 8.867120569578129
2421 1.5431885268928998
2450 -1.2217137914072214
2458 4.324455470598246
2631 0.6387659917280152
2757 3.2849375755462935
2766 3.0666840095262753
2775 6.305362461690656
2776 22.448861124522843
2920 1.3590830570083334
2935 0.6320391945191633
2962 10.413500346045092
3168 5.648244744709928
3215 1.179961702382206
3578 0.6015799870344548
3610 22.994563028824054
4021 1.5054481989100525
4158 0.1530022022435852
4302 1.8000126109847754
4378 4.695924549256556
4522 0.5207142953092883
4592 3.0282177286984795
4765 1.4150133334689021
4840 2.938066631704182
4876 2.2449194511442365
4878 2.7345957208584712
4914 1.4339892349279078
4951 13.078356937906028
4976 2.288979440938267
4989 1.3355491621146554
5040 5.751312044940294
5249 3.3096301881366648
5518 3.1737271807911225
5597 6.474619053114077
5646 5.612215281130711
5879 8.718904625270685
6140 2.211017899468555
6402 2.822521967700703
6433 2.06160916317361
6636 4.600614369452231
7072 1.9486536350010641
7104 -2.6539516666051686
7210 3.713692171495883
7325 2.8088549002241754
7339 3.5327737394508745
7421 3.2373095265570386
7731 2.001297368486486
7953 4.165296298194385
7981 2.0426825846493406
8396 5.052599493195288
8561 7.726030852642903
8822 2.2800107709555064
8896 2.938066631704182
9345 2.66777630196427
9414 12.610724923381312
9537 0.6546292081242703
9709 1.082307579643166
9733 1.0850066366123312
9817 1.3183370332335338
9990 0.5671785603171224
10210 2.9911764570181303
10296 3.2849375755462935
10307 5.135385686814575
10473 5.334461451516829
10867 5.813328791084155
10909 2.7790019370744945
11023 2.576165249751463
11168 1.2781978656431896
11524 1.5178707189086098
11537 3.666305132075397
11761 6.9985096422506015
12006 2.955458374416051
12022 0.8081923650016455
12122 1.1963912668735384
12341 2.8088549002241754
12455 -1.7220693269443217
12554 3.3219431250985663
12598 2.5098732725184614
12717 2.3996588308615743
12853 1.152070867192877
12946 2.373124736879039
13080 1.6246020367002147
13108 2.2800107709555064
13393 4.433560284789064
13440 2.9540974487767095
13553 -0.7409215198883841
13576 3.9074671888922854
13600 4.919068100570765
13672 1.5262389685791264
13837 10.998915396226192
14078 2.5098732725184614
14152 4.695924549256556
14174 1.7945029551738059
14196 4.186511602777624
14267 -0.3823693933135151
14313 4.939954526323604
14381 0.457735330796197
14504 3.9539872045271784
14546 2.8876357780772897
14612 2.1863252868781835
14906 0.4013639403639497
15155 0.6904112007410705
15283 4.47267141490569
15332 -1.5523117301456202
15351 3.5645224377654547
15407 2.2711218235382606
15471 0.6940608398286201
15783 0.48083836933832624
15786 0.8981906902305371
