340
58 8.867120569578129
422 2.66777630196427
493 3.1698682457615064
690 4.22592092001082
695 2.9911764570181303
804 5.206750173022546
830 5.052599493195288
927 2.0785287164224764
970 6.305362461690656
1060 0.06216690641655154
1268 6.305362461690656
1379 0.5370414658968836
1381 2.6547042203969173
1686 1.1549652252192415
1714 5.389071729816501
1750 2.2137308608496604
1852 4.433560284789064
1884 1.9486536350010641
1893 1.7567626271909589
1909 2.8876357780772897
1929 2.1081605140288473
2064 1.5647876386963615
2103 2.4446327506500602
2198 4.8012850649143815
2201 2.035665011990694
2221 3.0282177286984795
2434 4.827084327160058
2450 -6.719425852739717
2499 6.9985096422506015
2567 3.430611827025225
2577 3.5327737394508745
2647 4.513602992462601
2705 1.6657908489852322
2796 7.005211644415603
2893 7.529619817555384
2924 4.0573926853492015
2944 4.8012850649143815
2964 0.900435360084361
2973 4.919068100570765
3046 5.982352914036261
3057 4.47267141490569
3189 7.1290448755309095
3352 4.359452312635343
3498 2.87137525720551
3593 3.666305132075397
3598 5.833135824835422
3628 5.612215281130711
3646 2.5676928434072877
3678 4.0082302145263204
3686 4.22592092001082
3800 5.8998973535824915
3804 5.500028800402484
3807 4.6513616155773905
3814 4.47267141490569
3844 3.7026727762462723
3862 3.0666840095262753
3995 1.751485570090115
4053 -0.14952015041821856
4057 6.9985096422506015
4070 2.2137308608496604
4114 1.3890378470656415
4205 7.332610264150794
4223 6.5589758606345505
4254 7.480826208458238
4261 2.262311193856106
4265 3.5327737394508745
4282 5.710749831718137
4286 2.130975191795019
4342 4.108137884354437
4354 5.052599493195288
4368 4.22592092001082
4400 2.938066631704182
4405 1.3460204619819507
4416 4.091160117244055
4482 7.559267634764801
4487 3.1066893441399746
4491 5.206750173022546
4552 5.389071729816501
4566 3.597312260588446
4576 4.171709513029098
4695 2.87137525720551
4750 0.6631056996427893
4754 6.9985096422506015
4802 4.513602992462601
4826 4.600614369452231
4852 1.258716730071367
4859 5.389071729816501
4871 2.4876501357337513
4876 2.2449194511442365
4909 2.9381611094783557
4912 1.9296054400303697
4939 10.329484742283562
4964 12.407188716189257
4976 2.288979440938267
4989 1.3355491621146554
5033 2.1233123190494494
5119 2.3933394562625097
5232 3.3096301881366648
5350 2.955458374416051
5366 6.9985096422506015
5392 2.130975191795019
5491 3.597312260588446
5518 1.5868635903955612
5563 3.1066893441399746
5587 2.5326015235960173
5590 1.4533321977710387
5630 0.8340768645311343
5668 2.955458374416051
5722 3.3609234825242154
5765 5.206750173022546
5839 2.579669034454003
5999 2.5098732725184614
6026 2.66777630196427
6078 5.11171677152057
6079 3.502002080784121
6164 2.6290617897835795
6216 2.3933394562625097
6228 1.2947271675944
6233 3.1918471524802814
6368 2.5098732725184614
6429 5.8998973535824915
6519 5.052599493195288
6533 3.3349479961209547
6633 2.8088549002241754
6675 2.5098732725184614
6696 9.027205984925201
6776 1.942263836902293
6779 4.8012850649143815
6819 3.430611827025225
6878 17.13224949515441
6880 6.9985096422506015
6887 1.152070867192877
6893 4.919068100570765
6898 12.97336641179474
6919 5.69024215641714
6938 4.22592092001082
7104 -4.644415416559045
7286 1.4112609838503516
7344 1.6325336272287498
7431 2.6040604875781623
7482 12.638869539522736
7534 3.7283022859910666
7578 0.5215372793609184
7591 2.0426825846493406
7650 2.1081605140288473
7689 4.513602992462601
7722 3.5327737394508745
7764 1.7052048175261088
7768 3.3096301881366648
7808 2.8396265588909295
7827 3.414990703794491
7832 3.047265923669174
7905 4.919068100570765
7993 4.00277736869661
8007 1.904759441443839
8082 3.47214911763444
8182 2.681021528714291
8208 11.589046278964354
8256 5.041168945219154
8267 8.33059259638877
8276 3.21432000833234
8391 2.555858385760285
8410 6.9985096422506015
8439 0.4690908039883759
8569 3.7026727762462723
8585 3.47214911763444
8621 2.6418008155610093
8660 8.377498315560965
8683 1.6803896484063847
8705 3.0282177286984795
8708 4.4431702373576805
8710 1.102407559418776
8731 2.0286963426746007
8810 3.502002080784121
8823 3.1066893441399746
8844 5.052599493195288
8908 3.6312138122641273
8928 1.3355491621146554
8975 2.3933394562625097
8978 1.6140145794615122
9064 4.600614369452231
9106 1.0850066366123312
9122 5.497968544253051
9129 6.9985096422506015
9151 1.258716730071367
9170 1.8348909686638688
9214 4.165296298194385
9229 2.3933394562625097
9284 3.9074671888922854
9296 6.9985096422506015
9321 5.052599493195288
9372 2.3256808077886952
9384 1.3355491621146554
9458 3.6312138122641273
9552 9.391849098513111
9554 2.543323789326808
9557 4.290459441148391
9595 4.108137884354437
9597 3.1273086313427103
9645 6.06532769949008
9682 5.052599493195288
9701 8.718904625270685
9709 1.082307579643166
9724 4.600614369452231
9733 1.0850066366123312
9807 3.1698682457615064
9970 0.4837969513780714
10013 5.389071729816501
10036 9.027205984925201
10060 14.403855194743144
10114 1.3014161557451966
10195 5.8998973535824915
10202 2.591790394986348
10231 3.2373095265570386
10233 3.4431615807611875
10235 6.9985096422506015
10264 4.8012850649143815
10325 1.8925641683500207
10393 1.9746291214043248
10431 2.16559845872687
10445 3.3875917296063767
10751 3.1758075187276433
10754 3.1698682457615064
10805 3.666305132075397
10863 3.4431615807611875
10892 4.8012850649143815
10972 5.389071729816501
11034 3.1916645207566434
11095 5.206750173022546
11110 0.8102455191680114
11116 11.465479842109303
11168 2.556395731286379
11170 2.5676928434072877
11192 5.052599493195288
11266 2.9041650800285006
11299 -0.5211827618659379
11304 2.410992067732915
11353 2.8088549002241754
11445 3.740413104229119
11481 1.6186122887101415
11491 1.8745456628473423
11625 17.4869531651061
11969 2.274701391239495
11984 2.4237986637472186
12001 12.838464217036439
12014 5.982352914036261
12022 0.40409618250082274
12034 12.121220177909095
12095 3.502002080784121
12098 5.612215281130711
12163 5.612215281130711
12181 7.640911623805311
12248 10.082770447572646
12254 2.335070548138534
12273 3.7026727762462723
12277 3.1273086313427103
12283 2.6040604875781623
12287 5.052599493195288
12293 3.7026727762462723
12334 10.244972111383474
12346 4.8012850649143815
12383 2.5046129034208957
12386 8.45184184002164
12455 -0.8610346634721608
12535 5.206750173022546
12620 6.305362461690656
12679 12.766658083026574
12772 26.411305954516813
12773 9.70879268444324
12777 4.919068100570765
12844 6.9985096422506015
12853 1.152070867192877
13005 3.8630154263214513
13021 3.6312138122641273
13080 2.436903055050322
13150 5.052599493195288
13153 2.2278250177849364
13316 3.047265923669174
13354 1.8280256472124494
13410 5.206750173022546
13411 2.8088549002241754
13440 1.4770487243883548
13493 4.919068100570765
13553 -1.111382279832576
13710 3.6312138122641273
13711 13.801843108356692
13750 2.162227735299123
13759 2.955458374416051
13761 5.208120975156325
13762 6.9985096422506015
13822 3.740413104229119
13843 6.534684229936693
13891 0.6065925288579992
13919 7.194624521176892
13933 3.7796338173824005
13934 4.600614369452231
13973 5.052599493195288
14036 4.290459441148391
14044 1.4611753752320646
14088 5.389071729816501
14096 6.9985096422506015
14174 8.97251477586903
14237 -2.09174504491248
14267 -0.7647387866270302
14370 14.665220528301589
14371 4.600614369452231
14378 5.389071729816501
14381 0.457735330796197
14416 0.7739512129752414
14431 1.034930298632155
14439 6.254617262685421
14463 1.67063347346102
14479 6.9985096422506015
14606 3.6312138122641273
14656 1.1405764877671418
14682 1.5431885268928998
14754 3.8204558119026557
14866 6.9985096422506015
15121 1.5868635903955612
15155 0.6904112007410705
15166 6.9985096422506015
15181 1.751485570090115
15192 1.489121305622624
15195 3.0282177286984795
15247 12.49349985960168
15250 3.7796338173824005
15295 4.165296298194385
15332 -13.970805571310581
15341 0.7959741250626788
15363 2.555858385760285
15413 2.556395731286379
15471 4.16436503897172
15472 2.735829765209286
15576 3.009525595686327
15587 1.2947271675944
15592 2.87137525720551
15595 5.3283318165526765
15651 1.1377234187847354
15805 4.01615411094373
15849 5.8998973535824915
