303
241 1.6902419448493964
302 1.7153059135126125
373 2.750014400201242
389 1.6419233675785887
473 3.1273086313427103
486 2.70805020110221
493 3.1698682457615064
500 2.1701959049483
578 3.740413104229119
695 2.9911764570181303
800 2.434161450782765
1060 0.06216690641655154
1094 2.335070548138534
1310 3.7796338173824005
1420 5.389071729816501
1687 4.827084327160058
1820 3.3875917296063767
1830 3.1066893441399746
1850 3.0666840095262753
1869 4.433560284789064
1924 4.577958881876534
1929 2.1081605140288473
1942 4.228884737732485
1943 18.402457477808923
1968 4.165296298194385
2006 3.5645224377654547
2009 4.827084327160058
2019 2.344549292093078
2105 5.612215281130711
2128 34.32367552918713
2138 5.8998973535824915
2142 6.9985096422506015
2147 6.305362461690656
2170 5.389071729816501
2190 5.206750173022546
2191 3.086486636822455
2235 3.2849375755462935
2271 0.6835662361444191
2349 4.22592092001082
2369 4.108137884354437
2377 5.8998973535824915
2428 4.695924549256556
2434 2.413542163580029
2450 -7.941139644146939
2452 6.534684229936693
2459 2.938066631704182
2519 11.831693613945774
2586 3.3096301881366648
2595 2.5211728277723946
2631 1.0646099862133587
2638 2.130975191795019
2652 4.108137884354437
2721 5.389071729816501
2810 3.597312260588446
2829 2.8088549002241754
2862 2.9381611094783557
2933 6.305362461690656
2935 0.6320391945191633
2940 3.2557432282458767
2964 1.800870720168722
2968 3.4431615807611875
3068 4.038061385945852
3100 2.7938170228596353
3110 2.8876357780772897
3215 2.359923404764412
3313 4.695924549256556
3356 4.513602992462601
3449 2.9470574476567433
3498 2.87137525720551
3578 1.8047399611033645
3597 2.8876357780772897
3632 3.47214911763444
3646 2.5676928434072877
3820 1.7890234894091803
3932 4.05407066308416
3969 6.305362461690656
3990 2.6290617897835795
4021 1.5054481989100525
4070 3.320596291274491
4075 3.597312260588446
4092 5.612215281130711
4114 1.3890378470656415
4158 0.1530022022435852
4319 2.049749751872433
4341 2.6547042203969173
4425 1.249116656342348
4522 0.5207142953092883
4696 5.389071729816501
4700 5.612215281130711
4750 0.33155284982139466
4852 2.517433460142734
4947 3.414990703794491
5036 4.695924549256556
5039 2.735829765209286
5047 3.3349479961209547
5070 4.108137884354437
5083 1.5735596247691985
5410 4.513602992462601
5423 5.206750173022546
5489 4.359452312635343
5596 3.5645224377654547
5597 3.2373095265570386
5617 12.610724923381312
5680 3.182675741580965
5850 3.047265923669174
5955 4.86832290156553
5993 0.8521803845817039
6021 3.7796338173824005
6042 5.612215281130711
6047 6.019051191372654
6057 3.8204558119026557
6225 4.919068100570765
6402 1.4112609838503516
6433 1.5462068723802074
6447 2.576165249751463
6488 6.133368019052551
6558 4.359452312635343
6631 4.359452312635343
6637 5.206750173022546
6848 4.05407066308416
6908 1.6768847312989907
6912 5.8998973535824915
7025 9.08593402824664
7104 -1.9904637499538764
7168 5.052599493195288
7274 3.0666840095262753
7286 2.822521967700703
7288 6.305362461690656
7380 5.052599493195288
7398 5.8998973535824915
7462 1.942263836902293
7476 6.305362461690656
7489 4.108137884354437
7497 0.7014003223166658
7557 6.669895992241909
7563 2.335070548138534
7578 1.5646118380827554
7655 4.433560284789064
7692 2.2449194511442365
7767 3.414990703794491
7813 2.0291467231268214
7838 2.1081605140288473
8007 1.904759441443839
8078 17.42323148301271
8128 30.033216088038735
8227 7.1290448755309095
8242 2.035665011990694
8405 3.3096301881366648
8432 6.775183459212753
8439 0.9381816079767518
8471 2.7938170228596353
8582 4.134326329600354
8654 5.389071729816501
8683 1.6803896484063847
8710 1.6536113391281642
8723 1.5262389685791264
8856 2.3163784151263815
8869 2.1782280766455644
8926 5.052599493195288
9110 2.035665011990694
9170 1.8348909686638688
9264 4.513602992462601
9292 2.5441623459970937
9384 4.006647486343966
9410 6.305362461690656
9531 3.34126694692204
9534 8.250043200603727
9537 1.963887624372811
9571 6.305362461690656
9733 1.0850066366123312
9781 4.00277736869661
9786 3.1483620405405426
9795 3.9074671888922854
9807 3.1698682457615064
9808 6.019051191372654
9821 9.201228738904462
9895 2.288979440938267
10006 2.6944445490464313
10054 3.0282177286984795
10058 2.6040604875781623
10117 5.8998973535824915
10175 4.695924549256556
10199 2.3256808077886952
10200 4.695924549256556
10202 2.591790394986348
10306 2.15432255579201
10341 3.1698682457615064
10393 3.9492582428086496
10422 2.1263822140248125
10431 0.7218661529089567
10437 1.3672978604292356
10503 2.413542163580029
10665 4.433560284789064
10751 0.7939518796819108
10859 3.086486636822455
10868 -0.18536107281185138
10870 5.8998973535824915
11008 5.206750173022546
11032 1.087712998210074
11148 1.1784267118982394
11165 2.1863252868781835
11250 5.8998973535824915
11287 2.0286963426746007
11299 -1.0423655237318759
11330 4.359452312635343
11388 4.22592092001082
11408 5.052599493195288
11481 1.6186122887101415
11503 2.8876357780772897
11520 3.1066893441399746
11570 1.1933746733341126
11601 6.305362461690656
11644 7.065547478901749
11661 4.600614369452231
11894 1.5178707189086098
11907 2.434161450782765
11932 4.919068100570765
11945 1.9550845253313545
11969 0.7582337970798316
12033 2.5211728277723946
12047 1.4416815805510634
12068 4.600614369452231
12122 1.1963912668735384
12131 4.433560284789064
12151 3.1698682457615064
12161 5.612215281130711
12218 2.6547042203969173
12252 5.389071729816501
12347 4.919068100570765
12371 5.389071729816501
12377 2.6920409239639014
12384 5.612215281130711
12446 5.389071729816501
12477 7.430163195604683
12543 3.5645224377654547
12610 2.4237986637472186
12691 5.612215281130711
12707 2.2278250177849364
12716 6.305362461690656
12717 0.5999147077153936
12783 1.8986432144264027
12821 10.778143459633002
12828 3.597312260588446
12833 0.9630282097258448
12853 2.304141734385754
12946 0.5932811842197597
13001 1.4730567031188173
13141 5.052599493195288
13272 2.7790019370744945
13273 3.3096301881366648
13275 6.305362461690656
13289 3.4820285404456395
13343 2.973157951515452
13353 1.961557039836972
13354 7.312102588849798
13359 5.258123579567159
13365 3.3349479961209547
13401 2.465910149097345
13452 4.359452312635343
13553 -1.4818430397767681
13565 1.9878743481543455
13683 3.0666840095262753
13718 1.3425178314307487
13728 5.389071729816501
13753 3.7026727762462723
13791 3.047265923669174
13891 0.6065925288579992
13918 2.8396265588909295
14021 4.108137884354437
14072 3.3609234825242154
14078 5.019746545036923
14135 2.3541187431092285
14196 2.511906961666574
14237 -3.4862417415207996
14242 2.5326015235960173
14381 0.457735330796197
14416 0.7739512129752414
14500 8.216275768708874
14506 3.740413104229119
14507 5.553045496311444
14519 3.086486636822455
14529 2.8088549002241754
14588 2.0785287164224764
14906 0.4013639403639497
15057 1.152070867192877
15163 5.389071729816501
15164 4.00277736869661
15173 3.009525595686327
15224 2.9041650800285006
15240 3.414990703794491
15259 1.3320829541381691
15332 -10.866182111019342
15338 4.290459441148391
15373 2.443082253939354
15413 1.2781978656431896
15518 1.880515829833846
15552 6.305362461690656
15650 2.130975191795019
15709 2.1863252868781835
15771 0.04619142958929879
15783 4.327545324044936
15786 3.5927627609221484
15846 5.612215281130711
