305
108 4.359452312635343
194 1.5399972773188362
265 6.9985096422506015
302 1.7153059135126125
373 2.750014400201242
389 1.6419233675785887
530 2.66777630196427
551 3.9074671888922854
716 4.513602992462601
738 6.305362461690656
787 4.071330023981388
1013 2.6547042203969173
1060 0.1865007192496546
1062 2.591790394986348
1094 2.335070548138534
1212 6.305362461690656
1404 1.3708885285599641
1419 6.9985096422506015
1507 3.8630154263214513
1697 11.799794707164983
1822 2.383389125409342
1842 2.0286963426746007
1889 3.414990703794491
2019 2.344549292093078
2036 1.9486536350010641
2038 1.880515829833846
2070 4.419170109356452
2077 6.775183459212753
2079 6.9985096422506015
2176 7.150167376228025
2271 2.0506987084332575
2334 0.7939518796819108
2356 5.362043057428582
2424 2.219386149139072
2450 -1.832570687110832
2458 10.811138676495615
2459 2.938066631704182
2512 4.8012850649143815
2519 1.6902419448493964
2534 3.2373095265570386
2631 0.21292199724267172
2674 2.054495604920277
2701 5.443687046469091
2754 16.42468787773147
2766 6.133368019052551
2862 2.9381611094783557
2893 2.5098732725184614
2935 0.6320391945191633
2943 3.4431615807611875
2964 1.800870720168722
3068 1.3460204619819507
3168 14.12061186177482
3215 2.949904255955515
3407 2.085854756514549
3458 5.389071729816501
3489 1.942263836902293
3593 3.666305132075397
3597 2.8876357780772897
3610 29.564438179916642
3634 6.305362461690656
3690 1.4972514317058743
3691 7.405345552492545
3769 4.695924549256556
3780 2.465910149097345
3820 1.7890234894091803
3910 5.612215281130711
3991 5.617709800448351
4008 3.21432000833234
4053 -0.07476007520910928
4065 10.778143459633002
4070 1.1068654304248302
4151 5.206750173022546
4158 0.3978057258333215
4159 5.206750173022546
4208 1.5220460903190904
4214 2.465910149097345
4302 7.2000504439391015
4319 2.049749751872433
4366 1.9878743481543455
4388 3.8204558119026557
4404 5.389071729816501
4405 1.3460204619819507
4432 3.740413104229119
4522 0.5207142953092883
4578 5.206750173022546
4592 9.084653186095439
4608 1.4075226617397445
4619 3.2849375755462935
4625 1.8452180477528222
4750 0.33155284982139466
4783 2.1782280766455644
4878 1.3672978604292356
4881 5.587634045719271
4914 2.8679784698558155
4951 8.718904625270685
4976 2.288979440938267
5033 2.1233123190494494
5040 2.875656022470147
5046 2.236335707452845
5134 6.305362461690656
5243 3.6312138122641273
5286 5.612215281130711
5322 6.9985096422506015
5340 3.3349479961209547
5465 3.3349479961209547
5518 1.5868635903955612
5540 3.1698682457615064
5590 1.4533321977710387
5597 6.474619053114077
5813 4.600614369452231
5833 4.695924549256556
5993 0.8521803845817039
6012 3.740413104229119
6118 6.305362461690656
6123 2.288979440938267
6136 2.91449219418435
6376 3.0666840095262753
6387 2.9911764570181303
6402 2.822521967700703
6433 2.06160916317361
6464 5.389071729816501
6465 12.610724923381312
6467 2.2535775138873513
6583 0.8629447511688624
6587 4.00277736869661
6622 2.579669034454003
6640 3.7026727762462723
6754 1.2024518914852294
6767 5.389071729816501
6872 1.3047775034479017
6908 0.6707538925195963
7025 1.0095482253607377
7072 9.743268175005321
7104 -1.9904637499538764
7210 1.8568460857479414
7339 3.5327737394508745
7421 6.474619053114077
7462 1.942263836902293
7487 1.8167260919585162
7497 2.8056012892666633
7534 1.242767428663689
7595 4.359452312635343
7597 4.372650573756367
7620 6.5589758606345505
7813 3.043720084690232
7826 3.1273086313427103
7892 3.1035445411685827
7965 3.773043707788116
7997 3.8204558119026557
8032 1.5324768712979722
8043 1.730651483187273
8055 5.808330160057001
8256 1.6803896484063847
8263 3.414990703794491
8401 7.640911623805311
8561 19.315077131607257
8582 1.3781087765334512
8736 1.1933746733341126
8788 2.146479378330984
8822 2.2800107709555064
8856 4.632756830252763
8886 1.3081501879265407
8928 1.3355491621146554
9113 4.108137884354437
9115 3.047265923669174
9116 3.666305132075397
9164 3.597312260588446
9170 0.6116303228879563
9238 13.88859647053776
9239 6.305362461690656
9280 3.502002080784121
9292 2.5441623459970937
9344 4.359452312635343
9350 5.8998973535824915
9360 5.206750173022546
9384 1.3355491621146554
9519 5.8998973535824915
9537 1.963887624372811
9640 2.8088549002241754
9709 1.082307579643166
9970 0.4837969513780714
9986 2.0568672196412967
9990 2.8358928015856124
10055 3.009525595686327
10114 1.3014161557451966
10194 2.455214859980597
10196 2.5211728277723946
10306 4.30864511158402
10329 -2.310997652805574
10339 6.305362461690656
10422 0.7087940713416041
10437 1.3672978604292356
10503 2.413542163580029
10719 5.206750173022546
10749 2.3509274935351647
10753 2.7790019370744945
10771 5.052599493195288
10795 5.612215281130711
10796 3.8630154263214513
10859 3.086486636822455
10867 5.813328791084155
10895 4.290459441148391
10903 4.953442130403122
10967 3.6312138122641273
10968 3.740413104229119
10973 2.7938170228596353
11023 3.8642478746271944
11032 1.087712998210074
11163 3.7796338173824005
11168 1.2781978656431896
11252 3.3096301881366648
11295 3.2373095265570386
11299 -0.5211827618659379
11336 4.433560284789064
11375 5.362043057428582
11461 2.146479378330984
11473 5.206750173022546
11481 1.6186122887101415
11537 3.666305132075397
11570 2.3867493466682252
11671 2.2535775138873513
11790 2.2449194511442365
11850 2.455214859980597
11887 3.3349479961209547
11900 2.049749751872433
11908 1.5346778372249912
11945 3.910169050662709
11969 0.7582337970798316
12022 0.8081923650016455
12078 1.3637200390813515
12241 2.579669034454003
12337 4.22592092001082
12341 2.8088549002241754
12383 1.2523064517104479
12455 -0.2152586658680402
12460 0.7332084295128914
12554 8.304857812746416
12598 5.019746545036923
12660 2.035665011990694
12717 2.3996588308615743
12783 1.8986432144264027
12946 2.9664059210987985
13001 2.9461134062376346
13029 1.6609715625492831
13056 6.9985096422506015
13080 3.2492040734004295
13152 4.600614369452231
13353 1.961557039836972
13359 5.258123579567159
13384 4.113734439282593
13390 2.236335707452845
13392 5.528806275306684
13440 2.9540974487767095
13443 3.502002080784121
13553 -1.8523037997209602
13572 1.8745456628473423
13596 3.502002080784121
13672 1.5262389685791264
13708 3.9539872045271784
13837 21.997830792452383
13852 5.206750173022546
13891 0.6065925288579992
13920 4.05407066308416
13930 4.080464918750566
14074 3.7796338173824005
14078 12.549366362592307
14112 4.00277736869661
14195 1.7781538171722764
14196 2.511906961666574
14237 -1.3944966966083199
14267 -0.3823693933135151
14313 6.586606035098139
14392 3.7796338173824005
14395 2.7218435232345457
14513 6.9985096422506015
14521 3.666305132075397
14543 5.206750173022546
14546 2.8876357780772897
14556 2.8876357780772897
14620 4.30864511158402
14656 3.4217294633014257
14906 2.0068197018197482
14914 3.3096301881366648
14971 5.206750173022546
15057 3.456212601578631
15076 3.21432000833234
15187 1.994563336305142
15197 3.5327737394508745
15247 2.498699971920336
15318 10.413500346045092
15332 -9.313870380873722
15341 0.7959741250626788
15407 2.2711218235382606
15413 1.2781978656431896
15424 1.8111238364098463
15432 16.836645843392134
15468 3.4648956756577247
15471 2.08218251948586
15651 3.4131702563542063
15672 0.7275212103923018
15685 0.8716404581364162
15694 2.938066631704182
15783 0.48083836933832624
15786 3.5927627609221484
15861 3.597312260588446
