31
389 1.6419233675785887
1830 3.1066893441399746
1885 3.009525595686327
1938 2.66777630196427
2191 3.086486636822455
2631 0.42584399448534344
3277 4.600614369452231
4053 -0.07476007520910928
4103 9.201228738904462
4158 0.030600440448717042
4261 2.262311193856106
4989 1.3355491621146554
6235 1.2270685191205855
7104 -0.6634879166512921
7826 3.1273086313427103
8032 1.5324768712979722
8439 0.4690908039883759
9733 1.0850066366123312
11299 -1.0423655237318759
12042 5.283601631122019
12175 2.955458374416051
12460 0.7332084295128914
12477 2.476721065201561
13440 1.4770487243883548
13553 -0.7409215198883841
14196 0.8373023205555247
14906 0.4013639403639497
15057 1.152070867192877
15728 3.009525595686327
15783 0.48083836933832624
15786 1.7963813804610742
