25
2839 3.1483620405405426
2935 0.6320391945191633
4021 1.5054481989100525
4176 5.612215281130711
4815 2.7218435232345457
5279 1.7410142702228197
5484 0.9464204733261844
6003 3.3609234825242154
7569 1.0170954309961207
8556 1.8223599096767722
10210 2.9911764570181303
10250 2.9209721983448818
12407 0.83519483821596
12660 2.035665011990694
12674 1.5779746429783155
12833 0.9630282097258448
13408 4.8012850649143815
13683 3.0666840095262753
13795 1.5389241281064423
13856 5.612215281130711
13873 3.740413104229119
15283 2.236335707452845
15458 2.8088549002241754
15468 1.1549652252192415
15672 0.7275212103923018
