119
389 1.6419233675785887
422 2.66777630196427
1885 9.02857678705898
1902 2.0149030205422647
2038 3.761031659667692
2240 3.31235078057158
2269 1.8686109273275278
2271 0.6835662361444191
2334 0.7939518796819108
2357 1.1873686492739008
2450 -2.4434275828144427
2458 2.162227735299123
2593 4.433560284789064
2631 0.42584399448534344
2674 2.054495604920277
3110 2.8876357780772897
3215 1.179961702382206
3277 4.600614369452231
3578 0.6015799870344548
3700 1.2947271675944
3799 6.305362461690656
4053 -0.07476007520910928
4103 27.603686216713385
4120 6.9985096422506015
4158 0.061200880897434085
4241 2.4033897921160112
4258 3.3096301881366648
4262 3.1698682457615064
4405 1.3460204619819507
4416 1.3637200390813515
4467 4.22592092001082
4522 0.2603571476546441
4815 2.7218435232345457
4989 4.006647486343966
5040 1.4378280112350734
5116 5.884671119510916
5154 2.4446327506500602
5771 6.9985096422506015
5905 3.567147769283231
5983 1.9878743481543455
5984 4.919068100570765
6004 3.1066893441399746
6136 4.371738291276525
6622 5.159338068908006
6908 1.3415077850391925
7104 -1.3269758333025843
7274 3.0666840095262753
7569 1.0170954309961207
7578 0.5215372793609184
7892 7.758861352921457
7981 2.0426825846493406
7991 1.3149298749119196
8032 1.0216512475319814
8096 1.4533321977710387
8439 0.9381816079767518
8444 5.367070468227541
8696 4.919068100570765
9106 1.0850066366123312
9154 2.465910149097345
9537 0.6546292081242703
9733 1.0850066366123312
9990 0.5671785603171224
10030 2.413542163580029
10102 10.105198986390576
10294 2.70805020110221
10329 -0.21009069570959765
10422 0.7087940713416041
11089 1.1549652252192415
11168 1.2781978656431896
11299 -1.0423655237318759
11305 2.0640357091199095
11384 3.3609234825242154
11407 3.1483620405405426
11450 2.262311193856106
11597 3.0666840095262753
11836 2.37353682896633
11905 3.2849375755462935
11969 0.7582337970798316
12022 0.8081923650016455
12064 3.3349479961209547
12119 6.305362461690656
12175 2.955458374416051
12447 2.8396265588909295
12455 -0.6457759976041206
12460 0.7332084295128914
12554 3.3219431250985663
12717 1.7997441231461808
12995 4.165296298194385
13069 12.610724923381312
13364 5.052599493195288
13442 5.389071729816501
13553 -1.8523037997209602
13930 1.3601549729168554
14196 2.511906961666574
14237 -1.3944966966083199
14381 0.2288676653980985
14431 1.034930298632155
14439 3.1273086313427103
14506 3.740413104229119
14682 1.5431885268928998
14906 0.8027278807278994
14925 5.612215281130711
14948 6.305362461690656
15057 1.152070867192877
15283 6.7090071223585355
15288 3.21432000833234
15413 1.2781978656431896
15484 2.9911764570181303
15587 1.2947271675944
15622 2.363780654020965
15672 1.4550424207846036
15685 0.8716404581364162
15697 3.7796338173824005
15728 3.009525595686327
15731 2.9911764570181303
15771 0.023095714794649395
15783 1.4425151080149787
15786 4.490953451152685
15805 2.008077055471865
