117
12 4.8012850649143815
174 1.6232312345664361
2450 -0.6108568957036107
2631 0.42584399448534344
2925 3.4431615807611875
2964 0.900435360084361
3120 3.2097641917964794
3215 0.589980851191103
3431 4.359452312635343
3545 3.009525595686327
3721 4.513602992462601
3827 3.2849375755462935
3870 6.305362461690656
4026 2.8876357780772897
4108 3.1066893441399746
4158 0.12240176179486817
4314 2.764403137653342
4437 7.210169376348034
4659 6.9985096422506015
4765 2.8300266669378042
4794 3.6312138122641273
4838 1.4730567031188173
4881 2.7938170228596353
4989 1.3355491621146554
5110 1.8452180477528222
5154 2.4446327506500602
5569 4.22592092001082
5891 3.1273086313427103
5898 3.9074671888922854
5905 3.567147769283231
5929 3.3096301881366648
6003 3.3609234825242154
6021 3.7796338173824005
6235 1.2270685191205855
6368 2.5098732725184614
6467 2.2535775138873513
6622 2.579669034454003
6628 3.1918471524802814
6721 2.383389125409342
6908 0.33537694625979814
7104 -0.6634879166512921
7210 1.8568460857479414
7215 2.344549292093078
7327 3.5327737394508745
7497 0.7014003223166658
7560 4.433560284789064
7620 2.1863252868781835
7724 3.597312260588446
7740 3.5327737394508745
7932 1.8745456628473423
8032 1.0216512475319814
8078 1.9359146092236343
8201 6.305362461690656
8230 2.37353682896633
8337 1.9550845253313545
8428 6.9985096422506015
8643 2.001297368486486
8645 3.5327737394508745
8850 1.7153059135126125
8869 2.1782280766455644
8890 2.2800107709555064
8978 1.6140145794615122
9384 1.3355491621146554
9460 6.9985096422506015
9510 3.7796338173824005
9554 1.271661894663404
9990 0.5671785603171224
10001 12.384214254719456
10294 5.41610040220442
10329 -1.0504534785479882
10867 2.9066643955420775
10967 3.6312138122641273
10979 3.1066893441399746
11075 6.9985096422506015
11168 1.2781978656431896
11217 4.513602992462601
11218 0.5720211847929105
11266 2.9041650800285006
11299 -1.0423655237318759
11323 3.597312260588446
11407 3.1483620405405426
11524 3.0357414378172196
11644 3.5327737394508745
11727 6.9985096422506015
12006 2.955458374416051
12074 6.9985096422506015
12104 3.2373095265570386
12455 -0.4305173317360804
12588 4.05407066308416
12670 5.8998973535824915
12714 3.7796338173824005
12783 1.8986432144264027
12826 1.2619373447714093
12946 0.5932811842197597
13001 1.4730567031188173
13021 3.6312138122641273
13527 2.049749751872433
13547 1.6003469407328483
13553 -0.37046075994419203
13607 6.9985096422506015
13812 4.165296298194385
13920 4.05407066308416
14055 5.8998973535824915
14196 2.511906961666574
14237 -1.3944966966083199
14357 2.476721065201561
14381 0.457735330796197
14906 0.4013639403639497
15195 3.0282177286984795
15256 3.3349479961209547
15332 -3.1046234602912404
15424 5.433371509229539
15565 5.612215281130711
15628 5.612215281130711
15677 1.5779746429783155
15697 3.7796338173824005
15783 1.923353477353305
