25
2450 -0.6108568957036107
2631 0.21292199724267172
4158 0.030600440448717042
4437 4.8067795842320225
4956 2.413542163580029
4989 1.3355491621146554
5040 1.4378280112350734
5590 1.4533321977710387
6235 1.2270685191205855
6908 0.33537694625979814
7104 -0.6634879166512921
9292 2.5441623459970937
10329 -0.21009069570959765
11597 3.0666840095262753
12455 -0.4305173317360804
13505 3.0666840095262753
13553 -0.7409215198883841
14381 0.2288676653980985
14891 4.22592092001082
14906 0.4013639403639497
15057 1.152070867192877
15672 0.7275212103923018
15697 3.7796338173824005
15783 0.48083836933832624
15805 2.008077055471865
