198
244 5.8998973535824915
279 2.6418008155610093
289 3.086486636822455
302 1.7153059135126125
370 5.8998973535824915
583 2.9041650800285006
714 5.389071729816501
1290 6.9985096422506015
1365 5.389071729816501
1404 1.3708885285599641
1893 1.7567626271909589
1929 2.1081605140288473
2070 1.4730567031188173
2240 3.31235078057158
2323 6.305362461690656
2324 4.00277736869661
2357 2.3747372985478017
2450 -0.6108568957036107
2557 6.9985096422506015
2592 2.938066631704182
2630 4.22592092001082
2657 3.3609234825242154
2839 3.1483620405405426
2935 1.2640783890383267
3090 3.047265923669174
3100 2.7938170228596353
3120 1.6048820958982397
3135 5.389071729816501
3166 4.600614369452231
3192 4.038192901442951
3255 6.9985096422506015
3394 3.047265923669174
3489 1.942263836902293
3593 7.332610264150794
3642 3.47214911763444
3737 1.8055527913603908
3785 2.87137525720551
3814 6.7090071223585355
3982 1.0769312226067855
4021 1.5054481989100525
4143 7.907974409054357
4179 3.414990703794491
4247 18.531027321011052
4608 2.815045323479489
4622 5.8998973535824915
4711 3.8592108800607394
4724 6.9985096422506015
4750 0.6631056996427893
4765 4.245040000406706
4794 3.6312138122641273
4876 2.2449194511442365
5243 3.6312138122641273
5279 10.446085621336918
5286 5.612215281130711
5297 4.513602992462601
5339 1.1784267118982394
5363 3.0666840095262753
5383 6.9985096422506015
5410 4.513602992462601
5419 3.8630154263214513
5484 0.9464204733261844
5498 4.108137884354437
5518 1.5868635903955612
5528 1.4378280112350734
5606 4.22592092001082
5773 5.471659530418572
5809 2.363780654020965
5900 2.8553749158590684
5942 5.206750173022546
5959 3.47214911763444
5990 2.938066631704182
5993 5.113082307490223
6004 3.1066893441399746
6101 4.165296298194385
6307 3.2373095265570386
6338 2.413542163580029
6390 3.047265923669174
6402 1.4112609838503516
6433 0.5154022907934025
6507 2.6290617897835795
6520 4.695924549256556
6523 5.389071729816501
6983 3.414990703794491
7044 1.880515829833846
7487 3.6334521839170324
7527 2.681021528714291
7534 2.485534857327378
7569 1.0170954309961207
7620 4.372650573756367
7692 4.489838902288473
7813 1.0145733615634107
7845 7.271395991241656
7904 2.211017899468555
7931 5.8998973535824915
7946 4.290459441148391
7991 1.3149298749119196
8439 0.4690908039883759
8494 16.804617412621077
8556 5.467079729030317
8592 3.740413104229119
8784 2.146479378330984
8869 4.356456153291129
8928 1.3355491621146554
8975 2.3933394562625097
9010 8.762916595034646
9089 5.612215281130711
9106 1.0850066366123312
9136 4.433560284789064
9154 2.465910149097345
9166 4.513602992462601
9170 0.6116303228879563
9276 2.6944445490464313
9384 1.3355491621146554
9391 2.735829765209286
9817 1.3183370332335338
9978 4.05407066308416
9986 2.0568672196412967
9990 1.1343571206342449
9993 16.01110947478644
10139 6.775183459212753
10202 2.591790394986348
10217 6.462967667376029
10251 5.612215281130711
10326 1.0461538510930224
10329 -1.260544174257586
10497 6.9985096422506015
10536 4.359452312635343
10672 3.414990703794491
10872 1.6048820958982397
10932 4.600614369452231
11218 0.5720211847929105
11308 2.5098732725184614
11320 2.764403137653342
11501 4.8012850649143815
11722 6.305362461690656
11774 3.0282177286984795
11788 3.3096301881366648
11840 3.3804838896987928
11952 1.5958322603783217
11969 0.7582337970798316
12093 1.6803896484063847
12120 3.5327737394508745
12218 2.6547042203969173
12273 3.7026727762462723
12407 2.5055845146478797
12443 6.9985096422506015
12460 0.7332084295128914
12527 6.17297327364491
12660 2.035665011990694
12674 1.5779746429783155
12714 7.559267634764801
12814 6.9985096422506015
12820 3.3349479961209547
12833 0.9630282097258448
12869 4.05407066308416
12946 0.5932811842197597
13176 6.305362461690656
13208 2.6230685718215625
13254 6.305362461690656
13312 2.955458374416051
13440 2.9540974487767095
13491 4.577958881876534
13547 1.6003469407328483
13553 -0.37046075994419203
13555 5.612215281130711
13596 7.004004161568242
13624 4.165296298194385
13672 1.5262389685791264
13795 7.694620640532212
13838 2.3163784151263815
13846 3.3096301881366648
13873 3.740413104229119
13918 2.8396265588909295
13921 2.1782280766455644
14061 4.8012850649143815
14136 1.4810567457858934
14237 -0.6972483483041599
14252 3.502002080784121
14267 -0.3823693933135151
14268 4.290459441148391
14352 1.8928409466523688
14381 0.2288676653980985
14473 3.2849375755462935
14477 2.5211728277723946
14651 9.027205984925201
14894 3.740413104229119
15146 4.290459441148391
15169 4.670141096277068
15195 6.056435457396959
15278 2.465910149097345
15332 -10.866182111019342
15403 4.165296298194385
15471 1.3881216796572402
15578 1.7945029551738059
15672 1.4550424207846036
15710 5.612215281130711
15725 10.693567313296365
15735 2.938066631704182
