54
14 6.305362461690656
389 1.6419233675785887
521 1.8986432144264027
730 2.298029276458185
874 3.2849375755462935
1885 3.009525595686327
2670 5.612215281130711
2674 1.0272478024601386
3051 4.919068100570765
3215 1.179961702382206
3538 10.413500346045092
4097 5.910916748832102
4158 0.061200880897434085
4522 0.2603571476546441
4765 2.8300266669378042
5040 1.4378280112350734
5083 1.5735596247691985
5852 2.4876501357337513
5993 1.7043607691634077
6005 3.666305132075397
6158 7.365644579941792
6389 3.1273086313427103
7025 1.0095482253607377
7104 -1.3269758333025843
7401 3.773043707788116
7487 1.8167260919585162
7497 0.7014003223166658
7620 2.1863252868781835
7691 3.5645224377654547
7904 2.211017899468555
8050 4.165296298194385
8718 2.824122372354964
9188 4.359452312635343
9554 1.271661894663404
9990 1.1343571206342449
10294 2.70805020110221
10968 3.740413104229119
12006 2.955458374416051
12022 0.40409618250082274
12122 1.1963912668735384
12383 1.2523064517104479
12455 -0.2152586658680402
12460 0.7332084295128914
12491 4.22592092001082
12946 1.1865623684395195
13001 1.4730567031188173
13130 3.9539872045271784
13353 1.961557039836972
13553 -0.37046075994419203
14196 0.8373023205555247
14906 0.4013639403639497
15057 1.152070867192877
15332 -1.5523117301456202
15570 2.7218435232345457
