253
253 5.612215281130711
452 5.612215281130711
730 4.59605855291637
829 3.5645224377654547
1922 1.6952047341915255
2036 1.9486536350010641
2070 1.4730567031188173
2167 2.66777630196427
2271 1.3671324722888383
2302 3.009525595686327
2424 2.219386149139072
2444 7.332610264150794
2450 -3.0542844785180536
2519 1.6902419448493964
2534 3.2373095265570386
2536 1.7835738846416156
2674 1.0272478024601386
2846 5.389071729816501
2901 3.3349479961209547
2920 1.3590830570083334
2964 0.900435360084361
3121 6.305362461690656
3150 7.065547478901749
3168 2.824122372354964
3185 5.8998973535824915
3230 5.775271556154579
3271 4.00277736869661
3407 2.085854756514549
3578 1.2031599740689096
3613 5.710749831718137
3646 2.5676928434072877
3657 5.232966015153439
3700 6.473635837972001
3736 6.17297327364491
3737 1.8055527913603908
3812 2.2535775138873513
3840 2.5961321377198296
3860 8.718904625270685
3985 2.5098732725184614
3995 3.50297114018023
4039 8.33059259638877
4053 -0.07476007520910928
4070 1.1068654304248302
4105 5.206750173022546
4118 4.8012850649143815
4335 2.938066631704182
4405 1.3460204619819507
4416 1.3637200390813515
4425 1.249116656342348
4522 0.2603571476546441
4536 2.70805020110221
4537 3.0588716320484384
4542 5.052599493195288
4682 4.433560284789064
4695 2.87137525720551
4750 0.33155284982139466
4866 5.042345655544789
4914 2.8679784698558155
4938 3.4431615807611875
4956 2.413542163580029
4976 2.288979440938267
5020 3.21432000833234
5110 1.8452180477528222
5309 10.13040609438407
5316 2.236335707452845
5350 2.955458374416051
5484 0.9464204733261844
5518 3.1737271807911225
5537 3.597312260588446
5561 9.027205984925201
5574 6.886323161522375
5685 3.9074671888922854
5716 4.695924549256556
5842 6.17297327364491
5850 3.047265923669174
5895 2.4033897921160112
5899 4.695924549256556
5944 3.8204558119026557
5959 3.47214911763444
5984 4.919068100570765
6043 1.5913378707904824
6088 1.2146844599208637
6140 2.211017899468555
6283 7.065547478901749
6433 0.5154022907934025
6447 1.2880826248757316
6577 4.05407066308416
6611 9.83813620114153
6646 6.305362461690656
6709 6.305362461690656
6802 3.47214911763444
6840 5.612215281130711
6950 4.433560284789064
6953 2.681021528714291
7019 2.130975191795019
7065 2.6040604875781623
7076 2.434161450782765
7104 -3.980927499907753
7215 2.344549292093078
7238 4.695924549256556
7247 4.22592092001082
7306 7.462950407201253
7344 3.2650672544574997
7414 3.7026727762462723
7459 2.1944885975173447
7497 0.7014003223166658
7534 1.242767428663689
7552 1.9486536350010641
7569 1.0170954309961207
7713 3.1066893441399746
7731 2.001297368486486
7892 1.5517722705842913
7914 2.146479378330984
7917 3.414990703794491
7962 5.206750173022546
7965 5.659565561682174
7995 4.513602992462601
8256 1.6803896484063847
8265 4.108137884354437
8301 4.827084327160058
8418 5.206750173022546
8660 1.675499663112193
8683 1.6803896484063847
8695 5.865253575994063
8735 6.9985096422506015
8784 2.146479378330984
8866 3.8630154263214513
8869 2.1782280766455644
8928 1.3355491621146554
9069 3.260840023967233
9110 2.035665011990694
9248 6.9985096422506015
9355 6.534684229936693
9537 1.3092584162485406
9681 3.8204558119026557
9733 2.1700132732246624
9779 11.002342009962524
9791 2.344549292093078
9855 4.8012850649143815
9970 0.4837969513780714
9986 2.0568672196412967
10039 6.9985096422506015
10043 12.610724923381312
10278 3.2849375755462935
10289 6.305362461690656
10326 1.0461538510930224
10329 -0.21009069570959765
10422 0.7087940713416041
10436 4.290459441148391
10441 3.7026727762462723
10652 6.9985096422506015
10729 1.0196238773494795
10812 6.9985096422506015
10934 4.00277736869661
10979 6.213378688279949
10997 3.1483620405405426
11023 1.2880826248757316
11034 1.5958322603783217
11052 3.740413104229119
11110 1.6204910383360227
11132 3.7796338173824005
11137 15.96676144946261
11218 1.144042369585821
11299 -1.5635482855978138
11305 2.0640357091199095
11308 2.5098732725184614
11315 5.389071729816501
11324 4.695924549256556
11342 5.389071729816501
11347 1.6746046411110493
11375 2.681021528714291
11385 3.8630154263214513
11422 5.052599493195288
11441 4.919068100570765
11443 3.260840023967233
11444 2.434161450782765
11461 2.146479378330984
11506 3.8630154263214513
11522 2.555858385760285
11526 3.2838467351571774
11591 2.7218435232345457
11707 3.2373095265570386
11816 1.9296054400303697
11855 6.9985096422506015
11907 2.434161450782765
11939 5.362043057428582
11952 1.5958322603783217
11978 6.305362461690656
12022 0.40409618250082274
12263 2.579669034454003
12377 1.3460204619819507
12407 6.68155870572768
12455 -2.5831039904164825
12606 17.699692060747473
12706 12.610724923381312
12707 6.683475053354809
12708 1.5958322603783217
12717 1.1998294154307871
12790 3.0191438321878294
12826 2.5238746895428186
12938 11.224430562261421
12982 5.612215281130711
13365 10.004843988362865
13471 7.812181462734487
13508 1.7255100836868542
13527 6.149249255617299
13553 -0.37046075994419203
13588 3.5327737394508745
13637 4.108137884354437
13660 12.610724923381312
13702 17.699692060747473
13843 2.1782280766455644
13904 3.5327737394508745
13930 2.7203099458337108
13933 3.7796338173824005
14008 4.002594736972972
14044 1.4611753752320646
14146 4.22592092001082
14198 9.141797771007521
14237 -3.4862417415207996
14267 -2.6765857531946056
14352 0.9464204733261844
14381 0.457735330796197
14416 2.3218536389257243
14477 5.042345655544789
14527 5.876133263408364
14588 4.157057432844953
14590 7.334894673308349
14644 3.597312260588446
14737 6.305362461690656
14746 6.9985096422506015
14840 3.740413104229119
14864 4.8012850649143815
14901 2.5326015235960173
15135 6.9985096422506015
15155 2.761644802964282
15187 1.994563336305142
15253 4.919068100570765
15259 1.3320829541381691
15266 6.9985096422506015
15332 -9.313870380873722
15341 0.7959741250626788
15446 3.5327737394508745
15471 1.3881216796572402
15524 5.206750173022546
15578 1.7945029551738059
15622 2.363780654020965
15651 1.1377234187847354
15672 1.4550424207846036
15685 3.486561832545665
15708 5.982352914036261
15735 2.938066631704182
15771 0.04619142958929879
