238
108 4.359452312635343
116 6.305362461690656
158 6.9985096422506015
244 5.8998973535824915
279 2.6418008155610093
302 3.430611827025225
370 5.8998973535824915
512 2.0785287164224764
714 5.389071729816501
810 2.8396265588909295
1060 0.1865007192496546
1365 5.389071729816501
1367 4.433560284789064
1453 6.9985096422506015
1497 6.9985096422506015
1776 5.612215281130711
1929 2.1081605140288473
1948 5.612215281130711
1961 6.9985096422506015
2070 1.4730567031188173
2181 4.433560284789064
2450 -1.2217137914072214
2597 2.1157077196642304
2639 5.208120975156325
2657 3.3609234825242154
2705 1.6657908489852322
2734 16.836645843392134
2920 0.6795415285041667
2940 1.6278716141229383
3100 2.7938170228596353
3101 6.9985096422506015
3120 1.6048820958982397
3192 3.028644676082213
3404 2.465910149097345
3653 6.305362461690656
3698 4.8012850649143815
3721 4.513602992462601
3737 1.8055527913603908
3790 5.8998973535824915
3814 2.236335707452845
3824 4.00277736869661
3825 3.3609234825242154
3861 9.602570129828763
3982 1.0769312226067855
3995 1.751485570090115
4143 7.907974409054357
4208 1.5220460903190904
4247 11.581892075631908
4549 5.283601631122019
4551 3.9074671888922854
4608 1.4075226617397445
4625 3.6904360955056443
4711 1.9296054400303697
4725 6.9985096422506015
4750 0.33155284982139466
4765 2.8300266669378042
4794 7.262427624528255
4838 1.4730567031188173
4852 2.517433460142734
4900 5.389071729816501
5028 10.105198986390576
5033 2.1233123190494494
5055 2.2278250177849364
5083 1.5735596247691985
5181 2.288979440938267
5205 5.612215281130711
5243 3.6312138122641273
5279 12.187099891559738
5297 4.513602992462601
5518 1.5868635903955612
5525 3.3096301881366648
5606 4.22592092001082
5809 2.363780654020965
5839 2.579669034454003
5900 5.710749831718137
5987 4.433560284789064
5993 3.4087215383268155
6088 2.4293689198417274
6123 2.288979440938267
6250 1.7727629685373998
6308 5.206750173022546
6338 4.827084327160058
6402 1.4112609838503516
6415 11.224430562261421
6447 1.2880826248757316
6507 5.258123579567159
6523 5.389071729816501
6595 2.4237986637472186
6622 2.579669034454003
6640 14.81069110498509
6660 2.7938170228596353
6729 2.1944885975173447
6864 5.8998973535824915
6919 1.422560539104285
6964 6.305362461690656
7038 6.305362461690656
7152 3.8204558119026557
7157 3.8630154263214513
7263 5.389071729816501
7299 2.8553749158590684
7310 4.513602992462601
7344 1.6325336272287498
7487 1.8167260919585162
7512 4.22592092001082
7534 2.485534857327378
7569 1.0170954309961207
7607 4.919068100570765
7620 2.1863252868781835
7700 3.7026727762462723
7731 2.001297368486486
7813 1.0145733615634107
7845 2.4237986637472186
7904 4.42203579893711
7932 3.7490913256946845
7962 5.206750173022546
8058 6.305362461690656
8439 0.4690908039883759
8494 20.16554089514529
8556 3.6447198193535444
8578 3.1066893441399746
8617 5.206750173022546
8850 1.7153059135126125
8869 4.356456153291129
8886 1.3081501879265407
8890 2.2800107709555064
9010 2.9209721983448818
9062 5.389071729816501
9276 2.6944445490464313
9537 0.6546292081242703
9573 3.3096301881366648
9721 6.305362461690656
9791 4.689098584186156
9812 4.290459441148391
9898 5.8998973535824915
9970 0.9675939027561428
9986 4.113734439282593
9990 0.5671785603171224
10139 6.775183459212753
10202 5.183580789972696
10210 2.9911764570181303
10212 5.8998973535824915
10217 8.61729022316804
10302 2.6290617897835795
10326 1.0461538510930224
10329 -0.630272087128793
10366 5.8998973535824915
10431 0.7218661529089567
10500 3.666305132075397
10872 1.6048820958982397
10886 2.87137525720551
10909 2.7790019370744945
10932 13.801843108356692
11023 1.2880826248757316
11096 4.919068100570765
11138 5.206750173022546
11236 3.5645224377654547
11243 3.8630154263214513
11305 2.0640357091199095
11308 2.5098732725184614
11331 4.290459441148391
11481 3.237224577420283
11501 4.8012850649143815
11769 1.6466515087745348
11774 3.0282177286984795
11775 5.389071729816501
11788 6.6192603762733295
11796 3.8204558119026557
11840 3.3804838896987928
11841 2.8396265588909295
11900 2.049749751872433
11952 3.1916645207566434
12047 1.4416815805510634
12078 1.3637200390813515
12111 1.994563336305142
12120 3.5327737394508745
12140 4.108137884354437
12213 3.047265923669174
12218 5.309408440793835
12312 2.7938170228596353
12404 1.485080896085619
12407 0.83519483821596
12450 6.296724081081085
12460 3.666042147564457
12487 4.8012850649143815
12527 3.086486636822455
12543 3.5645224377654547
12650 5.8998973535824915
12714 11.338901452147201
12826 1.2619373447714093
12828 3.597312260588446
13001 4.419170109356452
13094 3.1918471524802814
13197 3.2849375755462935
13202 3.6312138122641273
13267 5.052599493195288
13312 2.955458374416051
13319 1.8055527913603908
13353 1.961557039836972
13422 6.9985096422506015
13440 1.4770487243883548
13491 6.866938322814802
13672 3.052477937158253
13795 10.772468896745096
13846 3.3096301881366648
13873 7.480826208458238
13921 2.1782280766455644
13922 1.8986432144264027
14136 1.4810567457858934
14212 4.8012850649143815
14237 -2.09174504491248
14267 -0.3823693933135151
14313 1.6466515087745348
14352 1.8928409466523688
14381 0.2288676653980985
14431 1.034930298632155
14463 1.67063347346102
14477 2.5211728277723946
14484 4.290459441148391
14490 3.3096301881366648
14651 4.513602992462601
14692 2.8396265588909295
15063 3.2373095265570386
15146 4.290459441148391
15169 2.335070548138534
15195 6.056435457396959
15243 6.305362461690656
15278 2.465910149097345
15331 6.9985096422506015
15332 -7.761558650728101
15373 1.628721502626236
15471 0.6940608398286201
15576 3.009525595686327
15669 2.162227735299123
15672 2.1825636311769054
15718 4.108137884354437
15725 3.5645224377654547
15728 6.019051191372654
15753 6.9985096422506015
