69
116 6.305362461690656
244 5.8998973535824915
370 5.8998973535824915
583 2.9041650800285006
625 6.9985096422506015
1114 3.9074671888922854
1365 5.389071729816501
1367 4.433560284789064
1886 3.1273086313427103
1954 2.750014400201242
2450 -2.4434275828144427
3100 2.7938170228596353
3814 2.236335707452845
3896 1.403798262648762
4143 3.9539872045271784
4247 4.632756830252763
4398 3.9539872045271784
4608 1.4075226617397445
4794 3.6312138122641273
4878 1.3672978604292356
5028 5.052599493195288
5083 1.5735596247691985
5243 3.6312138122641273
5297 4.513602992462601
5606 4.22592092001082
5900 2.8553749158590684
5942 10.413500346045092
6088 1.2146844599208637
6308 5.206750173022546
6402 2.822521967700703
6523 5.389071729816501
6622 2.579669034454003
6640 3.7026727762462723
7534 1.242767428663689
8283 2.8876357780772897
8494 10.082770447572646
8555 4.513602992462601
8556 1.8223599096767722
8850 3.430611827025225
8869 2.1782280766455644
8890 2.2800107709555064
9010 2.9209721983448818
9898 5.8998973535824915
9990 0.5671785603171224
10139 6.775183459212753
10217 4.30864511158402
10250 2.9209721983448818
10306 2.15432255579201
10329 -0.21009069570959765
10868 -0.18536107281185138
10872 1.6048820958982397
10909 2.7790019370744945
11481 1.6186122887101415
11774 6.056435457396959
11952 1.5958322603783217
12093 1.6803896484063847
12455 -0.2152586658680402
12850 3.502002080784121
13125 3.3096301881366648
13312 2.955458374416051
13795 1.5389241281064423
13873 3.740413104229119
13904 3.5327737394508745
14267 -0.7647387866270302
14354 6.9985096422506015
14490 3.3096301881366648
15278 2.465910149097345
15725 3.5645224377654547
15728 6.019051191372654
