50
389 1.6419233675785887
565 5.8998973535824915
710 2.8553749158590684
1860 5.206750173022546
1942 0.845776947546497
2019 2.344549292093078
2538 1.422560539104285
2626 4.290459441148391
2631 0.21292199724267172
3168 2.824122372354964
3215 1.179961702382206
4158 0.061200880897434085
4608 2.815045323479489
4765 1.4150133334689021
4871 2.4876501357337513
4989 1.3355491621146554
5040 1.4378280112350734
6088 1.2146844599208637
6586 2.288979440938267
7072 1.9486536350010641
7329 4.8012850649143815
7379 4.22592092001082
7906 1.4339892349279078
8439 0.4690908039883759
8723 1.5262389685791264
8896 2.938066631704182
9238 3.47214911763444
9384 2.6710983242293107
10194 2.455214859980597
10307 2.5676928434072877
10867 1.4533321977710387
10988 5.8998973535824915
11847 5.8998973535824915
11969 0.7582337970798316
12122 1.1963912668735384
12455 -0.2152586658680402
12459 4.108137884354437
12460 0.7332084295128914
12946 1.1865623684395195
13353 1.961557039836972
13359 2.6290617897835795
13411 2.8088549002241754
14237 -1.3944966966083199
14381 0.2288676653980985
14395 2.7218435232345457
14416 0.7739512129752414
14447 3.1483620405405426
15057 1.152070867192877
15169 2.335070548138534
15484 2.9911764570181303
