159
592 2.4446327506500602
766 6.9985096422506015
800 2.434161450782765
874 3.2849375755462935
935 3.740413104229119
1012 5.052599493195288
1864 3.047265923669174
2240 1.65617539028579
2269 1.8686109273275278
2780 3.9539872045271784
2825 4.8012850649143815
2862 1.4690805547391779
2959 1.1873686492739008
3052 3.2373095265570386
3143 2.219386149139072
3144 4.00277736869661
3315 5.206750173022546
3386 2.6290617897835795
3614 1.4378280112350734
3791 5.8998973535824915
3807 2.3256808077886952
3961 2.6290617897835795
3995 3.50297114018023
4026 2.8876357780772897
4282 2.8553749158590684
4381 2.0149030205422647
4416 1.3637200390813515
4429 4.05407066308416
4522 0.5207142953092883
4537 1.0196238773494795
4551 3.9074671888922854
4909 1.4690805547391779
4956 4.827084327160058
4963 2.3933394562625097
4964 0.563963123463148
4970 1.9746291214043248
5116 1.961557039836972
5249 3.3096301881366648
5432 6.886323161522375
5540 3.1698682457615064
5554 2.1081605140288473
5572 3.47214911763444
5630 0.3574615133704861
5934 2.8876357780772897
5999 5.019746545036923
6130 3.0666840095262753
6754 1.2024518914852294
6908 0.6707538925195963
7006 4.05407066308416
7104 -1.3269758333025843
7427 3.9074671888922854
7569 1.0170954309961207
7731 2.001297368486486
7981 2.0426825846493406
7991 1.3149298749119196
8086 3.3096301881366648
8096 1.4533321977710387
8262 2.0712559570933964
8391 2.555858385760285
8521 6.9985096422506015
8523 1.4512652714088672
8784 2.146479378330984
8856 2.3163784151263815
8870 3.7026727762462723
8904 2.1863252868781835
8975 2.3933394562625097
8978 1.6140145794615122
9122 1.3744921360632627
9204 2.5098732725184614
9353 2.476721065201561
9559 -0.49919366312984353
9580 3.3096301881366648
9807 3.1698682457615064
9956 3.47214911763444
9970 0.4837969513780714
10015 7.1290448755309095
10237 5.8998973535824915
10307 2.5676928434072877
10341 3.1698682457615064
10422 0.7087940713416041
10431 0.7218661529089567
10447 1.2198964734099427
10500 3.666305132075397
10630 6.305362461690656
10709 3.666305132075397
10749 2.3509274935351647
10751 0.7939518796819108
10868 -0.5560832184355542
10872 1.6048820958982397
10906 2.035665011990694
10936 7.814934377784571
10948 6.9985096422506015
11023 2.576165249751463
11037 4.05407066308416
11089 1.1549652252192415
11106 2.021775899830027
11110 0.8102455191680114
11116 1.9109133070182172
11140 2.15432255579201
11191 4.600614369452231
11218 0.5720211847929105
11296 2.764403137653342
11299 -0.5211827618659379
11304 1.2054960338664575
11308 2.5098732725184614
11524 1.5178707189086098
11646 4.708237486218457
11664 5.206750173022546
11816 1.9296054400303697
11884 5.612215281130711
11984 2.4237986637472186
12022 0.40409618250082274
12093 3.3607792968127694
12122 1.1963912668735384
12241 2.579669034454003
12383 1.2523064517104479
12391 3.1918471524802814
12455 -0.2152586658680402
12508 2.262311193856106
12803 2.727440078162703
12805 3.713692171495883
12823 1.034930298632155
12833 0.9630282097258448
13045 1.886521853894058
13071 3.086486636822455
13189 1.8745456628473423
13501 2.5211728277723946
13553 -1.8523037997209602
13572 1.8745456628473423
13613 1.8111238364098463
13672 3.052477937158253
13677 5.206750173022546
13734 1.942263836902293
13891 0.6065925288579992
14008 2.001297368486486
14016 6.305362461690656
14097 5.206750173022546
14237 -1.3944966966083199
14381 0.2288676653980985
14461 3.740413104229119
14546 2.8876357780772897
14633 2.6547042203969173
14647 3.8630154263214513
14839 4.8012850649143815
14906 0.4013639403639497
15092 5.206750173022546
15112 4.8012850649143815
15192 1.489121305622624
15209 2.579669034454003
15288 3.21432000833234
15292 2.211017899468555
15306 1.4399764361695133
15358 2.579669034454003
15570 2.7218435232345457
15651 1.1377234187847354
15672 0.7275212103923018
15677 3.155949285956631
15827 3.8218266140364343
15828 2.1862955883920616
