27
389 1.6419233675785887
710 2.8553749158590684
2538 1.422560539104285
3215 0.589980851191103
4158 0.030600440448717042
4608 1.4075226617397445
5700 3.1483620405405426
6088 1.2146844599208637
6586 2.288979440938267
6983 3.414990703794491
7462 1.942263836902293
7503 4.695924549256556
7633 1.8745456628473423
7906 1.4339892349279078
8439 0.4690908039883759
9384 2.6710983242293107
10194 2.455214859980597
12460 0.7332084295128914
12946 0.5932811842197597
13921 2.1782280766455644
14195 1.7781538171722764
14237 -0.6972483483041599
14416 0.7739512129752414
14455 1.637217476541176
15057 1.152070867192877
15247 2.498699971920336
15783 0.48083836933832624
