110
174 4.869693703699308
1822 4.766778250818684
2019 2.344549292093078
2201 2.035665011990694
2442 5.587634045719271
2450 -0.6108568957036107
2603 3.3609234825242154
2631 0.21292199724267172
2756 5.8998973535824915
3215 0.589980851191103
3643 3.21432000833234
3814 2.236335707452845
3896 1.403798262648762
4158 0.061200880897434085
4608 1.4075226617397445
4609 5.612215281130711
4646 1.8686109273275278
4743 4.513602992462601
4744 6.9985096422506015
4750 0.33155284982139466
4889 6.305362461690656
5083 1.5735596247691985
5147 4.600614369452231
5339 3.5352801356947183
5350 2.955458374416051
5507 5.052599493195288
5895 2.4033897921160112
5993 0.8521803845817039
6088 3.644053379762591
6123 4.577958881876534
6228 1.2947271675944
6345 3.414990703794491
6586 2.288979440938267
6819 1.7153059135126125
6871 5.052599493195288
7152 3.8204558119026557
7286 1.4112609838503516
7311 4.47267141490569
7336 5.389071729816501
7468 6.9985096422506015
7482 1.8055527913603908
7497 1.4028006446333317
7503 9.391849098513111
7569 1.0170954309961207
7578 0.5215372793609184
7613 4.290459441148391
7650 2.1081605140288473
7722 3.5327737394508745
8256 6.721558593625539
8259 6.9985096422506015
8284 3.9539872045271784
8968 5.206750173022546
9170 0.6116303228879563
9214 12.495888894583157
9215 6.9985096422506015
9257 5.679253117781859
9343 3.8630154263214513
9422 3.8630154263214513
9428 4.997399943840672
9990 0.5671785603171224
10114 1.3014161557451966
10326 0.5230769255465112
10353 4.8012850649143815
10868 -0.18536107281185138
10939 5.206750173022546
10979 6.213378688279949
11034 3.1916645207566434
11053 6.9985096422506015
11148 1.1784267118982394
11165 2.1863252868781835
11287 2.0286963426746007
11893 6.305362461690656
11969 0.7582337970798316
12122 1.1963912668735384
12140 4.108137884354437
12455 -0.4305173317360804
12460 0.7332084295128914
12646 4.05407066308416
12708 1.5958322603783217
12823 1.034930298632155
13121 5.389071729816501
13202 3.6312138122641273
13316 3.047265923669174
13390 2.236335707452845
13547 1.6003469407328483
13553 -0.37046075994419203
13618 6.9985096422506015
13921 2.1782280766455644
14012 3.8630154263214513
14044 4.383526125696194
14081 4.359452312635343
14237 -2.09174504491248
14267 -0.7647387866270302
14416 0.7739512129752414
14588 2.0785287164224764
14906 0.4013639403639497
15057 2.304141734385754
15099 3.47214911763444
15247 2.498699971920336
15332 -12.418493841164961
15341 0.7959741250626788
15348 4.20133968459938
15358 2.579669034454003
15360 16.01110947478644
15413 1.2781978656431896
15471 0.6940608398286201
15651 1.1377234187847354
15671 3.7796338173824005
15783 0.48083836933832624
15794 2.5676928434072877
