137
237 4.359452312635343
512 2.0785287164224764
1862 5.052599493195288
1884 1.9486536350010641
1909 2.8876357780772897
1929 6.3244815420865415
1984 4.513602992462601
1988 4.695924549256556
2201 2.035665011990694
2334 0.7939518796819108
2357 1.1873686492739008
2434 2.413542163580029
2450 -0.6108568957036107
2567 18.868365048638736
2638 2.130975191795019
2705 1.6657908489852322
2750 5.8998973535824915
2796 7.005211644415603
3243 4.359452312635343
3506 0.8205655282000008
3578 0.6015799870344548
3598 6.999762989802505
3612 3.1918471524802814
3614 1.4378280112350734
3678 11.022633089947382
3709 2.9041650800285006
3807 2.3256808077886952
3982 1.0769312226067855
4214 2.465910149097345
4217 3.3096301881366648
4487 6.213378688279949
4522 0.2603571476546441
4576 2.085854756514549
4625 1.8452180477528222
4782 5.8998973535824915
4838 2.9461134062376346
4851 5.8998973535824915
4869 4.8012850649143815
5316 2.236335707452845
5346 5.612215281130711
5630 0.11915383779016203
5889 2.4033897921160112
5983 1.9878743481543455
6250 1.7727629685373998
6433 0.5154022907934025
6535 4.919068100570765
6586 2.288979440938267
6856 3.2849375755462935
6887 1.152070867192877
6908 0.33537694625979814
6919 2.84512107820857
7104 -2.6539516666051686
7197 1.730651483187273
7424 3.3609234825242154
7462 1.942263836902293
7647 3.3096301881366648
7739 6.9985096422506015
7764 1.7052048175261088
8096 1.4533321977710387
8130 5.206750173022546
8182 10.724086114857164
8256 6.721558593625539
8356 4.165296298194385
8439 0.4690908039883759
8664 2.7938170228596353
8708 1.4810567457858934
8710 0.551203779709388
8743 4.433560284789064
8789 5.612215281130711
8977 2.6290617897835795
9106 2.1700132732246624
9372 11.628404038943476
9645 4.043551799660054
9811 3.9074671888922854
9831 5.052599493195288
9970 0.4837969513780714
10193 6.9985096422506015
10443 7.462950407201253
10907 6.9985096422506015
11032 2.175425996420148
11034 1.5958322603783217
11052 3.740413104229119
11110 4.051227595840057
11116 5.732739921054652
11254 4.695924549256556
11318 3.8630154263214513
11375 2.681021528714291
11491 3.7490913256946845
11570 1.1933746733341126
11622 6.9985096422506015
11625 2.91449219418435
11836 2.37353682896633
12034 2.7972046564405604
12093 1.6803896484063847
12238 6.9985096422506015
12370 6.9985096422506015
12383 1.2523064517104479
12455 -1.076293329340201
12679 1.5958322603783217
12773 7.943557650908105
12781 4.997399943840672
13001 1.4730567031188173
13029 1.6609715625492831
13183 3.502002080784121
13314 2.0286963426746007
13527 2.049749751872433
13553 -0.7409215198883841
13637 4.108137884354437
13693 3.666305132075397
13812 4.165296298194385
13838 2.3163784151263815
14136 1.4810567457858934
14237 -0.6972483483041599
14267 -2.6765857531946056
14352 0.9464204733261844
14371 4.600614369452231
14381 0.2288676653980985
14416 0.7739512129752414
14503 6.305362461690656
14527 5.876133263408364
14656 1.1405764877671418
14682 3.0863770537857995
14961 4.600614369452231
14998 7.1290448755309095
15026 5.8998973535824915
15155 0.6904112007410705
15257 4.359452312635343
15306 2.8799528723390266
15313 1.917105277266138
15332 -3.1046234602912404
15341 0.7959741250626788
15397 2.001297368486486
15413 1.2781978656431896
15418 2.1233123190494494
15471 2.08218251948586
15595 2.6641659082763383
15694 5.876133263408364
