293
279 2.6418008155610093
426 6.9985096422506015
445 6.9985096422506015
449 6.9985096422506015
491 3.1066893441399746
496 2.2800107709555064
512 2.0785287164224764
1160 6.9985096422506015
1171 2.9209721983448818
1295 6.305362461690656
1379 1.0740829317937672
1404 1.3708885285599641
1686 1.1549652252192415
1740 6.9985096422506015
1757 3.9539872045271784
1790 6.9985096422506015
1794 5.612215281130711
1799 6.9985096422506015
1884 1.9486536350010641
1896 1.7835738846416156
1909 2.8876357780772897
1929 2.1081605140288473
1953 6.9985096422506015
1986 2.4237986637472186
1997 3.009525595686327
2014 6.305362461690656
2049 4.74707365793266
2103 4.8892655013001205
2357 2.3747372985478017
2407 2.236335707452845
2434 2.413542163580029
2450 -2.4434275828144427
2567 1.7153059135126125
2591 3.8630154263214513
2592 2.938066631704182
2597 2.1157077196642304
2639 2.6040604875781623
2796 2.335070548138534
2797 6.9985096422506015
2862 1.4690805547391779
2881 5.206750173022546
2896 4.8012850649143815
2920 1.3590830570083334
2947 5.052599493195288
3057 2.236335707452845
3059 6.305362461690656
3360 6.9985096422506015
3506 4.923393169200005
3578 0.6015799870344548
3598 2.3332543299341686
3612 3.1918471524802814
3614 2.875656022470147
3678 5.010287768157901
3690 1.4972514317058743
3700 1.2947271675944
3759 2.4033897921160112
3780 2.465910149097345
3820 1.7890234894091803
3844 3.7026727762462723
3877 3.1698682457615064
3895 6.9985096422506015
3901 2.363780654020965
3982 5.384656113033928
4021 1.5054481989100525
4053 -0.4485604512546557
4070 1.1068654304248302
4191 8.216275768708874
4226 3.3609234825242154
4295 2.9209721983448818
4334 3.1698682457615064
4363 3.7796338173824005
4397 3.666305132075397
4401 4.695924549256556
4416 1.3637200390813515
4507 2.298029276458185
4522 0.2603571476546441
4576 2.085854756514549
4651 3.8630154263214513
4662 5.612215281130711
4750 1.6577642491069733
4779 6.9985096422506015
4852 2.517433460142734
4866 2.5211728277723946
4882 2.130975191795019
4964 3.9477418642420363
4970 1.9746291214043248
5005 4.05407066308416
5033 2.1233123190494494
5083 3.147119249538397
5101 3.414990703794491
5253 6.9985096422506015
5369 3.047265923669174
5484 0.9464204733261844
5495 6.305362461690656
5572 3.47214911763444
5587 2.5326015235960173
5612 5.8998973535824915
5630 0.5957691889508101
5635 6.60815728996158
5707 5.389071729816501
5729 4.359452312635343
5735 3.502002080784121
5859 5.052599493195288
5875 2.750014400201242
5895 4.8067795842320225
5973 1.4770487243883548
5999 2.5098732725184614
6055 3.7796338173824005
6147 4.00277736869661
6156 3.6000252219695508
6223 2.8088549002241754
6283 3.5327737394508745
6378 6.9985096422506015
6402 1.4112609838503516
6444 6.305362461690656
6583 1.7258895023377248
6585 6.9985096422506015
6675 2.5098732725184614
6720 6.305362461690656
6776 1.942263836902293
6796 5.8998973535824915
6887 12.672779539121647
6898 4.324455470598246
6919 1.422560539104285
6922 4.22592092001082
6941 2.1782280766455644
6971 3.597312260588446
7028 2.764403137653342
7104 -4.644415416559045
7244 10.413500346045092
7316 3.1273086313427103
7334 5.612215281130711
7493 5.389071729816501
7534 1.242767428663689
7578 1.0430745587218369
7633 1.8745456628473423
7689 4.513602992462601
7716 5.389071729816501
7731 2.001297368486486
7740 3.5327737394508745
7763 6.9985096422506015
7764 1.7052048175261088
7832 3.047265923669174
7845 2.4237986637472186
7870 6.305362461690656
7942 4.165296298194385
7964 5.389071729816501
7991 1.3149298749119196
8042 6.9985096422506015
8096 1.4533321977710387
8133 5.612215281130711
8213 6.9985096422506015
8256 1.6803896484063847
8276 3.21432000833234
8356 20.826481490971926
8401 3.8204558119026557
8444 1.7890234894091803
8483 4.165296298194385
8643 4.002594736972972
8708 1.4810567457858934
8723 1.5262389685791264
8751 3.8630154263214513
8796 6.9985096422506015
8810 3.502002080784121
8816 1.7255100836868542
8890 4.560021541911013
8908 3.6312138122641273
8987 13.266107396811332
9122 1.3744921360632627
9151 1.258716730071367
9170 0.6116303228879563
9284 3.9074671888922854
9372 2.3256808077886952
9645 12.13065539898016
9647 10.413500346045092
9680 3.597312260588446
9698 1.9878743481543455
9719 4.290459441148391
9733 2.1700132732246624
9958 4.8012850649143815
9970 0.4837969513780714
10006 2.6944445490464313
10008 2.0568672196412967
10025 4.513602992462601
10049 4.513602992462601
10258 1.8000126109847754
10326 0.5230769255465112
10443 2.4876501357337513
10734 2.735829765209286
10755 5.206750173022546
10874 4.359452312635343
10973 2.7938170228596353
11032 1.087712998210074
11034 1.5958322603783217
11089 2.309930450438483
11110 1.6204910383360227
11114 3.047265923669174
11116 9.554566535091086
11202 2.9209721983448818
11299 -5.733010380525317
11304 2.410992067732915
11379 2.0426825846493406
11503 2.8876357780772897
11646 2.3541187431092285
11677 1.7255100836868542
11790 2.2449194511442365
11836 2.37353682896633
11867 6.9985096422506015
11881 2.70805020110221
11882 4.8012850649143815
11908 1.5346778372249912
11969 2.274701391239495
12009 3.502002080784121
12034 8.39161396932168
12078 2.727440078162703
12128 4.359452312635343
12135 3.740413104229119
12228 3.047265923669174
12383 2.5046129034208957
12397 4.433560284789064
12455 -0.2152586658680402
12623 8.580918882296782
12646 4.05407066308416
12679 1.5958322603783217
12772 3.773043707788116
12773 0.8826175167675673
12853 2.304141734385754
12992 2.3256808077886952
13001 2.9461134062376346
13029 3.3219431250985663
13045 1.886521853894058
13080 0.8123010183501074
13271 3.3875917296063767
13273 3.3096301881366648
13312 2.955458374416051
13338 2.5211728277723946
13358 4.695924549256556
13491 16.02285608656787
13538 3.414990703794491
13553 -1.4818430397767681
13633 5.389071729816501
13670 2.6164830075767194
13750 2.162227735299123
13817 3.5645224377654547
13867 1.087712998210074
13891 0.6065925288579992
13906 8.216275768708874
13917 5.206750173022546
13919 3.597312260588446
14031 4.695924549256556
14102 4.600614369452231
14136 1.4810567457858934
14180 4.165296298194385
14237 -0.6972483483041599
14267 -1.9118469665675755
14352 0.9464204733261844
14431 1.034930298632155
14507 1.8510151654371483
14515 3.0666840095262753
14520 5.612215281130711
14527 5.876133263408364
14562 6.9985096422506015
14641 10.105198986390576
14647 3.8630154263214513
14656 1.1405764877671418
14682 1.5431885268928998
14686 6.829981407588982
14830 2.7790019370744945
14908 2.476721065201561
14995 6.9985096422506015
15037 2.3163784151263815
15121 1.5868635903955612
15181 1.751485570090115
15209 2.579669034454003
15259 5.3283318165526765
15306 0.7199882180847567
15313 3.834210554532276
15332 -7.761558650728101
15341 0.7959741250626788
15404 9.027205984925201
15436 6.305362461690656
15471 0.6940608398286201
15517 1.886521853894058
15551 2.3157359697544058
15578 1.7945029551738059
15587 1.2947271675944
15595 1.3320829541381691
15597 3.5327737394508745
15604 2.1233123190494494
15672 0.7275212103923018
15694 5.876133263408364
15762 3.9074671888922854
15771 0.04619142958929879
