342
194 0.7699986386594181
209 1.7001922757025645
285 6.9985096422506015
302 1.7153059135126125
389 1.6419233675785887
555 6.9985096422506015
565 5.8998973535824915
572 4.600614369452231
645 5.389071729816501
716 9.027205984925201
717 2.8396265588909295
736 4.433560284789064
927 2.0785287164224764
1060 0.06216690641655154
1094 2.335070548138534
1121 6.9985096422506015
1148 6.9985096422506015
1379 1.0740829317937672
1404 2.7417770571199283
1686 2.309930450438483
1687 2.413542163580029
1690 2.455214859980597
1692 2.1944885975173447
1714 5.389071729816501
1750 1.1068654304248302
1842 2.0286963426746007
1850 3.0666840095262753
1940 2.6944445490464313
1942 1.691553895092994
1954 5.500028800402484
1997 3.009525595686327
2070 4.419170109356452
2077 3.3875917296063767
2086 14.403855194743144
2235 3.2849375755462935
2357 1.1873686492739008
2388 4.8012850649143815
2406 2.9209721983448818
2429 4.8012850649143815
2442 2.7938170228596353
2450 -0.6108568957036107
2481 6.9985096422506015
2538 2.84512107820857
2631 1.0646099862133587
2634 5.8998973535824915
2674 1.0272478024601386
2686 6.9985096422506015
2688 6.305362461690656
2705 1.6657908489852322
2711 6.9985096422506015
2795 5.8998973535824915
2812 3.9539872045271784
2935 2.5281567780766534
2964 0.900435360084361
3048 2.5098732725184614
3120 1.6048820958982397
3180 2.7938170228596353
3186 7.728495749254389
3207 6.9985096422506015
3215 0.589980851191103
3366 4.695924549256556
3368 6.305362461690656
3516 2.0785287164224764
3610 3.2849375755462935
3656 6.9985096422506015
3683 5.052599493195288
3690 4.491754295117623
3849 4.8012850649143815
3896 4.211394787946286
4004 4.8892655013001205
4008 12.85728003332936
4082 3.9074671888922854
4096 3.3609234825242154
4125 6.9985096422506015
4158 0.3366048449358875
4230 2.0149030205422647
4302 3.6000252219695508
4311 6.9985096422506015
4379 6.9985096422506015
4391 3.260840023967233
4500 2.8396265588909295
4593 3.9074671888922854
4608 5.630090646958978
4646 1.8686109273275278
4750 1.6577642491069733
4765 1.4150133334689021
4788 4.8012850649143815
4829 5.612215281130711
4832 6.9985096422506015
4881 16.762902137157813
4886 3.009525595686327
4896 6.9985096422506015
5014 2.3541187431092285
5040 1.4378280112350734
5055 2.2278250177849364
5110 5.5356541432584665
5119 2.3933394562625097
5126 5.389071729816501
5166 4.695924549256556
5173 3.7026727762462723
5392 2.130975191795019
5484 1.8928409466523688
5507 10.105198986390576
5510 4.108137884354437
5519 4.919068100570765
5590 1.4533321977710387
5636 5.946315903030904
5730 4.108137884354437
5741 12.610724923381312
5773 2.735829765209286
5895 2.4033897921160112
5973 1.4770487243883548
5993 1.7043607691634077
5998 4.919068100570765
6064 2.138697237888929
6088 8.502791219446046
6227 6.9985096422506015
6257 5.206750173022546
6313 5.389071729816501
6345 3.414990703794491
6360 3.21432000833234
6376 3.0666840095262753
6402 1.4112609838503516
6411 2.434161450782765
6519 5.052599493195288
6583 5.177668507013174
6586 2.288979440938267
6595 2.4237986637472186
6622 2.579669034454003
6787 2.288979440938267
6819 1.7153059135126125
6825 5.389071729816501
6983 13.659962815177964
7057 9.85481272663888
7104 -0.6634879166512921
7152 11.461367435707967
7197 1.730651483187273
7205 5.8998973535824915
7210 5.5705382572438245
7215 2.344549292093078
7311 2.236335707452845
7312 2.3163784151263815
7321 3.3875917296063767
7379 8.45184184002164
7482 1.8055527913603908
7487 1.8167260919585162
7497 2.8056012892666633
7503 9.391849098513111
7542 5.8998973535824915
7546 5.8998973535824915
7552 1.9486536350010641
7569 2.0341908619922413
7613 4.290459441148391
7699 3.7796338173824005
7813 1.0145733615634107
7906 1.4339892349279078
7987 3.666305132075397
8032 0.5108256237659907
8086 3.3096301881366648
8096 2.9066643955420775
8102 8.718904625270685
8256 5.041168945219154
8263 3.414990703794491
8268 4.433560284789064
8279 5.612215281130711
8392 4.600614369452231
8439 0.4690908039883759
8444 1.7890234894091803
8452 4.165296298194385
8471 8.381451068578906
8593 4.165296298194385
8741 3.086486636822455
8809 4.919068100570765
8816 3.4510201673737084
8850 5.145917740537838
8863 12.767388609921126
8886 3.9244505637796223
8904 2.1863252868781835
8928 4.006647486343966
8970 12.610724923381312
8983 4.22592092001082
8993 5.946315903030904
9084 6.305362461690656
9090 6.9985096422506015
9166 4.513602992462601
9170 0.6116303228879563
9177 4.359452312635343
9284 3.9074671888922854
9346 2.498699971920336
9355 2.1782280766455644
9384 5.342196648458621
9393 1.060973437168175
9422 11.589046278964354
9537 0.6546292081242703
9602 2.2800107709555064
9674 3.6312138122641273
9698 1.9878743481543455
9733 1.0850066366123312
9765 5.350721653924847
9791 4.689098584186156
9817 1.3183370332335338
9986 4.113734439282593
9990 2.8358928015856124
10114 2.6028323114903933
10157 4.919068100570765
10221 4.86832290156553
10264 4.8012850649143815
10306 2.15432255579201
10326 1.0461538510930224
10329 -0.4201813914191953
10417 6.9985096422506015
10419 6.9985096422506015
10422 1.4175881426832082
10437 4.101893581287706
10642 4.05407066308416
10796 7.726030852642903
10805 3.666305132075397
10867 1.4533321977710387
10939 5.206750173022546
10975 5.389071729816501
11027 1.2781978656431896
11034 3.1916645207566434
11195 4.165296298194385
11218 0.5720211847929105
11252 3.3096301881366648
11320 2.764403137653342
11379 2.0426825846493406
11384 3.3609234825242154
11430 4.359452312635343
11450 2.262311193856106
11457 4.22592092001082
11484 3.6312138122641273
11491 7.498182651389369
11570 1.1933746733341126
11696 3.2373095265570386
11707 3.2373095265570386
11769 1.6466515087745348
11785 3.9361434417163315
11816 1.9296054400303697
11975 2.9209721983448818
12043 2.498699971920336
12047 2.883363161102127
12075 5.876133263408364
12078 1.3637200390813515
12100 6.9985096422506015
12122 1.1963912668735384
12125 6.305362461690656
12137 2.498699971920336
12175 2.955458374416051
12185 12.610724923381312
12317 5.206750173022546
12336 4.919068100570765
12377 1.3460204619819507
12423 6.9985096422506015
12450 9.445086121621628
12459 4.108137884354437
12460 5.865667436103132
12558 12.2231637532503
12607 6.9985096422506015
12708 1.5958322603783217
12717 0.5999147077153936
12759 4.22592092001082
12783 1.8986432144264027
12793 2.87137525720551
12833 0.9630282097258448
12853 4.608283468771508
12946 4.152968289538318
12951 24.016664212179663
12993 4.05407066308416
12997 3.502002080784121
13065 4.919068100570765
13143 5.052599493195288
13147 4.290459441148391
13169 10.004843988362865
13227 3.666305132075397
13319 7.222211165441563
13362 6.305362461690656
13384 2.0568672196412967
13390 2.236335707452845
13391 3.740413104229119
13412 2.5098732725184614
13501 2.5211728277723946
13565 3.975748696308691
13572 1.8745456628473423
13596 3.502002080784121
13597 6.9985096422506015
13606 6.9985096422506015
13613 1.8111238364098463
13681 2.498699971920336
13837 3.666305132075397
13845 4.002594736972972
13891 1.2131850577159984
13921 2.1782280766455644
14081 4.359452312635343
14180 4.165296298194385
14237 -7.669731831345759
14261 6.9985096422506015
14267 -0.3823693933135151
14268 4.290459441148391
14298 14.087773647769666
14338 5.206750173022546
14340 4.108137884354437
14381 0.457735330796197
14416 0.7739512129752414
14422 2.1233123190494494
14431 2.06986059726431
14463 1.67063347346102
14473 3.2849375755462935
14516 2.1782280766455644
14523 2.8553749158590684
14529 2.8088549002241754
14765 5.8998973535824915
14960 6.9985096422506015
15057 1.152070867192877
15121 1.5868635903955612
15137 6.305362461690656
15158 3.8204558119026557
15173 3.009525595686327
15288 3.21432000833234
15318 5.206750173022546
15326 3.2373095265570386
15332 -20.18005249189306
15335 5.206750173022546
15341 0.7959741250626788
15348 8.40267936919876
15351 3.5645224377654547
15358 2.579669034454003
15391 4.290459441148391
15397 2.001297368486486
15412 12.610724923381312
15424 3.6222476728196926
15471 2.7762433593144804
15508 5.8998973535824915
15515 3.666305132075397
15548 5.206750173022546
15578 1.7945029551738059
15622 2.363780654020965
15650 2.130975191795019
15672 0.7275212103923018
15709 2.1863252868781835
15783 0.48083836933832624
15839 17.699692060747473
