36
389 1.6419233675785887
565 5.8998973535824915
710 2.8553749158590684
2421 1.5431885268928998
2450 -1.2217137914072214
3168 2.824122372354964
3215 0.589980851191103
3867 3.2373095265570386
4158 0.061200880897434085
4608 4.222567985219234
4881 2.7938170228596353
6088 1.2146844599208637
6299 5.8998973535824915
6307 3.2373095265570386
6375 4.919068100570765
6983 3.414990703794491
7497 1.4028006446333317
7906 1.4339892349279078
8439 0.4690908039883759
9238 3.47214911763444
9384 4.006647486343966
9733 1.0850066366123312
10194 2.455214859980597
11148 1.1784267118982394
12047 1.4416815805510634
12460 0.7332084295128914
12946 1.1865623684395195
13508 1.7255100836868542
14196 0.8373023205555247
14416 0.7739512129752414
14612 2.1863252868781835
15057 1.152070867192877
15247 2.498699971920336
15407 2.2711218235382606
15435 2.750014400201242
15794 2.5676928434072877
