110
289 3.086486636822455
302 3.430611827025225
583 2.9041650800285006
717 2.8396265588909295
982 6.305362461690656
1094 2.335070548138534
1885 3.009525595686327
1893 1.7567626271909589
1924 2.288979440938267
2484 1.3149298749119196
2657 3.3609234825242154
2839 3.1483620405405426
2935 0.6320391945191633
3120 1.6048820958982397
3192 5.047741126803689
3474 5.612215281130711
3642 3.47214911763444
3737 3.6111055827207816
4177 5.052599493195288
4247 9.265513660505526
4261 2.262311193856106
4302 1.8000126109847754
4608 4.222567985219234
4711 5.788816320091109
5083 1.5735596247691985
5181 2.288979440938267
5279 12.187099891559738
5297 4.513602992462601
5590 2.9066643955420775
5773 2.735829765209286
5990 5.876133263408364
5993 0.8521803845817039
6064 2.138697237888929
6235 1.2270685191205855
6338 2.413542163580029
6433 0.5154022907934025
6447 1.2880826248757316
6507 2.6290617897835795
6583 2.588834253506587
6819 1.7153059135126125
7157 3.8630154263214513
7344 1.6325336272287498
7401 1.886521853894058
7487 1.8167260919585162
7534 1.242767428663689
7620 4.372650573756367
7692 2.2449194511442365
7781 5.208120975156325
7904 2.211017899468555
8457 4.600614369452231
8494 3.3609234825242154
8556 5.467079729030317
8645 3.5327737394508745
8777 6.305362461690656
8784 2.146479378330984
8886 2.6163003758530814
9010 2.9209721983448818
9136 4.433560284789064
9365 1.4972514317058743
9765 1.7835738846416156
9817 1.3183370332335338
9990 0.5671785603171224
10202 2.591790394986348
10210 2.9911764570181303
10250 2.9209721983448818
10329 -0.4201813914191953
10431 1.4437323058179135
11218 0.5720211847929105
11266 2.9041650800285006
11555 7.065547478901749
11840 5.070725834548189
11969 1.5164675941596633
12022 0.40409618250082274
12095 7.004004161568242
12312 2.7938170228596353
12407 1.67038967643192
12460 1.466416859025783
12527 3.086486636822455
12553 1.0715836162801904
12660 2.035665011990694
12674 3.155949285956631
12811 12.67776276003246
12823 2.06986059726431
12833 0.9630282097258448
12904 3.4431615807611875
13094 3.1918471524802814
13106 2.335070548138534
13258 4.600614369452231
13271 3.3875917296063767
13440 1.4770487243883548
13624 8.33059259638877
13795 7.694620640532212
13843 2.1782280766455644
13873 3.740413104229119
13904 3.5327737394508745
13921 2.1782280766455644
13933 3.7796338173824005
14111 3.7026727762462723
14237 -0.6972483483041599
14253 5.612215281130711
14267 -0.3823693933135151
14477 2.5211728277723946
14651 4.513602992462601
14914 3.3096301881366648
15081 4.919068100570765
15169 2.335070548138534
15332 -1.5523117301456202
15458 5.617709800448351
15597 3.5327737394508745
15672 0.7275212103923018
