292
181 5.389071729816501
209 1.7001922757025645
302 1.7153059135126125
473 3.1273086313427103
492 3.3609234825242154
496 4.560021541911013
498 3.3349479961209547
500 2.1701959049483
569 3.0282177286984795
631 4.00277736869661
1060 0.1865007192496546
1147 5.052599493195288
1171 2.9209721983448818
1692 2.1944885975173447
1750 1.1068654304248302
1830 3.1066893441399746
1902 2.0149030205422647
1938 2.66777630196427
1942 1.691553895092994
2006 3.5645224377654547
2026 2.681021528714291
2038 3.761031659667692
2191 3.086486636822455
2218 11.221239312687356
2269 1.8686109273275278
2271 1.0253493542166288
2328 2.9911764570181303
2378 6.305362461690656
2389 4.600614369452231
2421 1.5431885268928998
2450 -3.0542844785180536
2484 1.3149298749119196
2565 6.9985096422506015
2631 0.8516879889706869
2671 6.9985096422506015
2674 2.054495604920277
2705 1.6657908489852322
2831 5.612215281130711
2862 1.4690805547391779
2920 0.6795415285041667
2964 2.701306080253083
3068 4.038061385945852
3090 3.047265923669174
3110 2.8876357780772897
3120 1.6048820958982397
3168 2.824122372354964
3186 7.728495749254389
3215 4.719846809528824
3279 4.600614369452231
3374 1.9680717208581657
3482 3.3096301881366648
3516 2.0785287164224764
3578 0.6015799870344548
3592 5.8998973535824915
3623 14.087773647769666
3647 2.1081605140288473
3654 13.77264632304475
3685 13.540808977387801
3889 6.9985096422506015
3964 3.5327737394508745
3968 5.8998973535824915
3990 2.6290617897835795
3995 1.751485570090115
4070 1.1068654304248302
4149 6.305362461690656
4158 0.18360264269230225
4172 3.414990703794491
4275 4.165296298194385
4281 4.695924549256556
4341 2.6547042203969173
4366 1.9878743481543455
4405 1.3460204619819507
4519 4.433560284789064
4522 0.5207142953092883
4579 6.305362461690656
4592 3.0282177286984795
4621 2.7218435232345457
4707 3.740413104229119
4783 2.1782280766455644
4840 2.938066631704182
4871 2.4876501357337513
5033 2.1233123190494494
5040 1.4378280112350734
5047 6.669895992241909
5048 6.305362461690656
5110 3.6904360955056443
5151 2.555858385760285
5173 7.405345552492545
5430 2.750014400201242
5484 0.9464204733261844
5539 3.430611827025225
5597 3.2373095265570386
5678 4.695924549256556
5680 1.5913378707904824
5830 4.05407066308416
5839 2.579669034454003
5944 3.8204558119026557
5983 3.975748696308691
5993 4.260901922908519
6077 8.45184184002164
6187 5.389071729816501
6221 2.8553749158590684
6235 2.454137038241171
6283 3.5327737394508745
6389 3.1273086313427103
6402 1.4112609838503516
6447 2.576165249751463
6467 4.507155027774703
6576 3.666305132075397
6583 0.8629447511688624
6606 5.052599493195288
6614 3.009525595686327
6637 5.206750173022546
6729 2.1944885975173447
6908 0.33537694625979814
6971 3.597312260588446
7025 2.0190964507214755
7072 1.9486536350010641
7104 -5.307903333210337
7211 5.8998973535824915
7339 3.5327737394508745
7352 6.305362461690656
7489 4.108137884354437
7563 2.335070548138534
7578 0.5215372793609184
7591 2.0426825846493406
7681 6.9985096422506015
7688 3.086486636822455
7691 14.258089751061819
7932 1.8745456628473423
7936 4.359452312635343
7997 3.8204558119026557
8032 3.0649537425959443
8078 3.8718292184472687
8081 6.9985096422506015
8090 4.47267141490569
8096 4.359996593313117
8165 6.9985096422506015
8227 7.1290448755309095
8405 3.3096301881366648
8439 0.4690908039883759
8582 4.134326329600354
8590 14.403855194743144
8660 1.675499663112193
8708 2.962113491571787
8731 2.0286963426746007
8816 1.7255100836868542
8850 1.7153059135126125
8880 1.67063347346102
8904 2.1863252868781835
8906 3.047265923669174
9071 6.9985096422506015
9151 2.517433460142734
9204 2.5098732725184614
9280 3.502002080784121
9384 2.6710983242293107
9393 3.1829203115045246
9481 3.5455259370747996
9531 1.67063347346102
9537 1.3092584162485406
9557 4.290459441148391
9573 3.3096301881366648
9641 2.6418008155610093
9711 5.605832781982583
9733 2.1700132732246624
9895 4.577958881876534
9911 4.165296298194385
9986 2.0568672196412967
10031 2.498699971920336
10058 2.6040604875781623
10196 2.5211728277723946
10199 2.3256808077886952
10233 3.4431615807611875
10306 2.15432255579201
10326 0.5230769255465112
10329 -0.4201813914191953
10422 0.7087940713416041
10431 0.7218661529089567
10437 4.101893581287706
10503 2.413542163580029
10561 1.6003469407328483
10678 2.288979440938267
10710 6.305362461690656
10749 2.3509274935351647
10758 4.600614369452231
10868 -0.18536107281185138
10871 4.513602992462601
10875 5.612215281130711
10889 3.086486636822455
10962 2.6290617897835795
11023 1.2880826248757316
11032 2.175425996420148
11057 2.555858385760285
11062 7.262427624528255
11102 1.3304600282218215
11168 1.2781978656431896
11228 3.3096301881366648
11287 6.086089028023802
11295 3.2373095265570386
11296 2.764403137653342
11299 -1.0423655237318759
11305 2.0640357091199095
11377 3.414990703794491
11393 3.2849375755462935
11416 2.1782280766455644
11423 4.600614369452231
11461 2.146479378330984
11503 2.8876357780772897
11506 3.8630154263214513
11682 11.224430562261421
11769 1.6466515087745348
11816 1.9296054400303697
11836 2.37353682896633
11911 3.414990703794491
11945 1.9550845253313545
11952 1.5958322603783217
11959 2.2449194511442365
11961 3.3096301881366648
11969 0.7582337970798316
11996 4.513602992462601
12006 2.955458374416051
12010 3.6312138122641273
12022 0.40409618250082274
12078 1.3637200390813515
12122 1.1963912668735384
12129 3.3349479961209547
12131 4.433560284789064
12292 2.5211728277723946
12312 2.7938170228596353
12331 5.612215281130711
12477 4.953442130403122
12554 1.6609715625492831
12571 4.00277736869661
12645 6.305362461690656
12717 0.5999147077153936
12783 1.8986432144264027
12796 2.9209721983448818
12818 3.1483620405405426
12824 4.919068100570765
12853 1.152070867192877
12867 18.783698197026222
13001 1.4730567031188173
13023 6.305362461690656
13025 5.389071729816501
13029 1.6609715625492831
13080 0.8123010183501074
13208 1.3115342859107813
13209 3.6312138122641273
13305 12.610724923381312
13306 4.513602992462601
13353 1.961557039836972
13365 3.3349479961209547
13446 5.8998973535824915
13547 1.6003469407328483
13553 -0.7409215198883841
13734 3.884527673804586
13753 3.7026727762462723
13845 2.001297368486486
13891 1.8197775865739976
13930 8.160929837501133
13951 4.22592092001082
14072 3.3609234825242154
14167 3.7026727762462723
14194 3.7026727762462723
14195 1.7781538171722764
14196 0.8373023205555247
14237 -2.7889933932166397
14242 2.5326015235960173
14308 2.0640357091199095
14357 2.476721065201561
14381 0.6866029961942954
14395 2.7218435232345457
14431 3.104790895896465
14504 3.9539872045271784
14544 3.666305132075397
14906 0.8027278807278994
14941 4.919068100570765
15056 5.8998973535824915
15057 1.152070867192877
15173 3.009525595686327
15229 6.9985096422506015
15332 -10.866182111019342
15363 2.555858385760285
15373 0.814360751313118
15485 4.919068100570765
15505 6.305362461690656
15551 1.1578679848772029
15613 4.108137884354437
15648 5.135385686814575
15702 2.8553749158590684
15783 0.9616767386766525
15786 4.490953451152685
