124
241 3.3804838896987928
289 3.086486636822455
302 5.145917740537838
583 2.9041650800285006
1839 2.093234863812172
1924 2.288979440938267
2026 2.681021528714291
2036 5.845960905003192
2357 1.1873686492739008
2484 2.629859749823839
2657 3.3609234825242154
2734 5.612215281130711
2920 0.6795415285041667
3120 1.6048820958982397
3192 7.066837577525164
3474 5.612215281130711
3642 10.416447352903319
3737 1.8055527913603908
3973 4.919068100570765
4179 3.414990703794491
4219 1.7567626271909589
4247 13.89827049075829
4261 4.524622387712212
4419 4.359452312635343
4608 2.815045323479489
4711 3.8592108800607394
4765 1.4150133334689021
5083 1.5735596247691985
5241 4.433560284789064
5278 3.9074671888922854
5279 10.446085621336918
5297 4.513602992462601
5590 2.9066643955420775
5773 2.735829765209286
5809 2.363780654020965
5850 3.047265923669174
5973 1.4770487243883548
5990 5.876133263408364
5993 0.8521803845817039
6064 2.138697237888929
6130 3.0666840095262753
6235 1.2270685191205855
6338 2.413542163580029
6433 0.5154022907934025
6447 1.2880826248757316
6507 7.887185369350739
6583 1.7258895023377248
7157 3.8630154263214513
7344 1.6325336272287498
7401 1.886521853894058
7487 3.6334521839170324
7534 1.242767428663689
7620 2.1863252868781835
7690 3.21432000833234
7692 4.489838902288473
7700 3.7026727762462723
7845 2.4237986637472186
7904 2.211017899468555
7924 3.2849375755462935
7984 4.8012850649143815
8105 5.389071729816501
8457 4.600614369452231
8494 3.3609234825242154
8556 7.289439638707089
8784 2.146479378330984
8886 1.3081501879265407
9010 2.9209721983448818
9136 4.433560284789064
9365 1.4972514317058743
9779 1.8337236683270872
9817 1.3183370332335338
9879 6.9985096422506015
9990 1.7015356809513673
9993 4.00277736869661
10202 2.591790394986348
10210 2.9911764570181303
10250 2.9209721983448818
10329 -0.630272087128793
10437 1.3672978604292356
11218 0.5720211847929105
11287 2.0286963426746007
11555 3.5327737394508745
11790 2.2449194511442365
11840 6.7609677793975855
11969 1.5164675941596633
12022 0.8081923650016455
12095 7.004004161568242
12312 2.7938170228596353
12351 5.8998973535824915
12407 1.67038967643192
12460 1.466416859025783
12527 3.086486636822455
12553 5.3579180814009515
12674 3.155949285956631
12811 4.22592092001082
12823 1.034930298632155
12833 0.9630282097258448
12904 3.4431615807611875
13094 6.383694304960563
13258 4.600614369452231
13271 3.3875917296063767
13440 4.4311461731650645
13553 -0.37046075994419203
13624 8.33059259638877
13795 7.694620640532212
13873 3.740413104229119
13921 2.1782280766455644
14111 3.7026727762462723
14136 2.962113491571787
14151 4.359452312635343
14237 -0.6972483483041599
14252 3.502002080784121
14477 2.5211728277723946
14651 4.513602992462601
14695 6.305362461690656
14914 3.3096301881366648
15081 4.919068100570765
15088 6.305362461690656
15169 4.670141096277068
15332 -4.656935190436861
15424 1.8111238364098463
15468 1.1549652252192415
15471 0.6940608398286201
15597 3.5327737394508745
