189
131 6.9985096422506015
142 6.9985096422506015
253 5.612215281130711
646 2.219386149139072
829 3.5645224377654547
1686 1.1549652252192415
1900 4.290459441148391
1902 2.0149030205422647
1917 5.8998973535824915
2036 1.9486536350010641
2167 2.66777630196427
2240 1.65617539028579
2271 0.34178311807220957
2432 4.108137884354437
2446 2.5326015235960173
2450 -0.6108568957036107
2492 3.047265923669174
2536 3.567147769283231
2547 6.9985096422506015
2605 20.16554089514529
2638 2.130975191795019
2640 2.735829765209286
2645 2.591790394986348
2829 5.617709800448351
2897 5.052599493195288
2920 0.6795415285041667
3230 5.775271556154579
3285 5.389071729816501
3448 3.1273086313427103
3613 5.710749831718137
3658 2.938066631704182
3709 2.9041650800285006
3737 1.8055527913603908
3786 4.8012850649143815
3879 4.00277736869661
3981 3.3609234825242154
3995 1.751485570090115
4051 4.919068100570765
4053 -0.07476007520910928
4073 10.105198986390576
4174 6.775183459212753
4241 4.8067795842320225
4286 2.130975191795019
4307 5.648244744709928
4333 1.4651201535230811
4405 1.3460204619819507
4537 3.0588716320484384
4976 4.577958881876534
5085 5.389071729816501
5086 6.9985096422506015
5309 10.13040609438407
5312 5.710749831718137
5484 0.9464204733261844
5573 3.3875917296063767
5630 0.11915383779016203
5680 1.5913378707904824
5709 4.290459441148391
5739 2.8876357780772897
5747 5.612215281130711
5809 4.72756130804193
5933 14.777291872080255
5984 4.919068100570765
5999 2.5098732725184614
6047 3.009525595686327
6049 2.035665011990694
6068 3.1273086313427103
6088 1.2146844599208637
6151 1.4075226617397445
6433 0.5154022907934025
6447 1.2880826248757316
6467 2.2535775138873513
6583 1.7258895023377248
6819 3.430611827025225
7104 -2.6539516666051686
7414 3.7026727762462723
7450 6.305362461690656
7490 3.414990703794491
7534 1.242767428663689
7713 3.1066893441399746
7779 6.9985096422506015
7800 5.612215281130711
7884 6.305362461690656
7892 3.1035445411685827
7914 2.146479378330984
7917 3.414990703794491
7965 1.886521853894058
7984 4.8012850649143815
7991 1.3149298749119196
8007 1.904759441443839
8118 12.610724923381312
8263 6.829981407588982
8306 3.7026727762462723
8570 4.513602992462601
8578 3.1066893441399746
8695 3.910169050662709
8723 1.5262389685791264
8734 8.45184184002164
8880 1.67063347346102
9151 1.258716730071367
9188 4.359452312635343
9227 4.165296298194385
9353 2.476721065201561
9355 8.712912306582258
9357 8.00555473739322
9779 3.6674473366541744
9990 1.1343571206342449
10076 2.750014400201242
10154 3.3609234825242154
10164 6.9985096422506015
10326 1.0461538510930224
10329 -0.4201813914191953
10365 6.305362461690656
10422 0.7087940713416041
10512 6.9985096422506015
10561 1.6003469407328483
10636 3.9539872045271784
10642 4.05407066308416
10661 6.669895992241909
10811 4.433560284789064
10863 3.4431615807611875
10909 2.7790019370744945
11032 2.175425996420148
11051 2.9209721983448818
11063 10.413500346045092
11137 16.85380375221053
11304 2.410992067732915
11323 3.597312260588446
11347 2.511906961666574
11384 3.3609234825242154
11398 3.009525595686327
11444 2.434161450782765
11485 3.3875917296063767
11506 3.8630154263214513
11597 3.0666840095262753
11756 6.305362461690656
11816 3.8592108800607394
11900 2.049749751872433
11917 4.433560284789064
11979 4.433560284789064
12010 3.6312138122641273
12042 5.283601631122019
12051 3.5645224377654547
12078 1.3637200390813515
12095 3.502002080784121
12111 1.994563336305142
12122 1.1963912668735384
12162 6.305362461690656
12404 2.970161792171238
12407 4.1759741910798
12455 -1.076293329340201
12553 3.214750848840571
12707 4.455650035569873
12708 1.5958322603783217
12717 0.5999147077153936
12826 1.2619373447714093
12853 1.152070867192877
13045 1.886521853894058
13080 0.8123010183501074
13288 4.05407066308416
13390 2.236335707452845
13471 2.6040604875781623
13553 -1.4818430397767681
13769 3.1273086313427103
13838 4.632756830252763
13890 2.681021528714291
13891 1.2131850577159984
13933 3.7796338173824005
13936 3.3349479961209547
14111 3.7026727762462723
14115 8.919473854546355
14198 3.047265923669174
14202 3.666305132075397
14237 -1.3944966966083199
14267 -0.3823693933135151
14463 1.67063347346102
14477 7.563518483317184
14588 2.0785287164224764
14590 7.334894673308349
14656 2.2811529755342836
14908 2.476721065201561
15088 6.305362461690656
15240 3.414990703794491
15259 1.3320829541381691
15306 1.4399764361695133
15332 -13.970805571310581
15471 1.3881216796572402
15578 1.7945029551738059
15672 0.7275212103923018
15728 3.009525595686327
