367
10 6.305362461690656
31 6.9985096422506015
34 4.513602992462601
38 5.612215281130711
49 5.8998973535824915
62 4.695924549256556
241 1.6902419448493964
279 5.283601631122019
302 1.7153059135126125
356 2.591790394986348
373 2.750014400201242
422 2.66777630196427
493 3.1698682457615064
575 6.305362461690656
664 6.9985096422506015
671 4.00277736869661
690 4.22592092001082
695 2.9911764570181303
717 5.679253117781859
758 5.8998973535824915
825 4.433560284789064
830 5.052599493195288
909 5.8998973535824915
969 4.359452312635343
1122 3.1698682457615064
1227 6.305362461690656
1305 6.9985096422506015
1404 1.3708885285599641
1516 4.359452312635343
1712 6.9985096422506015
1750 1.1068654304248302
1852 4.433560284789064
1931 4.8012850649143815
1933 4.05407066308416
1977 2.6040604875781623
2014 6.305362461690656
2030 3.3349479961209547
2103 2.4446327506500602
2221 3.0282177286984795
2291 3.5327737394508745
2334 0.7939518796819108
2434 4.827084327160058
2450 -6.108568957036107
2506 3.1483620405405426
2567 5.145917740537838
2597 4.231415439328461
2640 2.735829765209286
2645 2.591790394986348
2658 6.9985096422506015
2796 2.335070548138534
2820 2.4446327506500602
2893 5.019746545036923
2924 2.0286963426746007
2935 0.6320391945191633
2973 4.919068100570765
3005 3.6312138122641273
3057 4.47267141490569
3189 3.5645224377654547
3329 1.981229805435677
3352 4.359452312635343
3374 1.9680717208581657
3498 2.87137525720551
3575 3.260840023967233
3578 0.6015799870344548
3593 3.666305132075397
3598 2.3332543299341686
3614 1.4378280112350734
3630 5.8998973535824915
3635 1.5779746429783155
3678 1.0020575536315801
3686 4.22592092001082
3804 2.750014400201242
3807 9.302723231154781
3814 2.236335707452845
3844 3.7026727762462723
3896 1.403798262648762
3946 3.414990703794491
4026 2.8876357780772897
4053 -0.14952015041821856
4070 3.320596291274491
4076 3.4431615807611875
4106 4.165296298194385
4110 2.764403137653342
4188 4.359452312635343
4198 3.7796338173824005
4223 4.372650573756367
4254 7.480826208458238
4286 2.130975191795019
4333 1.4651201535230811
4342 4.108137884354437
4354 5.052599493195288
4363 3.7796338173824005
4400 5.876133263408364
4416 5.454880156325406
4482 7.559267634764801
4576 2.085854756514549
4643 17.699692060747473
4651 7.726030852642903
4695 2.87137525720551
4731 5.8998973535824915
4852 1.258716730071367
4859 5.389071729816501
4913 6.9985096422506015
4939 3.4431615807611875
4964 12.407188716189257
5096 6.305362461690656
5246 4.513602992462601
5326 3.1483620405405426
5339 2.356853423796479
5351 6.9985096422506015
5392 6.392925575385057
5430 2.750014400201242
5443 2.9041650800285006
5563 3.1066893441399746
5630 0.4766153511606481
5635 2.20271909665386
5738 6.305362461690656
5875 5.500028800402484
5901 2.455214859980597
5955 2.434161450782765
5973 1.4770487243883548
5980 11.589046278964354
6020 3.9074671888922854
6043 6.36535148316193
6078 2.555858385760285
6150 4.05407066308416
6156 1.8000126109847754
6162 5.052599493195288
6165 6.6192603762733295
6216 2.3933394562625097
6233 3.1918471524802814
6368 7.529619817555384
6389 3.1273086313427103
6416 4.600614369452231
6453 4.8012850649143815
6473 5.8998973535824915
6533 3.3349479961209547
6675 2.5098732725184614
6754 1.2024518914852294
6776 1.942263836902293
6779 4.8012850649143815
6819 1.7153059135126125
6865 5.389071729816501
6872 1.3047775034479017
6878 28.553749158590684
6887 1.152070867192877
6893 4.919068100570765
6898 8.648910941196492
6919 2.84512107820857
6938 4.22592092001082
7025 3.028644676082213
7104 -3.3174395832564607
7344 3.2650672544574997
7370 6.9985096422506015
7401 3.773043707788116
7421 3.2373095265570386
7431 2.6040604875781623
7444 5.206750173022546
7459 2.1944885975173447
7482 3.6111055827207816
7485 6.9985096422506015
7534 1.242767428663689
7578 1.0430745587218369
7608 11.799794707164983
7611 5.389071729816501
7650 2.1081605140288473
7764 1.7052048175261088
7813 2.0291467231268214
7832 3.047265923669174
7838 2.1081605140288473
7854 3.3609234825242154
7949 2.5441623459970937
7981 2.0426825846493406
8030 3.1918471524802814
8096 2.9066643955420775
8182 2.681021528714291
8208 7.726030852642903
8230 4.74707365793266
8256 3.3607792968127694
8260 4.22592092001082
8267 4.165296298194385
8271 4.513602992462601
8276 3.21432000833234
8404 5.206750173022546
8439 0.4690908039883759
8578 3.1066893441399746
8585 3.47214911763444
8598 5.206750173022546
8660 1.675499663112193
8705 6.056435457396959
8708 1.4810567457858934
8723 1.5262389685791264
8736 1.1933746733341126
8810 3.502002080784121
8880 1.67063347346102
8908 3.6312138122641273
8975 2.3933394562625097
8979 1.7890234894091803
9047 4.8012850649143815
9108 4.359452312635343
9122 1.3744921360632627
9154 4.93182029819469
9170 1.2232606457759125
9211 3.502002080784121
9213 3.7026727762462723
9223 3.047265923669174
9250 4.22592092001082
9321 5.052599493195288
9323 6.9985096422506015
9372 2.3256808077886952
9454 3.1698682457615064
9477 6.9985096422506015
9554 8.901633262643827
9592 5.8998973535824915
9596 6.9985096422506015
9645 2.021775899830027
9660 5.206750173022546
9675 4.108137884354437
9680 3.597312260588446
9709 1.082307579643166
9711 1.8686109273275278
9724 4.600614369452231
9861 5.8998973535824915
9865 6.9985096422506015
9970 2.418984756890357
10013 5.389071729816501
10019 5.8998973535824915
10023 6.9985096422506015
10036 9.027205984925201
10163 3.9074671888922854
10258 1.8000126109847754
10302 2.6290617897835795
10306 2.15432255579201
10326 0.5230769255465112
10393 1.9746291214043248
10409 6.9985096422506015
10422 2.8351762853664164
10431 0.7218661529089567
10437 1.3672978604292356
10443 2.4876501357337513
10445 3.3875917296063767
10491 3.086486636822455
10538 4.8012850649143815
10552 4.22592092001082
10557 6.9985096422506015
10561 1.6003469407328483
10605 5.8998973535824915
10659 3.4431615807611875
10751 2.3818556390457326
10805 3.666305132075397
10868 -0.18536107281185138
10962 2.6290617897835795
11011 4.22592092001082
11027 1.2781978656431896
11032 1.087712998210074
11034 1.5958322603783217
11106 2.021775899830027
11140 2.15432255579201
11266 2.9041650800285006
11294 4.600614369452231
11299 -1.0423655237318759
11304 1.2054960338664575
11322 3.4431615807611875
11327 3.5645224377654547
11400 3.5327737394508745
11450 2.262311193856106
11481 3.237224577420283
11610 6.9985096422506015
11611 6.9985096422506015
11612 6.9985096422506015
11621 6.9985096422506015
11625 18.944199262198275
11699 6.9985096422506015
11836 4.74707365793266
11869 6.9985096422506015
11902 4.433560284789064
11984 2.4237986637472186
12001 12.838464217036439
12014 2.9911764570181303
12034 7.459212417174827
12102 3.9539872045271784
12111 1.994563336305142
12122 1.1963912668735384
12181 3.8204558119026557
12193 4.05407066308416
12231 4.359452312635343
12248 6.721846965048431
12273 3.7026727762462723
12277 3.1273086313427103
12282 5.612215281130711
12334 3.414990703794491
12346 4.8012850649143815
12430 5.389071729816501
12447 2.8396265588909295
12476 4.108137884354437
12602 6.305362461690656
12620 6.305362461690656
12679 14.362490343404895
12772 13.205652977258406
12773 10.591410201210808
12777 4.919068100570765
12783 1.8986432144264027
12823 1.034930298632155
12833 0.9630282097258448
13014 5.206750173022546
13029 1.6609715625492831
13150 5.052599493195288
13178 5.206750173022546
13319 1.8055527913603908
13320 5.8998973535824915
13390 2.236335707452845
13410 5.206750173022546
13411 8.426564700672525
13412 5.019746545036923
13440 1.4770487243883548
13464 6.305362461690656
13491 2.288979440938267
13493 4.919068100570765
13513 7.405345552492545
13553 -1.8523037997209602
13563 5.389071729816501
13574 6.9985096422506015
13611 6.9985096422506015
13680 2.2449194511442365
13750 4.324455470598246
13817 3.5645224377654547
14078 2.5098732725184614
14085 3.1698682457615064
14135 2.3541187431092285
14136 1.4810567457858934
14153 2.4876501357337513
14174 1.7945029551738059
14237 -0.6972483483041599
14267 -0.3823693933135151
14297 3.6312138122641273
14309 1.5137127087599462
14311 5.612215281130711
14370 3.666305132075397
14486 2.6164830075767194
14588 2.0785287164224764
14626 5.500028800402484
14686 6.829981407588982
14830 2.7790019370744945
14961 4.600614369452231
14998 3.5645224377654547
15077 4.600614369452231
15121 3.1737271807911225
15173 9.02857678705898
15181 1.751485570090115
15192 1.489121305622624
15247 2.498699971920336
15250 3.7796338173824005
15302 3.3609234825242154
15306 0.7199882180847567
15313 1.917105277266138
15332 -7.761558650728101
15341 0.7959741250626788
15413 3.834593596929569
15450 4.290459441148391
15576 3.009525595686327
15578 1.7945029551738059
15587 1.2947271675944
15595 2.6641659082763383
15635 6.305362461690656
15672 0.7275212103923018
15771 0.09238285917859758
15805 4.01615411094373
