28
1839 2.093234863812172
2920 0.6795415285041667
3192 1.0095482253607377
4247 4.632756830252763
4765 1.4150133334689021
5279 3.4820285404456395
6338 2.413542163580029
6507 2.6290617897835795
8556 1.8223599096767722
9437 6.305362461690656
10202 2.591790394986348
10210 2.9911764570181303
10422 0.7087940713416041
11132 3.7796338173824005
11383 4.8012850649143815
11840 1.6902419448493964
12404 1.485080896085619
12407 0.83519483821596
12455 -0.2152586658680402
12674 1.5779746429783155
13440 1.4770487243883548
13795 1.5389241281064423
13867 1.087712998210074
14085 3.1698682457615064
14237 -0.6972483483041599
15146 4.290459441148391
15256 3.3349479961209547
15718 4.108137884354437
