446
1 6.305362461690656
279 2.6418008155610093
356 2.591790394986348
420 5.8998973535824915
477 4.8012850649143815
521 1.8986432144264027
530 2.66777630196427
580 6.9985096422506015
591 6.9985096422506015
598 5.612215281130711
611 5.612215281130711
619 3.666305132075397
628 4.919068100570765
657 2.0640357091199095
663 6.9985096422506015
730 2.298029276458185
780 6.9985096422506015
888 4.05407066308416
927 2.0785287164224764
1060 0.4973352513324123
1064 6.9985096422506015
1072 5.8998973535824915
1094 4.670141096277068
1112 6.9985096422506015
1294 5.8998973535824915
1379 2.1481658635875345
1404 2.7417770571199283
1416 4.359452312635343
1451 5.389071729816501
1557 5.052599493195288
1613 6.9985096422506015
1640 6.9985096422506015
1677 6.9985096422506015
1686 3.4648956756577247
1690 2.455214859980597
1692 2.1944885975173447
1714 5.389071729816501
1746 5.8998973535824915
1747 6.9985096422506015
1750 4.427461721699321
1802 5.8998973535824915
1822 2.383389125409342
1846 4.290459441148391
1884 1.9486536350010641
1902 4.029806041084529
1929 2.1081605140288473
1933 4.05407066308416
2068 3.3609234825242154
2103 2.4446327506500602
2233 3.260840023967233
2326 5.052599493195288
2328 2.9911764570181303
2349 4.22592092001082
2357 1.1873686492739008
2397 6.9985096422506015
2424 2.219386149139072
2434 2.413542163580029
2450 -0.6108568957036107
2506 9.445086121621628
2567 1.7153059135126125
2705 1.6657908489852322
2780 7.907974409054357
2796 2.335070548138534
2893 5.019746545036923
2895 5.612215281130711
2896 9.602570129828763
2904 4.165296298194385
2920 1.3590830570083334
2935 1.2640783890383267
2981 4.00277736869661
3044 5.8998973535824915
3046 5.982352914036261
3048 5.019746545036923
3057 4.47267141490569
3100 5.587634045719271
3247 4.600614369452231
3315 5.206750173022546
3374 3.9361434417163315
3404 4.93182029819469
3503 4.695924549256556
3506 22.97583478960002
3516 2.0785287164224764
3520 2.87137525720551
3575 9.782520071901699
3578 0.6015799870344548
3598 6.999762989802505
3614 5.751312044940294
3678 2.0041151072631602
3709 2.9041650800285006
3746 5.206750173022546
3759 2.4033897921160112
3804 5.500028800402484
3814 2.236335707452845
3820 1.7890234894091803
3877 3.1698682457615064
3923 6.254617262685421
3961 5.258123579567159
3985 2.5098732725184614
4001 6.9985096422506015
4004 2.4446327506500602
4053 -0.22428022562732786
4054 6.9985096422506015
4070 3.320596291274491
4076 3.4431615807611875
4174 3.3875917296063767
4191 4.108137884354437
4193 9.83813620114153
4199 3.8630154263214513
4241 2.4033897921160112
4242 6.9985096422506015
4282 2.8553749158590684
4295 2.9209721983448818
4314 2.764403137653342
4342 8.216275768708874
4355 5.8998973535824915
4363 3.7796338173824005
4381 2.0149030205422647
4400 2.938066631704182
4416 2.727440078162703
4448 4.695924549256556
4520 3.1273086313427103
4522 0.2603571476546441
4525 6.305362461690656
4537 3.0588716320484384
4551 3.9074671888922854
4576 2.085854756514549
4673 6.305362461690656
4711 3.8592108800607394
4721 4.8012850649143815
4731 5.8998973535824915
4750 0.994658549464184
4758 4.600614369452231
4780 6.9985096422506015
4824 5.612215281130711
4852 1.258716730071367
4857 2.0712559570933964
4882 2.130975191795019
4909 4.407241664217533
4912 3.8592108800607394
4939 3.4431615807611875
4964 3.9477418642420363
4982 4.919068100570765
4992 3.260840023967233
5033 2.1233123190494494
5101 3.414990703794491
5111 3.21432000833234
5116 5.884671119510916
5238 3.6312138122641273
5263 4.22592092001082
5273 3.21432000833234
5317 6.9985096422506015
5369 3.047265923669174
5409 3.502002080784121
5443 11.616660320114002
5466 5.8998973535824915
5484 1.8928409466523688
5517 1.6232312345664361
5537 3.597312260588446
5554 2.1081605140288473
5555 2.4033897921160112
5563 3.1066893441399746
5630 0.3574615133704861
5635 8.81087638661544
5708 5.052599493195288
5776 4.919068100570765
5802 3.1483620405405426
5828 2.5676928434072877
5901 2.455214859980597
5963 6.305362461690656
5970 4.165296298194385
5973 4.4311461731650645
6012 3.740413104229119
6029 12.610724923381312
6123 2.288979440938267
6205 2.955458374416051
6228 1.2947271675944
6236 2.9209721983448818
6261 5.206750173022546
6305 3.9539872045271784
6368 22.588859452666153
6387 2.9911764570181303
6400 9.83813620114153
6402 1.4112609838503516
6416 4.600614369452231
6433 0.5154022907934025
6577 4.05407066308416
6624 6.305362461690656
6633 2.8088549002241754
6657 2.138697237888929
6717 6.9985096422506015
6729 2.1944885975173447
6749 5.612215281130711
6754 1.2024518914852294
6776 3.884527673804586
6795 6.9985096422506015
6819 1.7153059135126125
6878 5.710749831718137
6887 23.04141734385754
6888 6.9985096422506015
6898 4.324455470598246
6919 2.84512107820857
6922 4.22592092001082
6978 3.9539872045271784
7104 -5.307903333210337
7165 5.206750173022546
7170 3.237224577420283
7197 3.461302966374546
7260 10.413500346045092
7459 2.1944885975173447
7470 6.9985096422506015
7497 2.1042009669499975
7534 3.7283022859910666
7566 4.8012850649143815
7569 1.0170954309961207
7578 3.650760955526429
7591 2.0426825846493406
7650 2.1081605140288473
7716 5.389071729816501
7764 5.115614452578326
7813 2.0291467231268214
7834 3.5327737394508745
7904 2.211017899468555
7970 4.290459441148391
7991 1.3149298749119196
7995 4.513602992462601
8030 3.1918471524802814
8046 16.432551537417748
8153 2.8396265588909295
8182 2.681021528714291
8189 11.224430562261421
8256 1.6803896484063847
8337 1.9550845253313545
8391 2.555858385760285
8439 0.9381816079767518
8444 1.7890234894091803
8643 4.002594736972972
8715 9.83813620114153
8743 4.433560284789064
8749 3.0666840095262753
8850 1.7153059135126125
8856 2.3163784151263815
8890 4.560021541911013
9110 2.035665011990694
9122 1.3744921360632627
9146 6.305362461690656
9151 1.258716730071367
9196 5.206750173022546
9229 2.3933394562625097
9230 3.3096301881366648
9284 3.9074671888922854
9356 4.290459441148391
9372 2.3256808077886952
9445 2.973157951515452
9448 8.580918882296782
9458 10.893641436792382
9481 1.7727629685373998
9491 5.8998973535824915
9492 6.9985096422506015
9504 3.5327737394508745
9531 1.67063347346102
9595 8.216275768708874
9645 2.021775899830027
9676 5.389071729816501
9893 4.108137884354437
9922 16.674739980604773
9956 3.47214911763444
9970 1.4513908541342142
9977 3.8630154263214513
10049 4.513602992462601
10109 6.9985096422506015
10155 6.305362461690656
10163 3.9074671888922854
10217 2.15432255579201
10231 3.2373095265570386
10307 2.5676928434072877
10361 6.9985096422506015
10397 6.9985096422506015
10422 1.4175881426832082
10468 6.9985096422506015
10479 9.027205984925201
10493 5.612215281130711
10524 6.9985096422506015
10583 4.433560284789064
10683 5.612215281130711
10751 0.7939518796819108
10755 5.206750173022546
10789 12.610724923381312
10791 4.05407066308416
10863 13.77264632304475
10868 -0.37072214562370276
10951 11.224430562261421
10969 5.052599493195288
10973 5.587634045719271
11026 4.695924549256556
11032 4.350851992840296
11034 1.5958322603783217
11066 4.05407066308416
11110 3.2409820766720454
11116 1.9109133070182172
11139 2.87137525720551
11140 2.15432255579201
11154 4.433560284789064
11165 2.1863252868781835
11168 1.2781978656431896
11218 0.5720211847929105
11228 3.3096301881366648
11236 3.5645224377654547
11245 5.8998973535824915
11266 2.9041650800285006
11294 9.201228738904462
11299 -3.6482793330615655
11304 2.410992067732915
11318 3.8630154263214513
11353 2.8088549002241754
11407 3.1483620405405426
11416 2.1782280766455644
11438 3.3349479961209547
11492 6.9985096422506015
11500 5.206750173022546
11522 2.555858385760285
11524 3.0357414378172196
11570 1.1933746733341126
11625 10.200722679645224
11671 2.2535775138873513
11677 5.176530251060562
11678 4.513602992462601
11717 2.938066631704182
11769 1.6466515087745348
11794 5.206750173022546
11881 2.70805020110221
11889 2.7790019370744945
11902 4.433560284789064
11939 2.681021528714291
11943 2.455214859980597
11969 0.7582337970798316
12001 2.5676928434072877
12028 2.591790394986348
12034 5.594409312881121
12093 1.6803896484063847
12102 7.907974409054357
12122 2.3927825337470767
12183 9.602570129828763
12220 4.290459441148391
12312 2.7938170228596353
12383 2.5046129034208957
12485 6.9985096422506015
12494 5.206750173022546
12558 2.4446327506500602
12574 6.9985096422506015
12588 24.32442397850496
12598 2.5098732725184614
12651 5.389071729816501
12677 3.9539872045271784
12679 1.5958322603783217
12717 2.9995735385769677
12723 4.577958881876534
12772 1.886521853894058
12773 4.413087583837837
12783 7.594572857705611
12869 4.05407066308416
12878 3.5327737394508745
13001 1.4730567031188173
13052 3.260840023967233
13170 6.9985096422506015
13271 16.937958648031884
13285 6.9985096422506015
13297 12.610724923381312
13319 1.8055527913603908
13343 2.973157951515452
13376 4.359452312635343
13385 4.00277736869661
13390 2.236335707452845
13401 2.465910149097345
13432 7.559267634764801
13464 6.305362461690656
13513 7.405345552492545
13547 3.2006938814656967
13553 -6.297832919051265
13613 1.8111238364098463
13651 5.389071729816501
13672 1.5262389685791264
13711 4.600614369452231
13753 3.7026727762462723
13757 6.9985096422506015
13825 2.7218435232345457
13843 2.1782280766455644
13867 4.350851992840296
13891 2.4263701154319968
13897 5.443687046469091
13919 3.597312260588446
13973 10.105198986390576
14008 2.001297368486486
14040 5.389071729816501
14044 1.4611753752320646
14054 5.389071729816501
14078 2.5098732725184614
14093 2.973157951515452
14164 12.32441365306331
14208 1.1873686492739008
14267 -0.7647387866270302
14297 3.6312138122641273
14315 3.009525595686327
14372 5.8998973535824915
14381 0.457735330796197
14395 2.7218435232345457
14422 2.1233123190494494
14431 1.034930298632155
14485 5.389071729816501
14527 2.938066631704182
14547 3.740413104229119
14563 2.6418008155610093
14588 4.157057432844953
14656 3.4217294633014257
14657 6.305362461690656
14677 6.9985096422506015
14682 1.5431885268928998
14808 4.695924549256556
14908 2.476721065201561
14935 5.612215281130711
15024 3.2373095265570386
15037 2.3163784151263815
15155 1.380822401482141
15181 1.751485570090115
15192 5.956485222490496
15306 7.919870398932323
15313 3.834210554532276
15332 -10.866182111019342
15341 1.5919482501253577
15411 4.8012850649143815
15413 3.834593596929569
15418 2.1233123190494494
15471 0.6940608398286201
15517 1.886521853894058
15551 2.3157359697544058
15576 3.009525595686327
15581 6.9985096422506015
15587 1.2947271675944
15595 7.992497724829015
15614 15.452061705285805
15648 2.5676928434072877
15669 2.162227735299123
15672 0.7275212103923018
15677 3.155949285956631
15771 0.023095714794649395
15805 2.008077055471865
15816 3.9539872045271784
