135
209 1.7001922757025645
302 1.7153059135126125
473 3.1273086313427103
500 2.1701959049483
569 3.0282177286984795
1060 0.12433381283310307
1890 5.389071729816501
1893 1.7567626271909589
1902 2.0149030205422647
1942 2.537330842639491
2001 5.206750173022546
2006 3.5645224377654547
2009 4.827084327160058
2038 1.880515829833846
2235 3.2849375755462935
2269 1.8686109273275278
2271 1.7089155903610478
2334 0.7939518796819108
2356 5.362043057428582
2450 -1.832570687110832
2536 1.7835738846416156
2674 2.054495604920277
2935 0.6320391945191633
2964 2.701306080253083
3068 1.3460204619819507
3132 3.2373095265570386
3186 3.8642478746271944
3215 2.949904255955515
3223 12.605864138861973
3647 2.1081605140288473
3982 1.0769312226067855
3985 2.5098732725184614
3995 1.751485570090115
4070 1.1068654304248302
4158 0.12240176179486817
4302 3.6000252219695508
4366 1.9878743481543455
4391 3.260840023967233
4522 0.2603571476546441
4592 3.0282177286984795
4750 0.33155284982139466
5048 6.305362461690656
5208 2.5676928434072877
5307 2.9911764570181303
5430 2.750014400201242
5539 1.7153059135126125
5680 1.5913378707904824
5970 4.165296298194385
5993 0.8521803845817039
6120 4.8012850649143815
6216 2.3933394562625097
6223 2.8088549002241754
6280 4.8012850649143815
6389 3.1273086313427103
6467 2.2535775138873513
6908 0.33537694625979814
6971 3.597312260588446
7025 1.0095482253607377
7104 -1.3269758333025843
7210 1.8568460857479414
7997 3.8204558119026557
8032 2.5541281188299534
8078 3.8718292184472687
8227 7.1290448755309095
8405 3.3096301881366648
8439 0.4690908039883759
8471 2.7938170228596353
8582 1.3781087765334512
8590 9.602570129828763
8708 1.4810567457858934
8886 2.6163003758530814
9204 2.5098732725184614
9280 3.502002080784121
9393 2.12194687433635
9428 2.498699971920336
9481 1.7727629685373998
9531 1.67063347346102
9534 2.750014400201242
9537 0.6546292081242703
9557 4.290459441148391
9709 2.164615159286332
9733 2.1700132732246624
10067 5.206750173022546
10199 2.3256808077886952
10306 2.15432255579201
10329 -1.0504534785479882
10503 2.413542163580029
10962 2.6290617897835795
11057 2.555858385760285
11148 1.1784267118982394
11287 4.0573926853492015
11305 2.0640357091199095
11377 3.414990703794491
11461 2.146479378330984
11570 2.3867493466682252
11836 2.37353682896633
11894 1.5178707189086098
11944 5.206750173022546
11969 0.7582337970798316
12042 2.6418008155610093
12078 1.3637200390813515
12129 3.3349479961209547
12186 4.108137884354437
12292 5.042345655544789
12554 1.6609715625492831
12849 4.22592092001082
12853 1.152070867192877
13001 1.4730567031188173
13080 0.8123010183501074
13208 1.3115342859107813
13353 9.80778519918486
13359 2.6290617897835795
13365 3.3349479961209547
13384 2.0568672196412967
13527 2.049749751872433
13547 1.6003469407328483
13553 -0.37046075994419203
13734 1.942263836902293
13753 3.7026727762462723
13845 2.001297368486486
13930 9.521084810417987
14072 3.3609234825242154
14195 1.7781538171722764
14198 3.047265923669174
14381 0.457735330796197
14422 2.1233123190494494
14515 3.0666840095262753
14682 1.5431885268928998
14906 0.4013639403639497
15057 1.152070867192877
15173 3.009525595686327
15332 -1.5523117301456202
15373 0.814360751313118
15424 1.8111238364098463
15786 2.694572070691611
