299
19 4.165296298194385
194 3.0799945546376724
254 4.997399943840672
283 6.305362461690656
466 3.8204558119026557
496 2.2800107709555064
512 6.235586149267429
607 5.042345655544789
619 3.666305132075397
631 4.00277736869661
683 3.3609234825242154
729 4.8012850649143815
949 5.389071729816501
1060 0.3730014384993092
1094 2.335070548138534
1120 4.695924549256556
1379 2.1481658635875345
1404 1.3708885285599641
1624 3.7026727762462723
1686 1.1549652252192415
1692 2.1944885975173447
2030 3.3349479961209547
2064 1.5647876386963615
2224 1.981229805435677
2268 6.9985096422506015
2269 9.343054636637639
2271 0.6835662361444191
2291 7.065547478901749
2334 0.7939518796819108
2357 1.1873686492739008
2406 2.9209721983448818
2412 4.108137884354437
2433 3.3875917296063767
2450 -6.719425852739717
2538 1.422560539104285
2551 6.9985096422506015
2574 3.666305132075397
2611 3.260840023967233
2638 2.130975191795019
2644 4.513602992462601
2674 2.054495604920277
2919 2.1944885975173447
2981 4.00277736869661
3062 2.8396265588909295
3070 5.389071729816501
3186 1.2880826248757316
3240 3.5645224377654547
3358 6.9985096422506015
3366 4.695924549256556
3374 3.9361434417163315
3483 5.612215281130711
3516 2.0785287164224764
3578 0.6015799870344548
3597 11.550543112309159
3700 5.1789086703776
3704 3.8630154263214513
3736 3.086486636822455
3782 3.7026727762462723
3844 3.7026727762462723
3890 6.829981407588982
3901 7.091341962062895
3906 2.973157951515452
3982 4.307724890427142
3985 2.5098732725184614
3998 5.8998973535824915
4016 3.9074671888922854
4053 -0.07476007520910928
4070 1.1068654304248302
4232 4.6513616155773905
4258 3.3096301881366648
4302 1.8000126109847754
4386 9.201228738904462
4387 5.612215281130711
4405 1.3460204619819507
4412 3.086486636822455
4445 5.8998973535824915
4522 1.3017857382732205
4541 6.9985096422506015
4636 2.955458374416051
4750 0.33155284982139466
4846 2.021775899830027
4866 2.5211728277723946
4934 3.7026727762462723
5029 3.2373095265570386
5151 2.555858385760285
5264 5.052599493195288
5283 3.2849375755462935
5332 6.9985096422506015
5339 2.356853423796479
5363 3.0666840095262753
5369 3.047265923669174
5418 4.00277736869661
5550 3.666305132075397
5555 2.4033897921160112
5581 3.0666840095262753
5687 2.0785287164224764
5689 5.052599493195288
5722 3.3609234825242154
5744 4.433560284789064
5752 3.9539872045271784
5852 2.4876501357337513
5861 2.750014400201242
5891 3.1273086313427103
5895 2.4033897921160112
5968 5.8998973535824915
5970 4.165296298194385
6007 4.290459441148391
6064 2.138697237888929
6088 2.4293689198417274
6123 4.577958881876534
6140 2.211017899468555
6235 2.454137038241171
6337 12.949238106228155
6360 3.21432000833234
6374 9.201228738904462
6438 6.305362461690656
6447 1.2880826248757316
6467 2.2535775138873513
6470 4.8012850649143815
6657 2.138697237888929
6675 2.5098732725184614
6754 3.607355674455688
6908 0.6707538925195963
6943 5.612215281130711
6950 4.433560284789064
6971 3.597312260588446
7029 4.108137884354437
7138 6.305362461690656
7257 6.9985096422506015
7286 1.4112609838503516
7346 3.5645224377654547
7400 6.9985096422506015
7471 6.569875151092587
7482 1.8055527913603908
7505 3.740413104229119
7534 1.242767428663689
7559 4.108137884354437
7614 2.5676928434072877
7622 2.764403137653342
7633 1.8745456628473423
7650 2.1081605140288473
7734 16.548150940683325
7775 4.22592092001082
7813 1.0145733615634107
7827 3.414990703794491
7840 1.5691640132961604
7914 2.146479378330984
8007 1.904759441443839
8010 6.9985096422506015
8043 1.730651483187273
8150 4.433560284789064
8262 6.213767871280189
8284 7.907974409054357
8648 2.434161450782765
8707 9.602570129828763
8784 2.146479378330984
8816 1.7255100836868542
8854 4.165296298194385
8856 2.3163784151263815
8881 6.305362461690656
8886 2.6163003758530814
8890 4.560021541911013
8928 2.6710983242293107
9106 1.0850066366123312
9113 4.108137884354437
9170 1.8348909686638688
9172 6.9985096422506015
9287 5.8998973535824915
9384 1.3355491621146554
9445 2.973157951515452
9497 11.799794707164983
9498 5.206750173022546
9554 2.543323789326808
9585 9.928890564409993
9711 1.8686109273275278
9733 2.1700132732246624
9786 3.1483620405405426
9970 0.4837969513780714
10008 4.113734439282593
10088 6.9985096422506015
10092 10.105198986390576
10199 2.3256808077886952
10215 4.695924549256556
10221 2.434161450782765
10258 1.8000126109847754
10279 4.433560284789064
10298 4.05407066308416
10299 4.359452312635343
10310 4.695924549256556
10326 0.5230769255465112
10329 -0.630272087128793
10393 1.9746291214043248
10420 4.290459441148391
10422 0.7087940713416041
10494 6.9985096422506015
10547 6.9985096422506015
10715 6.9985096422506015
10734 5.471659530418572
10749 2.3509274935351647
10753 2.7790019370744945
10788 4.108137884354437
10868 -1.2975275096829597
10882 4.359452312635343
10901 4.290459441148391
10958 5.612215281130711
11102 0.6652300141109108
11296 2.764403137653342
11299 -1.0423655237318759
11320 2.764403137653342
11386 4.231415439328461
11406 5.283601631122019
11416 2.1782280766455644
11446 3.597312260588446
11459 3.047265923669174
11533 6.9985096422506015
11555 3.5327737394508745
11660 4.359452312635343
11707 3.2373095265570386
11725 4.359452312635343
11753 12.610724923381312
11769 3.2933030175490696
11816 1.9296054400303697
11896 38.61413497033552
11897 6.9985096422506015
11943 2.455214859980597
11945 1.9550845253313545
11948 6.9985096422506015
11972 3.21432000833234
12033 2.5211728277723946
12043 2.498699971920336
12055 6.9985096422506015
12093 1.6803896484063847
12122 3.589173800620615
12123 12.610724923381312
12124 6.9985096422506015
12258 6.305362461690656
12455 -0.4305173317360804
12458 6.6192603762733295
12674 1.5779746429783155
12781 4.997399943840672
12823 1.034930298632155
12837 3.4431615807611875
12891 3.7796338173824005
12944 4.695924549256556
13026 4.919068100570765
13080 0.8123010183501074
13104 3.2373095265570386
13197 3.2849375755462935
13208 2.6230685718215625
13289 3.4820285404456395
13316 3.047265923669174
13319 3.6111055827207816
13353 1.961557039836972
13354 3.656051294424899
13359 2.6290617897835795
13384 2.0568672196412967
13412 2.5098732725184614
13454 5.052599493195288
13553 -2.593225319609344
13922 1.8986432144264027
13965 4.359452312635343
14103 4.05407066308416
14111 3.7026727762462723
14121 5.8998973535824915
14237 -2.09174504491248
14267 -2.6765857531946056
14308 2.0640357091199095
14345 3.9539872045271784
14381 0.2288676653980985
14416 1.5479024259504828
14450 4.165296298194385
14463 1.67063347346102
14486 2.6164830075767194
14507 1.8510151654371483
14519 3.086486636822455
14538 6.9985096422506015
14541 6.9985096422506015
14612 2.1863252868781835
14700 4.00277736869661
14864 4.8012850649143815
14865 5.612215281130711
14906 3.2109115229115974
15116 3.8630154263214513
15171 5.052599493195288
15192 2.978242611245248
15202 13.15051570619082
15207 13.64057544500745
15208 5.8998973535824915
15259 2.6641659082763383
15321 6.9985096422506015
15332 -6.209246920582481
15373 3.257443005252472
15392 6.9985096422506015
15461 4.290459441148391
15498 6.9985096422506015
15598 6.9985096422506015
15685 1.7432809162728324
15748 6.9985096422506015
15771 0.18476571835719516
