173
163 6.9985096422506015
170 3.7796338173824005
194 0.7699986386594181
302 1.7153059135126125
373 2.750014400201242
389 1.6419233675785887
496 6.840032312866519
1379 0.5370414658968836
1381 2.6547042203969173
1390 3.260840023967233
1750 1.1068654304248302
1869 4.433560284789064
1877 5.206750173022546
1964 3.260840023967233
2155 3.9539872045271784
2206 6.305362461690656
2258 2.87137525720551
2271 1.7089155903610478
2285 6.305362461690656
2334 0.7939518796819108
2389 9.201228738904462
2450 -1.2217137914072214
2452 6.534684229936693
2489 6.9985096422506015
2624 4.695924549256556
2766 6.133368019052551
2790 12.610724923381312
2829 2.8088549002241754
2920 1.3590830570083334
3048 5.019746545036923
3215 0.589980851191103
3498 2.87137525720551
3559 10.413500346045092
3612 6.383694304960563
3739 4.00277736869661
3759 4.8067795842320225
3985 2.5098732725184614
4006 2.6547042203969173
4086 4.22592092001082
4158 0.030600440448717042
4286 2.130975191795019
4301 3.597312260588446
4386 4.600614369452231
4522 0.2603571476546441
4711 1.9296054400303697
4750 0.33155284982139466
4766 6.305362461690656
4812 3.9539872045271784
4840 2.938066631704182
4956 2.413542163580029
4964 0.563963123463148
4970 1.9746291214043248
4989 1.3355491621146554
5078 5.612215281130711
5204 6.9985096422506015
5241 4.433560284789064
5339 2.356853423796479
5345 6.305362461690656
5458 5.206750173022546
5539 3.430611827025225
5596 3.5645224377654547
5630 0.5957691889508101
5631 6.9985096422506015
5680 17.504716578695305
5694 9.83813620114153
5852 2.4876501357337513
5889 4.8067795842320225
5954 4.8012850649143815
5972 5.8998973535824915
6250 1.7727629685373998
6307 3.2373095265570386
6343 12.610724923381312
6402 1.4112609838503516
6631 4.359452312635343
6660 2.7938170228596353
6699 4.165296298194385
6721 2.383389125409342
6729 2.1944885975173447
7055 4.290459441148391
7104 -2.6539516666051686
7197 1.730651483187273
7339 3.5327737394508745
7482 9.027763956801953
7563 4.670141096277068
8041 7.194624521176892
8089 2.681021528714291
8090 2.236335707452845
8094 9.391849098513111
8096 1.4533321977710387
8271 9.027205984925201
8439 0.4690908039883759
8643 2.001297368486486
8650 3.3096301881366648
8710 0.551203779709388
8731 2.0286963426746007
8801 4.919068100570765
8904 2.1863252868781835
8960 3.8630154263214513
9156 10.778143459633002
9170 0.6116303228879563
9204 2.5098732725184614
9207 6.9985096422506015
9481 3.5455259370747996
9743 3.8630154263214513
9899 4.8012850649143815
10076 2.750014400201242
10114 3.9042484672355897
10258 1.8000126109847754
10306 2.15432255579201
10473 1.7781538171722764
10566 5.612215281130711
10751 6.351615037455287
10848 5.612215281130711
10909 2.7790019370744945
10981 3.086486636822455
11032 4.350851992840296
11102 0.6652300141109108
11165 2.1863252868781835
11281 6.305362461690656
11304 1.2054960338664575
11318 3.8630154263214513
11368 6.305362461690656
11400 3.5327737394508745
11433 4.513602992462601
11453 2.727440078162703
11481 1.6186122887101415
11597 3.0666840095262753
11790 2.2449194511442365
11905 3.2849375755462935
11908 1.5346778372249912
12034 0.9324015521468534
12057 4.20133968459938
12210 3.1698682457615064
12216 2.87137525720551
12455 -0.4305173317360804
12460 0.7332084295128914
12618 6.305362461690656
12717 1.7997441231461808
12792 3.8204558119026557
13208 1.3115342859107813
13440 2.9540974487767095
13442 5.389071729816501
13443 3.502002080784121
13444 4.22592092001082
13449 2.6418008155610093
13553 -0.7409215198883841
13667 3.9539872045271784
13767 2.6547042203969173
14004 6.305362461690656
14102 4.600614369452231
14107 2.4237986637472186
14174 1.7945029551738059
14237 -1.3944966966083199
14267 -0.3823693933135151
14309 1.5137127087599462
14313 1.6466515087745348
14343 3.7796338173824005
14656 3.4217294633014257
14906 1.204091821091849
14908 2.476721065201561
15057 1.152070867192877
15063 6.474619053114077
15121 1.5868635903955612
15241 1.7462362142039713
15285 5.8998973535824915
15332 -7.761558650728101
15397 2.001297368486486
15471 0.6940608398286201
15543 5.389071729816501
15611 11.799794707164983
15774 6.9985096422506015
15783 0.48083836933832624
15836 6.9985096422506015
