180
583 2.9041650800285006
758 5.8998973535824915
830 5.052599493195288
970 6.305362461690656
1852 4.433560284789064
1884 1.9486536350010641
1933 4.05407066308416
2030 3.3349479961209547
2240 1.65617539028579
2247 4.438772298278144
2434 2.413542163580029
2450 -3.665141374221664
2567 5.145917740537838
2796 2.335070548138534
2893 2.5098732725184614
2896 4.8012850649143815
2920 0.6795415285041667
2964 0.900435360084361
3048 2.5098732725184614
3098 4.695924549256556
3192 1.0095482253607377
3498 2.87137525720551
3578 0.6015799870344548
3598 1.1666271649670843
3637 3.260840023967233
3646 2.5676928434072877
3678 1.0020575536315801
3957 9.391849098513111
3960 5.612215281130711
3974 3.3875917296063767
4053 -0.07476007520910928
4070 1.1068654304248302
4114 1.3890378470656415
4254 3.740413104229119
4333 1.4651201535230811
4334 3.1698682457615064
4416 5.454880156325406
4507 4.59605855291637
4536 2.70805020110221
4576 2.085854756514549
4651 3.8630154263214513
4750 0.33155284982139466
4838 1.4730567031188173
4876 2.2449194511442365
4909 1.4690805547391779
4939 3.4431615807611875
4956 2.413542163580029
4964 4.511704987705184
4992 3.260840023967233
5083 1.5735596247691985
5119 2.3933394562625097
5134 6.305362461690656
5273 3.21432000833234
5339 1.1784267118982394
5392 2.130975191795019
5406 4.513602992462601
5414 2.8876357780772897
5484 1.8928409466523688
5539 1.7153059135126125
5563 3.1066893441399746
5725 5.389071729816501
5895 2.4033897921160112
5900 2.8553749158590684
5973 1.4770487243883548
5983 1.9878743481543455
6012 3.740413104229119
6026 2.66777630196427
6049 2.035665011990694
6078 2.555858385760285
6164 2.6290617897835795
6216 4.786678912525019
6236 2.9209721983448818
6368 2.5098732725184614
6893 4.919068100570765
6919 1.422560539104285
6922 4.22592092001082
6938 4.22592092001082
7104 -0.6634879166512921
7431 2.6040604875781623
7462 1.942263836902293
7482 5.416658374081172
7497 0.7014003223166658
7578 3.650760955526429
7591 2.0426825846493406
7647 6.6192603762733295
7689 4.513602992462601
7745 3.9074671888922854
7768 3.3096301881366648
7827 3.414990703794491
7832 3.047265923669174
7932 1.8745456628473423
8096 4.359996593313117
8230 2.37353682896633
8256 1.6803896484063847
8391 5.11171677152057
8866 7.726030852642903
8886 1.3081501879265407
8890 2.2800107709555064
8975 2.3933394562625097
8979 3.5780469788183606
9122 1.3744921360632627
9151 1.258716730071367
9170 1.2232606457759125
9372 4.6513616155773905
9458 3.6312138122641273
9491 5.8998973535824915
9595 4.108137884354437
9645 4.043551799660054
9724 4.600614369452231
9733 1.0850066366123312
9808 3.009525595686327
9897 6.9985096422506015
9909 10.105198986390576
10001 4.128071418239819
10060 4.8012850649143815
10114 1.3014161557451966
10431 0.7218661529089567
10443 2.4876501357337513
10749 1.1754637467675824
10751 0.7939518796819108
10754 3.1698682457615064
10973 2.7938170228596353
11034 1.5958322603783217
11066 4.05407066308416
11098 6.9985096422506015
11116 1.9109133070182172
11165 2.1863252868781835
11168 1.2781978656431896
11287 2.0286963426746007
11375 2.681021528714291
11444 2.434161450782765
11625 5.8289843883687
11669 4.919068100570765
11778 2.8553749158590684
11839 3.597312260588446
11977 3.7026727762462723
12022 0.40409618250082274
12034 6.526810865027974
12248 6.721846965048431
12282 5.612215281130711
12334 3.414990703794491
12352 6.9985096422506015
12455 -0.4305173317360804
12679 9.574993562269931
12773 9.70879268444324
13178 5.206750173022546
13258 4.600614369452231
13527 2.049749751872433
13553 -1.4818430397767681
13693 3.666305132075397
13719 3.9074671888922854
14104 1.710242611556066
14237 -2.7889933932166397
14267 -1.1471081799405454
14308 2.0640357091199095
14309 1.5137127087599462
14381 0.2288676653980985
14447 9.445086121621628
14463 1.67063347346102
14493 9.928890564409993
14515 3.0666840095262753
14523 2.8553749158590684
14626 2.750014400201242
14640 4.290459441148391
14686 3.414990703794491
14905 5.8998973535824915
15016 11.799794707164983
15097 3.6312138122641273
15121 1.5868635903955612
15247 4.997399943840672
15306 1.4399764361695133
15332 -1.5523117301456202
15413 1.2781978656431896
15458 5.617709800448351
15517 1.886521853894058
15578 1.7945029551738059
15587 1.2947271675944
15595 7.992497724829015
15771 0.023095714794649395
15805 2.008077055471865
