30
341 4.8012850649143815
2450 -0.6108568957036107
2631 0.21292199724267172
2935 0.6320391945191633
3215 0.589980851191103
3223 2.5211728277723946
4158 0.030600440448717042
4522 0.2603571476546441
4750 0.33155284982139466
5014 2.3541187431092285
6136 1.457246097092175
7104 -0.6634879166512921
7591 2.0426825846493406
9393 1.060973437168175
10307 2.5676928434072877
10329 -0.21009069570959765
10973 2.7938170228596353
11102 0.6652300141109108
11168 1.2781978656431896
11570 2.3867493466682252
12292 2.5211728277723946
12820 3.3349479961209547
13845 2.001297368486486
13930 1.3601549729168554
14455 1.637217476541176
14490 3.3096301881366648
15057 1.152070867192877
15472 2.735829765209286
15783 0.48083836933832624
15786 0.8981906902305371
