147
289 3.086486636822455
302 5.145917740537838
583 2.9041650800285006
698 4.22592092001082
1839 2.093234863812172
1893 1.7567626271909589
2036 3.8973072700021283
2064 1.5647876386963615
2450 -1.2217137914072214
2478 5.389071729816501
2484 1.3149298749119196
2657 3.3609234825242154
2839 3.1483620405405426
2920 2.0386245855125003
3120 1.6048820958982397
3166 4.600614369452231
3192 8.076385802885902
3454 6.94429823526888
3586 3.2849375755462935
3642 3.47214911763444
3685 4.513602992462601
3737 1.8055527913603908
3830 10.778143459633002
3982 1.0769312226067855
4021 1.5054481989100525
4179 3.414990703794491
4219 1.7567626271909589
4247 9.265513660505526
4341 2.6547042203969173
4419 4.359452312635343
4711 3.8592108800607394
4862 3.047265923669174
5083 1.5735596247691985
5279 6.964057080891279
5297 4.513602992462601
5590 1.4533321977710387
5990 5.876133263408364
5993 1.7043607691634077
6130 3.0666840095262753
6158 4.910429719961194
6235 1.2270685191205855
6338 2.413542163580029
6433 0.5154022907934025
6442 4.8012850649143815
6447 1.2880826248757316
6802 3.47214911763444
7325 2.8088549002241754
7401 1.886521853894058
7462 1.942263836902293
7487 1.8167260919585162
7497 0.7014003223166658
7534 1.242767428663689
7692 4.489838902288473
7813 1.0145733615634107
7845 4.847597327494437
7904 2.211017899468555
7924 3.2849375755462935
7954 4.22592092001082
7969 3.5327737394508745
7984 4.8012850649143815
8105 5.389071729816501
8317 6.305362461690656
8494 3.3609234825242154
8522 6.9985096422506015
8543 6.9985096422506015
8556 7.289439638707089
8569 3.7026727762462723
8784 2.146479378330984
8886 1.3081501879265407
8917 5.206750173022546
9010 2.9209721983448818
9062 5.389071729816501
9106 3.2550199098369936
9111 6.9985096422506015
9136 4.433560284789064
9170 0.6116303228879563
9393 1.060973437168175
9709 4.329230318572664
9779 1.8337236683270872
9817 1.3183370332335338
9990 0.5671785603171224
10114 1.3014161557451966
10202 2.591790394986348
10217 2.15432255579201
10250 2.9209721983448818
10326 0.5230769255465112
10329 -0.8403627828383906
10422 0.7087940713416041
10431 0.7218661529089567
10939 5.206750173022546
11218 0.5720211847929105
11788 3.3096301881366648
11790 2.2449194511442365
11840 5.070725834548189
11841 2.8396265588909295
11908 1.5346778372249912
11943 2.455214859980597
11952 1.5958322603783217
11969 0.7582337970798316
11984 2.4237986637472186
12022 1.2122885475024683
12297 4.8012850649143815
12404 1.485080896085619
12407 2.5055845146478797
12455 -0.2152586658680402
12460 0.7332084295128914
12527 6.17297327364491
12660 2.035665011990694
12668 4.22592092001082
12669 4.433560284789064
12811 12.67776276003246
12826 1.2619373447714093
12833 0.9630282097258448
12853 1.152070867192877
12904 3.4431615807611875
12946 0.5932811842197597
13080 0.8123010183501074
13094 6.383694304960563
13440 1.4770487243883548
13553 -0.37046075994419203
13624 4.165296298194385
13725 5.8998973535824915
13795 9.233544768638653
13867 1.087712998210074
13904 3.5327737394508745
13921 2.1782280766455644
13934 4.600614369452231
14111 3.7026727762462723
14206 6.305362461690656
14252 3.502002080784121
14477 2.5211728277723946
14484 4.290459441148391
14651 4.513602992462601
14695 6.305362461690656
14914 3.3096301881366648
15081 4.919068100570765
15169 4.670141096277068
15198 6.9985096422506015
15330 5.612215281130711
15332 -6.209246920582481
15435 2.750014400201242
15458 8.426564700672525
15468 1.1549652252192415
15597 3.5327737394508745
15657 4.600614369452231
15672 1.4550424207846036
15718 4.108137884354437
