317
133 6.305362461690656
194 1.5399972773188362
241 1.6902419448493964
327 2.20271909665386
405 4.8012850649143815
592 2.4446327506500602
607 2.5211728277723946
646 2.219386149139072
927 2.0785287164224764
1060 0.24866762566620615
1404 1.3708885285599641
1515 3.740413104229119
1543 5.206750173022546
1620 5.8998973535824915
1648 4.600614369452231
1686 2.309930450438483
1691 4.108137884354437
1692 4.388977195034689
1718 6.305362461690656
1750 1.1068654304248302
1820 3.3875917296063767
1909 2.8876357780772897
1924 2.288979440938267
1929 2.1081605140288473
2036 3.8973072700021283
2049 2.37353682896633
2334 0.7939518796819108
2351 3.129575277392723
2354 4.290459441148391
2424 2.219386149139072
2442 2.7938170228596353
2450 -0.6108568957036107
2484 1.3149298749119196
2536 3.567147769283231
2577 3.5327737394508745
2638 6.392925575385057
2701 2.7218435232345457
2796 2.335070548138534
2841 4.433560284789064
2858 7.726030852642903
2886 6.305362461690656
2893 2.5098732725184614
2910 3.740413104229119
2920 0.6795415285041667
2935 1.2640783890383267
2959 7.1242118956434055
2964 0.900435360084361
3143 2.219386149139072
3144 4.00277736869661
3329 1.981229805435677
3407 2.085854756514549
3423 7.405345552492545
3448 3.1273086313427103
3455 4.919068100570765
3598 1.1666271649670843
3615 4.165296298194385
3647 2.1081605140288473
3690 2.9945028634117485
3700 1.2947271675944
3736 3.086486636822455
3807 2.3256808077886952
3820 1.7890234894091803
3859 4.600614369452231
3867 3.2373095265570386
3982 1.0769312226067855
3990 2.6290617897835795
4006 2.6547042203969173
4108 3.1066893441399746
4110 2.764403137653342
4173 5.389071729816501
4219 1.7567626271909589
4232 2.3256808077886952
4241 2.4033897921160112
4259 3.8630154263214513
4262 6.339736491523013
4270 3.5327737394508745
4282 5.710749831718137
4381 4.029806041084529
4416 2.727440078162703
4429 4.05407066308416
4441 4.05407066308416
4500 2.8396265588909295
4537 7.137367141446356
4612 4.05407066308416
4646 3.7372218546550555
4668 3.3609234825242154
4695 2.87137525720551
4751 3.414990703794491
4783 2.1782280766455644
4882 4.261950383590038
4909 4.407241664217533
4962 5.206750173022546
5046 2.236335707452845
5208 2.5676928434072877
5233 4.22592092001082
5398 9.83813620114153
5432 3.4431615807611875
5518 4.760590771186684
5569 4.22592092001082
5572 3.47214911763444
5630 0.9532307023212963
5635 4.40543819330772
5687 2.0785287164224764
5709 4.290459441148391
5749 5.052599493195288
5875 2.750014400201242
5889 4.8067795842320225
5985 4.8012850649143815
6130 3.0666840095262753
6151 1.4075226617397445
6205 2.955458374416051
6219 2.298029276458185
6228 1.2947271675944
6235 1.2270685191205855
6242 2.9041650800285006
6288 4.600614369452231
6315 4.433560284789064
6402 1.4112609838503516
6414 3.1483620405405426
6433 2.06160916317361
6450 6.305362461690656
6521 5.612215281130711
6699 4.165296298194385
6729 4.388977195034689
6742 4.600614369452231
6882 5.206750173022546
6908 1.0061308387793944
6953 2.681021528714291
7044 3.761031659667692
7104 -1.9904637499538764
7311 2.236335707452845
7333 4.8012850649143815
7421 6.474619053114077
7459 2.1944885975173447
7534 2.485534857327378
7569 1.0170954309961207
7719 4.8012850649143815
7904 2.211017899468555
7932 1.8745456628473423
7935 2.335070548138534
8026 5.052599493195288
8043 1.730651483187273
8096 2.9066643955420775
8242 2.035665011990694
8262 2.0712559570933964
8290 5.612215281130711
8299 4.433560284789064
8315 2.764403137653342
8323 3.1698682457615064
8337 1.9550845253313545
8496 14.008008323136483
8523 3.628163178522168
8529 5.612215281130711
8648 2.434161450782765
8672 2.8876357780772897
8710 3.3072226782563283
8723 1.5262389685791264
8784 2.146479378330984
8850 1.7153059135126125
8946 2.7218435232345457
9106 1.0850066366123312
9110 2.035665011990694
9115 3.047265923669174
9122 4.123476408189788
9151 1.258716730071367
9175 3.597312260588446
9229 2.3933394562625097
9270 3.1066893441399746
9345 2.66777630196427
9346 2.498699971920336
9353 2.476721065201561
9428 2.498699971920336
9531 1.67063347346102
9559 -1.4143820455345566
9560 5.052599493195288
9584 10.778143459633002
9588 4.359452312635343
9589 1.3115342859107813
9702 5.389071729816501
9733 1.0850066366123312
9775 6.305362461690656
9970 0.4837969513780714
9977 7.726030852642903
10202 2.591790394986348
10261 3.9539872045271784
10278 3.2849375755462935
10294 2.70805020110221
10301 4.22592092001082
10326 0.5230769255465112
10329 -0.4201813914191953
10422 0.7087940713416041
10431 1.4437323058179135
10447 10.369120023984513
10473 1.7781538171722764
10487 1.981229805435677
10532 2.9209721983448818
10709 3.666305132075397
10742 1.7890234894091803
10749 3.526391240302747
10753 2.7790019370744945
10993 4.22592092001082
11018 5.206750173022546
11032 2.175425996420148
11037 4.05407066308416
11089 1.1549652252192415
11094 6.305362461690656
11102 4.656610098776375
11106 2.021775899830027
11165 2.1863252868781835
11210 3.21432000833234
11218 1.144042369585821
11266 2.9041650800285006
11299 -1.0423655237318759
11304 3.616488101599373
11334 1.994563336305142
11338 5.206750173022546
11406 5.283601631122019
11426 3.8630154263214513
11444 2.434161450782765
11453 1.3637200390813515
11463 3.47214911763444
11481 1.6186122887101415
11522 7.667575157280854
11576 3.3096301881366648
11677 3.4510201673737084
11772 4.108137884354437
11825 2.9041650800285006
11900 2.049749751872433
11907 4.86832290156553
11939 2.681021528714291
11969 1.5164675941596633
11984 2.4237986637472186
12009 7.004004161568242
12022 1.2122885475024683
12043 2.498699971920336
12045 6.305362461690656
12060 1.5220460903190904
12093 1.6803896484063847
12102 3.9539872045271784
12196 4.165296298194385
12210 3.1698682457615064
12217 9.201228738904462
12218 2.6547042203969173
12241 2.579669034454003
12377 5.384081847927803
12391 9.575541457440844
12400 2.9209721983448818
12424 6.305362461690656
12723 2.288979440938267
12736 3.414990703794491
12796 2.9209721983448818
12803 1.3637200390813515
12832 3.3096301881366648
12833 0.9630282097258448
13045 1.886521853894058
13077 3.047265923669174
13189 1.8745456628473423
13283 4.919068100570765
13333 3.666305132075397
13343 2.973157951515452
13354 1.8280256472124494
13508 1.7255100836868542
13522 6.305362461690656
13553 -0.7409215198883841
13559 3.5645224377654547
13715 4.05407066308416
13734 5.8267915107068795
13736 5.389071729816501
13738 8.45184184002164
13739 6.305362461690656
13743 3.8204558119026557
13775 3.2849375755462935
13867 1.087712998210074
13876 5.612215281130711
13890 2.681021528714291
13891 2.4263701154319968
13941 5.612215281130711
13965 4.359452312635343
13969 4.695924549256556
13978 4.00277736869661
14063 4.00277736869661
14133 6.305362461690656
14174 1.7945029551738059
14237 -2.09174504491248
14267 -0.3823693933135151
14309 3.0274254175198925
14315 3.009525595686327
14352 1.8928409466523688
14381 0.6866029961942954
14431 1.034930298632155
14463 1.67063347346102
14470 3.7796338173824005
14656 1.1405764877671418
14682 1.5431885268928998
14686 6.829981407588982
14933 3.7026727762462723
15020 3.086486636822455
15129 2.8876357780772897
15192 1.489121305622624
15274 6.305362461690656
15292 2.211017899468555
15294 5.389071729816501
15306 1.4399764361695133
15313 3.834210554532276
15332 -12.418493841164961
15341 0.7959741250626788
15362 9.391849098513111
15468 8.08475657653469
15471 0.6940608398286201
15604 2.1233123190494494
15626 4.22592092001082
15651 1.1377234187847354
15672 0.7275212103923018
15677 12.623797143826524
15709 2.1863252868781835
15827 1.9109133070182172
15828 2.1862955883920616
