386
58 4.433560284789064
70 6.9985096422506015
81 5.8998973535824915
83 6.9985096422506015
90 6.9985096422506015
91 6.9985096422506015
98 6.9985096422506015
160 4.919068100570765
194 0.7699986386594181
241 1.6902419448493964
273 6.305362461690656
284 6.9985096422506015
491 3.1066893441399746
600 6.9985096422506015
619 3.666305132075397
628 4.919068100570765
631 4.00277736869661
661 6.9985096422506015
680 4.433560284789064
759 5.052599493195288
935 3.740413104229119
1060 0.06216690641655154
1094 2.335070548138534
1171 2.9209721983448818
1254 6.9985096422506015
1332 6.305362461690656
1357 6.9985096422506015
1362 6.305362461690656
1379 2.1481658635875345
1404 1.3708885285599641
1451 5.389071729816501
1498 3.7796338173824005
1515 3.740413104229119
1703 4.00277736869661
1750 1.1068654304248302
1782 2.7218435232345457
1884 1.9486536350010641
1926 5.612215281130711
1927 6.305362461690656
1931 4.8012850649143815
1979 3.9539872045271784
2042 3.7796338173824005
2064 1.5647876386963615
2103 2.4446327506500602
2224 1.981229805435677
2271 0.34178311807220957
2394 4.05407066308416
2434 2.413542163580029
2450 -1.2217137914072214
2506 3.1483620405405426
2567 1.7153059135126125
2588 4.108137884354437
2652 4.108137884354437
2667 3.9074671888922854
2705 1.6657908489852322
2745 3.8630154263214513
2768 4.8012850649143815
2796 4.670141096277068
2820 2.4446327506500602
2822 4.695924549256556
2893 2.5098732725184614
2924 2.0286963426746007
2935 1.2640783890383267
2964 1.800870720168722
2977 3.47214911763444
3046 2.9911764570181303
3057 6.7090071223585355
3189 3.5645224377654547
3335 5.389071729816501
3444 11.224430562261421
3498 2.87137525720551
3506 7.385089753800008
3529 5.389071729816501
3575 6.521680047934466
3578 1.2031599740689096
3598 8.16639015476959
3614 7.189140056175367
3657 2.6164830075767194
3678 3.00617266089474
3690 2.9945028634117485
3759 2.4033897921160112
3774 1.7255100836868542
3807 2.3256808077886952
3814 2.236335707452845
3853 6.9985096422506015
3877 3.1698682457615064
3896 1.403798262648762
3923 3.1273086313427103
3982 1.0769312226067855
4053 -0.2990403008364371
4070 3.320596291274491
4174 3.3875917296063767
4203 6.9985096422506015
4245 3.597312260588446
4249 5.8998973535824915
4286 2.130975191795019
4314 2.764403137653342
4315 6.9985096422506015
4333 1.4651201535230811
4334 3.1698682457615064
4364 6.9985096422506015
4400 2.938066631704182
4402 4.919068100570765
4416 2.727440078162703
4482 3.7796338173824005
4483 6.9985096422506015
4491 10.413500346045092
4492 5.8998973535824915
4507 2.298029276458185
4513 6.9985096422506015
4711 1.9296054400303697
4721 4.8012850649143815
4750 1.3262113992855786
4765 1.4150133334689021
4831 5.052599493195288
4878 1.3672978604292356
4947 3.414990703794491
4964 3.9477418642420363
4996 4.290459441148391
5055 2.2278250177849364
5101 3.414990703794491
5132 6.9985096422506015
5149 6.305362461690656
5339 1.1784267118982394
5350 5.910916748832102
5371 6.9985096422506015
5392 2.130975191795019
5484 0.9464204733261844
5517 3.2464624691328723
5554 4.216321028057695
5563 3.1066893441399746
5590 1.4533321977710387
5630 0.3574615133704861
5635 6.60815728996158
5677 5.612215281130711
5735 3.502002080784121
5777 5.052599493195288
5960 3.6312138122641273
5999 2.5098732725184614
6003 3.3609234825242154
6043 1.5913378707904824
6088 1.2146844599208637
6123 2.288979440938267
6216 2.3933394562625097
6228 6.473635837972001
6233 3.1918471524802814
6250 1.7727629685373998
6345 3.414990703794491
6354 6.9985096422506015
6368 7.529619817555384
6385 17.699692060747473
6387 2.9911764570181303
6388 6.9985096422506015
6390 3.047265923669174
6488 3.0666840095262753
6533 3.3349479961209547
6577 4.05407066308416
6675 5.019746545036923
6729 2.1944885975173447
6742 4.600614369452231
6776 1.942263836902293
6796 11.799794707164983
6872 2.6095550068958033
6887 13.824850406314525
6898 2.162227735299123
6908 0.33537694625979814
6919 2.84512107820857
6978 7.907974409054357
7024 5.8998973535824915
7104 -1.3269758333025843
7203 3.1066893441399746
7215 2.344549292093078
7286 2.822521967700703
7306 2.4876501357337513
7424 3.3609234825242154
7431 2.6040604875781623
7459 4.388977195034689
7482 1.8055527913603908
7497 2.1042009669499975
7534 1.242767428663689
7569 1.0170954309961207
7578 2.607686396804592
7580 6.9985096422506015
7633 1.8745456628473423
7650 2.1081605140288473
7716 5.389071729816501
7745 3.9074671888922854
7813 1.0145733615634107
8007 1.904759441443839
8022 6.9985096422506015
8030 3.1918471524802814
8043 1.730651483187273
8046 16.432551537417748
8096 1.4533321977710387
8111 5.612215281130711
8159 6.9985096422506015
8182 2.681021528714291
8208 3.8630154263214513
8230 2.37353682896633
8234 4.8012850649143815
8250 4.919068100570765
8256 1.6803896484063847
8265 4.108137884354437
8267 4.165296298194385
8276 3.21432000833234
8284 3.9539872045271784
8370 6.305362461690656
8391 2.555858385760285
8569 3.7026727762462723
8585 3.47214911763444
8593 4.165296298194385
8658 4.695924549256556
8660 3.350999326224386
8705 3.0282177286984795
8710 0.551203779709388
8799 3.502002080784121
8810 7.004004161568242
8840 3.1698682457615064
8850 1.7153059135126125
8928 2.6710983242293107
8978 1.6140145794615122
8987 2.211017899468555
9108 4.359452312635343
9110 2.035665011990694
9115 3.047265923669174
9122 1.3744921360632627
9146 6.305362461690656
9213 3.7026727762462723
9276 2.6944445490464313
9284 3.9074671888922854
9325 5.8998973535824915
9340 9.83813620114153
9372 4.6513616155773905
9389 5.612215281130711
9423 2.8876357780772897
9453 4.8012850649143815
9458 7.262427624528255
9554 5.086647578653616
9593 6.305362461690656
9645 4.043551799660054
9701 4.359452312635343
9709 1.082307579643166
9711 1.8686109273275278
9765 3.567147769283231
9922 6.669895992241909
9961 4.600614369452231
9970 0.9675939027561428
10001 2.0640357091199095
10060 4.8012850649143815
10081 6.305362461690656
10114 1.3014161557451966
10188 5.612215281130711
10307 2.5676928434072877
10422 0.7087940713416041
10437 2.7345957208584712
10441 3.7026727762462723
10443 4.9753002714675025
10479 4.513602992462601
10487 1.981229805435677
10617 6.305362461690656
10645 9.201228738904462
10751 1.5879037593638217
10753 2.7790019370744945
10754 3.1698682457615064
10759 3.0666840095262753
10774 4.513602992462601
10863 3.4431615807611875
10868 -0.7414442912474055
10872 3.2097641917964794
10940 6.305362461690656
10962 5.258123579567159
10981 3.086486636822455
11012 4.919068100570765
11023 2.576165249751463
11081 6.9985096422506015
11106 2.021775899830027
11110 0.8102455191680114
11116 5.732739921054652
11140 2.15432255579201
11165 2.1863252868781835
11202 2.9209721983448818
11266 2.9041650800285006
11299 -3.6482793330615655
11302 3.47214911763444
11304 2.410992067732915
11308 2.5098732725184614
11375 2.681021528714291
11409 3.502002080784121
11446 3.597312260588446
11481 1.6186122887101415
11558 6.9985096422506015
11625 8.74347658255305
11678 4.513602992462601
11704 3.1483620405405426
11836 2.37353682896633
11889 2.7790019370744945
11969 0.7582337970798316
12001 7.7030785302218625
12034 3.7296062085874135
12051 3.5645224377654547
12057 2.10066984229969
12093 1.6803896484063847
12122 2.3927825337470767
12181 3.8204558119026557
12277 3.1273086313427103
12282 11.224430562261421
12293 3.7026727762462723
12344 6.305362461690656
12383 3.756919355131344
12455 -0.6457759976041206
12598 2.5098732725184614
12602 6.305362461690656
12677 3.9539872045271784
12679 6.383329041513287
12723 2.288979440938267
12751 6.9985096422506015
12772 5.659565561682174
12773 5.295705100605404
12781 4.997399943840672
12896 6.474619053114077
13133 4.433560284789064
13208 1.3115342859107813
13221 6.9985096422506015
13312 2.955458374416051
13343 2.973157951515452
13359 2.6290617897835795
13491 2.288979440938267
13547 1.6003469407328483
13553 -3.7046075994419203
13672 3.052477937158253
13681 2.498699971920336
13711 4.600614369452231
13753 3.7026727762462723
13754 3.8204558119026557
13817 3.5645224377654547
13823 4.433560284789064
13825 2.7218435232345457
13843 2.1782280766455644
13891 2.4263701154319968
13913 2.8396265588909295
13919 7.194624521176892
13973 10.105198986390576
14078 2.5098732725184614
14093 2.973157951515452
14163 4.359452312635343
14164 12.32441365306331
14198 3.047265923669174
14207 6.9985096422506015
14208 1.1873686492739008
14237 -0.6972483483041599
14267 -1.1471081799405454
14316 4.22592092001082
14381 0.457735330796197
14431 4.13972119452862
14447 3.1483620405405426
14490 3.3096301881366648
14644 3.597312260588446
14656 2.2811529755342836
14906 0.4013639403639497
15037 2.3163784151263815
15042 6.9985096422506015
15097 3.6312138122641273
15121 3.1737271807911225
15181 10.50891342054069
15192 4.467363916867872
15302 6.721846965048431
15306 4.31992930850854
15313 3.834210554532276
15315 6.9985096422506015
15317 3.0666840095262753
15332 -3.1046234602912404
15413 3.834593596929569
15416 5.389071729816501
15418 2.1233123190494494
15517 1.886521853894058
15551 2.3157359697544058
15566 5.389071729816501
15576 3.009525595686327
15595 5.3283318165526765
15602 5.052599493195288
15614 11.589046278964354
15672 0.7275212103923018
15694 2.938066631704182
15721 5.389071729816501
15771 0.04619142958929879
15805 4.01615411094373
