355
33 5.8998973535824915
34 4.513602992462601
209 1.7001922757025645
279 2.6418008155610093
327 2.20271909665386
373 2.750014400201242
389 1.6419233675785887
420 5.8998973535824915
491 3.1066893441399746
496 4.560021541911013
537 4.919068100570765
546 6.9985096422506015
551 3.9074671888922854
575 6.305362461690656
690 4.22592092001082
730 2.298029276458185
751 4.22592092001082
758 5.8998973535824915
787 4.071330023981388
830 5.052599493195288
1040 5.612215281130711
1060 0.7460028769986184
1094 2.335070548138534
1190 6.9985096422506015
1301 5.612215281130711
1308 6.9985096422506015
1379 1.0740829317937672
1498 3.7796338173824005
1507 3.8630154263214513
1724 6.305362461690656
1782 2.7218435232345457
1820 3.3875917296063767
1884 1.9486536350010641
1938 2.66777630196427
1976 4.695924549256556
1984 4.513602992462601
2103 2.4446327506500602
2157 5.8998973535824915
2233 3.260840023967233
2269 1.8686109273275278
2302 3.009525595686327
2398 3.740413104229119
2421 1.5431885268928998
2434 2.413542163580029
2450 -1.2217137914072214
2492 6.094531847338348
2506 6.296724081081085
2567 1.7153059135126125
2603 3.3609234825242154
2652 4.108137884354437
2667 7.814934377784571
2681 6.9985096422506015
2796 14.010423288831205
2849 6.9985096422506015
2863 6.9985096422506015
2893 7.529619817555384
2904 4.165296298194385
2935 0.6320391945191633
3044 5.8998973535824915
3046 2.9911764570181303
3048 5.019746545036923
3062 2.8396265588909295
3259 3.1918471524802814
3341 5.389071729816501
3506 8.20565528200001
3578 2.4063199481378192
3597 2.8876357780772897
3598 2.3332543299341686
3613 5.710749831718137
3614 7.189140056175367
3632 3.47214911763444
3644 5.206750173022546
3678 3.00617266089474
3697 6.305362461690656
3709 11.616660320114002
3737 1.8055527913603908
3808 4.108137884354437
3833 4.600614369452231
3873 4.108137884354437
3877 3.1698682457615064
3897 5.8998973535824915
3932 8.10814132616832
3985 2.5098732725184614
3995 1.751485570090115
4053 -0.4485604512546557
4070 2.2137308608496604
4076 3.4431615807611875
4114 1.3890378470656415
4174 3.3875917296063767
4265 3.5327737394508745
4333 4.395360460569243
4334 3.1698682457615064
4342 4.108137884354437
4416 2.727440078162703
4467 4.22592092001082
4507 2.298029276458185
4522 0.2603571476546441
4576 2.085854756514549
4646 1.8686109273275278
4651 3.8630154263214513
4711 1.9296054400303697
4750 0.33155284982139466
4753 3.9074671888922854
4809 2.8088549002241754
4866 2.5211728277723946
4876 4.489838902288473
4878 1.3672978604292356
4964 2.255852493852592
5033 4.246624638098899
5101 3.414990703794491
5283 6.569875151092587
5287 6.9985096422506015
5331 3.2373095265570386
5369 3.047265923669174
5519 4.919068100570765
5563 6.213378688279949
5581 3.0666840095262753
5590 1.4533321977710387
5630 0.9532307023212963
5635 2.20271909665386
5644 6.305362461690656
5737 3.740413104229119
5752 3.9539872045271784
5776 4.919068100570765
5895 2.4033897921160112
5946 4.433560284789064
5960 3.6312138122641273
5980 3.8630154263214513
5981 8.566124747577206
6043 1.5913378707904824
6064 2.138697237888929
6112 5.052599493195288
6122 3.502002080784121
6126 5.052599493195288
6130 3.0666840095262753
6151 1.4075226617397445
6156 1.8000126109847754
6165 3.3096301881366648
6169 2.4033897921160112
6216 4.786678912525019
6223 2.8088549002241754
6233 3.1918471524802814
6368 10.039493090073845
6381 6.9985096422506015
6433 0.5154022907934025
6519 5.052599493195288
6657 2.138697237888929
6776 1.942263836902293
6818 4.433560284789064
6819 1.7153059135126125
6872 1.3047775034479017
6878 5.710749831718137
6887 14.9769212735074
6908 0.33537694625979814
6919 8.53536323462571
6970 2.1863252868781835
6978 3.9539872045271784
6983 3.414990703794491
7104 -3.3174395832564607
7165 10.413500346045092
7170 1.6186122887101415
7249 5.389071729816501
7337 6.305362461690656
7343 5.612215281130711
7344 1.6325336272287498
7401 1.886521853894058
7431 2.6040604875781623
7459 6.583465792552034
7462 1.942263836902293
7482 3.6111055827207816
7534 1.242767428663689
7578 1.0430745587218369
7745 3.9074671888922854
7813 1.0145733615634107
7832 3.047265923669174
7838 2.1081605140288473
7959 4.00277736869661
7981 2.0426825846493406
8046 12.32441365306331
8096 2.9066643955420775
8256 1.6803896484063847
8262 2.0712559570933964
8276 3.21432000833234
8439 0.4690908039883759
8643 2.001297368486486
8660 1.675499663112193
8705 3.0282177286984795
8708 1.4810567457858934
8731 4.0573926853492015
8736 1.1933746733341126
8745 2.5441623459970937
8751 3.8630154263214513
8810 7.004004161568242
8906 3.047265923669174
8908 3.6312138122641273
8975 2.3933394562625097
8993 2.973157951515452
9106 1.0850066366123312
9122 2.7489842721265254
9123 6.9985096422506015
9170 1.2232606457759125
9196 5.206750173022546
9221 5.052599493195288
9310 3.4431615807611875
9356 4.290459441148391
9372 2.3256808077886952
9384 1.3355491621146554
9445 2.973157951515452
9448 4.290459441148391
9458 10.893641436792382
9484 7.907974409054357
9554 3.814985683990212
9645 6.06532769949008
9698 1.9878743481543455
9711 1.8686109273275278
9880 5.612215281130711
9922 10.004843988362865
9970 0.9675939027561428
10006 2.6944445490464313
10161 3.6312138122641273
10199 2.3256808077886952
10216 5.612215281130711
10258 1.8000126109847754
10302 2.6290617897835795
10306 2.15432255579201
10337 4.919068100570765
10443 2.4876501357337513
10472 5.389071729816501
10479 9.027205984925201
10532 2.9209721983448818
10749 1.1754637467675824
10751 2.3818556390457326
10825 2.0149030205422647
10863 3.4431615807611875
10868 -0.18536107281185138
10872 1.6048820958982397
10962 2.6290617897835795
11023 1.2880826248757316
11032 1.087712998210074
11034 1.5958322603783217
11116 7.643653228072869
11139 2.87137525720551
11140 4.30864511158402
11157 4.600614369452231
11163 3.7796338173824005
11168 3.834593596929569
11202 2.9209721983448818
11244 5.8998973535824915
11266 2.9041650800285006
11299 -4.169462094927503
11304 2.410992067732915
11318 3.8630154263214513
11416 4.356456153291129
11438 3.3349479961209547
11446 3.597312260588446
11448 5.8998973535824915
11625 2.91449219418435
11646 2.3541187431092285
11671 2.2535775138873513
11678 4.513602992462601
11704 3.1483620405405426
11754 3.1918471524802814
11778 2.8553749158590684
11902 4.433560284789064
11969 0.7582337970798316
11982 3.9074671888922854
12001 2.5676928434072877
12014 2.9911764570181303
12034 7.459212417174827
12060 1.5220460903190904
12093 3.3607792968127694
12122 1.1963912668735384
12181 3.8204558119026557
12226 5.8998973535824915
12277 3.1273086313427103
12283 2.6040604875781623
12366 4.695924549256556
12383 1.2523064517104479
12435 3.8204558119026557
12447 2.8396265588909295
12503 2.2278250177849364
12578 2.4237986637472186
12610 2.4237986637472186
12679 3.1916645207566434
12717 0.5999147077153936
12772 1.886521853894058
12773 5.295705100605404
12837 3.4431615807611875
12860 4.600614369452231
12976 3.9539872045271784
13001 1.4730567031188173
13271 3.3875917296063767
13312 2.955458374416051
13319 1.8055527913603908
13343 2.973157951515452
13354 3.656051294424899
13390 2.236335707452845
13423 3.9539872045271784
13436 6.9985096422506015
13539 6.9985096422506015
13553 -2.593225319609344
13572 1.8745456628473423
13648 4.359452312635343
13828 3.3349479961209547
13843 2.1782280766455644
13916 3.1066893441399746
13944 3.9074671888922854
13973 5.052599493195288
14085 3.1698682457615064
14093 2.973157951515452
14136 1.4810567457858934
14153 2.4876501357337513
14163 4.359452312635343
14164 8.216275768708874
14208 5.936843246369504
14309 1.5137127087599462
14313 1.6466515087745348
14340 4.108137884354437
14365 3.8630154263214513
14371 4.600614369452231
14381 1.1443383269904925
14431 1.034930298632155
14485 5.389071729816501
14507 1.8510151654371483
14646 6.9985096422506015
14656 2.2811529755342836
14682 1.5431885268928998
14717 4.695924549256556
14833 6.9985096422506015
14906 0.4013639403639497
14998 3.5645224377654547
15037 2.3163784151263815
15077 4.600614369452231
15121 3.1737271807911225
15181 7.00594228036046
15192 1.489121305622624
15247 2.498699971920336
15306 7.199882180847567
15313 9.58552638633069
15332 -20.18005249189306
15413 2.556395731286379
15424 1.8111238364098463
15435 2.750014400201242
15457 4.359452312635343
15517 3.773043707788116
15529 5.8998973535824915
15576 3.009525595686327
15578 3.5890059103476117
15592 2.87137525720551
15595 6.660414770690846
15614 11.589046278964354
15650 2.130975191795019
15726 6.9985096422506015
15771 0.06928714438394819
15805 4.01615411094373
