68
62 4.695924549256556
174 1.6232312345664361
512 2.0785287164224764
556 6.305362461690656
576 6.305362461690656
769 3.9539872045271784
829 3.5645224377654547
1938 2.66777630196427
2049 2.37353682896633
2221 3.0282177286984795
2567 1.7153059135126125
2796 2.335070548138534
2893 2.5098732725184614
2913 1.720394983020084
3189 3.5645224377654547
3678 1.0020575536315801
3957 4.695924549256556
3995 1.751485570090115
4053 -0.07476007520910928
4333 1.4651201535230811
4416 1.3637200390813515
4482 3.7796338173824005
4536 2.70805020110221
4695 2.87137525720551
4964 3.3837787407788884
5630 0.11915383779016203
5973 1.4770487243883548
5980 3.8630154263214513
6533 3.3349479961209547
6675 2.5098732725184614
6776 1.942263836902293
6919 1.422560539104285
7104 -0.6634879166512921
7410 5.206750173022546
7431 2.6040604875781623
7482 3.6111055827207816
7578 0.5215372793609184
7813 1.0145733615634107
7832 6.094531847338348
7838 2.1081605140288473
8208 3.8630154263214513
8256 1.6803896484063847
8267 4.165296298194385
8660 1.675499663112193
8705 3.0282177286984795
9372 2.3256808077886952
9554 1.271661894663404
9645 2.021775899830027
9711 1.8686109273275278
11218 0.5720211847929105
11299 -0.5211827618659379
11625 4.371738291276525
12028 2.591790394986348
12034 3.7296062085874135
12181 3.8204558119026557
12248 3.3609234825242154
12277 3.1273086313427103
12679 6.383329041513287
12773 2.647852550302702
12823 1.034930298632155
13412 2.5098732725184614
13513 3.7026727762462723
14267 -0.7647387866270302
14370 3.666305132075397
15247 2.498699971920336
15576 3.009525595686327
15771 0.023095714794649395
15805 2.008077055471865
