31
302 1.7153059135126125
2334 0.7939518796819108
2638 2.130975191795019
3192 1.0095482253607377
4219 1.7567626271909589
4405 1.3460204619819507
4783 2.1782280766455644
4876 2.2449194511442365
5279 1.7410142702228197
5590 1.4533321977710387
5831 5.389071729816501
6908 0.33537694625979814
7157 3.8630154263214513
8138 4.8012850649143815
8556 1.8223599096767722
9365 1.4972514317058743
9429 3.3609234825242154
9990 0.5671785603171224
10250 2.9209721983448818
10329 -0.21009069570959765
11032 1.087712998210074
11840 3.3804838896987928
12407 1.67038967643192
12455 -0.2152586658680402
12491 4.22592092001082
13106 2.335070548138534
13795 1.5389241281064423
13873 3.740413104229119
14237 -0.6972483483041599
14447 3.1483620405405426
15169 2.335070548138534
