130
822 4.05407066308416
830 5.052599493195288
969 4.359452312635343
1852 4.433560284789064
1893 1.7567626271909589
2030 6.669895992241909
2357 1.1873686492739008
2394 4.05407066308416
2450 -1.832570687110832
2567 1.7153059135126125
2796 2.335070548138534
2935 0.6320391945191633
2970 4.919068100570765
3057 2.236335707452845
3336 6.9985096422506015
3366 4.695924549256556
3420 5.612215281130711
3498 2.87137525720551
3678 1.0020575536315801
3850 3.9074671888922854
3957 4.695924549256556
4053 -0.07476007520910928
4154 6.305362461690656
4346 5.052599493195288
4354 5.052599493195288
4416 2.727440078162703
4482 3.7796338173824005
4499 6.9985096422506015
4939 3.4431615807611875
4964 5.075668111168333
5326 3.1483620405405426
5341 6.305362461690656
5443 2.9041650800285006
5563 3.1066893441399746
5666 3.47214911763444
6271 6.305362461690656
6368 2.5098732725184614
6799 5.612215281130711
6893 4.919068100570765
6897 6.9985096422506015
6938 4.22592092001082
7104 -0.6634879166512921
7197 1.730651483187273
7215 4.689098584186156
7431 2.6040604875781623
7482 1.8055527913603908
7578 0.5215372793609184
7583 6.9985096422506015
7650 2.1081605140288473
7676 6.9985096422506015
7764 1.7052048175261088
7832 3.047265923669174
7844 5.206750173022546
7942 4.165296298194385
8096 2.9066643955420775
8209 6.9985096422506015
8256 1.6803896484063847
8267 4.165296298194385
8439 0.4690908039883759
8865 6.9985096422506015
8928 1.3355491621146554
9022 11.224430562261421
9064 4.600614369452231
9106 1.0850066366123312
9151 1.258716730071367
9170 0.6116303228879563
9308 3.1698682457615064
9372 2.3256808077886952
9458 3.6312138122641273
9554 1.271661894663404
9595 4.108137884354437
9645 2.021775899830027
9711 1.8686109273275278
9724 4.600614369452231
10060 4.8012850649143815
10114 1.3014161557451966
10140 6.305362461690656
10431 1.4437323058179135
10868 -0.18536107281185138
10930 7.004004161568242
10973 5.587634045719271
11116 3.8218266140364343
11168 1.2781978656431896
11294 4.600614369452231
11299 -1.0423655237318759
11305 4.128071418239819
11375 2.681021528714291
11409 3.502002080784121
11625 4.371738291276525
12034 5.594409312881121
12102 7.907974409054357
12111 3.989126672610284
12175 5.910916748832102
12248 3.3609234825242154
12254 2.335070548138534
12273 3.7026727762462723
12277 3.1273086313427103
12312 2.7938170228596353
12334 3.414990703794491
12455 -0.2152586658680402
12494 15.620250519067639
12679 7.979161301891608
12773 5.295705100605404
12775 6.305362461690656
13001 1.4730567031188173
13150 5.052599493195288
13248 6.9985096422506015
13410 5.206750173022546
13412 2.5098732725184614
13451 3.4431615807611875
13541 6.9985096422506015
13553 -0.7409215198883841
14174 1.7945029551738059
14179 6.9985096422506015
14370 14.665220528301589
14455 1.637217476541176
14515 3.0666840095262753
14626 5.500028800402484
14717 4.695924549256556
15121 3.1737271807911225
15155 2.0712336022232116
15247 2.498699971920336
15306 0.7199882180847567
15332 -1.5523117301456202
15413 1.2781978656431896
15471 0.6940608398286201
15595 1.3320829541381691
15771 0.023095714794649395
15792 6.9985096422506015
15805 2.008077055471865
