170
62 4.695924549256556
64 5.612215281130711
174 6.492924938265745
549 4.919068100570765
567 5.8998973535824915
804 5.206750173022546
1838 3.414990703794491
1839 2.093234863812172
1957 1.8223599096767722
1979 3.9539872045271784
2017 3.3875917296063767
2103 2.4446327506500602
2201 2.035665011990694
2450 -0.6108568957036107
2538 1.422560539104285
2594 7.1290448755309095
2705 1.6657908489852322
2862 1.4690805547391779
2920 0.6795415285041667
2924 2.0286963426746007
2935 0.6320391945191633
3048 2.5098732725184614
3190 4.8012850649143815
3205 3.1273086313427103
3352 4.359452312635343
3374 1.9680717208581657
3380 4.708237486218457
3398 6.9985096422506015
3614 2.875656022470147
3637 3.260840023967233
3678 2.0041151072631602
3700 1.2947271675944
3759 4.8067795842320225
3783 6.9985096422506015
3788 2.750014400201242
3942 3.3875917296063767
4026 2.8876357780772897
4053 -0.22428022562732786
4086 4.22592092001082
4087 6.9985096422506015
4199 3.8630154263214513
4253 4.22592092001082
4363 3.7796338173824005
4380 5.389071729816501
4381 2.0149030205422647
4405 1.3460204619819507
4476 3.740413104229119
4549 5.283601631122019
4551 3.9074671888922854
4750 0.33155284982139466
4773 4.108137884354437
4852 1.258716730071367
5033 2.1233123190494494
5316 2.236335707452845
5318 3.1066893441399746
5331 9.711928579671117
5341 6.305362461690656
5630 0.5957691889508101
5667 6.9985096422506015
5900 2.8553749158590684
5980 3.8630154263214513
6049 4.071330023981388
6055 3.7796338173824005
6235 1.2270685191205855
6364 3.260840023967233
6467 2.2535775138873513
6745 6.9985096422506015
6853 3.260840023967233
6872 1.3047775034479017
6887 1.152070867192877
6955 6.305362461690656
6993 4.05407066308416
7057 3.2849375755462935
7104 -2.6539516666051686
7430 6.6192603762733295
7431 15.624362925468974
7578 1.5646118380827554
7650 2.1081605140288473
7813 1.0145733615634107
7899 5.052599493195288
7946 4.290459441148391
7981 2.0426825846493406
8041 3.597312260588446
8167 3.6312138122641273
8283 2.8876357780772897
8400 10.791936781765338
8788 2.146479378330984
8810 3.502002080784121
8872 6.9985096422506015
8886 1.3081501879265407
8890 6.840032312866519
8979 1.7890234894091803
9106 1.0850066366123312
9108 4.359452312635343
9170 0.6116303228879563
9295 4.8012850649143815
9372 4.6513616155773905
9554 2.543323789326808
9711 3.7372218546550555
9817 1.3183370332335338
10258 1.8000126109847754
10296 3.2849375755462935
10431 0.7218661529089567
10441 3.7026727762462723
10751 0.7939518796819108
10754 3.1698682457615064
10770 2.4876501357337513
10868 -0.18536107281185138
11218 1.144042369585821
11299 -0.5211827618659379
11305 2.0640357091199095
11375 2.681021528714291
11570 2.3867493466682252
11597 3.0666840095262753
11598 6.9985096422506015
11625 1.457246097092175
11671 2.2535775138873513
11781 2.591790394986348
12022 0.40409618250082274
12043 2.498699971920336
12277 3.1273086313427103
12383 2.5046129034208957
12455 -0.4305173317360804
12494 5.206750173022546
12773 6.178322617372971
12775 6.305362461690656
12780 6.9985096422506015
12823 2.06986059726431
12878 3.5327737394508745
12920 5.8998973535824915
13043 3.4431615807611875
13080 0.8123010183501074
13310 3.666305132075397
13312 5.910916748832102
13338 2.5211728277723946
13411 2.8088549002241754
13425 5.389071729816501
13444 4.22592092001082
13547 1.6003469407328483
13553 -1.4818430397767681
13704 4.695924549256556
13750 2.162227735299123
13986 3.47214911763444
14008 4.002594736972972
14078 2.5098732725184614
14119 5.612215281130711
14174 1.7945029551738059
14237 -1.3944966966083199
14267 -1.9118469665675755
14347 5.8998973535824915
14381 0.6866029961942954
14455 1.637217476541176
14463 1.67063347346102
14586 4.05407066308416
14682 1.5431885268928998
15121 1.5868635903955612
15155 0.6904112007410705
15181 1.751485570090115
15306 0.7199882180847567
15312 6.9985096422506015
15332 -1.5523117301456202
15358 5.159338068908006
15413 2.556395731286379
15501 4.513602992462601
15543 5.389071729816501
15551 3.4736039546316086
15648 5.135385686814575
15650 2.130975191795019
15672 0.7275212103923018
15771 0.06928714438394819
