124
241 1.6902419448493964
373 2.750014400201242
764 3.502002080784121
906 4.05407066308416
976 6.9985096422506015
1884 1.9486536350010641
2064 1.5647876386963615
2103 2.4446327506500602
2424 8.877544596556287
2434 4.827084327160058
2492 3.047265923669174
2567 1.7153059135126125
2777 5.052599493195288
2796 2.335070548138534
2953 5.8998973535824915
3057 2.236335707452845
3228 3.9074671888922854
3247 4.600614369452231
3506 1.6411310564000017
3598 1.1666271649670843
3614 1.4378280112350734
3678 4.0082302145263204
3951 3.9539872045271784
3972 4.919068100570765
3993 10.778143459633002
4070 2.2137308608496604
4334 3.1698682457615064
4432 3.740413104229119
4537 2.039247754698959
4576 2.085854756514549
4938 3.4431615807611875
4964 4.511704987705184
4976 2.288979440938267
5518 1.5868635903955612
5630 0.11915383779016203
5884 6.305362461690656
6004 18.640136064839847
6017 6.305362461690656
6123 2.288979440938267
6221 8.566124747577206
6488 3.0666840095262753
6539 2.434161450782765
6675 2.5098732725184614
6776 1.942263836902293
6887 3.456212601578631
6898 4.324455470598246
6919 1.422560539104285
6953 2.681021528714291
7104 -0.6634879166512921
7325 2.8088549002241754
7401 1.886521853894058
7569 1.0170954309961207
7894 5.8998973535824915
8182 2.681021528714291
8256 1.6803896484063847
8262 2.0712559570933964
8301 4.827084327160058
8439 0.4690908039883759
8576 6.9985096422506015
8660 1.675499663112193
8695 3.910169050662709
8736 2.3867493466682252
8850 1.7153059135126125
8928 1.3355491621146554
8946 2.7218435232345457
8987 6.633053698405666
9170 0.6116303228879563
9345 2.66777630196427
9372 2.3256808077886952
9602 2.2800107709555064
9645 6.06532769949008
10163 7.814934377784571
10306 2.15432255579201
10431 1.4437323058179135
10473 3.5563076343445528
10628 4.165296298194385
10629 3.7026727762462723
10868 -0.18536107281185138
10872 1.6048820958982397
10886 2.87137525720551
10898 4.8012850649143815
11023 1.2880826248757316
11034 1.5958322603783217
11116 7.643653228072869
11266 2.9041650800285006
11299 -0.5211827618659379
11625 1.457246097092175
11725 4.359452312635343
11754 3.1918471524802814
11969 0.7582337970798316
12034 4.662007760734267
12042 5.283601631122019
12081 2.363780654020965
12111 1.994563336305142
12283 2.6040604875781623
12377 2.6920409239639014
12383 1.2523064517104479
12679 1.5958322603783217
12708 1.5958322603783217
12723 4.577958881876534
12772 5.659565561682174
12773 3.530470067070269
12823 1.034930298632155
12983 4.22592092001082
13080 1.6246020367002147
13491 6.866938322814802
13508 1.7255100836868542
13527 2.049749751872433
13553 -3.7046075994419203
13670 2.6164830075767194
13825 2.7218435232345457
14208 1.1873686492739008
14686 3.414990703794491
14754 3.8204558119026557
14870 5.612215281130711
15034 4.919068100570765
15181 1.751485570090115
15306 5.759905744678053
15313 3.834210554532276
15332 -6.209246920582481
15576 3.009525595686327
15587 1.2947271675944
15592 2.87137525720551
15595 1.3320829541381691
