412
62 4.695924549256556
448 5.612215281130711
493 6.339736491523013
496 2.2800107709555064
500 2.1701959049483
528 9.027205984925201
544 5.612215281130711
547 5.612215281130711
563 5.389071729816501
566 5.612215281130711
574 5.206750173022546
587 5.612215281130711
769 3.9539872045271784
804 5.206750173022546
825 4.433560284789064
829 3.5645224377654547
969 4.359452312635343
1018 3.7796338173824005
1060 0.1865007192496546
1171 2.9209721983448818
1310 3.7796338173824005
1381 2.6547042203969173
1523 5.389071729816501
1750 1.1068654304248302
1838 3.414990703794491
1852 4.433560284789064
1862 5.052599493195288
1929 4.216321028057695
1960 3.1483620405405426
2030 3.3349479961209547
2103 2.4446327506500602
2221 12.112870914793918
2240 1.65617539028579
2317 5.389071729816501
2344 4.600614369452231
2357 1.1873686492739008
2394 4.05407066308416
2421 1.5431885268928998
2424 2.219386149139072
2434 2.413542163580029
2450 -1.2217137914072214
2484 2.629859749823839
2567 3.430611827025225
2603 3.3609234825242154
2655 5.389071729816501
2739 5.389071729816501
2796 4.670141096277068
2822 4.695924549256556
2893 2.5098732725184614
2896 4.8012850649143815
2904 4.165296298194385
2914 3.4431615807611875
2919 4.388977195034689
2920 0.6795415285041667
2935 0.6320391945191633
3046 2.9911764570181303
3057 4.47267141490569
3095 4.695924549256556
3098 4.695924549256556
3100 2.7938170228596353
3189 3.5645224377654547
3305 5.206750173022546
3374 1.9680717208581657
3481 5.052599493195288
3498 2.87137525720551
3575 3.260840023967233
3578 1.2031599740689096
3593 3.666305132075397
3598 1.1666271649670843
3614 1.4378280112350734
3646 5.135385686814575
3678 1.0020575536315801
3686 12.67776276003246
3694 5.389071729816501
3709 5.808330160057001
3737 1.8055527913603908
3820 1.7890234894091803
3844 3.7026727762462723
3877 3.1698682457615064
3923 3.1273086313427103
4021 1.5054481989100525
4053 -0.22428022562732786
4070 4.427461721699321
4076 3.4431615807611875
4114 1.3890378470656415
4121 9.83813620114153
4155 4.00277736869661
4221 4.290459441148391
4223 2.1863252868781835
4253 4.22592092001082
4254 3.740413104229119
4258 3.3096301881366648
4286 4.261950383590038
4342 8.216275768708874
4346 5.052599493195288
4354 5.052599493195288
4381 2.0149030205422647
4400 8.814199895112546
4416 6.818600195406757
4432 3.740413104229119
4482 7.559267634764801
4507 2.298029276458185
4522 0.2603571476546441
4750 0.994658549464184
4753 3.9074671888922854
4783 2.1782280766455644
4785 3.9074671888922854
4802 4.513602992462601
4826 4.600614369452231
4827 5.8998973535824915
4852 2.517433460142734
4866 2.5211728277723946
4909 14.69080554739178
4912 1.9296054400303697
4939 6.886323161522375
4947 3.414990703794491
4964 18.610783074283884
4989 1.3355491621146554
5101 3.414990703794491
5273 6.42864001666468
5326 3.1483620405405426
5392 2.130975191795019
5468 10.105198986390576
5519 4.919068100570765
5534 3.3875917296063767
5535 4.433560284789064
5537 3.597312260588446
5561 4.513602992462601
5590 2.9066643955420775
5630 0.9532307023212963
5652 3.3096301881366648
5681 4.8012850649143815
5735 3.502002080784121
5821 5.612215281130711
5852 2.4876501357337513
5913 5.612215281130711
5973 2.9540974487767095
6003 3.3609234825242154
6012 7.480826208458238
6078 5.11171677152057
6086 5.612215281130711
6122 3.502002080784121
6130 3.0666840095262753
6151 1.4075226617397445
6163 4.8012850649143815
6164 5.258123579567159
6165 3.3096301881366648
6169 2.4033897921160112
6228 2.5894543351888
6233 3.1918471524802814
6296 5.612215281130711
6344 5.612215281130711
6368 5.019746545036923
6430 5.8998973535824915
6482 4.22592092001082
6488 6.133368019052551
6533 6.669895992241909
6579 9.391849098513111
6657 2.138697237888929
6675 7.529619817555384
6729 2.1944885975173447
6749 5.612215281130711
6776 3.884527673804586
6819 1.7153059135126125
6887 1.152070867192877
6893 4.919068100570765
6898 6.48668320589737
6919 2.84512107820857
6938 4.22592092001082
6939 5.8998973535824915
7025 1.0095482253607377
7033 5.8998973535824915
7104 -1.3269758333025843
7170 1.6186122887101415
7184 5.389071729816501
7249 5.389071729816501
7286 4.2337829515510546
7306 4.9753002714675025
7325 5.617709800448351
7327 3.5327737394508745
7340 4.600614369452231
7344 6.530134508914999
7431 2.6040604875781623
7482 1.8055527913603908
7534 1.242767428663689
7566 4.8012850649143815
7569 3.0512862929883617
7578 4.172298234887347
7614 2.5676928434072877
7745 3.9074671888922854
7764 1.7052048175261088
7768 3.3096301881366648
7820 5.206750173022546
7832 15.23632961834587
7838 4.216321028057695
7958 4.513602992462601
7981 2.0426825846493406
8007 1.904759441443839
8030 3.1918471524802814
8082 6.94429823526888
8090 2.236335707452845
8199 3.009525595686327
8208 3.8630154263214513
8241 5.612215281130711
8242 2.035665011990694
8249 5.8998973535824915
8256 5.041168945219154
8260 4.22592092001082
8267 4.165296298194385
8276 3.21432000833234
8301 2.413542163580029
8404 5.206750173022546
8466 5.8998973535824915
8585 3.47214911763444
8621 2.6418008155610093
8660 3.350999326224386
8679 5.206750173022546
8695 3.910169050662709
8705 6.056435457396959
8710 1.102407559418776
8723 1.5262389685791264
8731 4.0573926853492015
8736 1.1933746733341126
8793 5.612215281130711
8797 5.389071729816501
8810 3.502002080784121
8850 1.7153059135126125
8928 5.342196648458621
8975 2.3933394562625097
8978 4.842043738384536
8987 4.42203579893711
8990 5.612215281130711
9010 2.9209721983448818
9064 9.201228738904462
9122 1.3744921360632627
9154 2.465910149097345
9170 1.2232606457759125
9211 3.502002080784121
9229 2.3933394562625097
9259 4.695924549256556
9284 3.9074671888922854
9295 4.8012850649143815
9321 5.052599493195288
9372 2.3256808077886952
9378 5.052599493195288
9454 3.1698682457615064
9458 3.6312138122641273
9536 5.8998973535824915
9554 2.543323789326808
9595 8.216275768708874
9597 3.1273086313427103
9645 4.043551799660054
9711 1.8686109273275278
9724 4.600614369452231
9825 5.206750173022546
10018 9.602570129828763
10030 2.413542163580029
10036 4.513602992462601
10054 3.0282177286984795
10074 5.612215281130711
10114 2.6028323114903933
10182 5.206750173022546
10194 4.910429719961194
10199 2.3256808077886952
10204 5.612215281130711
10310 4.695924549256556
10326 0.5230769255465112
10329 -0.21009069570959765
10357 7.907974409054357
10367 5.612215281130711
10393 1.9746291214043248
10422 1.4175881426832082
10431 5.053063070362697
10473 1.7781538171722764
10561 1.6003469407328483
10629 3.7026727762462723
10634 4.695924549256556
10751 3.969759398409554
10794 2.938066631704182
10863 6.886323161522375
10868 -0.18536107281185138
10872 1.6048820958982397
10973 2.7938170228596353
10975 5.389071729816501
10976 4.695924549256556
11057 2.555858385760285
11069 5.389071729816501
11110 1.6204910383360227
11116 3.8218266140364343
11210 6.42864001666468
11266 2.9041650800285006
11292 5.8998973535824915
11299 -2.0847310474637517
11332 8.00555473739322
11416 2.1782280766455644
11481 1.6186122887101415
11570 1.1933746733341126
11615 9.391849098513111
11625 13.115214873829576
11696 3.2373095265570386
11754 3.1918471524802814
11781 2.591790394986348
11836 2.37353682896633
11881 5.41610040220442
11902 4.433560284789064
12001 17.973849903851015
12022 0.40409618250082274
12028 2.591790394986348
12034 23.310038803671336
12081 2.363780654020965
12093 3.3607792968127694
12103 9.391849098513111
12111 13.961943354135995
12122 2.3927825337470767
12181 7.640911623805311
12218 2.6547042203969173
12228 3.047265923669174
12248 6.721846965048431
12254 2.335070548138534
12273 3.7026727762462723
12277 3.1273086313427103
12293 3.7026727762462723
12303 3.666305132075397
12334 13.659962815177964
12346 4.8012850649143815
12383 6.261532258552239
12397 4.433560284789064
12455 -0.2152586658680402
12501 4.919068100570765
12535 5.206750173022546
12613 5.8998973535824915
12629 3.3096301881366648
12679 35.10830972832308
12772 16.978696685046522
12773 12.356645234745942
12783 1.8986432144264027
12818 3.1483620405405426
12823 2.06986059726431
12853 2.304141734385754
12903 4.359452312635343
12978 2.383389125409342
12995 4.165296298194385
13031 5.612215281130711
13074 5.8998973535824915
13080 0.8123010183501074
13104 3.2373095265570386
13150 5.052599493195288
13343 2.973157951515452
13354 1.8280256472124494
13409 5.389071729816501
13462 3.3096301881366648
13491 4.577958881876534
13553 -3.3341468394977283
13630 4.290459441148391
13680 2.2449194511442365
13822 7.480826208458238
13828 3.3349479961209547
13843 2.1782280766455644
13950 5.206750173022546
13968 3.3349479961209547
14049 4.290459441148391
14085 3.1698682457615064
14135 2.3541187431092285
14136 2.962113491571787
14174 3.5890059103476117
14198 3.047265923669174
14237 -5.5779867864332795
14242 2.5326015235960173
14267 -1.1471081799405454
14275 5.389071729816501
14297 3.6312138122641273
14366 5.206750173022546
14381 0.457735330796197
14392 3.7796338173824005
14439 6.254617262685421
14493 3.3096301881366648
14515 3.0666840095262753
14656 3.4217294633014257
14682 4.629565580678699
14686 3.414990703794491
14687 5.052599493195288
14824 4.359452312635343
14869 4.433560284789064
14918 3.5327737394508745
14961 4.600614369452231
14972 5.8998973535824915
14978 4.513602992462601
14998 3.5645224377654547
15063 3.2373095265570386
15077 4.600614369452231
15079 14.665220528301589
15130 4.695924549256556
15155 1.380822401482141
15173 6.019051191372654
15181 3.50297114018023
15192 4.467363916867872
15247 12.49349985960168
15306 5.039917526593297
15317 3.0666840095262753
15326 3.2373095265570386
15332 -21.732364222038683
15339 5.8998973535824915
15413 3.834593596929569
15418 2.1233123190494494
15448 4.8012850649143815
15468 1.1549652252192415
15517 1.886521853894058
15587 1.2947271675944
15595 5.3283318165526765
15651 7.964063931493148
15771 0.04619142958929879
15805 4.01615411094373
