121
1012 5.052599493195288
1923 2.211017899468555
1957 1.8223599096767722
2068 3.3609234825242154
2167 8.00332890589281
2577 3.5327737394508745
2701 2.7218435232345457
2959 1.1873686492739008
3143 2.219386149139072
3374 1.9680717208581657
3578 0.6015799870344548
3598 1.1666271649670843
3614 1.4378280112350734
3990 2.6290617897835795
4113 6.9985096422506015
4208 1.5220460903190904
4219 1.7567626271909589
4282 2.8553749158590684
4427 3.597312260588446
4481 2.146479378330984
4621 5.443687046469091
4794 3.6312138122641273
4909 1.4690805547391779
4963 2.3933394562625097
4964 0.563963123463148
5233 4.22592092001082
5419 3.8630154263214513
5517 1.6232312345664361
5630 0.5957691889508101
5635 2.20271909665386
5846 11.224430562261421
5874 5.159338068908006
5973 1.4770487243883548
6088 1.2146844599208637
6242 2.9041650800285006
6389 3.1273086313427103
6433 0.5154022907934025
6447 1.2880826248757316
6754 6.012259457426147
6908 0.33537694625979814
7482 1.8055527913603908
7991 1.3149298749119196
8242 2.035665011990694
8523 1.4512652714088672
8643 2.001297368486486
8648 2.434161450782765
8710 0.551203779709388
8822 2.2800107709555064
8880 1.67063347346102
9069 3.260840023967233
9081 4.433560284789064
9110 2.035665011990694
9122 2.7489842721265254
9170 0.6116303228879563
9365 1.4972514317058743
9559 -0.49919366312984353
9589 1.3115342859107813
9709 1.082307579643166
9817 2.6366740664670676
9830 10.778143459633002
9970 0.4837969513780714
9979 2.3933394562625097
10079 5.8998973535824915
10307 2.5676928434072877
10393 1.9746291214043248
10447 3.0497411835248567
10473 1.7781538171722764
10559 3.8630154263214513
10735 4.8012850649143815
10749 1.1754637467675824
11018 5.206750173022546
11023 1.2880826248757316
11072 4.290459441148391
11102 0.6652300141109108
11110 1.6204910383360227
11218 0.5720211847929105
11266 2.9041650800285006
11287 2.0286963426746007
11299 -1.0423655237318759
11304 1.2054960338664575
11453 1.3637200390813515
11778 2.8553749158590684
11923 6.305362461690656
11963 4.919068100570765
12022 0.40409618250082274
12089 2.8088549002241754
12111 1.994563336305142
12241 2.579669034454003
12316 4.695924549256556
12383 2.5046129034208957
12455 -1.076293329340201
12508 2.262311193856106
12664 4.22592092001082
12708 1.5958322603783217
12803 4.091160117244055
12853 1.152070867192877
13189 1.8745456628473423
13505 3.0666840095262753
13527 2.049749751872433
13553 -0.7409215198883841
13613 1.8111238364098463
13734 3.884527673804586
13867 1.087712998210074
13891 1.2131850577159984
14044 1.4611753752320646
14315 3.009525595686327
14381 0.2288676653980985
14416 0.7739512129752414
14901 2.5326015235960173
15037 2.3163784151263815
15292 2.211017899468555
15306 0.7199882180847567
15332 -1.5523117301456202
15360 8.00555473739322
15471 1.3881216796572402
15516 11.224430562261421
15518 1.880515829833846
15651 2.2754468375694707
15725 3.5645224377654547
15728 3.009525595686327
15828 3.2794433825880924
