236
327 2.20271909665386
405 4.8012850649143815
592 4.8892655013001205
606 4.8012850649143815
717 2.8396265588909295
800 2.434161450782765
819 3.8204558119026557
1060 0.24866762566620615
1091 6.9985096422506015
1094 2.335070548138534
1126 6.9985096422506015
1356 2.363780654020965
1404 1.3708885285599641
1474 4.919068100570765
1686 3.4648956756577247
1731 5.389071729816501
1884 3.8973072700021283
1893 3.5135252543819178
2036 5.845960905003192
2224 3.962459610871354
2351 1.5647876386963615
2354 21.452297205741957
2357 2.3747372985478017
2638 2.130975191795019
2774 5.8998973535824915
2924 2.0286963426746007
2935 0.6320391945191633
2959 2.3747372985478017
3143 4.438772298278144
3362 3.8204558119026557
3374 1.9680717208581657
3407 2.085854756514549
3448 9.38192589402813
3578 1.8047399611033645
3598 1.1666271649670843
3614 1.4378280112350734
3700 1.2947271675944
3807 4.6513616155773905
3926 6.9985096422506015
3982 2.153862445213571
4006 2.6547042203969173
4021 1.5054481989100525
4046 5.612215281130711
4110 8.293209412960024
4214 4.93182029819469
4219 5.270287881572877
4230 2.0149030205422647
4302 1.8000126109847754
4381 8.059612082169059
4405 1.3460204619819507
4416 2.727440078162703
4507 2.298029276458185
4522 0.2603571476546441
4537 12.235486528193753
4695 5.74275051441102
4721 4.8012850649143815
4783 2.1782280766455644
4806 7.262427624528255
4857 2.0712559570933964
4876 2.2449194511442365
4878 15.040276464721591
4909 1.4690805547391779
4912 1.9296054400303697
5014 2.3541187431092285
5020 3.21432000833234
5046 2.236335707452845
5055 2.2278250177849364
5110 1.8452180477528222
5120 3.8630154263214513
5293 3.4431615807611875
5397 4.22592092001082
5518 1.5868635903955612
5630 0.7149230267409722
5635 6.60815728996158
5668 2.955458374416051
5716 4.695924549256556
5770 3.4431615807611875
5779 3.21432000833234
5901 4.910429719961194
5960 3.6312138122641273
5983 1.9878743481543455
5985 4.8012850649143815
6068 3.1273086313427103
6151 8.445135970438468
6228 2.5894543351888
6269 3.9539872045271784
6539 4.86832290156553
6540 6.9985096422506015
6609 3.1918471524802814
6699 4.165296298194385
6754 1.2024518914852294
6882 5.206750173022546
7104 -3.980927499907753
7157 3.8630154263214513
7197 1.730651483187273
7215 2.344549292093078
7338 4.8012850649143815
7344 1.6325336272287498
7421 3.2373095265570386
7731 2.001297368486486
7892 1.5517722705842913
7968 3.047265923669174
7991 1.3149298749119196
8026 5.052599493195288
8315 2.764403137653342
8391 5.11171677152057
8523 8.707591628453203
8695 1.9550845253313545
8710 0.551203779709388
8731 2.0286963426746007
8745 2.5441623459970937
8784 2.146479378330984
8904 2.1863252868781835
9106 1.0850066366123312
9110 2.035665011990694
9122 1.3744921360632627
9164 3.597312260588446
9170 1.2232606457759125
9175 3.597312260588446
9204 2.5098732725184614
9276 2.6944445490464313
9278 4.359452312635343
9354 3.8204558119026557
9559 -0.9151883824047131
9750 6.9985096422506015
10012 4.290459441148391
10069 3.4431615807611875
10114 3.9042484672355897
10116 6.9985096422506015
10325 1.8925641683500207
10329 -0.4201813914191953
10422 0.7087940713416041
10425 6.305362461690656
10431 1.4437323058179135
10443 2.4876501357337513
10447 3.0497411835248567
10450 6.305362461690656
10473 1.7781538171722764
10491 3.086486636822455
10559 3.8630154263214513
10620 4.695924549256556
10628 4.165296298194385
10742 3.5780469788183606
10749 2.3509274935351647
10751 0.7939518796819108
10753 2.7790019370744945
10872 3.2097641917964794
11202 2.9209721983448818
11218 0.5720211847929105
11296 2.764403137653342
11299 -2.0847310474637517
11304 1.2054960338664575
11309 6.9985096422506015
11386 4.231415439328461
11453 1.3637200390813515
11459 3.047265923669174
11460 4.513602992462601
11480 6.9985096422506015
11481 1.6186122887101415
11522 2.555858385760285
11664 5.206750173022546
11677 1.7255100836868542
11825 2.9041650800285006
11839 7.194624521176892
11939 2.681021528714291
11945 1.9550845253313545
11952 1.5958322603783217
11969 0.7582337970798316
12009 14.008008323136483
12022 0.40409618250082274
12028 2.591790394986348
12043 4.997399943840672
12093 3.3607792968127694
12218 2.6547042203969173
12241 2.579669034454003
12293 3.7026727762462723
12377 1.3460204619819507
12378 3.3349479961209547
12391 9.575541457440844
12455 -0.2152586658680402
12598 2.5098732725184614
12699 5.052599493195288
12790 1.5095719160939147
12796 5.8419443966897635
12803 4.091160117244055
12805 1.8568460857479414
12833 1.9260564194516896
13001 1.4730567031188173
13021 3.6312138122641273
13189 1.8745456628473423
13314 2.0286963426746007
13393 4.433560284789064
13508 1.7255100836868542
13535 5.206750173022546
13553 -0.7409215198883841
13661 3.7026727762462723
13680 2.2449194511442365
13718 2.6850356628614973
13720 3.666305132075397
13734 3.884527673804586
13767 2.6547042203969173
13835 4.00277736869661
13858 6.9985096422506015
13867 3.263138994630222
13893 4.05407066308416
13941 11.224430562261421
13953 4.919068100570765
14063 12.008332106089831
14136 1.4810567457858934
14174 1.7945029551738059
14237 -1.3944966966083199
14267 -0.3823693933135151
14309 1.5137127087599462
14352 2.8392614199785533
14381 0.6866029961942954
14507 1.8510151654371483
14521 3.666305132075397
14558 2.476721065201561
14689 6.9985096422506015
14755 5.206750173022546
14759 5.052599493195288
14791 6.9985096422506015
14869 4.433560284789064
15192 1.489121305622624
15292 2.211017899468555
15306 6.47989396276281
15317 3.0666840095262753
15332 -4.656935190436861
15448 4.8012850649143815
15468 6.929791351315449
15651 2.2754468375694707
15711 5.8998973535824915
15725 3.5645224377654547
15771 0.023095714794649395
15828 2.1862955883920616
15862 3.9074671888922854
