467
30 5.8998973535824915
34 4.513602992462601
37 6.305362461690656
38 5.612215281130711
49 5.8998973535824915
62 4.695924549256556
71 5.612215281130711
241 1.6902419448493964
243 6.305362461690656
274 6.305362461690656
344 2.7790019370744945
373 2.750014400201242
401 6.339736491523013
438 6.305362461690656
453 5.8998973535824915
473 3.1273086313427103
493 3.1698682457615064
500 2.1701959049483
502 2.5676928434072877
631 4.00277736869661
690 4.22592092001082
717 2.8396265588909295
730 2.298029276458185
819 3.8204558119026557
822 4.05407066308416
830 5.052599493195288
969 4.359452312635343
1404 1.3708885285599641
1684 5.389071729816501
1690 2.455214859980597
1705 6.305362461690656
1750 1.1068654304248302
1838 3.414990703794491
1884 1.9486536350010641
1893 1.7567626271909589
1938 2.66777630196427
2030 6.669895992241909
2053 4.165296298194385
2098 6.305362461690656
2103 2.4446327506500602
2221 6.056435457396959
2334 0.7939518796819108
2414 4.8012850649143815
2434 7.2406264907400875
2502 5.052599493195288
2567 5.145917740537838
2603 3.3609234825242154
2604 6.305362461690656
2697 5.206750173022546
2705 1.6657908489852322
2771 4.919068100570765
2780 3.9539872045271784
2820 2.4446327506500602
2862 1.4690805547391779
2893 2.5098732725184614
2908 4.290459441148391
2919 2.1944885975173447
2920 0.6795415285041667
2924 4.0573926853492015
2935 0.6320391945191633
2999 6.305362461690656
3004 6.305362461690656
3005 3.6312138122641273
3046 5.982352914036261
3057 8.94534282981138
3072 6.305362461690656
3094 4.00277736869661
3100 2.7938170228596353
3189 3.5645224377654547
3243 4.359452312635343
3273 4.8012850649143815
3329 1.981229805435677
3345 5.206750173022546
3420 5.612215281130711
3436 4.695924549256556
3506 0.8205655282000008
3529 5.389071729816501
3534 5.052599493195288
3575 6.521680047934466
3598 2.3332543299341686
3614 10.064796078645514
3615 4.165296298194385
3646 5.135385686814575
3678 1.0020575536315801
3686 8.45184184002164
3688 6.305362461690656
3709 2.9041650800285006
3800 5.8998973535824915
3804 11.000057600804968
3805 5.8998973535824915
3808 4.108137884354437
3844 3.7026727762462723
3867 6.474619053114077
3873 4.108137884354437
3877 3.1698682457615064
3896 2.807596525297524
4053 -0.6728406768819836
4055 6.305362461690656
4097 2.955458374416051
4199 3.8630154263214513
4221 4.290459441148391
4223 15.304277008147285
4226 3.3609234825242154
4291 4.108137884354437
4333 2.9302403070461622
4335 2.938066631704182
4342 4.108137884354437
4346 5.052599493195288
4354 5.052599493195288
4363 7.559267634764801
4372 5.052599493195288
4397 3.666305132075397
4400 8.814199895112546
4416 2.727440078162703
4467 4.22592092001082
4482 15.118535269529602
4492 5.8998973535824915
4516 5.389071729816501
4522 0.2603571476546441
4552 10.778143459633002
4570 4.433560284789064
4576 2.085854756514549
4731 5.8998973535824915
4733 6.305362461690656
4740 5.8998973535824915
4753 7.814934377784571
4785 3.9074671888922854
4802 4.513602992462601
4809 2.8088549002241754
4826 4.600614369452231
4852 1.258716730071367
4909 4.407241664217533
4939 6.886323161522375
4964 10.715299345799812
4989 1.3355491621146554
5033 4.246624638098899
5077 6.305362461690656
5083 1.5735596247691985
5096 6.305362461690656
5097 5.612215281130711
5101 3.414990703794491
5110 1.8452180477528222
5116 1.961557039836972
5174 3.740413104229119
5285 5.8998973535824915
5326 3.1483620405405426
5335 6.305362461690656
5347 4.600614369452231
5350 2.955458374416051
5363 3.0666840095262753
5406 4.513602992462601
5421 3.8630154263214513
5484 1.8928409466523688
5518 1.5868635903955612
5534 3.3875917296063767
5537 10.791936781765338
5555 2.4033897921160112
5561 4.513602992462601
5563 3.1066893441399746
5581 3.0666840095262753
5582 5.206750173022546
5587 2.5326015235960173
5590 4.359996593313117
5604 5.8998973535824915
5606 4.22592092001082
5630 0.4766153511606481
5700 3.1483620405405426
5765 10.413500346045092
5895 2.4033897921160112
5949 3.5645224377654547
5955 4.86832290156553
5966 3.4431615807611875
5973 2.9540974487767095
5979 6.305362461690656
5980 3.8630154263214513
6003 3.3609234825242154
6055 3.7796338173824005
6056 6.305362461690656
6123 2.288979440938267
6156 1.8000126109847754
6162 15.157798479585864
6164 2.6290617897835795
6205 2.955458374416051
6219 2.298029276458185
6233 3.1918471524802814
6368 2.5098732725184614
6482 4.22592092001082
6502 11.224430562261421
6533 10.004843988362865
6592 6.305362461690656
6622 2.579669034454003
6675 2.5098732725184614
6776 3.884527673804586
6819 3.430611827025225
6865 10.778143459633002
6872 1.3047775034479017
6878 25.698374242731617
6881 6.305362461690656
6887 2.304141734385754
6898 6.48668320589737
6919 4.267681617312855
6922 4.22592092001082
6938 8.45184184002164
7025 1.0095482253607377
7264 3.597312260588446
7278 4.290459441148391
7306 2.4876501357337513
7316 3.1273086313427103
7340 4.600614369452231
7344 3.2650672544574997
7368 6.305362461690656
7431 2.6040604875781623
7440 6.305362461690656
7457 4.919068100570765
7459 4.388977195034689
7461 5.8998973535824915
7482 5.416658374081172
7534 1.242767428663689
7563 2.335070548138534
7611 10.778143459633002
7650 4.216321028057695
7659 5.206750173022546
7685 5.389071729816501
7722 3.5327737394508745
7740 3.5327737394508745
7745 3.9074671888922854
7813 1.0145733615634107
7832 6.094531847338348
7844 5.206750173022546
7949 2.5441623459970937
7958 4.513602992462601
7981 2.0426825846493406
8007 5.7142783243315165
8030 3.1918471524802814
8043 1.730651483187273
8082 6.94429823526888
8096 4.359996593313117
8133 5.612215281130711
8153 2.8396265588909295
8167 3.6312138122641273
8182 2.681021528714291
8192 5.612215281130711
8194 6.305362461690656
8208 3.8630154263214513
8256 6.721558593625539
8260 4.22592092001082
8267 8.33059259638877
8276 3.21432000833234
8307 4.433560284789064
8345 5.612215281130711
8400 3.597312260588446
8403 5.389071729816501
8489 6.305362461690656
8564 5.389071729816501
8585 3.47214911763444
8621 2.6418008155610093
8660 3.350999326224386
8679 5.206750173022546
8705 15.141088643492397
8710 1.6536113391281642
8736 2.3867493466682252
8810 7.004004161568242
8844 5.052599493195288
8850 1.7153059135126125
8928 1.3355491621146554
8943 5.612215281130711
8975 2.3933394562625097
8978 3.2280291589230243
8979 1.7890234894091803
8980 4.513602992462601
8999 6.305362461690656
9022 5.612215281130711
9047 4.8012850649143815
9064 4.600614369452231
9110 2.035665011990694
9113 4.108137884354437
9122 8.246952816379576
9154 2.465910149097345
9168 4.165296298194385
9170 0.6116303228879563
9229 2.3933394562625097
9271 5.389071729816501
9282 1.4533321977710387
9284 3.9074671888922854
9321 5.052599493195288
9372 2.3256808077886952
9445 2.973157951515452
9454 3.1698682457615064
9504 3.5327737394508745
9552 4.695924549256556
9554 11.444957051970636
9573 3.3096301881366648
9595 8.216275768708874
9645 2.021775899830027
9680 3.597312260588446
9711 7.474443709310111
9817 1.3183370332335338
9917 6.305362461690656
9958 4.8012850649143815
9970 0.9675939027561428
10008 4.113734439282593
10036 9.027205984925201
10058 2.6040604875781623
10060 4.8012850649143815
10199 2.3256808077886952
10231 3.2373095265570386
10306 6.462967667376029
10325 1.8925641683500207
10326 2.092307702186045
10337 4.919068100570765
10376 5.8998973535824915
10431 1.4437323058179135
10443 2.4876501357337513
10496 6.305362461690656
10522 2.9911764570181303
10525 6.305362461690656
10552 4.22592092001082
10565 5.8998973535824915
10751 2.3818556390457326
10758 4.600614369452231
10805 3.666305132075397
10825 2.0149030205422647
10863 3.4431615807611875
10872 3.2097641917964794
10886 2.87137525720551
10889 3.086486636822455
10906 2.035665011990694
11034 1.5958322603783217
11088 5.206750173022546
11100 6.305362461690656
11110 0.8102455191680114
11140 2.15432255579201
11165 2.1863252868781835
11168 1.2781978656431896
11266 2.9041650800285006
11299 -2.6059138093296896
11304 6.0274801693322875
11322 6.886323161522375
11379 2.0426825846493406
11471 5.612215281130711
11484 3.6312138122641273
11613 5.612215281130711
11625 11.6579687767374
11671 4.507155027774703
11754 12.767388609921126
11755 6.305362461690656
11780 4.8012850649143815
11836 4.74707365793266
11838 6.305362461690656
11882 4.8012850649143815
11889 2.7790019370744945
11929 4.600614369452231
11969 0.7582337970798316
11972 3.21432000833234
12001 12.838464217036439
12014 5.982352914036261
12022 0.8081923650016455
12034 15.850826386496507
12093 1.6803896484063847
12102 3.9539872045271784
12111 3.989126672610284
12133 5.389071729816501
12163 5.612215281130711
12175 5.910916748832102
12181 7.640911623805311
12248 13.443693930096861
12254 2.335070548138534
12273 3.7026727762462723
12277 3.1273086313427103
12305 4.433560284789064
12334 13.659962815177964
12337 4.22592092001082
12346 4.8012850649143815
12383 1.2523064517104479
12391 3.1918471524802814
12430 10.778143459633002
12535 5.206750173022546
12595 2.344549292093078
12679 15.958322603783216
12698 5.8998973535824915
12772 20.751740392834638
12773 20.30020288565405
12777 9.83813620114153
12823 3.104790895896465
12826 1.2619373447714093
12850 3.502002080784121
12896 3.2373095265570386
12978 2.383389125409342
13029 1.6609715625492831
13080 0.8123010183501074
13088 2.7790019370744945
13122 11.224430562261421
13125 3.3096301881366648
13258 4.600614369452231
13279 4.359452312635343
13320 5.8998973535824915
13354 1.8280256472124494
13401 2.465910149097345
13411 8.426564700672525
13412 5.019746545036923
13454 5.052599493195288
13553 -0.7409215198883841
13571 5.389071729816501
13680 2.2449194511442365
13723 3.597312260588446
13734 1.942263836902293
13750 2.162227735299123
13761 2.6040604875781623
13773 4.433560284789064
13891 2.4263701154319968
13898 6.305362461690656
13911 5.389071729816501
13948 6.9985096422506015
13961 4.00277736869661
13962 5.8998973535824915
13968 3.3349479961209547
14136 1.4810567457858934
14164 4.108137884354437
14174 12.56152068621664
14208 1.1873686492739008
14237 -1.3944966966083199
14267 -0.7647387866270302
14297 7.262427624528255
14365 3.8630154263214513
14381 0.2288676653980985
14422 2.1233123190494494
14431 2.06986059726431
14439 3.1273086313427103
14455 1.637217476541176
14470 3.7796338173824005
14486 2.6164830075767194
14587 5.052599493195288
14590 1.8337236683270872
14656 1.1405764877671418
14704 6.305362461690656
14775 6.305362461690656
14808 4.695924549256556
14820 5.8998973535824915
14821 5.8998973535824915
14901 2.5326015235960173
14944 5.8998973535824915
14985 6.305362461690656
15028 6.305362461690656
15065 5.052599493195288
15076 3.21432000833234
15079 7.332610264150794
15121 4.760590771186684
15157 5.206750173022546
15173 3.009525595686327
15181 3.50297114018023
15192 10.423849139358367
15247 4.997399943840672
15306 3.5999410904237834
15313 7.668421109064552
15332 -12.418493841164961
15341 1.5919482501253577
15488 5.8998973535824915
15576 3.009525595686327
15587 1.2947271675944
15595 2.6641659082763383
15614 3.8630154263214513
15650 2.130975191795019
15651 5.688617093923677
15742 6.305362461690656
15771 0.11547857397324697
15805 2.008077055471865
15849 5.8998973535824915
