256
279 2.6418008155610093
422 2.66777630196427
455 6.9985096422506015
461 4.05407066308416
638 3.502002080784121
646 2.219386149139072
657 2.0640357091199095
751 4.22592092001082
760 4.513602992462601
769 3.9539872045271784
771 4.513602992462601
779 5.612215281130711
819 3.8204558119026557
822 4.05407066308416
845 6.305362461690656
846 6.9985096422506015
854 4.290459441148391
965 5.206750173022546
996 6.9985096422506015
1060 0.1865007192496546
1686 1.1549652252192415
1750 2.2137308608496604
1884 1.9486536350010641
2030 3.3349479961209547
2269 1.8686109273275278
2331 3.6312138122641273
2344 4.600614369452231
2357 1.1873686492739008
2434 2.413542163580029
2601 3.1066893441399746
2645 5.183580789972696
2655 5.389071729816501
2822 4.695924549256556
2826 6.9985096422506015
2829 2.8088549002241754
2893 2.5098732725184614
2913 3.440789966040168
2919 2.1944885975173447
2935 0.6320391945191633
2964 0.900435360084361
3052 3.2373095265570386
3189 7.1290448755309095
3341 10.778143459633002
3502 6.9985096422506015
3598 1.1666271649670843
3613 2.8553749158590684
3614 1.4378280112350734
3658 5.876133263408364
3672 6.9985096422506015
3678 2.0041151072631602
3684 9.201228738904462
3753 6.9985096422506015
3807 4.6513616155773905
3840 1.2980660688599148
3847 6.305362461690656
3876 6.9985096422506015
3909 6.305362461690656
3928 5.052599493195288
3990 2.6290617897835795
4282 2.8553749158590684
4294 5.8998973535824915
4400 2.938066631704182
4487 3.1066893441399746
4500 2.8396265588909295
4522 0.2603571476546441
4576 2.085854756514549
4620 4.165296298194385
4753 7.814934377784571
4815 2.7218435232345457
4848 14.087773647769666
4852 1.258716730071367
4866 2.5211728277723946
4882 4.261950383590038
4909 7.34540277369589
4939 10.329484742283562
4964 4.511704987705184
5085 5.389071729816501
5116 1.961557039836972
5284 3.5645224377654547
5497 6.9985096422506015
5537 3.597312260588446
5538 6.9985096422506015
5563 3.1066893441399746
5630 0.3574615133704861
5777 5.052599493195288
5807 4.00277736869661
5828 2.5676928434072877
5966 3.4431615807611875
6064 2.138697237888929
6234 2.6290617897835795
6499 6.9985096422506015
6506 5.052599493195288
6533 3.3349479961209547
6673 4.00277736869661
6704 4.695924549256556
6708 5.389071729816501
6754 2.4049037829704587
6878 5.710749831718137
6886 4.919068100570765
6898 12.97336641179474
6919 9.957923773729995
7006 4.05407066308416
7050 5.8998973535824915
7104 -0.6634879166512921
7165 10.413500346045092
7306 2.4876501357337513
7337 6.305362461690656
7343 16.836645843392134
7344 4.89760088168625
7421 3.2373095265570386
7459 2.1944885975173447
7479 12.610724923381312
7482 1.8055527913603908
7483 5.8998973535824915
7555 3.740413104229119
7590 4.22592092001082
7631 6.305362461690656
7638 3.7026727762462723
7650 2.1081605140288473
7719 4.8012850649143815
7802 5.8998973535824915
7817 3.9074671888922854
7832 9.141797771007521
7838 2.1081605140288473
7844 10.413500346045092
8096 1.4533321977710387
8153 2.8396265588909295
8182 2.681021528714291
8187 6.9985096422506015
8230 2.37353682896633
8242 2.035665011990694
8256 5.041168945219154
8305 5.8998973535824915
8387 6.9985096422506015
8439 0.4690908039883759
8648 2.434161450782765
8683 3.3607792968127694
8690 2.7938170228596353
8726 6.9985096422506015
8749 3.0666840095262753
8762 4.8012850649143815
8816 1.7255100836868542
8840 6.339736491523013
8890 2.2800107709555064
8908 3.6312138122641273
8977 2.6290617897835795
8978 1.6140145794615122
9010 2.9209721983448818
9211 3.502002080784121
9229 2.3933394562625097
9261 12.610724923381312
9310 3.4431615807611875
9333 6.9985096422506015
9343 3.8630154263214513
9346 2.498699971920336
9372 2.3256808077886952
9504 7.065547478901749
9532 6.305362461690656
9573 3.3096301881366648
9594 12.610724923381312
9645 6.06532769949008
9724 13.801843108356692
9733 1.0850066366123312
9970 0.4837969513780714
10008 2.0568672196412967
10199 9.302723231154781
10258 3.6000252219695508
10326 0.5230769255465112
10364 4.695924549256556
10375 3.9539872045271784
10411 4.05407066308416
10446 6.296724081081085
10447 0.6099482367049713
10872 14.443938863084158
10973 2.7938170228596353
11023 1.2880826248757316
11034 1.5958322603783217
11057 2.555858385760285
11116 7.643653228072869
11140 4.30864511158402
11218 0.5720211847929105
11318 3.8630154263214513
11416 2.1782280766455644
11524 1.5178707189086098
11625 4.371738291276525
11646 2.3541187431092285
11754 6.383694304960563
11818 12.610724923381312
11984 2.4237986637472186
12001 7.7030785302218625
12008 6.9985096422506015
12034 5.594409312881121
12078 1.3637200390813515
12122 1.1963912668735384
12135 3.740413104229119
12175 2.955458374416051
12383 1.2523064517104479
12412 12.610724923381312
12496 12.610724923381312
12498 9.391849098513111
12508 2.262311193856106
12610 2.4237986637472186
12679 1.5958322603783217
12723 2.288979440938267
12772 1.886521853894058
12773 0.8826175167675673
12797 2.7218435232345457
12826 1.2619373447714093
12874 6.9985096422506015
13001 1.4730567031188173
13045 1.886521853894058
13407 6.9985096422506015
13513 3.7026727762462723
13553 -1.8523037997209602
13563 10.778143459633002
13665 6.9985096422506015
13672 3.052477937158253
13891 0.6065925288579992
14041 5.052599493195288
14044 1.4611753752320646
14093 5.946315903030904
14174 8.97251477586903
14237 -0.6972483483041599
14242 2.5326015235960173
14569 5.052599493195288
14586 4.05407066308416
14656 1.1405764877671418
14817 4.919068100570765
14841 6.9985096422506015
14901 5.065203047192035
15021 5.389071729816501
15065 5.052599493195288
15157 20.827000692090184
15174 6.305362461690656
15192 2.978242611245248
15209 2.579669034454003
15238 6.9985096422506015
15247 7.4960999157610075
15306 1.4399764361695133
15313 1.917105277266138
15332 -10.866182111019342
15413 2.556395731286379
15415 2.824122372354964
15468 1.1549652252192415
15471 1.3881216796572402
15517 5.659565561682174
15578 1.7945029551738059
15595 2.6641659082763383
15617 4.8012850649143815
15648 2.5676928434072877
15650 2.130975191795019
15651 6.826340512708413
15652 6.305362461690656
15672 1.4550424207846036
15771 0.023095714794649395
15814 2.262311193856106
