295
190 9.201228738904462
194 0.7699986386594181
263 5.8998973535824915
302 1.7153059135126125
433 5.389071729816501
451 4.22592092001082
459 4.8012850649143815
473 3.1273086313427103
512 4.157057432844953
521 1.8986432144264027
533 4.695924549256556
599 6.9985096422506015
602 5.389071729816501
615 5.612215281130711
628 4.919068100570765
646 2.219386149139072
771 9.027205984925201
803 6.9985096422506015
927 2.0785287164224764
1000 6.9985096422506015
1040 5.612215281130711
1042 6.9985096422506015
1045 6.9985096422506015
1060 0.12433381283310307
1062 2.591790394986348
1120 4.695924549256556
1236 6.9985096422506015
1515 3.740413104229119
1533 4.108137884354437
1720 6.9985096422506015
1979 3.9539872045271784
1986 2.4237986637472186
2030 3.3349479961209547
2064 3.129575277392723
2103 2.4446327506500602
2233 3.260840023967233
2240 1.65617539028579
2269 1.8686109273275278
2334 2.3818556390457326
2357 2.3747372985478017
2407 2.236335707452845
2434 4.827084327160058
2450 -0.6108568957036107
2513 1.8280256472124494
2577 3.5327737394508745
2597 2.1157077196642304
2639 2.6040604875781623
2674 1.0272478024601386
2796 7.005211644415603
2837 6.17297327364491
2913 1.720394983020084
2924 2.0286963426746007
2925 3.4431615807611875
3013 5.612215281130711
3293 3.6312138122641273
3427 5.389071729816501
3449 0.9823524825522477
3506 4.923393169200005
3516 2.0785287164224764
3578 1.8047399611033645
3598 2.3332543299341686
3614 1.4378280112350734
3657 2.6164830075767194
3678 3.00617266089474
3700 1.2947271675944
3709 2.9041650800285006
3805 5.8998973535824915
3807 2.3256808077886952
3808 8.216275768708874
3820 1.7890234894091803
3840 1.2980660688599148
3990 2.6290617897835795
4021 1.5054481989100525
4026 2.8876357780772897
4053 -0.07476007520910928
4070 3.320596291274491
4075 3.597312260588446
4174 6.775183459212753
4246 4.8012850649143815
4265 3.5327737394508745
4291 4.108137884354437
4319 2.049749751872433
4325 6.42864001666468
4333 4.395360460569243
4342 4.108137884354437
4381 2.0149030205422647
4405 1.3460204619819507
4407 3.414990703794491
4416 2.727440078162703
4423 3.8630154263214513
4522 0.2603571476546441
4537 1.0196238773494795
4549 2.6418008155610093
4591 4.22592092001082
4711 1.9296054400303697
4750 0.6631056996427893
4758 4.600614369452231
4815 2.7218435232345457
4838 1.4730567031188173
4857 2.0712559570933964
4878 1.3672978604292356
4909 1.4690805547391779
4914 1.4339892349279078
4964 2.255852493852592
4982 4.919068100570765
4991 3.9539872045271784
4992 6.521680047934466
5067 2.2278250177849364
5101 3.414990703794491
5208 2.5676928434072877
5283 3.2849375755462935
5301 6.9985096422506015
5369 3.047265923669174
5517 1.6232312345664361
5518 1.5868635903955612
5630 0.7149230267409722
5632 6.9985096422506015
5635 4.40543819330772
5687 2.0785287164224764
5812 3.1698682457615064
5844 6.9985096422506015
5929 3.3096301881366648
5934 2.8876357780772897
6219 2.298029276458185
6368 5.019746545036923
6402 1.4112609838503516
6622 2.579669034454003
6776 1.942263836902293
6781 11.799794707164983
6848 4.05407066308416
6878 11.421499663436274
6887 8.064496070350138
6898 4.324455470598246
6908 0.6707538925195963
6919 1.422560539104285
6978 3.9539872045271784
7104 -3.3174395832564607
7170 1.6186122887101415
7260 5.206750173022546
7293 6.305362461690656
7306 2.4876501357337513
7344 3.2650672544574997
7431 2.6040604875781623
7448 4.695924549256556
7459 2.1944885975173447
7534 1.242767428663689
7569 1.0170954309961207
7578 3.650760955526429
7605 5.389071729816501
7615 6.305362461690656
7631 6.305362461690656
7650 2.1081605140288473
7745 3.9074671888922854
7899 5.052599493195288
7981 2.0426825846493406
8007 1.904759441443839
8155 3.1066893441399746
8256 3.3607792968127694
8276 3.21432000833234
8337 1.9550845253313545
8365 6.9985096422506015
8391 2.555858385760285
8400 3.597312260588446
8483 4.165296298194385
8585 3.47214911763444
8660 1.675499663112193
8693 6.305362461690656
8708 1.4810567457858934
8710 1.102407559418776
8712 3.3349479961209547
8810 3.502002080784121
8880 1.67063347346102
8904 2.1863252868781835
8928 1.3355491621146554
8951 6.9985096422506015
8977 2.6290617897835795
8979 1.7890234894091803
9122 5.497968544253051
9151 1.258716730071367
9154 2.465910149097345
9339 6.305362461690656
9356 4.290459441148391
9372 2.3256808077886952
9445 2.973157951515452
9481 1.7727629685373998
9640 2.8088549002241754
9645 2.021775899830027
9765 1.7835738846416156
9871 6.305362461690656
9922 3.3349479961209547
9961 4.600614369452231
9970 0.4837969513780714
10008 2.0568672196412967
10114 1.3014161557451966
10146 8.10814132616832
10217 2.15432255579201
10272 4.108137884354437
10273 6.9985096422506015
10325 3.7851283367000415
10326 1.0461538510930224
10436 8.580918882296782
10445 3.3875917296063767
10447 0.6099482367049713
10479 4.513602992462601
10487 1.981229805435677
10532 2.9209721983448818
10749 1.1754637467675824
10751 1.5879037593638217
10782 4.433560284789064
10872 6.419528383592959
11032 1.087712998210074
11110 2.430736557504034
11116 1.9109133070182172
11168 2.556395731286379
11255 5.389071729816501
11299 -2.0847310474637517
11304 1.2054960338664575
11305 2.0640357091199095
11484 3.6312138122641273
11524 1.5178707189086098
11606 5.612215281130711
11625 7.286230485460875
11669 4.919068100570765
11678 4.513602992462601
11839 3.597312260588446
11911 3.414990703794491
11969 1.5164675941596633
11972 3.21432000833234
12014 5.982352914036261
12034 5.594409312881121
12043 2.498699971920336
12060 1.5220460903190904
12093 1.6803896484063847
12111 1.994563336305142
12114 4.359452312635343
12175 2.955458374416051
12277 3.1273086313427103
12346 4.8012850649143815
12383 1.2523064517104479
12447 2.8396265588909295
12679 4.787496781134966
12772 1.886521853894058
12773 4.413087583837837
12941 4.919068100570765
13001 2.9461134062376346
13080 0.8123010183501074
13173 6.9985096422506015
13385 4.00277736869661
13432 3.7796338173824005
13454 5.052599493195288
13553 -1.111382279832576
13749 6.9985096422506015
13838 2.3163784151263815
13877 6.9985096422506015
13897 2.7218435232345457
14044 2.9223507504641293
14049 4.290459441148391
14093 2.973157951515452
14126 6.305362461690656
14174 1.7945029551738059
14176 6.9985096422506015
14208 1.1873686492739008
14267 -1.1471081799405454
14308 2.0640357091199095
14311 5.612215281130711
14351 17.699692060747473
14381 0.457735330796197
14431 1.034930298632155
14586 4.05407066308416
14588 2.0785287164224764
14918 3.5327737394508745
14966 5.206750173022546
14976 6.9985096422506015
15155 0.6904112007410705
15181 3.50297114018023
15192 2.978242611245248
15249 5.8998973535824915
15306 4.31992930850854
15313 1.917105277266138
15332 -9.313870380873722
15348 4.20133968459938
15358 2.579669034454003
15413 2.556395731286379
15468 1.1549652252192415
15551 3.4736039546316086
15557 6.305362461690656
15563 6.9985096422506015
15576 3.009525595686327
15587 1.2947271675944
15595 3.9962488624145074
15604 2.1233123190494494
15651 1.1377234187847354
15669 2.162227735299123
15771 0.09238285917859758
15808 5.612215281130711
