168
194 0.7699986386594181
241 3.3804838896987928
373 2.750014400201242
512 2.0785287164224764
646 2.219386149139072
655 6.9985096422506015
747 4.8012850649143815
848 3.7796338173824005
906 4.05407066308416
1060 0.12433381283310307
1379 0.5370414658968836
1404 2.7417770571199283
1687 2.413542163580029
1750 1.1068654304248302
1777 5.612215281130711
1884 1.9486536350010641
1893 1.7567626271909589
1896 1.7835738846416156
1986 2.4237986637472186
2201 2.035665011990694
2217 2.4876501357337513
2424 2.219386149139072
2434 2.413542163580029
2492 3.047265923669174
2567 6.86122365405045
2597 2.1157077196642304
2745 3.8630154263214513
2912 6.305362461690656
2964 1.800870720168722
3598 3.4998814949012527
3614 1.4378280112350734
3678 9.018517982684221
3690 1.4972514317058743
3709 2.9041650800285006
3737 1.8055527913603908
3807 2.3256808077886952
3939 4.359452312635343
3942 3.3875917296063767
3995 1.751485570090115
4070 1.1068654304248302
4217 3.3096301881366648
4222 2.3256808077886952
4307 2.824122372354964
4309 2.681021528714291
4314 2.764403137653342
4368 4.22592092001082
4381 2.0149030205422647
4533 3.086486636822455
4537 1.0196238773494795
4576 2.085854756514549
4852 1.258716730071367
4869 9.602570129828763
4909 1.4690805547391779
4964 1.6918893703894442
5083 1.5735596247691985
5116 1.961557039836972
5418 4.00277736869661
5517 3.2464624691328723
5563 3.1066893441399746
5587 2.5326015235960173
5590 1.4533321977710387
5599 6.305362461690656
5629 5.8998973535824915
5630 0.23830767558032406
5635 2.20271909665386
5966 3.4431615807611875
6088 1.2146844599208637
6130 3.0666840095262753
6358 4.290459441148391
6539 2.434161450782765
6586 2.288979440938267
6721 2.383389125409342
6729 2.1944885975173447
6878 2.8553749158590684
6898 2.162227735299123
6919 4.267681617312855
7104 -0.6634879166512921
7274 3.0666840095262753
7325 2.8088549002241754
7340 4.600614369452231
7390 6.305362461690656
7497 0.7014003223166658
7569 1.0170954309961207
7578 0.5215372793609184
7647 3.3096301881366648
7650 10.540802570144237
7688 6.17297327364491
7828 4.05407066308416
7899 5.052599493195288
8007 3.809518882887678
8043 1.730651483187273
8182 2.681021528714291
8256 1.6803896484063847
8283 2.8876357780772897
8301 2.413542163580029
8654 5.389071729816501
8660 6.701998652448772
8731 2.0286963426746007
8743 13.300680854367194
8745 2.5441623459970937
8987 4.42203579893711
8997 5.8998973535824915
9113 4.108137884354437
9170 0.6116303228879563
9211 3.502002080784121
9353 2.476721065201561
9372 4.6513616155773905
9423 5.775271556154579
9554 1.271661894663404
9645 2.021775899830027
9680 3.597312260588446
10008 4.113734439282593
10298 4.05407066308416
10306 2.15432255579201
10325 3.7851283367000415
10431 0.7218661529089567
10473 1.7781538171722764
10554 5.389071729816501
10749 1.1754637467675824
10868 -0.5560832184355542
11034 1.5958322603783217
11110 0.8102455191680114
11116 11.465479842109303
11192 5.052599493195288
11305 2.0640357091199095
11418 3.597312260588446
11419 3.1273086313427103
11457 8.45184184002164
11785 3.9361434417163315
11967 4.290459441148391
11969 0.7582337970798316
12034 1.8648031042937068
12042 2.6418008155610093
12043 2.498699971920336
12283 5.208120975156325
12455 -0.2152586658680402
12694 6.305362461690656
12772 1.886521853894058
12773 2.647852550302702
12826 1.2619373447714093
13040 3.597312260588446
13088 2.7790019370744945
13319 1.8055527913603908
13390 2.236335707452845
13491 4.577958881876534
13553 -0.37046075994419203
13891 1.2131850577159984
13896 4.359452312635343
13971 5.389071729816501
14135 2.3541187431092285
14237 -0.6972483483041599
14332 4.22592092001082
14431 1.034930298632155
14656 1.1405764877671418
14686 3.414990703794491
14692 2.8396265588909295
14717 4.695924549256556
15097 3.6312138122641273
15192 1.489121305622624
15306 0.7199882180847567
15313 11.502631663596828
15332 -1.5523117301456202
15458 2.8088549002241754
15468 2.309930450438483
15471 0.6940608398286201
15576 3.009525595686327
15592 2.87137525720551
15651 1.1377234187847354
