409
34 4.513602992462601
156 5.8998973535824915
194 0.7699986386594181
209 3.400384551405129
241 1.6902419448493964
289 3.086486636822455
401 3.1698682457615064
451 4.22592092001082
491 3.1066893441399746
496 2.2800107709555064
521 1.8986432144264027
537 9.83813620114153
569 3.0282177286984795
602 5.389071729816501
615 5.612215281130711
628 4.919068100570765
638 3.502002080784121
646 2.219386149139072
657 2.0640357091199095
683 3.3609234825242154
690 4.22592092001082
775 11.338901452147201
787 2.035665011990694
800 2.434161450782765
802 5.8998973535824915
822 4.05407066308416
825 4.433560284789064
847 5.8998973535824915
937 8.867120569578129
1040 5.612215281130711
1046 6.305362461690656
1060 0.43516834491586076
1122 3.1698682457615064
1379 2.685207329484418
1404 2.7417770571199283
1586 5.8998973535824915
1690 2.455214859980597
1692 2.1944885975173447
1750 2.2137308608496604
1765 5.052599493195288
1782 2.7218435232345457
1850 3.0666840095262753
1893 1.7567626271909589
1940 2.6944445490464313
1957 1.8223599096767722
1976 4.695924549256556
1997 3.009525595686327
2064 1.5647876386963615
2103 2.4446327506500602
2269 1.8686109273275278
2271 0.34178311807220957
2334 0.7939518796819108
2357 1.1873686492739008
2434 4.827084327160058
2506 3.1483620405405426
2567 1.7153059135126125
2597 4.231415439328461
2606 6.305362461690656
2667 3.9074671888922854
2796 4.670141096277068
2800 6.305362461690656
2833 3.666305132075397
2837 3.086486636822455
2919 2.1944885975173447
2920 0.6795415285041667
2924 4.0573926853492015
2925 3.4431615807611875
2935 0.6320391945191633
3046 2.9911764570181303
3057 2.236335707452845
3061 10.105198986390576
3100 2.7938170228596353
3374 1.9680717208581657
3386 2.6290617897835795
3392 2.20271909665386
3393 5.8998973535824915
3427 5.389071729816501
3506 13.949613979400015
3507 5.8998973535824915
3575 3.260840023967233
3578 2.4063199481378192
3598 3.4998814949012527
3614 4.313484033705221
3628 5.612215281130711
3630 5.8998973535824915
3657 2.6164830075767194
3678 2.0041151072631602
3690 1.4972514317058743
3709 8.712495240085502
3804 5.500028800402484
3807 2.3256808077886952
3825 3.3609234825242154
3877 3.1698682457615064
3951 3.9539872045271784
3957 4.695924549256556
3996 4.8012850649143815
4053 -0.6728406768819836
4070 6.641192582548982
4076 3.4431615807611875
4086 4.22592092001082
4156 3.086486636822455
4191 4.108137884354437
4214 2.465910149097345
4223 4.372650573756367
4226 3.3609234825242154
4286 2.130975191795019
4291 4.108137884354437
4307 2.824122372354964
4331 3.3875917296063767
4333 1.4651201535230811
4334 3.1698682457615064
4342 4.108137884354437
4366 1.9878743481543455
4372 5.052599493195288
4400 2.938066631704182
4448 4.695924549256556
4500 2.8396265588909295
4507 6.894087829374555
4522 0.2603571476546441
4576 2.085854756514549
4646 3.7372218546550555
4702 5.8998973535824915
4708 5.8998973535824915
4750 0.994658549464184
4758 9.201228738904462
4815 2.7218435232345457
4818 3.8204558119026557
4838 1.4730567031188173
4882 2.130975191795019
4899 3.0666840095262753
4909 2.9381611094783557
4939 3.4431615807611875
4947 3.414990703794491
4964 2.81981561731574
4982 4.919068100570765
5101 3.414990703794491
5110 1.8452180477528222
5147 4.600614369452231
5156 2.211017899468555
5175 6.305362461690656
5273 3.21432000833234
5283 6.569875151092587
5339 1.1784267118982394
5406 4.513602992462601
5443 2.9041650800285006
5522 3.8630154263214513
5537 3.597312260588446
5539 1.7153059135126125
5555 4.8067795842320225
5581 3.0666840095262753
5630 0.5957691889508101
5635 6.60815728996158
5668 2.955458374416051
5687 4.157057432844953
5852 2.4876501357337513
5966 13.77264632304475
5973 1.4770487243883548
5983 1.9878743481543455
5986 3.3609234825242154
6026 2.66777630196427
6064 2.138697237888929
6068 3.1273086313427103
6123 4.577958881876534
6130 3.0666840095262753
6131 4.359452312635343
6151 2.815045323479489
6156 1.8000126109847754
6164 2.6290617897835795
6219 2.298029276458185
6233 3.1918471524802814
6250 1.7727629685373998
6302 4.165296298194385
6305 3.9539872045271784
6368 17.56911290762923
6402 1.4112609838503516
6468 3.1483620405405426
6633 5.617709800448351
6689 5.8998973535824915
6711 5.8998973535824915
6729 2.1944885975173447
6776 3.884527673804586
6872 1.3047775034479017
6878 2.8553749158590684
6885 5.8998973535824915
6887 19.585204742278908
6889 5.612215281130711
6893 4.919068100570765
6919 4.267681617312855
6978 3.9539872045271784
7042 3.8630154263214513
7104 -2.6539516666051686
7260 5.206750173022546
7299 2.8553749158590684
7344 1.6325336272287498
7418 3.1483620405405426
7431 2.6040604875781623
7457 4.919068100570765
7459 2.1944885975173447
7482 1.8055527913603908
7497 1.4028006446333317
7563 2.335070548138534
7578 1.5646118380827554
7634 4.359452312635343
7647 3.3096301881366648
7764 3.4104096350522175
7813 1.0145733615634107
7820 5.206750173022546
7832 3.047265923669174
7959 4.00277736869661
8007 1.904759441443839
8049 5.8998973535824915
8155 3.1066893441399746
8164 5.8998973535824915
8182 2.681021528714291
8221 4.290459441148391
8242 2.035665011990694
8256 3.3607792968127694
8276 3.21432000833234
8384 5.8998973535824915
8400 3.597312260588446
8439 0.4690908039883759
8444 3.5780469788183606
8485 5.389071729816501
8566 2.5098732725184614
8578 3.1066893441399746
8651 5.8998973535824915
8695 1.9550845253313545
8708 2.962113491571787
8712 3.3349479961209547
8736 1.1933746733341126
8810 7.004004161568242
8928 1.3355491621146554
8978 1.6140145794615122
9106 1.0850066366123312
9122 1.3744921360632627
9211 3.502002080784121
9214 4.165296298194385
9284 7.814934377784571
9356 4.290459441148391
9372 2.3256808077886952
9378 5.052599493195288
9393 1.060973437168175
9445 2.973157951515452
9453 4.8012850649143815
9554 1.271661894663404
9647 5.206750173022546
9752 3.5327737394508745
9922 23.34463597284668
9956 3.47214911763444
9961 9.201228738904462
9970 2.9027817082684284
10009 5.612215281130711
10058 5.208120975156325
10114 3.9042484672355897
10146 4.05407066308416
10216 5.612215281130711
10253 5.8998973535824915
10479 4.513602992462601
10493 5.612215281130711
10522 2.9911764570181303
10532 11.683888793379527
10609 3.5327737394508745
10734 2.735829765209286
10751 2.3818556390457326
10782 4.433560284789064
10872 12.839056767185918
10906 2.035665011990694
10973 2.7938170228596353
11034 1.5958322603783217
11057 7.667575157280854
11066 4.05407066308416
11089 1.1549652252192415
11116 9.554566535091086
11139 2.87137525720551
11140 2.15432255579201
11202 5.8419443966897635
11294 4.600614369452231
11299 -4.169462094927503
11304 3.616488101599373
11305 6.192107127359728
11312 3.3096301881366648
11331 4.290459441148391
11409 3.502002080784121
11445 3.740413104229119
11546 7.907974409054357
11570 1.1933746733341126
11606 5.612215281130711
11625 13.115214873829576
11628 5.8998973535824915
11646 2.3541187431092285
11665 7.1290448755309095
11671 2.2535775138873513
11678 4.513602992462601
11754 3.1918471524802814
11769 1.6466515087745348
11839 7.194624521176892
11870 3.5645224377654547
11882 4.8012850649143815
11889 2.7790019370744945
11911 3.414990703794491
11939 2.681021528714291
11975 2.9209721983448818
11990 4.108137884354437
12001 2.5676928434072877
12014 2.9911764570181303
12034 8.39161396932168
12175 2.955458374416051
12248 3.3609234825242154
12277 3.1273086313427103
12334 6.829981407588982
12383 3.756919355131344
12548 5.389071729816501
12578 7.271395991241656
12593 4.359452312635343
12679 4.787496781134966
12708 1.5958322603783217
12717 0.5999147077153936
12772 5.659565561682174
12773 4.413087583837837
12781 2.498699971920336
12785 2.8088549002241754
12793 2.87137525720551
12826 1.2619373447714093
12853 1.152070867192877
12976 3.9539872045271784
12978 2.383389125409342
13001 2.9461134062376346
13006 5.612215281130711
13077 6.094531847338348
13080 0.8123010183501074
13150 5.052599493195288
13181 4.695924549256556
13271 3.3875917296063767
13294 4.290459441148391
13314 2.0286963426746007
13385 4.00277736869661
13434 9.027205984925201
13435 5.8998973535824915
13491 2.288979440938267
13498 4.695924549256556
13513 3.7026727762462723
13527 2.049749751872433
13532 6.305362461690656
13553 -3.7046075994419203
13572 1.8745456628473423
13635 5.612215281130711
13767 2.6547042203969173
13769 3.1273086313427103
13822 3.740413104229119
13828 3.3349479961209547
13846 3.3096301881366648
13891 1.8197775865739976
13934 9.201228738904462
14008 2.001297368486486
14044 1.4611753752320646
14093 2.973157951515452
14095 5.8998973535824915
14104 1.710242611556066
14135 4.708237486218457
14136 1.4810567457858934
14159 4.600614369452231
14163 8.718904625270685
14164 4.108137884354437
14208 2.3747372985478017
14237 -2.09174504491248
14267 -0.3823693933135151
14308 2.0640357091199095
14345 7.907974409054357
14362 4.290459441148391
14381 0.2288676653980985
14395 2.7218435232345457
14431 2.06986059726431
14656 2.2811529755342836
14686 6.829981407588982
14720 5.612215281130711
14761 5.612215281130711
14779 4.290459441148391
14908 2.476721065201561
14914 3.3096301881366648
15121 1.5868635903955612
15126 5.612215281130711
15153 3.1483620405405426
15181 5.254456710270345
15192 2.978242611245248
15247 2.498699971920336
15306 16.559729015949404
15313 15.336842218129105
15332 -27.941611142621163
15348 2.10066984229969
15404 4.513602992462601
15413 1.2781978656431896
15450 4.290459441148391
15468 2.309930450438483
15471 0.6940608398286201
15518 1.880515829833846
15551 2.3157359697544058
15576 3.009525595686327
15578 5.383508865521417
15587 2.5894543351888
15595 3.9962488624145074
15604 4.246624638098899
15615 5.8998973535824915
15650 2.130975191795019
15651 5.688617093923677
15669 2.162227735299123
15685 0.8716404581364162
15694 2.938066631704182
15771 0.09238285917859758
15805 2.008077055471865
