32
1884 1.9486536350010641
2434 2.413542163580029
2567 1.7153059135126125
2913 1.720394983020084
3614 1.4378280112350734
3678 3.00617266089474
4576 2.085854756514549
4869 4.8012850649143815
4964 0.563963123463148
5083 1.5735596247691985
5630 0.3574615133704861
6919 2.84512107820857
7104 -1.3269758333025843
7578 0.5215372793609184
7832 3.047265923669174
8182 2.681021528714291
8242 2.035665011990694
8256 1.6803896484063847
8660 1.675499663112193
9372 2.3256808077886952
9645 2.021775899830027
10298 4.05407066308416
10532 2.9209721983448818
11034 1.5958322603783217
11192 5.052599493195288
11524 1.5178707189086098
11717 2.938066631704182
12034 0.9324015521468534
12773 2.647852550302702
15332 -1.5523117301456202
15471 0.6940608398286201
15576 3.009525595686327
