201
373 2.750014400201242
482 4.695924549256556
488 3.6312138122641273
592 2.4446327506500602
1060 0.24866762566620615
1750 1.1068654304248302
1924 2.288979440938267
2036 1.9486536350010641
2070 1.4730567031188173
2240 4.96852617085737
2334 1.5879037593638217
2380 7.559267634764801
2450 -3.0542844785180536
2519 1.6902419448493964
2597 2.1157077196642304
2638 2.130975191795019
2674 1.0272478024601386
2679 6.829981407588982
2708 4.05407066308416
2745 3.8630154263214513
2796 2.335070548138534
2920 1.3590830570083334
2924 2.0286963426746007
2940 1.6278716141229383
2959 5.936843246369504
2976 6.305362461690656
3014 4.22592092001082
3040 9.83813620114153
3144 4.00277736869661
3215 0.589980851191103
3313 4.695924549256556
3374 1.9680717208581657
3386 5.258123579567159
3449 1.9647049651044954
3578 0.6015799870344548
3597 2.8876357780772897
3690 1.4972514317058743
3749 5.052599493195288
3780 2.465910149097345
3820 1.7890234894091803
3995 3.50297114018023
4167 2.0712559570933964
4170 4.22592092001082
4416 4.091160117244055
4522 0.2603571476546441
4750 0.33155284982139466
4751 10.244972111383474
4866 2.5211728277723946
4956 4.827084327160058
4962 5.206750173022546
4970 5.923887364212974
4976 2.288979440938267
4989 1.3355491621146554
5194 6.305362461690656
5263 4.22592092001082
5300 6.9985096422506015
5339 1.1784267118982394
5388 6.94429823526888
5484 2.8392614199785533
5570 3.6312138122641273
5571 6.9985096422506015
5572 6.94429823526888
5592 5.206750173022546
5630 0.11915383779016203
5635 2.20271909665386
5668 2.955458374416051
5711 5.258123579567159
6043 1.5913378707904824
6228 1.2947271675944
6262 3.4431615807611875
6265 4.600614369452231
6433 0.5154022907934025
6488 3.0666840095262753
6539 2.434161450782765
6548 2.0785287164224764
6644 4.513602992462601
6721 2.383389125409342
7028 2.764403137653342
7044 1.880515829833846
7104 -2.6539516666051686
7215 2.344549292093078
7265 4.108137884354437
7299 5.710749831718137
7310 4.513602992462601
7366 5.206750173022546
7534 1.242767428663689
7764 1.7052048175261088
7813 3.043720084690232
7949 2.5441623459970937
7957 5.8998973535824915
8262 2.0712559570933964
8283 8.66290733423187
8391 2.555858385760285
8439 0.9381816079767518
8523 0.7256326357044336
8648 2.434161450782765
8784 2.146479378330984
8977 2.6290617897835795
9110 4.071330023981388
9114 6.9985096422506015
9122 1.3744921360632627
9154 2.465910149097345
9204 2.5098732725184614
9276 2.6944445490464313
9353 12.383605326007805
9559 -0.7487904946947653
9818 3.21432000833234
9979 2.3933394562625097
10073 9.83813620114153
10076 5.500028800402484
10202 2.591790394986348
10275 6.305362461690656
10278 3.2849375755462935
10329 -0.630272087128793
10422 0.7087940713416041
10447 3.659689420229828
10452 5.389071729816501
10487 1.981229805435677
10544 5.612215281130711
10559 3.8630154263214513
10721 6.9985096422506015
10749 1.1754637467675824
10848 5.612215281130711
10868 -0.18536107281185138
10993 4.22592092001082
11104 4.290459441148391
11106 6.06532769949008
11115 13.801843108356692
11140 2.15432255579201
11218 0.5720211847929105
11299 -0.5211827618659379
11304 1.2054960338664575
11362 4.00277736869661
11366 12.610724923381312
11370 8.45184184002164
11375 2.681021528714291
11393 3.2849375755462935
11406 2.6418008155610093
11453 4.091160117244055
11646 4.708237486218457
11677 1.7255100836868542
11797 6.9985096422506015
11798 5.052599493195288
11900 2.049749751872433
11969 0.7582337970798316
12014 2.9911764570181303
12022 2.4245770950049366
12033 2.5211728277723946
12228 3.047265923669174
12377 2.6920409239639014
12378 3.3349479961209547
12796 2.9209721983448818
12803 6.818600195406757
12805 1.8568460857479414
12829 6.9985096422506015
12853 3.456212601578631
13029 1.6609715625492831
13045 1.886521853894058
13071 3.086486636822455
13073 5.8998973535824915
13189 1.8745456628473423
13197 3.2849375755462935
13314 2.0286963426746007
13460 5.910916748832102
13501 10.084691311089578
13547 1.6003469407328483
13553 -2.9636860795535362
13559 14.258089751061819
13582 6.305362461690656
13667 3.9539872045271784
13672 1.5262389685791264
13734 5.8267915107068795
13860 5.052599493195288
13891 0.6065925288579992
13978 4.00277736869661
13993 3.3609234825242154
14036 4.290459441148391
14064 3.7026727762462723
14112 8.00555473739322
14136 11.848453966287147
14237 -1.3944966966083199
14242 2.5326015235960173
14315 3.009525595686327
14343 3.7796338173824005
14345 3.9539872045271784
14352 0.9464204733261844
14461 3.740413104229119
14692 8.518879676672789
14782 5.206750173022546
14934 6.9985096422506015
15020 3.086486636822455
15063 6.474619053114077
15192 1.489121305622624
15292 2.211017899468555
15332 -6.209246920582481
15362 4.695924549256556
15373 0.814360751313118
15435 2.750014400201242
15771 0.04619142958929879
15827 3.8218266140364343
15828 2.1862955883920616
