84
1914 5.206750173022546
1942 0.845776947546497
2357 1.1873686492739008
2421 1.5431885268928998
2450 -1.2217137914072214
2631 1.2775319834560304
2674 1.0272478024601386
2935 1.2640783890383267
2964 1.800870720168722
3186 1.2880826248757316
3215 0.589980851191103
3339 8.45184184002164
3995 1.751485570090115
4158 0.09180132134615113
4281 4.695924549256556
4314 2.764403137653342
4585 6.9985096422506015
4840 2.938066631704182
5033 2.1233123190494494
5046 2.236335707452845
5067 2.2278250177849364
5155 3.3096301881366648
5312 2.8553749158590684
5905 1.7835738846416156
5950 4.00277736869661
5955 2.434161450782765
5983 1.9878743481543455
5988 5.612215281130711
5993 0.8521803845817039
6457 5.389071729816501
6729 2.1944885975173447
6908 0.33537694625979814
7255 3.9074671888922854
7286 1.4112609838503516
7482 1.8055527913603908
7578 0.5215372793609184
8032 0.5108256237659907
8043 3.461302966374546
8057 4.165296298194385
8230 4.74707365793266
8231 5.612215281130711
8391 2.555858385760285
8537 6.9985096422506015
8736 1.1933746733341126
8890 2.2800107709555064
8998 5.052599493195288
9122 1.3744921360632627
9408 4.165296298194385
9510 7.559267634764801
9733 1.0850066366123312
10001 8.256142836479638
10294 2.70805020110221
10329 -0.8403627828383906
10437 5.4691914417169425
10473 1.7781538171722764
10867 1.4533321977710387
10886 2.87137525720551
11032 1.087712998210074
11258 4.00277736869661
11461 2.146479378330984
12022 0.40409618250082274
12447 2.8396265588909295
12455 -0.2152586658680402
12554 1.6609715625492831
12783 1.8986432144264027
13353 1.961557039836972
13392 2.764403137653342
13508 1.7255100836868542
13681 2.498699971920336
13845 2.001297368486486
13887 4.433560284789064
13930 8.160929837501133
14044 1.4611753752320646
14196 1.6746046411110493
14237 -1.3944966966083199
14267 -1.1471081799405454
14439 3.1273086313427103
14455 1.637217476541176
15057 2.304141734385754
15129 2.8876357780772897
15155 0.6904112007410705
15332 -3.1046234602912404
15771 0.023095714794649395
15783 1.4425151080149787
