117
3 3.0666840095262753
151 6.9985096422506015
302 1.7153059135126125
389 1.6419233675785887
500 2.1701959049483
736 4.433560284789064
1657 5.612215281130711
1685 3.2373095265570386
1750 1.1068654304248302
1839 2.093234863812172
1842 2.0286963426746007
1896 1.7835738846416156
1942 0.845776947546497
2019 2.344549292093078
2450 -0.6108568957036107
2674 1.0272478024601386
3062 2.8396265588909295
3068 5.384081847927803
3165 3.7796338173824005
3168 2.824122372354964
3186 1.2880826248757316
3215 1.7699425535733089
3339 4.22592092001082
3578 0.6015799870344548
4145 8.03230822188746
4158 0.12240176179486817
4172 3.414990703794491
4295 2.9209721983448818
4297 3.3096301881366648
4341 2.6547042203969173
4405 2.6920409239639014
4437 2.4033897921160112
4878 1.3672978604292356
4914 1.4339892349279078
4924 3.2849375755462935
5040 1.4378280112350734
5058 3.5327737394508745
5430 2.750014400201242
5517 1.6232312345664361
5539 1.7153059135126125
5680 1.5913378707904824
5715 3.502002080784121
5905 1.7835738846416156
5964 3.1273086313427103
5993 0.8521803845817039
6136 2.91449219418435
6228 1.2947271675944
6872 1.3047775034479017
7059 5.389071729816501
7104 -0.6634879166512921
7210 1.8568460857479414
7329 4.8012850649143815
7482 1.8055527913603908
7487 1.8167260919585162
7489 4.108137884354437
7497 0.7014003223166658
7535 4.919068100570765
7620 2.1863252868781835
7968 3.047265923669174
8032 1.0216512475319814
8284 3.9539872045271784
8439 0.4690908039883759
8471 2.7938170228596353
8582 5.512435106133805
8896 2.938066631704182
9110 2.035665011990694
9164 3.597312260588446
9238 3.47214911763444
9280 3.502002080784121
9345 2.66777630196427
9481 1.7727629685373998
9537 0.6546292081242703
9557 4.290459441148391
9644 4.359452312635343
9990 1.1343571206342449
10194 2.455214859980597
10306 2.15432255579201
10326 0.5230769255465112
10329 -0.21009069570959765
10503 4.827084327160058
10867 1.4533321977710387
11089 3.4648956756577247
11148 1.1784267118982394
11769 1.6466515087745348
11894 1.5178707189086098
12006 2.955458374416051
12022 0.40409618250082274
12075 2.938066631704182
12078 2.727440078162703
12122 2.3927825337470767
12341 2.8088549002241754
12455 -0.2152586658680402
12460 0.7332084295128914
12554 1.6609715625492831
12708 1.5958322603783217
12826 1.2619373447714093
12946 1.7798435526592793
12953 4.919068100570765
13029 1.6609715625492831
13208 1.3115342859107813
13384 2.0568672196412967
13553 -0.7409215198883841
13930 1.3601549729168554
14174 1.7945029551738059
14196 0.8373023205555247
14267 -1.1471081799405454
14656 1.1405764877671418
14906 0.8027278807278994
15057 1.152070867192877
15076 3.21432000833234
15317 3.0666840095262753
15332 -6.209246920582481
15373 0.814360751313118
15468 1.1549652252192415
15587 1.2947271675944
15783 0.9616767386766525
15786 1.7963813804610742
