464
34 4.513602992462601
156 5.8998973535824915
194 1.5399972773188362
209 3.400384551405129
254 2.498699971920336
289 3.086486636822455
401 3.1698682457615064
451 4.22592092001082
491 3.1066893441399746
496 2.2800107709555064
537 9.83813620114153
569 3.0282177286984795
602 5.389071729816501
607 2.5211728277723946
615 5.612215281130711
628 4.919068100570765
638 3.502002080784121
646 2.219386149139072
657 2.0640357091199095
683 3.3609234825242154
690 4.22592092001082
700 5.8998973535824915
753 6.305362461690656
775 15.118535269529602
787 2.035665011990694
800 2.434161450782765
802 5.8998973535824915
822 4.05407066308416
825 4.433560284789064
847 5.8998973535824915
854 4.290459441148391
856 6.9985096422506015
968 6.9985096422506015
989 4.433560284789064
994 6.9985096422506015
1060 0.3730014384993092
1122 3.1698682457615064
1170 6.9985096422506015
1379 3.2222487953813017
1381 2.6547042203969173
1404 2.7417770571199283
1586 5.8998973535824915
1692 6.583465792552034
1750 1.1068654304248302
1765 5.052599493195288
1850 3.0666840095262753
1862 5.052599493195288
1893 1.7567626271909589
1940 2.6944445490464313
1957 1.8223599096767722
1976 4.695924549256556
1986 2.4237986637472186
1997 3.009525595686327
2064 1.5647876386963615
2103 2.4446327506500602
2271 0.6835662361444191
2274 6.9985096422506015
2334 0.7939518796819108
2335 6.305362461690656
2357 1.1873686492739008
2414 4.8012850649143815
2434 4.827084327160058
2506 3.1483620405405426
2567 1.7153059135126125
2591 3.8630154263214513
2597 4.231415439328461
2603 3.3609234825242154
2667 7.814934377784571
2682 4.108137884354437
2777 5.052599493195288
2796 4.670141096277068
2833 3.666305132075397
2837 3.086486636822455
2919 2.1944885975173447
2920 0.6795415285041667
2924 4.0573926853492015
2925 3.4431615807611875
2935 0.6320391945191633
3046 2.9911764570181303
3061 10.105198986390576
3100 2.7938170228596353
3374 3.9361434417163315
3386 2.6290617897835795
3392 2.20271909665386
3393 5.8998973535824915
3427 5.389071729816501
3506 19.69357267680002
3507 5.8998973535824915
3508 6.305362461690656
3575 3.260840023967233
3578 2.4063199481378192
3598 5.833135824835422
3614 2.875656022470147
3628 5.612215281130711
3657 2.6164830075767194
3678 2.0041151072631602
3690 2.9945028634117485
3697 6.305362461690656
3709 5.808330160057001
3739 4.00277736869661
3774 1.7255100836868542
3804 5.500028800402484
3807 4.6513616155773905
3825 3.3609234825242154
3877 6.339736491523013
3951 3.9539872045271784
3957 4.695924549256556
3981 3.3609234825242154
3995 1.751485570090115
3996 4.8012850649143815
4021 1.5054481989100525
4053 -0.4485604512546557
4067 6.9985096422506015
4070 6.641192582548982
4076 3.4431615807611875
4156 3.086486636822455
4191 4.108137884354437
4214 2.465910149097345
4223 4.372650573756367
4226 3.3609234825242154
4261 2.262311193856106
4286 2.130975191795019
4291 4.108137884354437
4307 2.824122372354964
4319 2.049749751872433
4331 3.3875917296063767
4333 1.4651201535230811
4334 3.1698682457615064
4342 4.108137884354437
4372 5.052599493195288
4400 2.938066631704182
4405 1.3460204619819507
4441 4.05407066308416
4500 2.8396265588909295
4507 6.894087829374555
4522 0.2603571476546441
4537 1.0196238773494795
4576 2.085854756514549
4646 3.7372218546550555
4702 5.8998973535824915
4708 5.8998973535824915
4750 0.994658549464184
4758 13.801843108356692
4815 2.7218435232345457
4818 7.640911623805311
4838 1.4730567031188173
4882 2.130975191795019
4899 3.0666840095262753
4909 2.9381611094783557
4939 3.4431615807611875
4947 3.414990703794491
4964 2.81981561731574
4982 4.919068100570765
5033 2.1233123190494494
5101 3.414990703794491
5110 1.8452180477528222
5147 4.600614369452231
5156 2.211017899468555
5238 3.6312138122641273
5273 3.21432000833234
5283 6.569875151092587
5339 1.1784267118982394
5369 3.047265923669174
5443 2.9041650800285006
5480 6.9985096422506015
5484 0.9464204733261844
5518 1.5868635903955612
5522 3.8630154263214513
5537 3.597312260588446
5539 1.7153059135126125
5555 4.8067795842320225
5563 3.1066893441399746
5581 3.0666840095262753
5630 0.7149230267409722
5635 8.81087638661544
5668 2.955458374416051
5687 4.157057432844953
5834 1.65617539028579
5852 2.4876501357337513
5966 10.329484742283562
5973 4.4311461731650645
5983 1.9878743481543455
5986 3.3609234825242154
6026 2.66777630196427
6064 2.138697237888929
6068 3.1273086313427103
6088 1.2146844599208637
6105 4.8012850649143815
6122 3.502002080784121
6123 4.577958881876534
6130 3.0666840095262753
6131 4.359452312635343
6151 2.815045323479489
6156 1.8000126109847754
6219 2.298029276458185
6228 3.8841815027832003
6233 3.1918471524802814
6250 1.7727629685373998
6302 4.165296298194385
6305 3.9539872045271784
6368 27.608605997703076
6402 1.4112609838503516
6598 6.305362461690656
6633 5.617709800448351
6689 5.8998973535824915
6711 5.8998973535824915
6729 2.1944885975173447
6776 3.884527673804586
6872 1.3047775034479017
6878 2.8553749158590684
6885 5.8998973535824915
6887 21.889346476664663
6889 5.612215281130711
6893 4.919068100570765
6898 2.162227735299123
6919 5.69024215641714
6978 7.907974409054357
7030 4.695924549256556
7104 -1.3269758333025843
7260 5.206750173022546
7295 3.7026727762462723
7418 3.1483620405405426
7430 3.3096301881366648
7431 2.6040604875781623
7457 4.919068100570765
7459 2.1944885975173447
7482 1.8055527913603908
7497 1.4028006446333317
7512 4.22592092001082
7563 2.335070548138534
7569 1.0170954309961207
7578 1.5646118380827554
7634 4.359452312635343
7703 4.8012850649143815
7764 1.7052048175261088
7813 1.0145733615634107
7832 3.047265923669174
7932 1.8745456628473423
7959 4.00277736869661
8007 1.904759441443839
8049 5.8998973535824915
8153 2.8396265588909295
8164 5.8998973535824915
8182 2.681021528714291
8221 4.290459441148391
8242 2.035665011990694
8256 3.3607792968127694
8265 4.108137884354437
8276 3.21432000833234
8384 5.8998973535824915
8400 3.597312260588446
8439 0.4690908039883759
8444 3.5780469788183606
8485 5.389071729816501
8566 2.5098732725184614
8598 5.206750173022546
8651 5.8998973535824915
8695 1.9550845253313545
8708 1.4810567457858934
8736 1.1933746733341126
8810 7.004004161568242
8978 1.6140145794615122
9031 6.305362461690656
9122 1.3744921360632627
9170 0.6116303228879563
9182 7.332610264150794
9211 3.502002080784121
9214 4.165296298194385
9284 3.9074671888922854
9293 6.9985096422506015
9356 4.290459441148391
9372 2.3256808077886952
9378 5.052599493195288
9393 2.12194687433635
9445 2.973157951515452
9453 4.8012850649143815
9480 4.513602992462601
9554 1.271661894663404
9647 5.206750173022546
9752 3.5327737394508745
9765 3.567147769283231
9807 3.1698682457615064
9922 20.00968797672573
9931 6.9985096422506015
9956 6.94429823526888
9961 9.201228738904462
9970 0.9675939027561428
10009 5.612215281130711
10058 7.812181462734487
10076 5.500028800402484
10114 3.9042484672355897
10146 4.05407066308416
10191 4.433560284789064
10216 5.612215281130711
10253 5.8998973535824915
10258 1.8000126109847754
10479 4.513602992462601
10493 5.612215281130711
10522 2.9911764570181303
10532 8.762916595034646
10561 1.6003469407328483
10609 7.065547478901749
10734 2.735829765209286
10749 1.1754637467675824
10751 2.3818556390457326
10782 4.433560284789064
10872 9.629292575389439
10906 2.035665011990694
10967 3.6312138122641273
10973 2.7938170228596353
11032 1.087712998210074
11034 1.5958322603783217
11057 7.667575157280854
11066 4.05407066308416
11089 1.1549652252192415
11116 5.732739921054652
11139 2.87137525720551
11202 5.8419443966897635
11266 2.9041650800285006
11294 4.600614369452231
11299 -4.169462094927503
11304 3.616488101599373
11305 6.192107127359728
11312 3.3096301881366648
11331 4.290459441148391
11342 5.389071729816501
11388 4.22592092001082
11409 3.502002080784121
11546 7.907974409054357
11606 5.612215281130711
11625 16.029707068013924
11628 5.8998973535824915
11646 2.3541187431092285
11665 7.1290448755309095
11678 4.513602992462601
11754 3.1918471524802814
11769 1.6466515087745348
11839 17.98656130294223
11882 4.8012850649143815
11889 2.7790019370744945
11911 3.414990703794491
11939 2.681021528714291
11943 2.455214859980597
11969 1.5164675941596633
11990 4.108137884354437
12001 2.5676928434072877
12014 2.9911764570181303
12019 5.612215281130711
12022 0.8081923650016455
12034 7.459212417174827
12093 3.3607792968127694
12175 2.955458374416051
12248 3.3609234825242154
12277 3.1273086313427103
12334 6.829981407588982
12383 1.2523064517104479
12548 5.389071729816501
12593 4.359452312635343
12679 4.787496781134966
12708 4.787496781134966
12717 0.5999147077153936
12772 5.659565561682174
12773 4.413087583837837
12781 2.498699971920336
12785 2.8088549002241754
12793 2.87137525720551
12826 1.2619373447714093
12832 3.3096301881366648
12853 2.304141734385754
12976 3.9539872045271784
12978 2.383389125409342
13001 4.419170109356452
13006 5.612215281130711
13029 1.6609715625492831
13077 6.094531847338348
13080 0.8123010183501074
13150 5.052599493195288
13174 4.695924549256556
13208 1.3115342859107813
13223 6.9985096422506015
13271 3.3875917296063767
13294 4.290459441148391
13314 2.0286963426746007
13385 4.00277736869661
13435 5.8998973535824915
13438 2.555858385760285
13491 2.288979440938267
13498 4.695924549256556
13513 3.7026727762462723
13527 2.049749751872433
13553 -4.445529119330304
13572 1.8745456628473423
13584 6.9985096422506015
13635 5.612215281130711
13672 1.5262389685791264
13767 2.6547042203969173
13769 3.1273086313427103
13828 3.3349479961209547
13846 3.3096301881366648
13891 1.8197775865739976
13892 6.9985096422506015
13934 4.600614369452231
14044 1.4611753752320646
14049 4.290459441148391
14093 2.973157951515452
14095 5.8998973535824915
14104 1.710242611556066
14135 4.708237486218457
14136 1.4810567457858934
14163 8.718904625270685
14164 4.108137884354437
14208 3.5621059478217028
14237 -2.09174504491248
14308 2.0640357091199095
14345 3.9539872045271784
14352 0.9464204733261844
14357 2.476721065201561
14362 8.580918882296782
14381 0.2288676653980985
14395 2.7218435232345457
14431 3.104790895896465
14656 4.562305951068567
14686 6.829981407588982
14692 2.8396265588909295
14711 6.9985096422506015
14720 5.612215281130711
14762 6.9985096422506015
14779 8.580918882296782
14804 6.9985096422506015
14908 2.476721065201561
14948 6.305362461690656
15121 1.5868635903955612
15126 5.612215281130711
15146 4.290459441148391
15181 5.254456710270345
15192 4.467363916867872
15247 2.498699971920336
15306 15.839740797864646
15313 13.419736940862967
15332 -29.493922872766785
15341 1.5919482501253577
15348 2.10066984229969
15404 4.513602992462601
15413 1.2781978656431896
15450 4.290459441148391
15468 3.4648956756577247
15470 5.8998973535824915
15471 0.6940608398286201
15518 1.880515829833846
15551 2.3157359697544058
15576 3.009525595686327
15578 5.383508865521417
15587 2.5894543351888
15595 3.9962488624145074
15604 6.369936957148348
15615 5.8998973535824915
15650 2.130975191795019
15651 6.826340512708413
15669 2.162227735299123
15677 1.5779746429783155
15685 0.8716404581364162
15694 2.938066631704182
15771 0.06928714438394819
15805 2.008077055471865
