211
252 4.513602992462601
730 2.298029276458185
927 2.0785287164224764
1839 4.186469727624344
1884 3.8973072700021283
1893 1.7567626271909589
1928 9.950600542935005
1955 17.699692060747473
2028 4.433560284789064
2066 5.389071729816501
2240 1.65617539028579
2271 1.3671324722888383
2293 6.305362461690656
2334 1.5879037593638217
2450 -3.0542844785180536
2536 1.7835738846416156
2601 3.1066893441399746
2631 0.42584399448534344
2640 2.735829765209286
2645 10.367161579945392
2736 26.457436721676803
2845 6.9985096422506015
2862 1.4690805547391779
2964 0.900435360084361
3048 2.5098732725184614
3291 6.9985096422506015
3374 1.9680717208581657
3407 2.085854756514549
3448 3.1273086313427103
3482 3.3096301881366648
3516 2.0785287164224764
3520 2.87137525720551
3521 5.389071729816501
3608 6.9985096422506015
3700 5.1789086703776
3788 5.500028800402484
3820 1.7890234894091803
3840 1.2980660688599148
3995 5.254456710270345
4021 1.5054481989100525
4302 1.8000126109847754
4307 8.472367117064893
4366 3.975748696308691
4425 3.7473499690270438
4476 3.740413104229119
4537 7.137367141446356
4542 5.052599493195288
4835 6.9985096422506015
4846 4.043551799660054
4876 2.2449194511442365
4914 4.301967704783723
4976 4.577958881876534
5272 3.597312260588446
5312 2.8553749158590684
5406 4.513602992462601
5409 3.502002080784121
5484 0.9464204733261844
5574 3.4431615807611875
5584 21.556286919266004
5653 5.052599493195288
5666 3.47214911763444
5779 3.21432000833234
5842 3.086486636822455
5895 2.4033897921160112
5896 6.9985096422506015
5905 8.917869423208078
5908 6.9985096422506015
5973 1.4770487243883548
5983 1.9878743481543455
6043 3.182675741580965
6049 2.035665011990694
6151 1.4075226617397445
6219 2.298029276458185
6402 1.4112609838503516
6611 9.83813620114153
6721 2.383389125409342
6729 2.1944885975173447
6962 3.8630154263214513
7104 -9.952318749769383
7197 3.461302966374546
7285 6.305362461690656
7286 1.4112609838503516
7306 2.4876501357337513
7312 4.632756830252763
7316 9.38192589402813
7374 5.389071729816501
7414 7.405345552492545
7497 0.7014003223166658
7591 4.085365169298681
7764 3.4104096350522175
7845 2.4237986637472186
7864 3.502002080784121
7892 3.1035445411685827
7917 3.414990703794491
7949 2.5441623459970937
7965 1.886521853894058
7991 1.3149298749119196
8283 2.8876357780772897
8301 7.2406264907400875
8331 4.00277736869661
8391 5.11171677152057
8418 5.206750173022546
8444 1.7890234894091803
8695 5.865253575994063
8784 6.439438134992953
8816 1.7255100836868542
8866 3.8630154263214513
9110 6.106995035972082
9285 3.047265923669174
9355 2.1782280766455644
9396 22.448861124522843
9428 2.498699971920336
9537 0.6546292081242703
9698 3.975748696308691
9733 1.0850066366123312
9765 3.567147769283231
9779 11.002342009962524
10131 5.389071729816501
10278 3.2849375755462935
10326 0.5230769255465112
10353 4.8012850649143815
10422 1.4175881426832082
10445 3.3875917296063767
10469 6.9985096422506015
10698 3.8630154263214513
10729 1.0196238773494795
10742 1.7890234894091803
10809 6.9985096422506015
10868 -0.37072214562370276
10906 2.035665011990694
11018 5.206750173022546
11023 1.2880826248757316
11062 3.6312138122641273
11137 9.75746533022715
11299 -0.5211827618659379
11308 5.019746545036923
11324 4.695924549256556
11385 7.726030852642903
11398 24.076204765490616
11427 26.945358649082504
11430 4.359452312635343
11441 4.919068100570765
11443 13.043360095868932
11461 4.292958756661968
11481 3.237224577420283
11646 2.3541187431092285
11772 4.108137884354437
11781 2.591790394986348
11783 4.00277736869661
11790 2.2449194511442365
11847 5.8998973535824915
11939 2.681021528714291
12111 1.994563336305142
12114 4.359452312635343
12406 5.8998973535824915
12407 5.8463638675117195
12455 -1.2915519952082413
12601 6.9985096422506015
12707 8.911300071139745
12717 0.5999147077153936
12789 4.695924549256556
12823 1.034930298632155
12826 1.2619373447714093
12832 3.3096301881366648
12914 6.9985096422506015
13080 0.8123010183501074
13088 2.7790019370744945
13338 5.042345655544789
13384 2.0568672196412967
13439 3.7796338173824005
13440 1.4770487243883548
13471 2.6040604875781623
13527 4.099499503744866
13530 3.9539872045271784
13781 3.8204558119026557
13801 3.6312138122641273
13843 2.1782280766455644
13893 4.05407066308416
13930 1.3601549729168554
14008 2.001297368486486
14044 2.9223507504641293
14111 3.7026727762462723
14202 14.665220528301589
14237 -0.6972483483041599
14260 4.165296298194385
14267 -4.970802113075696
14383 4.8012850649143815
14410 5.8998973535824915
14416 3.0958048519009655
14429 6.9985096422506015
14431 1.034930298632155
14437 6.9985096422506015
14477 7.563518483317184
14527 5.876133263408364
14590 11.002342009962524
14591 6.9985096422506015
14700 4.00277736869661
14748 6.305362461690656
14840 3.740413104229119
14884 10.778143459633002
14908 2.476721065201561
15155 2.761644802964282
15195 3.0282177286984795
15332 -15.523117301456201
15341 0.7959741250626788
15348 2.10066984229969
15484 2.9911764570181303
15622 14.18268392412579
15633 6.9985096422506015
15685 0.8716404581364162
15728 6.019051191372654
