182
512 2.0785287164224764
717 5.679253117781859
751 4.22592092001082
800 2.434161450782765
862 4.689098584186156
978 2.298029276458185
1053 6.9985096422506015
1839 2.093234863812172
1957 1.8223599096767722
2103 4.8892655013001205
2150 5.206750173022546
2269 1.8686109273275278
2271 0.6835662361444191
2357 1.1873686492739008
2444 3.666305132075397
2450 -1.832570687110832
2502 5.052599493195288
2538 1.422560539104285
2747 5.389071729816501
2810 3.597312260588446
2901 6.669895992241909
2944 4.8012850649143815
2969 5.389071729816501
3056 6.9985096422506015
3506 1.6411310564000017
3530 5.8998973535824915
3575 3.260840023967233
3598 2.3332543299341686
3646 2.5676928434072877
3738 4.05407066308416
3739 4.00277736869661
3814 2.236335707452845
3862 6.133368019052551
4021 1.5054481989100525
4053 -0.14952015041821856
4189 2.87137525720551
4297 3.3096301881366648
4314 2.764403137653342
4333 2.9302403070461622
4405 1.3460204619819507
4456 6.9985096422506015
4457 6.9985096422506015
4507 2.298029276458185
4569 12.610724923381312
4576 2.085854756514549
4651 3.8630154263214513
4838 1.4730567031188173
4844 5.8998973535824915
4876 2.2449194511442365
4963 2.3933394562625097
4964 3.3837787407788884
5055 2.2278250177849364
5115 5.8998973535824915
5116 1.961557039836972
5127 4.8012850649143815
5318 3.1066893441399746
5364 6.9985096422506015
5581 3.0666840095262753
5630 0.3574615133704861
5929 3.3096301881366648
5973 1.4770487243883548
5999 2.5098732725184614
6016 4.359452312635343
6119 6.305362461690656
6122 3.502002080784121
6169 2.4033897921160112
6368 5.019746545036923
6387 2.9911764570181303
6539 2.434161450782765
6558 4.359452312635343
6622 2.579669034454003
6675 5.019746545036923
6776 3.884527673804586
6887 3.456212601578631
6919 1.422560539104285
6960 5.8998973535824915
6986 10.778143459633002
7076 4.86832290156553
7104 -1.9904637499538764
7215 2.344549292093078
7431 2.6040604875781623
7482 5.416658374081172
7578 2.607686396804592
7610 12.610724923381312
7996 6.9985096422506015
8096 1.4533321977710387
8325 5.052599493195288
8391 2.555858385760285
8444 1.7890234894091803
8585 3.47214911763444
8822 2.2800107709555064
8850 1.7153059135126125
8880 1.67063347346102
8925 3.5327737394508745
8978 4.842043738384536
9122 2.7489842721265254
9151 1.258716730071367
9170 0.6116303228879563
9211 7.004004161568242
9241 12.610724923381312
9246 4.695924549256556
9292 2.5441623459970937
9379 6.9985096422506015
9645 2.021775899830027
9733 1.0850066366123312
9956 6.94429823526888
9977 3.8630154263214513
10300 4.600614369452231
10326 0.5230769255465112
10329 -0.21009069570959765
10420 4.290459441148391
10479 4.513602992462601
10532 5.8419443966897635
10868 -0.5560832184355542
11023 1.2880826248757316
11034 1.5958322603783217
11106 2.021775899830027
11165 2.1863252868781835
11299 -1.0423655237318759
11330 4.359452312635343
11346 6.9985096422506015
11349 6.9985096422506015
11356 4.8012850649143815
11385 3.8630154263214513
11386 2.1157077196642304
11393 3.2849375755462935
11438 3.3349479961209547
11481 1.6186122887101415
11625 2.91449219418435
11704 3.1483620405405426
11839 10.791936781765338
11969 0.7582337970798316
12022 0.40409618250082274
12028 2.591790394986348
12034 6.526810865027974
12057 2.10066984229969
12064 3.3349479961209547
12070 2.87137525720551
12315 6.9985096422506015
12377 1.3460204619819507
12380 3.2849375755462935
12383 1.2523064517104479
12455 -0.4305173317360804
12679 11.170825822648252
12773 5.295705100605404
12781 2.498699971920336
12823 1.034930298632155
12896 3.2373095265570386
12978 2.383389125409342
13001 1.4730567031188173
13065 4.919068100570765
13108 2.2800107709555064
13181 4.695924549256556
13202 3.6312138122641273
13439 3.7796338173824005
13451 3.4431615807611875
13482 6.305362461690656
13553 -0.7409215198883841
13822 3.740413104229119
13926 6.521680047934466
14049 4.290459441148391
14237 -2.09174504491248
14370 3.666305132075397
14416 0.7739512129752414
14486 2.6164830075767194
14527 2.938066631704182
14546 2.8876357780772897
14839 4.8012850649143815
14860 6.9985096422506015
15155 1.380822401482141
15306 2.8799528723390266
15313 3.834210554532276
15332 -1.5523117301456202
15413 2.556395731286379
15551 2.3157359697544058
15576 3.009525595686327
15595 1.3320829541381691
15651 1.1377234187847354
15672 0.7275212103923018
15685 3.486561832545665
15771 0.06928714438394819
15805 4.01615411094373
