218
194 0.7699986386594181
373 2.750014400201242
764 3.502002080784121
775 3.7796338173824005
779 5.612215281130711
800 2.434161450782765
906 8.10814132616832
978 2.298029276458185
1060 0.06216690641655154
1094 2.335070548138534
1122 3.1698682457615064
1177 6.9985096422506015
1267 6.9985096422506015
1379 1.0740829317937672
1589 6.9985096422506015
1621 6.9985096422506015
1685 3.2373095265570386
1686 1.1549652252192415
1690 2.455214859980597
1782 2.7218435232345457
1929 2.1081605140288473
1935 4.433560284789064
1938 2.66777630196427
1979 3.9539872045271784
1986 2.4237986637472186
2026 2.681021528714291
2217 2.4876501357337513
2240 1.65617539028579
2291 3.5327737394508745
2334 1.5879037593638217
2351 3.129575277392723
2357 1.1873686492739008
2421 1.5431885268928998
2425 6.9985096422506015
2434 4.827084327160058
2450 -1.2217137914072214
2567 17.153059135126124
2603 6.721846965048431
2714 5.612215281130711
2777 15.157798479585864
2796 4.670141096277068
2919 4.388977195034689
2935 0.6320391945191633
2964 0.900435360084361
2974 5.206750173022546
3098 4.695924549256556
3228 11.722401566676856
3247 4.600614369452231
3578 0.6015799870344548
3598 4.666508659868337
3614 1.4378280112350734
3678 11.022633089947382
3709 2.9041650800285006
3739 4.00277736869661
3807 16.279765654520865
3951 3.9539872045271784
3972 4.919068100570765
3995 1.751485570090115
4003 6.9985096422506015
4026 2.8876357780772897
4070 1.1068654304248302
4191 4.108137884354437
4205 3.666305132075397
4245 3.597312260588446
4248 5.206750173022546
4286 2.130975191795019
4366 1.9878743481543455
4381 2.0149030205422647
4397 3.666305132075397
4400 2.938066631704182
4416 1.3637200390813515
4427 3.597312260588446
4481 2.146479378330984
4507 2.298029276458185
4522 0.2603571476546441
4537 2.039247754698959
4576 2.085854756514549
4750 0.6631056996427893
4838 5.892226812475269
4852 3.7761501902141013
4964 2.81981561731574
4970 1.9746291214043248
5004 6.9985096422506015
5033 2.1233123190494494
5199 9.602570129828763
5630 0.4766153511606481
5809 2.363780654020965
5848 8.216275768708874
5884 6.305362461690656
5965 3.740413104229119
5999 5.019746545036923
6004 6.213378688279949
6151 1.4075226617397445
6223 5.617709800448351
6539 4.86832290156553
6898 2.162227735299123
6919 4.267681617312855
6922 4.22592092001082
7104 -0.6634879166512921
7181 3.260840023967233
7227 11.799794707164983
7312 2.3163784151263815
7327 3.5327737394508745
7534 4.971069714654756
7566 4.8012850649143815
7569 1.0170954309961207
7650 2.1081605140288473
7832 3.047265923669174
8032 0.5108256237659907
8096 1.4533321977710387
8182 8.043064586142872
8256 1.6803896484063847
8301 2.413542163580029
8439 0.4690908039883759
8578 3.1066893441399746
8660 5.026498989336579
8745 5.088324691994187
8976 4.695924549256556
8987 4.42203579893711
9151 3.7761501902141013
9211 3.502002080784121
9292 2.5441623459970937
9343 3.8630154263214513
9372 2.3256808077886952
9602 2.2800107709555064
9645 6.06532769949008
10018 9.602570129828763
10114 1.3014161557451966
10306 2.15432255579201
10326 1.0461538510930224
10364 4.695924549256556
10422 0.7087940713416041
10431 1.4437323058179135
10443 2.4876501357337513
10454 5.612215281130711
10473 5.334461451516829
10532 8.762916595034646
10628 4.165296298194385
10629 3.7026727762462723
10753 2.7790019370744945
10868 -0.7414442912474055
10872 3.2097641917964794
10906 2.035665011990694
11033 6.9985096422506015
11110 1.6204910383360227
11116 9.554566535091086
11140 4.30864511158402
11165 2.1863252868781835
11353 2.8088549002241754
11398 3.009525595686327
11444 2.434161450782765
11481 1.6186122887101415
11484 3.6312138122641273
11570 1.1933746733341126
11614 6.305362461690656
11625 4.371738291276525
11627 6.9985096422506015
11671 2.2535775138873513
11677 1.7255100836868542
11902 4.433560284789064
11939 2.681021528714291
11969 0.7582337970798316
11984 2.4237986637472186
12014 2.9911764570181303
12017 4.165296298194385
12034 5.594409312881121
12057 2.10066984229969
12070 2.87137525720551
12081 2.363780654020965
12093 1.6803896484063847
12140 4.108137884354437
12181 3.8204558119026557
12283 2.6040604875781623
12377 1.3460204619819507
12379 9.602570129828763
12383 6.261532258552239
12455 -0.4305173317360804
12621 4.290459441148391
12679 4.787496781134966
12723 2.288979440938267
12741 4.05407066308416
12772 3.773043707788116
12773 4.413087583837837
13001 2.9461134062376346
13071 3.086486636822455
13314 2.0286963426746007
13319 1.8055527913603908
13384 4.113734439282593
13440 1.4770487243883548
13491 4.577958881876534
13553 -1.111382279832576
13565 1.9878743481543455
13704 4.695924549256556
13913 2.8396265588909295
13993 3.3609234825242154
14237 -1.3944966966083199
14267 -0.7647387866270302
14315 3.009525595686327
14453 3.414990703794491
14656 3.4217294633014257
14700 4.00277736869661
14869 4.433560284789064
14906 0.4013639403639497
14908 2.476721065201561
14919 6.9985096422506015
14998 7.1290448755309095
15192 1.489121305622624
15306 2.8799528723390266
15313 3.834210554532276
15332 -23.2846759521843
15341 1.5919482501253577
15468 4.619860900876966
15576 9.02857678705898
15578 1.7945029551738059
15592 2.87137525720551
15595 2.6641659082763383
15651 2.2754468375694707
15740 11.224430562261421
