228
194 0.7699986386594181
209 1.7001922757025645
512 2.0785287164224764
534 8.867120569578129
646 4.438772298278144
702 3.7796338173824005
757 6.9985096422506015
775 3.7796338173824005
787 2.035665011990694
848 3.7796338173824005
907 5.612215281130711
1060 0.3730014384993092
1137 6.9985096422506015
1198 6.9985096422506015
1356 2.363780654020965
1379 2.1481658635875345
1479 6.9985096422506015
1522 5.052599493195288
1686 1.1549652252192415
1750 1.1068654304248302
1923 2.211017899468555
2247 2.219386149139072
2334 1.5879037593638217
2406 2.9209721983448818
2428 4.695924549256556
2434 2.413542163580029
2492 3.047265923669174
2567 24.014282789176576
2597 2.1157077196642304
2601 3.1066893441399746
2645 2.591790394986348
2655 5.389071729816501
2796 2.335070548138534
2912 6.305362461690656
2920 1.3590830570083334
2935 1.2640783890383267
3131 4.695924549256556
3281 5.052599493195288
3329 1.981229805435677
3578 0.6015799870344548
3598 3.4998814949012527
3614 2.875656022470147
3678 11.022633089947382
3709 2.9041650800285006
3807 2.3256808077886952
3938 4.433560284789064
3982 1.0769312226067855
4070 1.1068654304248302
4205 3.666305132075397
4217 3.3096301881366648
4248 5.206750173022546
4249 5.8998973535824915
4282 2.8553749158590684
4307 2.824122372354964
4309 2.681021528714291
4363 3.7796338173824005
4368 4.22592092001082
4381 2.0149030205422647
4576 4.171709513029098
4838 2.9461134062376346
4852 1.258716730071367
4869 4.8012850649143815
4964 0.563963123463148
4970 1.9746291214043248
5067 2.2278250177849364
5110 1.8452180477528222
5199 4.8012850649143815
5260 6.9985096422506015
5316 2.236335707452845
5339 1.1784267118982394
5350 2.955458374416051
5392 2.130975191795019
5418 4.00277736869661
5517 1.6232312345664361
5587 2.5326015235960173
5590 1.4533321977710387
5599 6.305362461690656
5630 0.9532307023212963
5635 2.20271909665386
5700 3.1483620405405426
5828 2.5676928434072877
5901 2.455214859980597
5966 3.4431615807611875
6088 2.4293689198417274
6105 4.8012850649143815
6130 3.0666840095262753
6216 2.3933394562625097
6250 1.7727629685373998
6539 4.86832290156553
6754 2.4049037829704587
6853 3.260840023967233
6878 2.8553749158590684
6898 2.162227735299123
6919 2.84512107820857
6926 5.8998973535824915
7104 -1.3269758333025843
7286 1.4112609838503516
7299 2.8553749158590684
7340 4.600614369452231
7390 6.305362461690656
7418 3.1483620405405426
7444 5.206750173022546
7459 2.1944885975173447
7497 1.4028006446333317
7534 1.242767428663689
7578 0.5215372793609184
7633 1.8745456628473423
7647 3.3096301881366648
7768 3.3096301881366648
7899 5.052599493195288
8007 1.904759441443839
8032 0.5108256237659907
8155 3.1066893441399746
8160 4.165296298194385
8182 2.681021528714291
8242 2.035665011990694
8256 1.6803896484063847
8396 5.052599493195288
8439 0.4690908039883759
8593 4.165296298194385
8660 3.350999326224386
8743 4.433560284789064
8745 2.5441623459970937
8975 2.3933394562625097
8978 1.6140145794615122
8987 6.633053698405666
8988 6.9985096422506015
8997 5.8998973535824915
9113 4.108137884354437
9151 1.258716730071367
9170 0.6116303228879563
9372 4.6513616155773905
9554 1.271661894663404
9599 5.612215281130711
9645 8.087103599320107
9680 7.194624521176892
10008 2.0568672196412967
10025 4.513602992462601
10114 1.3014161557451966
10287 3.009525595686327
10298 4.05407066308416
10326 0.5230769255465112
10443 4.9753002714675025
10532 2.9209721983448818
10552 4.22592092001082
10749 1.1754637467675824
10810 5.052599493195288
10874 4.359452312635343
10883 5.8998973535824915
10906 2.035665011990694
11032 1.087712998210074
11034 3.1916645207566434
11057 5.11171677152057
11066 4.05407066308416
11089 1.1549652252192415
11110 1.6204910383360227
11114 3.047265923669174
11116 3.8218266140364343
11165 2.1863252868781835
11168 2.556395731286379
11192 5.052599493195288
11236 7.1290448755309095
11398 3.009525595686327
11625 1.457246097092175
11677 1.7255100836868542
11800 5.052599493195288
11939 2.681021528714291
11969 1.5164675941596633
12034 1.8648031042937068
12043 2.498699971920336
12093 1.6803896484063847
12283 2.6040604875781623
12294 4.8012850649143815
12455 -0.2152586658680402
12462 5.612215281130711
12498 4.695924549256556
12621 4.290459441148391
12679 3.1916645207566434
12723 2.288979440938267
12754 6.305362461690656
12773 3.530470067070269
12789 4.695924549256556
12823 1.034930298632155
12826 1.2619373447714093
12995 4.165296298194385
13030 4.290459441148391
13088 5.558003874148989
13108 2.2800107709555064
13212 11.799794707164983
13390 2.236335707452845
13401 4.93182029819469
13411 2.8088549002241754
13438 2.555858385760285
13463 5.8998973535824915
13491 6.866938322814802
13527 2.049749751872433
13553 -1.4818430397767681
13750 2.162227735299123
13790 6.9985096422506015
13791 3.047265923669174
13818 4.600614369452231
13891 1.8197775865739976
13918 2.8396265588909295
14107 2.4237986637472186
14174 5.383508865521417
14237 -1.3944966966083199
14242 2.5326015235960173
14267 -1.1471081799405454
14317 6.9985096422506015
14381 0.6866029961942954
14525 4.22592092001082
14656 2.2811529755342836
14692 2.8396265588909295
14717 4.695924549256556
14908 2.476721065201561
15037 2.3163784151263815
15155 1.380822401482141
15306 2.15996465425427
15313 13.419736940862967
15332 -4.656935190436861
15341 2.3879223751880367
15404 9.027205984925201
15468 2.309930450438483
15471 0.6940608398286201
15576 6.019051191372654
15578 3.5890059103476117
15592 2.87137525720551
15651 3.4131702563542063
