35
1902 2.0149030205422647
2217 2.4876501357337513
2567 1.7153059135126125
2794 6.9985096422506015
3228 7.814934377784571
3293 3.6312138122641273
3678 1.0020575536315801
3859 4.600614369452231
3951 3.9539872045271784
4070 1.1068654304248302
4890 6.305362461690656
4964 0.563963123463148
4965 6.9985096422506015
5630 0.11915383779016203
6539 2.434161450782765
8032 0.5108256237659907
8256 1.6803896484063847
8660 3.350999326224386
8975 2.3933394562625097
8987 2.211017899468555
9372 2.3256808077886952
9645 2.021775899830027
10431 0.7218661529089567
11116 1.9109133070182172
12034 1.8648031042937068
12455 -0.2152586658680402
12679 1.5958322603783217
12773 2.647852550302702
13491 2.288979440938267
13753 3.7026727762462723
14998 3.5645224377654547
15155 0.6904112007410705
15313 1.917105277266138
15418 2.1233123190494494
15515 3.666305132075397
