65
1822 9.533556501637367
1942 0.845776947546497
2271 0.34178311807220957
2631 0.8516879889706869
2904 4.165296298194385
2920 0.6795415285041667
3186 1.2880826248757316
3759 2.4033897921160112
4158 0.09180132134615113
4707 3.740413104229119
5040 1.4378280112350734
5116 1.961557039836972
5484 0.9464204733261844
5518 3.1737271807911225
5590 1.4533321977710387
5891 3.1273086313427103
5950 4.00277736869661
5993 1.7043607691634077
6064 4.277394475777858
7025 1.0095482253607377
7104 -1.3269758333025843
7401 1.886521853894058
7462 1.942263836902293
7690 3.21432000833234
7813 1.0145733615634107
7965 1.886521853894058
8032 0.5108256237659907
8167 3.6312138122641273
8256 3.3607792968127694
8271 4.513602992462601
8718 2.824122372354964
8896 2.938066631704182
9551 5.8998973535824915
9733 3.2550199098369936
10491 3.086486636822455
10599 5.8998973535824915
10749 1.1754637467675824
10867 1.4533321977710387
11032 2.175425996420148
11148 2.356853423796479
11864 6.9985096422506015
11894 1.5178707189086098
12002 6.9985096422506015
12022 0.40409618250082274
12455 -0.2152586658680402
12527 3.086486636822455
12682 4.600614369452231
12853 2.304141734385754
13208 1.3115342859107813
13353 3.923114079673944
13851 5.612215281130711
13930 2.7203099458337108
14078 5.019746545036923
14153 2.4876501357337513
14196 0.8373023205555247
14431 1.034930298632155
14455 1.637217476541176
15057 3.456212601578631
15332 -6.209246920582481
15407 2.2711218235382606
15471 0.6940608398286201
15523 8.33059259638877
15692 3.8204558119026557
15783 0.48083836933832624
15786 0.8981906902305371
