157
530 2.66777630196427
1836 7.5978045707880515
2019 2.344549292093078
2021 2.70805020110221
2328 2.9911764570181303
2421 1.5431885268928998
2444 3.666305132075397
2450 -1.832570687110832
2901 3.3349479961209547
2919 2.1944885975173447
2920 0.6795415285041667
2964 0.900435360084361
3578 1.8047399611033645
3614 1.4378280112350734
3635 1.5779746429783155
3759 2.4033897921160112
3785 11.48550102882204
3820 1.7890234894091803
3825 6.721846965048431
3991 2.8088549002241754
4114 6.945189235328208
4217 3.3096301881366648
4400 2.938066631704182
4522 0.5207142953092883
4531 2.681021528714291
4646 3.7372218546550555
4750 0.994658549464184
4838 2.9461134062376346
4909 1.4690805547391779
4963 2.3933394562625097
5033 2.1233123190494494
5083 1.5735596247691985
5154 2.4446327506500602
5172 4.513602992462601
5390 12.610724923381312
5630 0.4766153511606481
5643 3.9074671888922854
5700 3.1483620405405426
5949 3.5645224377654547
6165 3.3096301881366648
6221 2.8553749158590684
6245 6.305362461690656
6402 1.4112609838503516
6416 4.600614369452231
6447 1.2880826248757316
6577 4.05407066308416
6640 14.81069110498509
6739 11.298102056230585
6754 1.2024518914852294
6908 0.33537694625979814
7051 1.8167260919585162
7104 -0.6634879166512921
7197 1.730651483187273
7286 1.4112609838503516
7304 4.22592092001082
7344 1.6325336272287498
7401 1.886521853894058
7482 1.8055527913603908
7813 1.0145733615634107
8123 8.304857812746416
8124 2.973157951515452
8439 0.4690908039883759
8660 1.675499663112193
8676 26.945358649082504
8710 1.6536113391281642
8723 1.5262389685791264
8731 2.0286963426746007
8946 2.7218435232345457
9106 1.0850066366123312
9229 4.786678912525019
9276 2.6944445490464313
9537 3.927775248745622
9668 5.8998973535824915
9733 1.0850066366123312
9743 3.8630154263214513
9791 2.344549292093078
9811 3.9074671888922854
9812 4.290459441148391
9970 1.4513908541342142
10112 4.359452312635343
10155 6.305362461690656
10277 6.9985096422506015
10307 5.135385686814575
10443 2.4876501357337513
10446 3.1483620405405426
10522 2.9911764570181303
10619 5.206750173022546
10620 4.695924549256556
10751 1.5879037593638217
10758 4.600614369452231
10825 4.029806041084529
10868 -0.37072214562370276
11057 2.555858385760285
11110 0.8102455191680114
11116 3.8218266140364343
11202 2.9209721983448818
11218 1.144042369585821
11299 -1.5635482855978138
11304 1.2054960338664575
11360 6.9985096422506015
11379 2.0426825846493406
11570 1.1933746733341126
11677 1.7255100836868542
11825 2.9041650800285006
11831 7.194624521176892
11907 2.434161450782765
12022 0.40409618250082274
12028 2.591790394986348
12078 1.3637200390813515
12246 4.290459441148391
12254 2.335070548138534
12377 1.3460204619819507
12383 1.2523064517104479
12435 3.8204558119026557
12960 3.1918471524802814
13080 0.8123010183501074
13088 5.558003874148989
13094 3.1918471524802814
13289 1.7410142702228197
13322 5.8998973535824915
13338 2.5211728277723946
13354 1.8280256472124494
13449 2.6418008155610093
13499 12.32441365306331
13527 2.049749751872433
13553 -0.37046075994419203
13588 3.5327737394508745
13745 5.206750173022546
13767 2.6547042203969173
13914 5.612215281130711
14090 6.9985096422506015
14237 -2.09174504491248
14267 -0.7647387866270302
14309 1.5137127087599462
14416 1.5479024259504828
14431 2.06986059726431
14588 4.157057432844953
14681 4.22592092001082
14696 5.052599493195288
14810 5.8998973535824915
14907 3.5645224377654547
14949 3.9074671888922854
15173 3.009525595686327
15187 1.994563336305142
15192 4.467363916867872
15241 1.7462362142039713
15332 -9.313870380873722
15373 0.814360751313118
15517 1.886521853894058
15570 2.7218435232345457
15648 2.5676928434072877
15651 1.1377234187847354
15672 0.7275212103923018
15685 0.8716404581364162
15694 2.938066631704182
15709 2.1863252868781835
15771 0.023095714794649395
