90
1884 1.9486536350010641
1893 1.7567626271909589
1928 2.4876501357337513
2049 2.37353682896633
2178 5.612215281130711
2226 6.9985096422506015
2443 4.00277736869661
2450 -3.665141374221664
2935 0.6320391945191633
2959 4.749474597095603
2964 0.900435360084361
3449 3.929409930208991
3482 3.3096301881366648
3498 2.87137525720551
3614 1.4378280112350734
3700 1.2947271675944
3820 1.7890234894091803
3896 1.403798262648762
3932 4.05407066308416
4021 1.5054481989100525
4026 5.775271556154579
4053 -0.07476007520910928
4416 1.3637200390813515
4646 1.8686109273275278
4909 1.4690805547391779
4956 2.413542163580029
4963 2.3933394562625097
4970 1.9746291214043248
5116 1.961557039836972
5590 1.4533321977710387
5630 0.23830767558032406
5902 8.10814132616832
6216 2.3933394562625097
6250 1.7727629685373998
6433 1.030804581586805
6555 2.9911764570181303
6559 6.9985096422506015
6660 2.7938170228596353
7104 -0.6634879166512921
7932 3.7490913256946845
8005 4.165296298194385
8262 2.0712559570933964
8710 0.551203779709388
9106 1.0850066366123312
9170 0.6116303228879563
9537 0.6546292081242703
9559 -0.24959683156492177
9733 1.0850066366123312
10296 3.2849375755462935
10301 4.22592092001082
10447 0.6099482367049713
10742 5.367070468227541
10868 -0.7414442912474055
11102 1.3304600282218215
11299 -1.0423655237318759
11453 4.091160117244055
11570 1.1933746733341126
11713 4.290459441148391
12022 0.8081923650016455
12060 1.5220460903190904
12075 2.938066631704182
12093 1.6803896484063847
12210 3.1698682457615064
12242 3.8630154263214513
12455 -0.4305173317360804
12805 1.8568460857479414
13108 2.2800107709555064
13189 1.8745456628473423
13425 5.389071729816501
13439 3.7796338173824005
13527 2.049749751872433
13553 -0.37046075994419203
13559 3.5645224377654547
13683 3.0666840095262753
13718 1.3425178314307487
13750 2.162227735299123
14107 2.4237986637472186
14237 -2.09174504491248
14267 -0.7647387866270302
14309 1.5137127087599462
14381 0.2288676653980985
14416 0.7739512129752414
14692 2.8396265588909295
14772 6.305362461690656
14906 0.4013639403639497
15231 5.206750173022546
15332 -1.5523117301456202
15341 0.7959741250626788
15651 1.1377234187847354
15828 3.2794433825880924
