55
389 1.6419233675785887
1942 0.845776947546497
2176 2.383389125409342
2421 1.5431885268928998
2452 2.1782280766455644
2458 2.162227735299123
2484 1.3149298749119196
2766 3.0666840095262753
3215 0.589980851191103
4145 4.01615411094373
4158 0.061200880897434085
4388 3.8204558119026557
4522 0.2603571476546441
4914 2.8679784698558155
4989 1.3355491621146554
5540 3.1698682457615064
5596 3.5645224377654547
5694 4.919068100570765
5993 0.8521803845817039
6433 0.5154022907934025
7072 3.8973072700021283
7401 1.886521853894058
8090 2.236335707452845
8271 4.513602992462601
8439 0.4690908039883759
8561 3.8630154263214513
8710 0.551203779709388
9365 1.4972514317058743
9481 1.7727629685373998
9733 1.0850066366123312
10329 -0.21009069570959765
10380 5.612215281130711
10867 1.4533321977710387
11032 1.087712998210074
11148 1.1784267118982394
11537 3.666305132075397
11894 1.5178707189086098
11908 1.5346778372249912
12455 -0.2152586658680402
12460 0.7332084295128914
12554 1.6609715625492831
12708 3.1916645207566434
13080 0.8123010183501074
13553 -0.37046075994419203
13759 2.955458374416051
14196 0.8373023205555247
14563 2.6418008155610093
14620 2.15432255579201
14656 1.1405764877671418
14906 0.4013639403639497
15057 1.152070867192877
15259 2.6641659082763383
15471 0.6940608398286201
15587 1.2947271675944
15786 0.8981906902305371
