211
12 4.8012850649143815
109 4.359452312635343
117 4.290459441148391
302 1.7153059135126125
327 2.20271909665386
389 1.6419233675785887
500 2.1701959049483
646 2.219386149139072
1060 0.12433381283310307
1379 0.5370414658968836
1687 4.827084327160058
1822 4.766778250818684
1842 2.0286963426746007
1846 17.161837764593564
1885 3.009525595686327
1896 8.917869423208078
1902 2.0149030205422647
1942 0.845776947546497
1957 5.467079729030317
2038 3.761031659667692
2056 4.22592092001082
2068 3.3609234825242154
2176 4.766778250818684
2190 5.206750173022546
2271 2.392481826505467
2291 3.5327737394508745
2334 0.7939518796819108
2351 3.129575277392723
2357 3.5621059478217028
2421 1.5431885268928998
2450 -1.2217137914072214
2536 7.134295538566462
2586 3.3096301881366648
2602 5.052599493195288
2631 4.258439944853435
2638 4.261950383590038
2674 5.136239012300693
2697 5.206750173022546
2862 1.4690805547391779
2904 4.165296298194385
2920 0.6795415285041667
2940 3.2557432282458767
2964 1.800870720168722
3068 2.6920409239639014
3215 2.949904255955515
3223 5.042345655544789
3473 5.206750173022546
3482 3.3096301881366648
3578 0.6015799870344548
3609 4.290459441148391
3647 2.1081605140288473
3690 1.4972514317058743
4021 4.516344596730158
4158 0.3060044044871704
4302 1.8000126109847754
4319 2.049749751872433
4438 13.88859647053776
4487 3.1066893441399746
4522 0.2603571476546441
4592 6.056435457396959
4651 3.8630154263214513
4709 4.695924549256556
4951 4.359452312635343
5040 2.875656022470147
5049 4.359452312635343
5151 2.555858385760285
5154 2.4446327506500602
5339 1.1784267118982394
5369 3.047265923669174
5439 3.7796338173824005
5518 3.1737271807911225
5680 1.5913378707904824
5905 1.7835738846416156
5964 3.1273086313427103
5973 1.4770487243883548
5993 3.4087215383268155
5995 6.9985096422506015
6064 4.277394475777858
6140 2.211017899468555
6151 1.4075226617397445
6233 3.1918471524802814
6335 2.476721065201561
6397 10.105198986390576
6491 4.600614369452231
6908 0.6707538925195963
7025 1.0095482253607377
7104 -1.9904637499538764
7339 3.5327737394508745
7421 3.2373095265570386
7424 3.3609234825242154
7482 1.8055527913603908
7490 3.414990703794491
7497 0.7014003223166658
7591 6.128047753948022
7692 2.2449194511442365
7768 6.6192603762733295
7813 1.0145733615634107
7838 2.1081605140288473
7892 7.758861352921457
7924 3.2849375755462935
7969 3.5327737394508745
7987 3.666305132075397
8032 3.5757793663619353
8043 3.461302966374546
8078 3.8718292184472687
8155 3.1066893441399746
8167 14.52485524905651
8272 5.612215281130711
8405 3.3096301881366648
8439 0.4690908039883759
8561 11.589046278964354
8582 2.7562175530669024
8643 4.002594736972972
8736 1.1933746733341126
8788 2.146479378330984
8856 6.949135245379145
9106 1.0850066366123312
9170 0.6116303228879563
9534 11.000057600804968
9551 5.8998973535824915
9554 1.271661894663404
9590 3.3096301881366648
9733 1.0850066366123312
9958 4.8012850649143815
9990 0.5671785603171224
10029 2.4237986637472186
10114 1.3014161557451966
10194 2.455214859980597
10210 2.9911764570181303
10306 2.15432255579201
10329 -3.57154182706316
10422 0.7087940713416041
10437 1.3672978604292356
10456 5.710749831718137
10473 1.7781538171722764
10491 3.086486636822455
10503 2.413542163580029
10561 1.6003469407328483
10599 5.8998973535824915
10749 1.1754637467675824
10753 2.7790019370744945
10763 5.206750173022546
10867 2.9066643955420775
10868 -0.18536107281185138
10889 3.086486636822455
11032 4.350851992840296
11062 10.893641436792382
11148 2.356853423796479
11419 3.1273086313427103
11461 6.439438134992953
11570 2.3867493466682252
11790 2.2449194511442365
11885 6.305362461690656
11894 1.5178707189086098
11908 1.5346778372249912
11945 1.9550845253313545
12006 2.955458374416051
12022 0.8081923650016455
12080 6.9985096422506015
12095 3.502002080784121
12120 3.5327737394508745
12122 2.3927825337470767
12460 0.7332084295128914
12554 1.6609715625492831
12736 3.414990703794491
12783 3.7972864288528054
12793 5.74275051441102
12853 1.152070867192877
12896 3.2373095265570386
12946 0.5932811842197597
13052 3.260840023967233
13094 3.1918471524802814
13137 11.221239312687356
13392 2.764403137653342
13553 -0.7409215198883841
13672 1.5262389685791264
13791 3.047265923669174
13843 2.1782280766455644
13845 4.002594736972972
13851 11.224430562261421
13867 1.087712998210074
13891 0.6065925288579992
13930 14.96170470208541
14072 3.3609234825242154
14078 2.5098732725184614
14196 2.511906961666574
14237 -2.7889933932166397
14267 -0.3823693933135151
14313 3.2933030175490696
14352 2.8392614199785533
14381 0.457735330796197
14416 0.7739512129752414
14431 1.034930298632155
14556 2.8876357780772897
14588 2.0785287164224764
14610 7.405345552492545
14620 4.30864511158402
14637 3.3349479961209547
14906 0.4013639403639497
15003 4.695924549256556
15076 3.21432000833234
15156 9.83813620114153
15259 1.3320829541381691
15332 -26.389299412475545
15407 6.813365470614782
15413 1.2781978656431896
15435 2.750014400201242
15672 0.7275212103923018
15771 0.023095714794649395
15783 1.923353477353305
15786 3.5927627609221484
