236
177 4.513602992462601
194 0.7699986386594181
460 4.359452312635343
493 3.1698682457615064
496 2.2800107709555064
500 2.1701959049483
512 2.0785287164224764
521 5.695929643279208
549 4.919068100570765
607 2.5211728277723946
1122 3.1698682457615064
1321 6.305362461690656
1436 4.108137884354437
1540 6.305362461690656
1686 3.4648956756577247
1690 4.910429719961194
1692 2.1944885975173447
1741 4.919068100570765
1750 1.1068654304248302
1889 3.414990703794491
1986 2.4237986637472186
2046 5.052599493195288
2051 2.66777630196427
2103 2.4446327506500602
2224 1.981229805435677
2269 3.7372218546550555
2271 0.6835662361444191
2334 0.7939518796819108
2390 4.919068100570765
2401 5.8998973535824915
2450 -1.832570687110832
2575 4.22592092001082
2603 3.3609234825242154
2701 2.7218435232345457
2760 4.359452312635343
2829 2.8088549002241754
2935 0.6320391945191633
2997 12.189063694676696
3261 5.612215281130711
3414 7.405345552492545
3506 0.8205655282000008
3516 8.314114865689906
3586 3.2849375755462935
3612 3.1918471524802814
3739 4.00277736869661
3785 2.87137525720551
3807 2.3256808077886952
3834 9.027205984925201
3840 1.2980660688599148
3873 4.108137884354437
3890 3.414990703794491
3906 5.946315903030904
3908 4.433560284789064
3951 7.907974409054357
3982 1.0769312226067855
3985 2.5098732725184614
4053 -0.4485604512546557
4070 1.1068654304248302
4114 1.3890378470656415
4174 3.3875917296063767
4216 4.695924549256556
4232 4.6513616155773905
4333 1.4651201535230811
4381 4.029806041084529
4437 2.4033897921160112
4522 0.2603571476546441
4621 2.7218435232345457
4636 2.955458374416051
4746 5.389071729816501
4750 0.6631056996427893
4808 4.513602992462601
4809 2.8088549002241754
4964 0.563963123463148
4976 2.288979440938267
5033 2.1233123190494494
5103 3.414990703794491
5151 2.555858385760285
5369 3.047265923669174
5396 4.05407066308416
5484 0.9464204733261844
5550 3.666305132075397
5630 0.11915383779016203
5676 3.502002080784121
5680 1.5913378707904824
5689 5.052599493195288
5937 4.165296298194385
5999 2.5098732725184614
6101 4.165296298194385
6242 2.9041650800285006
6368 2.5098732725184614
6387 2.9911764570181303
6433 0.5154022907934025
6754 1.2024518914852294
6776 1.942263836902293
6856 13.139750302185174
6887 2.304141734385754
6908 0.33537694625979814
7025 2.0190964507214755
7104 -1.3269758333025843
7192 6.583465792552034
7278 8.580918882296782
7344 1.6325336272287498
7431 2.6040604875781623
7435 3.8204558119026557
7471 3.2849375755462935
7578 2.0861491174436737
7691 3.5645224377654547
7838 2.1081605140288473
7981 2.0426825846493406
7991 1.3149298749119196
8041 3.597312260588446
8082 3.47214911763444
8096 2.9066643955420775
8148 3.7796338173824005
8155 9.320068032419924
8169 2.7218435232345457
8224 4.8012850649143815
8242 2.035665011990694
8262 2.0712559570933964
8315 2.764403137653342
8442 3.8630154263214513
8507 4.600614369452231
8608 6.305362461690656
8683 1.6803896484063847
8710 1.6536113391281642
8723 1.5262389685791264
8745 2.5441623459970937
8822 2.2800107709555064
9170 0.6116303228879563
9229 2.3933394562625097
9365 2.9945028634117485
9384 1.3355491621146554
9447 8.718904625270685
9585 3.3096301881366648
9733 1.0850066366123312
9762 5.389071729816501
9911 4.165296298194385
9970 0.9675939027561428
10029 2.4237986637472186
10146 4.05407066308416
10199 2.3256808077886952
10206 4.00277736869661
10329 -0.21009069570959765
10422 0.7087940713416041
10431 0.7218661529089567
10532 2.9209721983448818
10561 1.6003469407328483
10609 3.5327737394508745
10610 3.6312138122641273
10650 4.108137884354437
10749 1.1754637467675824
11032 2.175425996420148
11190 6.9985096422506015
11215 4.919068100570765
11299 -7.296558666123131
11304 2.410992067732915
11334 1.994563336305142
11453 1.3637200390813515
11526 1.6419233675785887
11570 1.1933746733341126
11625 1.457246097092175
11715 5.612215281130711
11769 3.2933030175490696
11839 7.194624521176892
11945 3.910169050662709
11947 3.0282177286984795
11969 1.5164675941596633
11999 4.8012850649143815
12007 5.052599493195288
12034 0.9324015521468534
12064 3.3349479961209547
12089 2.8088549002241754
12172 3.9074671888922854
12175 2.955458374416051
12337 4.22592092001082
12404 1.485080896085619
12407 0.83519483821596
12455 -0.2152586658680402
12458 3.3096301881366648
12513 3.740413104229119
12553 1.0715836162801904
12660 2.035665011990694
12708 1.5958322603783217
12717 0.5999147077153936
12773 0.8826175167675673
12823 1.034930298632155
12832 3.3096301881366648
12853 1.152070867192877
13030 4.290459441148391
13039 3.21432000833234
13080 1.6246020367002147
13106 2.335070548138534
13289 1.7410142702228197
13354 5.4840769416373485
13440 1.4770487243883548
13508 1.7255100836868542
13553 -0.7409215198883841
13672 1.5262389685791264
13761 2.6040604875781623
13852 5.206750173022546
13859 5.910916748832102
13867 1.087712998210074
13916 3.1066893441399746
13934 4.600614369452231
13961 4.00277736869661
14267 -0.3823693933135151
14316 4.22592092001082
14352 1.8928409466523688
14381 0.2288676653980985
14516 6.534684229936693
14612 4.372650573756367
14656 1.1405764877671418
14756 4.359452312635343
14780 4.513602992462601
14797 6.305362461690656
14835 5.206750173022546
14874 4.8012850649143815
14893 4.359452312635343
14906 0.4013639403639497
15202 12.054639397341584
15209 2.579669034454003
15213 4.695924549256556
15259 6.660414770690846
15278 2.465910149097345
15332 -4.656935190436861
15341 0.7959741250626788
15350 5.389071729816501
15373 1.628721502626236
15404 4.513602992462601
15471 2.08218251948586
15551 3.4736039546316086
15578 1.7945029551738059
15651 1.1377234187847354
15771 0.09238285917859758
15810 5.389071729816501
15850 5.052599493195288
