153
157 5.052599493195288
160 4.919068100570765
194 0.7699986386594181
302 3.430611827025225
401 3.1698682457615064
1094 2.335070548138534
1348 5.8998973535824915
1379 0.5370414658968836
1404 1.3708885285599641
1501 6.9985096422506015
1842 2.0286963426746007
1886 3.1273086313427103
1928 2.4876501357337513
1929 2.1081605140288473
1935 4.433560284789064
1954 2.750014400201242
1960 6.296724081081085
2002 5.206750173022546
2049 2.37353682896633
2225 17.43780925054137
2240 1.65617539028579
2258 2.87137525720551
2306 4.695924549256556
2334 0.7939518796819108
2357 1.1873686492739008
2358 3.1273086313427103
2484 1.3149298749119196
2593 4.433560284789064
2603 3.3609234825242154
2657 3.3609234825242154
2968 3.4431615807611875
3192 1.0095482253607377
3418 9.83813620114153
3424 6.9985096422506015
3737 3.6111055827207816
3896 8.422789575892573
3981 3.3609234825242154
3995 1.751485570090115
4021 1.5054481989100525
4053 -0.07476007520910928
4179 3.414990703794491
4219 1.7567626271909589
4223 4.372650573756367
4417 3.1918471524802814
4765 2.8300266669378042
4976 2.288979440938267
4977 5.389071729816501
4986 6.305362461690656
5006 3.086486636822455
5055 2.2278250177849364
5065 2.735829765209286
5116 1.961557039836972
5181 2.288979440938267
5279 1.7410142702228197
5312 2.8553749158590684
5363 3.0666840095262753
5369 6.094531847338348
5484 0.9464204733261844
5490 5.612215281130711
5652 3.3096301881366648
5905 1.7835738846416156
5929 3.3096301881366648
5983 1.9878743481543455
5993 0.8521803845817039
6005 3.666305132075397
6225 4.919068100570765
6447 1.2880826248757316
6567 2.579669034454003
6583 0.8629447511688624
6751 2.5441623459970937
6754 2.4049037829704587
6908 0.33537694625979814
7061 6.9985096422506015
7104 -1.9904637499538764
7462 1.942263836902293
7620 4.372650573756367
7721 4.8012850649143815
7808 2.8396265588909295
7935 2.335070548138534
7936 8.718904625270685
8032 0.5108256237659907
8043 5.191954449561819
8096 1.4533321977710387
8104 5.389071729816501
8444 1.7890234894091803
8463 4.290459441148391
8556 10.934159458060634
8563 17.699692060747473
8708 1.4810567457858934
8784 2.146479378330984
8822 2.2800107709555064
8850 1.7153059135126125
8928 1.3355491621146554
8968 5.206750173022546
9106 1.0850066366123312
9122 1.3744921360632627
9151 1.258716730071367
9365 4.491754295117623
9384 1.3355491621146554
9537 3.2731460406213513
9589 1.3115342859107813
9779 1.8337236683270872
9970 0.4837969513780714
9979 31.113412931412626
9986 4.113734439282593
10210 2.9911764570181303
10250 2.9209721983448818
10278 6.569875151092587
10326 0.5230769255465112
10329 -0.21009069570959765
10422 0.7087940713416041
10437 1.3672978604292356
11218 1.144042369585821
11299 -1.0423655237318759
11334 1.994563336305142
11459 3.047265923669174
11526 1.6419233675785887
11568 6.9985096422506015
11816 3.8592108800607394
11840 1.6902419448493964
11841 2.8396265588909295
12022 1.2122885475024683
12025 6.9985096422506015
12078 2.727440078162703
12256 5.206750173022546
12404 2.970161792171238
12407 7.51675354394364
12455 -0.6457759976041206
12710 8.216275768708874
12946 0.5932811842197597
12991 3.1066893441399746
13071 3.086486636822455
13094 3.1918471524802814
13289 3.4820285404456395
13384 4.113734439282593
13438 2.555858385760285
13501 10.084691311089578
13795 13.850317152957981
13838 2.3163784151263815
13904 3.5327737394508745
13930 1.3601549729168554
14352 0.9464204733261844
14431 3.104790895896465
14449 3.21432000833234
14463 3.34126694692204
14523 5.710749831718137
14707 5.389071729816501
15148 26.945358649082504
15169 2.335070548138534
15278 2.465910149097345
15332 -6.209246920582481
15480 4.359452312635343
15528 3.666305132075397
