128
209 1.7001922757025645
241 1.6902419448493964
302 3.430611827025225
502 2.5676928434072877
646 2.219386149139072
657 2.0640357091199095
710 2.8553749158590684
1060 0.24866762566620615
1822 2.383389125409342
1846 4.290459441148391
1942 1.691553895092994
1964 3.260840023967233
2269 1.8686109273275278
2271 2.0506987084332575
2356 2.681021528714291
2631 1.2775319834560304
2638 2.130975191795019
2674 1.0272478024601386
2690 3.1483620405405426
2705 1.6657908489852322
2935 1.2640783890383267
2968 3.4431615807611875
3068 1.3460204619819507
3165 3.7796338173824005
3186 1.2880826248757316
3215 1.7699425535733089
3272 5.389071729816501
3598 1.1666271649670843
3690 4.491754295117623
3774 5.176530251060562
3981 3.3609234825242154
4021 1.5054481989100525
4070 1.1068654304248302
4158 0.18360264269230225
4319 2.049749751872433
4341 2.6547042203969173
4429 4.05407066308416
4707 3.740413104229119
4931 5.8998973535824915
5040 1.4378280112350734
5046 4.47267141490569
5200 3.3096301881366648
5852 2.4876501357337513
5993 3.4087215383268155
6064 4.277394475777858
6164 2.6290617897835795
6397 5.052599493195288
6433 0.5154022907934025
6729 2.1944885975173447
6819 1.7153059135126125
7025 1.0095482253607377
7104 -1.9904637499538764
7210 1.8568460857479414
7286 1.4112609838503516
7563 4.670141096277068
7569 1.0170954309961207
7731 2.001297368486486
7892 1.5517722705842913
7906 1.4339892349279078
7935 2.335070548138534
7965 3.773043707788116
8032 0.5108256237659907
8043 3.461302966374546
8078 5.807743827670903
8155 3.1066893441399746
8167 3.6312138122641273
8227 7.1290448755309095
8439 0.4690908039883759
8582 1.3781087765334512
8615 5.3888890980928625
8856 2.3163784151263815
9531 1.67063347346102
9537 1.963887624372811
9733 2.1700132732246624
9970 0.4837969513780714
10233 3.4431615807611875
10258 1.8000126109847754
10306 4.30864511158402
10329 -0.21009069570959765
10437 2.7345957208584712
10503 2.413542163580029
10599 5.8998973535824915
10868 -0.18536107281185138
10909 5.558003874148989
11032 2.175425996420148
11037 4.05407066308416
11062 3.6312138122641273
11148 1.1784267118982394
11461 2.146479378330984
11570 2.3867493466682252
11784 3.47214911763444
11894 3.0357414378172196
11905 3.2849375755462935
11984 4.847597327494437
12022 0.40409618250082274
12341 2.8088549002241754
12347 4.919068100570765
12455 -0.2152586658680402
12460 0.7332084295128914
12553 1.0715836162801904
12686 5.612215281130711
12717 0.5999147077153936
12828 3.597312260588446
12833 0.9630282097258448
12849 4.22592092001082
13071 6.17297327364491
13353 15.692456318695776
13392 2.764403137653342
13508 3.4510201673737084
13672 1.5262389685791264
13845 2.001297368486486
13851 5.612215281130711
13930 6.800774864584277
14078 7.529619817555384
14111 3.7026727762462723
14195 1.7781538171722764
14237 -0.6972483483041599
14308 2.0640357091199095
14529 2.8088549002241754
15057 2.304141734385754
15332 -9.313870380873722
15407 2.2711218235382606
15413 1.2781978656431896
15415 2.824122372354964
15471 0.6940608398286201
15771 0.023095714794649395
15783 1.923353477353305
15786 4.490953451152685
