228
451 4.22592092001082
461 4.05407066308416
466 3.8204558119026557
539 6.9985096422506015
551 3.9074671888922854
874 6.569875151092587
935 3.740413104229119
1923 2.211017899468555
1938 5.33555260392854
1997 3.009525595686327
2038 3.761031659667692
2049 2.37353682896633
2051 8.00332890589281
2064 3.129575277392723
2068 3.3609234825242154
2271 0.34178311807220957
2302 9.02857678705898
2334 0.7939518796819108
2351 1.5647876386963615
2353 4.108137884354437
2444 3.666305132075397
2450 -2.4434275828144427
2574 14.665220528301589
2576 4.22592092001082
2639 2.6040604875781623
2706 3.6312138122641273
2859 4.22592092001082
2920 1.3590830570083334
2964 0.900435360084361
3055 4.600614369452231
3192 1.0095482253607377
3414 3.7026727762462723
3578 0.6015799870344548
3774 3.4510201673737084
3785 2.87137525720551
3890 3.414990703794491
3982 1.0769312226067855
4053 -0.3738003760455464
4070 2.2137308608496604
4103 4.600614369452231
4198 3.7796338173824005
4232 6.977042423366086
4309 2.681021528714291
4334 3.1698682457615064
4361 3.8630154263214513
4405 2.6920409239639014
4410 5.052599493195288
4467 4.22592092001082
4522 1.3017857382732205
4846 4.043551799660054
4909 1.4690805547391779
4927 6.9985096422506015
5067 6.683475053354809
5119 4.786678912525019
5151 2.555858385760285
5156 4.42203579893711
5174 3.740413104229119
5339 3.5352801356947183
5350 2.955458374416051
5374 12.610724923381312
5484 1.8928409466523688
5498 4.108137884354437
5535 8.867120569578129
5539 1.7153059135126125
5554 2.1081605140288473
5587 5.065203047192035
5590 2.9066643955420775
5722 3.3609234825242154
5735 3.502002080784121
5774 5.612215281130711
5812 3.1698682457615064
5850 3.047265923669174
5934 2.8876357780772897
5955 2.434161450782765
5973 4.4311461731650645
6313 10.778143459633002
6447 1.2880826248757316
6470 4.8012850649143815
6490 3.9539872045271784
6524 11.799794707164983
6583 0.8629447511688624
6633 2.8088549002241754
6886 9.83813620114153
7104 -1.9904637499538764
7181 3.260840023967233
7192 4.388977195034689
7197 1.730651483187273
7215 2.344549292093078
7222 4.695924549256556
7304 4.22592092001082
7344 1.6325336272287498
7375 6.305362461690656
7465 6.9985096422506015
7471 3.2849375755462935
7623 3.3349479961209547
7689 4.513602992462601
7692 2.2449194511442365
7731 2.001297368486486
7757 8.45184184002164
7764 1.7052048175261088
7781 2.6040604875781623
7879 5.206750173022546
7949 2.5441623459970937
7981 4.085365169298681
7991 1.3149298749119196
8043 1.730651483187273
8096 2.9066643955420775
8264 6.9985096422506015
8315 2.764403137653342
8340 4.513602992462601
8650 3.3096301881366648
8683 1.6803896484063847
8710 1.102407559418776
8723 1.5262389685791264
8745 7.632487037991281
8799 3.502002080784121
8850 1.7153059135126125
8854 8.33059259638877
8869 4.356456153291129
8928 1.3355491621146554
8939 5.389071729816501
8979 1.7890234894091803
9106 1.0850066366123312
9122 1.3744921360632627
9170 0.6116303228879563
9176 9.83813620114153
9180 6.9985096422506015
9230 3.3096301881366648
9365 4.491754295117623
9554 1.271661894663404
9570 6.9985096422506015
9589 1.3115342859107813
9970 0.4837969513780714
10015 3.5645224377654547
10092 5.052599493195288
10110 6.305362461690656
10196 12.605864138861973
10329 -0.4201813914191953
10422 0.7087940713416041
10431 0.7218661529089567
10464 9.391849098513111
10586 6.9985096422506015
10610 3.6312138122641273
10646 15.815948818108714
10751 0.7939518796819108
10805 10.998915396226192
10868 -0.5560832184355542
10889 6.17297327364491
10910 4.695924549256556
11023 1.2880826248757316
11089 1.1549652252192415
11106 4.043551799660054
11110 0.8102455191680114
11168 1.2781978656431896
11218 0.5720211847929105
11296 2.764403137653342
11299 -6.775375904257193
11347 0.8373023205555247
11373 4.919068100570765
11379 2.0426825846493406
11461 2.146479378330984
11481 1.6186122887101415
11522 2.555858385760285
11524 3.0357414378172196
11570 1.1933746733341126
11700 5.8998973535824915
11785 1.9680717208581657
11870 3.5645224377654547
11889 5.558003874148989
11890 6.305362461690656
11917 4.433560284789064
11945 5.865253575994063
11947 3.0282177286984795
11952 1.5958322603783217
11967 4.290459441148391
11969 1.5164675941596633
12007 5.052599493195288
12010 3.6312138122641273
12022 0.8081923650016455
12043 2.498699971920336
12051 3.5645224377654547
12064 3.3349479961209547
12145 3.1918471524802814
12151 6.339736491523013
12203 5.052599493195288
12383 1.2523064517104479
12455 -2.7983626562845227
12598 2.5098732725184614
12828 7.194624521176892
12853 1.152070867192877
13045 3.773043707788116
13080 0.8123010183501074
13460 2.955458374416051
13553 -1.4818430397767681
13609 4.22592092001082
13613 1.8111238364098463
13615 12.610724923381312
13707 6.9985096422506015
13769 3.1273086313427103
13838 4.632756830252763
13859 2.955458374416051
13993 6.721846965048431
14008 2.001297368486486
14237 -0.6972483483041599
14267 -0.7647387866270302
14381 0.457735330796197
14416 0.7739512129752414
14516 10.891140383227821
14563 2.6418008155610093
14612 10.931626434390918
14880 4.22592092001082
14906 1.204091821091849
15038 5.612215281130711
15202 20.821649868135463
15207 3.8973072700021283
15259 7.992497724829015
15283 4.47267141490569
15332 -1.5523117301456202
15373 6.514886010504944
15379 6.305362461690656
15413 3.834593596929569
15414 5.8998973535824915
15495 6.9985096422506015
15651 2.2754468375694707
15677 1.5779746429783155
15705 17.699692060747473
15709 2.1863252868781835
15771 0.06928714438394819
