212
365 3.414990703794491
369 6.305362461690656
530 2.66777630196427
569 3.0282177286984795
592 2.4446327506500602
657 2.0640357091199095
666 3.260840023967233
1060 0.24866762566620615
1144 6.9985096422506015
1302 6.305362461690656
1367 4.433560284789064
1379 0.5370414658968836
1404 1.3708885285599641
1836 5.065203047192035
1937 5.8998973535824915
1986 2.4237986637472186
2021 2.70805020110221
2159 3.502002080784121
2421 1.5431885268928998
2513 1.8280256472124494
2519 1.6902419448493964
2534 3.2373095265570386
2631 0.21292199724267172
2679 3.414990703794491
2829 2.8088549002241754
2862 1.4690805547391779
2940 1.6278716141229383
2984 4.919068100570765
3404 2.465910149097345
3635 1.5779746429783155
3709 2.9041650800285006
3896 2.807596525297524
3946 3.414990703794491
3982 2.153862445213571
4006 5.309408440793835
4114 9.723264929459491
4214 2.465910149097345
4219 1.7567626271909589
4223 2.1863252868781835
4366 1.9878743481543455
4400 2.938066631704182
4401 4.695924549256556
4405 1.3460204619819507
4522 0.5207142953092883
4646 1.8686109273275278
4750 0.6631056996427893
4878 1.3672978604292356
4882 2.130975191795019
4970 1.9746291214043248
5033 2.1233123190494494
5083 1.5735596247691985
5119 2.3933394562625097
5155 3.3096301881366648
5173 7.405345552492545
5214 5.206750173022546
5247 6.9985096422506015
5261 4.433560284789064
5408 4.290459441148391
5484 0.9464204733261844
5517 1.6232312345664361
5614 6.9985096422506015
5630 0.3574615133704861
5850 3.047265923669174
5851 4.00277736869661
5861 2.750014400201242
6088 1.2146844599208637
6163 4.8012850649143815
6250 3.5455259370747996
6331 4.22592092001082
6337 6.474619053114077
6402 4.2337829515510546
6433 2.5770114539670126
6525 3.1483620405405426
6555 2.9911764570181303
6644 4.513602992462601
6739 16.140145794615123
6751 2.5441623459970937
6794 3.9074671888922854
6908 0.6707538925195963
7025 1.0095482253607377
7051 16.350534827626646
7104 -0.6634879166512921
7197 1.730651483187273
7286 1.4112609838503516
7344 3.2650672544574997
7482 1.8055527913603908
7497 1.4028006446333317
7534 1.242767428663689
7568 23.003071847261154
7693 4.600614369452231
7697 6.9985096422506015
7764 1.7052048175261088
7845 2.4237986637472186
7906 1.4339892349279078
7935 2.335070548138534
8123 11.626800937844981
8262 4.142511914186793
8301 2.413542163580029
8327 2.824122372354964
8439 0.9381816079767518
8643 2.001297368486486
8660 1.675499663112193
8677 3.5645224377654547
8708 1.4810567457858934
8710 1.6536113391281642
8731 2.0286963426746007
8800 5.389071729816501
8880 1.67063347346102
8906 3.047265923669174
8928 2.6710983242293107
8954 7.1290448755309095
9106 1.0850066366123312
9110 2.035665011990694
9113 4.108137884354437
9151 1.258716730071367
9276 2.6944445490464313
9289 6.9985096422506015
9354 3.8204558119026557
9365 5.989005726823497
9384 1.3355491621146554
9391 2.735829765209286
9393 1.060973437168175
9428 2.498699971920336
9531 1.67063347346102
9709 3.246922738929498
9733 1.0850066366123312
9786 3.1483620405405426
9895 4.577958881876534
9970 0.9675939027561428
10047 11.799794707164983
10199 2.3256808077886952
10202 2.591790394986348
10258 1.8000126109847754
10306 4.30864511158402
10326 0.5230769255465112
10329 -0.21009069570959765
10393 1.9746291214043248
10411 4.05407066308416
10437 1.3672978604292356
10443 2.4876501357337513
10447 1.2198964734099427
10473 1.7781538171722764
10517 5.588133615601018
10609 3.5327737394508745
10751 0.7939518796819108
10825 2.0149030205422647
10868 -0.18536107281185138
10886 2.87137525720551
11032 1.087712998210074
11102 0.6652300141109108
11114 6.094531847338348
11218 1.144042369585821
11287 2.0286963426746007
11295 3.2373095265570386
11299 -1.5635482855978138
11304 1.2054960338664575
11446 3.597312260588446
11453 6.818600195406757
11524 3.0357414378172196
11787 6.305362461690656
11831 10.791936781765338
11881 2.70805020110221
11900 2.049749751872433
11902 4.433560284789064
11943 2.455214859980597
11945 1.9550845253313545
12022 0.40409618250082274
12093 1.6803896484063847
12111 1.994563336305142
12122 1.1963912668735384
12254 2.335070548138534
12377 1.3460204619819507
12397 4.433560284789064
12455 -0.4305173317360804
12674 1.5779746429783155
12713 6.305362461690656
12717 1.1998294154307871
12869 4.05407066308416
13102 2.735829765209286
13289 3.4820285404456395
13354 1.8280256472124494
13359 2.6290617897835795
13388 5.8998973535824915
13495 3.9539872045271784
13565 1.9878743481543455
13718 2.6850356628614973
13810 5.206750173022546
13891 2.4263701154319968
13913 2.8396265588909295
13968 3.3349479961209547
13993 3.3609234825242154
14044 4.383526125696194
14237 -0.6972483483041599
14242 5.065203047192035
14463 1.67063347346102
14490 3.3096301881366648
14763 5.389071729816501
14789 3.7026727762462723
14870 5.612215281130711
15037 4.632756830252763
15113 3.7796338173824005
15224 2.9041650800285006
15332 -10.866182111019342
15341 0.7959741250626788
15471 0.6940608398286201
15517 1.886521853894058
15538 3.8204558119026557
15575 4.108137884354437
15604 2.1233123190494494
15622 2.363780654020965
15756 12.610724923381312
15771 0.04619142958929879
