293
57 3.7796338173824005
61 6.305362461690656
194 0.7699986386594181
209 8.500961378512823
402 6.305362461690656
458 4.165296298194385
464 18.054411969850403
492 3.3609234825242154
512 2.0785287164224764
635 6.305362461690656
638 3.502002080784121
695 2.9911764570181303
834 5.206750173022546
851 6.305362461690656
896 5.389071729816501
978 2.298029276458185
1055 19.205140259657526
1060 0.43516834491586076
1062 2.591790394986348
1430 5.8998973535824915
1686 2.309930450438483
1692 2.1944885975173447
1729 6.305362461690656
1750 2.2137308608496604
1896 7.134295538566462
1897 6.305362461690656
1906 3.597312260588446
1957 3.6447198193535444
1986 2.4237986637472186
1997 3.009525595686327
2036 1.9486536350010641
2070 2.9461134062376346
2077 3.3875917296063767
2201 2.035665011990694
2269 1.8686109273275278
2271 3.4178311807220956
2344 4.600614369452231
2366 11.224430562261421
2450 -2.4434275828144427
2470 6.305362461690656
2519 1.6902419448493964
2574 3.666305132075397
2639 2.6040604875781623
2659 6.886323161522375
2674 2.054495604920277
2904 4.165296298194385
2924 2.0286963426746007
2940 1.6278716141229383
2964 1.800870720168722
2997 3.047265923669174
3230 5.775271556154579
3430 5.612215281130711
3471 14.403855194743144
3578 0.6015799870344548
3590 15.157798479585864
3642 3.47214911763444
3644 5.206750173022546
3700 2.5894543351888
3735 6.305362461690656
3782 3.7026727762462723
3785 2.87137525720551
3840 1.2980660688599148
3896 1.403798262648762
3906 2.973157951515452
4053 -0.4485604512546557
4080 5.052599493195288
4081 3.1066893441399746
4088 7.1290448755309095
4133 5.389071729816501
4222 2.3256808077886952
4223 2.1863252868781835
4232 2.3256808077886952
4261 2.262311193856106
4262 3.1698682457615064
4295 2.9209721983448818
4366 1.9878743481543455
4405 1.3460204619819507
4437 2.4033897921160112
4491 5.206750173022546
4576 6.257564269543647
4578 5.206750173022546
4677 4.919068100570765
4711 1.9296054400303697
4838 1.4730567031188173
4862 3.047265923669174
4867 6.305362461690656
4914 1.4339892349279078
5119 2.3933394562625097
5122 2.7938170228596353
5161 3.047265923669174
5205 5.612215281130711
5312 2.8553749158590684
5436 2.8876357780772897
5453 11.224430562261421
5470 3.740413104229119
5484 3.7856818933047376
5525 3.3096301881366648
5563 3.1066893441399746
5590 4.359996593313117
5723 6.305362461690656
5897 7.262427624528255
5905 1.7835738846416156
5937 12.495888894583157
5983 1.9878743481543455
6035 10.105198986390576
6150 4.05407066308416
6218 8.00555473739322
6223 2.8088549002241754
6228 1.2947271675944
6235 1.2270685191205855
6433 1.030804581586805
6449 3.9074671888922854
6520 4.695924549256556
6627 5.612215281130711
6856 3.2849375755462935
6908 1.0061308387793944
7104 -3.980927499907753
7192 8.777954390069379
7215 2.344549292093078
7278 4.290459441148391
7286 1.4112609838503516
7312 2.3163784151263815
7424 3.3609234825242154
7425 4.513602992462601
7477 5.612215281130711
7482 3.6111055827207816
7493 5.389071729816501
7497 2.1042009669499975
7594 8.580918882296782
7597 6.5589758606345505
7691 3.5645224377654547
7837 4.359452312635343
7856 6.305362461690656
7892 1.5517722705842913
7965 1.886521853894058
8007 1.904759441443839
8032 0.5108256237659907
8096 1.4533321977710387
8216 4.00277736869661
8269 25.918709433723905
8569 3.7026727762462723
8570 4.513602992462601
8633 13.801843108356692
8692 4.513602992462601
8708 1.4810567457858934
8710 0.551203779709388
8736 2.3867493466682252
8869 2.1782280766455644
8886 1.3081501879265407
8928 1.3355491621146554
8929 6.305362461690656
8953 5.612215281130711
8978 1.6140145794615122
9170 0.6116303228879563
9343 3.8630154263214513
9358 5.206750173022546
9429 6.721846965048431
9447 4.359452312635343
9481 1.7727629685373998
9515 6.305362461690656
9516 6.305362461690656
9531 1.67063347346102
9554 2.543323789326808
9786 3.1483620405405426
9806 4.513602992462601
9821 4.600614369452231
9836 3.666305132075397
9911 4.165296298194385
9970 0.4837969513780714
10008 4.113734439282593
10030 2.413542163580029
10055 3.009525595686327
10199 2.3256808077886952
10231 3.2373095265570386
10258 1.8000126109847754
10299 4.359452312635343
10326 0.5230769255465112
10327 5.052599493195288
10329 -0.630272087128793
10406 5.8998973535824915
10410 5.8998973535824915
10431 0.7218661529089567
10437 2.7345957208584712
10561 1.6003469407328483
10609 3.5327737394508745
10650 8.216275768708874
10658 2.9041650800285006
10664 5.8998973535824915
10867 7.266660988855193
10909 2.7790019370744945
10981 3.086486636822455
11072 4.290459441148391
11154 4.433560284789064
11166 6.305362461690656
11168 3.834593596929569
11214 17.734241139156257
11215 14.757204301712296
11216 6.305362461690656
11296 2.764403137653342
11299 -2.6059138093296896
11347 1.6746046411110493
11386 6.347123158992691
11423 4.600614369452231
11461 2.146479378330984
11520 9.320068032419924
11524 1.5178707189086098
11530 4.919068100570765
11555 3.5327737394508745
11769 1.6466515087745348
11779 5.612215281130711
11840 5.070725834548189
11841 5.679253117781859
11938 4.919068100570765
11967 4.290459441148391
11969 8.340571767878147
11983 6.305362461690656
12007 5.052599493195288
12022 0.8081923650016455
12064 3.3349479961209547
12081 4.72756130804193
12122 1.1963912668735384
12129 3.3349479961209547
12172 7.814934377784571
12254 2.335070548138534
12356 6.305362461690656
12377 1.3460204619819507
12380 6.569875151092587
12383 1.2523064517104479
12455 -0.2152586658680402
12513 3.740413104229119
12553 1.0715836162801904
12674 7.889873214891577
12717 0.5999147077153936
12723 2.288979440938267
12741 4.05407066308416
12773 0.8826175167675673
12783 1.8986432144264027
12828 10.791936781765338
12833 0.9630282097258448
12837 3.4431615807611875
13000 4.165296298194385
13038 4.8012850649143815
13041 4.513602992462601
13043 6.886323161522375
13071 3.086486636822455
13080 1.6246020367002147
13106 7.005211644415603
13147 4.290459441148391
13185 6.305362461690656
13197 3.2849375755462935
13316 3.047265923669174
13354 1.8280256472124494
13357 3.3875917296063767
13399 3.086486636822455
13411 2.8088549002241754
13553 -0.7409215198883841
13669 5.8998973535824915
13672 3.052477937158253
13921 4.356456153291129
13936 3.3349479961209547
14044 4.383526125696194
14104 3.420485223112132
14106 6.305362461690656
14216 6.305362461690656
14267 -0.3823693933135151
14392 3.7796338173824005
14416 1.5479024259504828
14422 2.1233123190494494
14431 1.034930298632155
14486 7.849449022730158
14620 2.15432255579201
14682 1.5431885268928998
14756 8.718904625270685
14757 6.305362461690656
14906 1.204091821091849
15037 2.3163784151263815
15050 5.052599493195288
15155 0.6904112007410705
15202 16.438144632738524
15207 15.589229080008513
15259 6.660414770690846
15373 6.514886010504944
15410 6.305362461690656
15411 4.8012850649143815
15471 1.3881216796572402
15577 5.052599493195288
15622 2.363780654020965
15624 3.8630154263214513
15628 5.612215281130711
15656 6.305362461690656
15672 1.4550424207846036
15741 5.389071729816501
15771 0.09238285917859758
