67
332 4.433560284789064
592 2.4446327506500602
1884 3.8973072700021283
1893 1.7567626271909589
2380 3.7796338173824005
2421 1.5431885268928998
2588 4.108137884354437
2893 2.5098732725184614
2935 0.6320391945191633
2940 1.6278716141229383
3065 4.290459441148391
3100 2.7938170228596353
3329 1.981229805435677
3449 0.9823524825522477
3578 0.6015799870344548
3635 1.5779746429783155
3982 1.0769312226067855
4006 2.6547042203969173
4646 1.8686109273275278
4909 2.9381611094783557
4956 2.413542163580029
4970 1.9746291214043248
5392 2.130975191795019
5439 3.7796338173824005
5550 3.666305132075397
5630 0.11915383779016203
5635 4.40543819330772
5830 4.05407066308416
6250 1.7727629685373998
6433 1.030804581586805
6660 2.7938170228596353
6989 4.600614369452231
7569 1.0170954309961207
7614 2.5676928434072877
7633 1.8745456628473423
7906 1.4339892349279078
8523 0.7256326357044336
8648 2.434161450782765
9377 4.8012850649143815
9559 -0.16639788770994784
9674 3.6312138122641273
10447 0.6099482367049713
10742 1.7890234894091803
10868 -0.37072214562370276
11102 0.6652300141109108
11453 1.3637200390813515
11677 3.4510201673737084
12377 1.3460204619819507
12717 0.5999147077153936
12796 2.9209721983448818
13080 0.8123010183501074
13189 1.8745456628473423
13227 3.666305132075397
13346 2.9041650800285006
13460 2.955458374416051
13547 1.6003469407328483
13683 3.0666840095262753
13715 4.05407066308416
13718 1.3425178314307487
13775 3.2849375755462935
14107 2.4237986637472186
14153 2.4876501357337513
14309 3.0274254175198925
14352 0.9464204733261844
15292 2.211017899468555
15332 -3.1046234602912404
15622 2.363780654020965
