255
177 4.513602992462601
460 4.359452312635343
521 1.8986432144264027
593 6.9985096422506015
607 2.5211728277723946
1094 4.670141096277068
1107 5.206750173022546
1249 4.600614369452231
1379 1.0740829317937672
1464 6.305362461690656
1515 3.740413104229119
1522 5.052599493195288
1524 4.290459441148391
1686 4.619860900876966
1692 2.1944885975173447
1782 2.7218435232345457
1889 3.414990703794491
1923 4.42203579893711
1929 4.216321028057695
1940 2.6944445490464313
2103 4.8892655013001205
2167 2.66777630196427
2271 1.3671324722888383
2353 4.108137884354437
2415 10.413500346045092
2450 -0.6108568957036107
2538 1.422560539104285
2574 7.332610264150794
2575 4.22592092001082
2603 3.3609234825242154
2904 4.165296298194385
2920 0.6795415285041667
2964 0.900435360084361
2981 4.00277736869661
3261 5.612215281130711
3414 7.405345552492545
3449 0.9823524825522477
3454 3.47214911763444
3506 1.6411310564000017
3516 8.314114865689906
3578 0.6015799870344548
3614 1.4378280112350734
3635 1.5779746429783155
3657 2.6164830075767194
3700 1.2947271675944
3873 4.108137884354437
3890 3.414990703794491
3906 8.919473854546355
3908 4.433560284789064
3982 1.0769312226067855
3985 2.5098732725184614
4010 3.1918471524802814
4053 -0.9718809777184206
4086 4.22592092001082
4216 4.695924549256556
4222 4.6513616155773905
4314 2.764403137653342
4324 6.305362461690656
4338 6.305362461690656
4437 2.4033897921160112
4502 5.617709800448351
4507 2.298029276458185
4522 1.0414285906185765
4621 2.7218435232345457
4649 8.45184184002164
4709 4.695924549256556
4746 5.389071729816501
4809 2.8088549002241754
4882 2.130975191795019
4963 2.3933394562625097
5156 2.211017899468555
5249 3.3096301881366648
5284 3.5645224377654547
5316 2.236335707452845
5339 1.1784267118982394
5369 3.047265923669174
5409 3.502002080784121
5491 3.597312260588446
5534 6.775183459212753
5554 4.216321028057695
5555 9.613559168464045
5590 1.4533321977710387
5630 0.5957691889508101
5708 10.105198986390576
5965 3.740413104229119
5970 8.33059259638877
5980 3.8630154263214513
5999 2.5098732725184614
6018 6.9985096422506015
6047 3.009525595686327
6101 4.165296298194385
6122 3.502002080784121
6234 2.6290617897835795
6368 2.5098732725184614
6390 3.047265923669174
6414 3.1483620405405426
6470 4.8012850649143815
6484 4.359452312635343
6657 2.138697237888929
6721 2.383389125409342
6753 6.305362461690656
6776 3.884527673804586
6834 13.77264632304475
6863 4.22592092001082
6887 2.304141734385754
6898 2.162227735299123
6908 0.33537694625979814
7030 9.391849098513111
7104 -1.3269758333025843
7192 2.1944885975173447
7401 1.886521853894058
7431 2.6040604875781623
7444 5.206750173022546
7471 3.2849375755462935
7497 0.7014003223166658
7534 1.242767428663689
7535 4.919068100570765
7563 4.670141096277068
7578 0.5215372793609184
7591 2.0426825846493406
7743 5.052599493195288
7764 1.7052048175261088
7857 4.8012850649143815
7912 6.9985096422506015
7963 4.8012850649143815
7981 2.0426825846493406
7993 4.00277736869661
8104 5.389071729816501
8168 1.9746291214043248
8169 2.7218435232345457
8210 6.9985096422506015
8224 4.8012850649143815
8265 8.216275768708874
8442 3.8630154263214513
8506 8.00555473739322
8507 4.600614369452231
8683 1.6803896484063847
8710 3.8584264579657166
8712 3.3349479961209547
8718 2.824122372354964
8723 3.052477937158253
8788 2.146479378330984
8828 6.305362461690656
8890 2.2800107709555064
9069 3.260840023967233
9130 5.612215281130711
9170 1.2232606457759125
9198 6.305362461690656
9230 3.3096301881366648
9365 4.491754295117623
9585 3.3096301881366648
9589 1.3115342859107813
9600 6.305362461690656
9601 6.305362461690656
9755 5.206750173022546
9762 5.389071729816501
9970 0.9675939027561428
10199 2.3256808077886952
10202 2.591790394986348
10217 2.15432255579201
10345 5.8998973535824915
10422 0.7087940713416041
10431 2.887464611635827
10460 11.224430562261421
10532 2.9209721983448818
10646 3.9539872045271784
10655 3.8204558119026557
10698 3.8630154263214513
10868 -0.5560832184355542
10872 3.2097641917964794
11023 1.2880826248757316
11089 1.1549652252192415
11165 2.1863252868781835
11266 5.808330160057001
11278 6.305362461690656
11287 2.0286963426746007
11299 -7.296558666123131
11305 2.0640357091199095
11334 1.994563336305142
11353 2.8088549002241754
11384 3.3609234825242154
11385 3.8630154263214513
11439 5.052599493195288
11520 3.1066893441399746
11524 1.5178707189086098
11526 1.6419233675785887
11570 1.1933746733341126
11902 4.433560284789064
11934 4.05407066308416
11947 3.0282177286984795
11969 0.7582337970798316
11972 3.21432000833234
12066 3.7796338173824005
12081 4.72756130804193
12203 5.052599493195288
12277 3.1273086313427103
12377 1.3460204619819507
12404 1.485080896085619
12407 0.83519483821596
12447 2.8396265588909295
12458 3.3096301881366648
12660 4.071330023981388
12708 1.5958322603783217
12717 0.5999147077153936
12773 1.7652350335351346
12833 0.9630282097258448
13030 8.580918882296782
13080 0.8123010183501074
13208 1.3115342859107813
13220 3.2849375755462935
13273 3.3096301881366648
13354 10.968153883274697
13413 11.224430562261421
13438 2.555858385760285
13440 1.4770487243883548
13547 1.6003469407328483
13553 -2.9636860795535362
13722 3.5327737394508745
13750 2.162227735299123
13828 3.3349479961209547
13852 5.206750173022546
13859 5.910916748832102
13891 1.2131850577159984
13916 3.1066893441399746
14044 5.844701500928259
14237 -0.6972483483041599
14267 -1.5294775732540604
14352 1.8928409466523688
14381 0.2288676653980985
14516 8.712912306582258
14612 6.5589758606345505
14683 6.305362461690656
14830 2.7790019370744945
14893 8.718904625270685
14906 2.408183642183698
14967 6.305362461690656
15155 1.380822401482141
15181 1.751485570090115
15202 7.671134161944645
15207 1.9486536350010641
15259 3.9962488624145074
15278 2.465910149097345
15306 0.7199882180847567
15332 -9.313870380873722
15341 1.5919482501253577
15363 2.555858385760285
15468 2.309930450438483
15471 0.6940608398286201
15551 1.1578679848772029
15578 1.7945029551738059
15685 5.2298427488184975
15694 2.938066631704182
15771 0.11547857397324697
15810 5.389071729816501
15850 5.052599493195288
