93
521 1.8986432144264027
646 2.219386149139072
829 3.5645224377654547
952 5.052599493195288
1094 2.335070548138534
1686 1.1549652252192415
1750 2.2137308608496604
1902 2.0149030205422647
1922 1.6952047341915255
1957 3.6447198193535444
2271 0.34178311807220957
2446 2.5326015235960173
2450 -0.6108568957036107
2536 1.7835738846416156
2574 3.666305132075397
2935 0.6320391945191633
3170 4.513602992462601
3230 2.8876357780772897
3414 3.7026727762462723
3448 3.1273086313427103
3613 2.8553749158590684
3700 1.2947271675944
3981 3.3609234825242154
4053 -0.14952015041821856
4174 3.3875917296063767
4286 8.523900767180075
4302 5.400037832954326
4425 1.249116656342348
4437 2.4033897921160112
4536 2.70805020110221
4906 3.9074671888922854
5208 2.5676928434072877
5518 1.5868635903955612
5554 2.1081605140288473
5573 6.775183459212753
5999 2.5098732725184614
6088 1.2146844599208637
6151 1.4075226617397445
6467 2.2535775138873513
6484 4.359452312635343
7019 4.261950383590038
7104 -1.3269758333025843
7306 2.4876501357337513
7414 3.7026727762462723
7497 0.7014003223166658
7534 1.242767428663689
7623 6.669895992241909
8695 1.9550845253313545
8734 4.22592092001082
9029 4.165296298194385
9428 2.498699971920336
9602 2.2800107709555064
9733 2.1700132732246624
9779 3.6674473366541744
10329 -1.0504534785479882
10422 0.7087940713416041
10431 0.7218661529089567
10642 4.05407066308416
10646 3.9539872045271784
11137 6.209296119235459
11168 2.556395731286379
11299 -2.6059138093296896
11347 2.511906961666574
11526 6.567693470314355
11717 2.938066631704182
11952 3.1916645207566434
11979 4.433560284789064
12017 4.165296298194385
12022 0.40409618250082274
12081 2.363780654020965
12404 2.970161792171238
12407 1.67038967643192
12455 -0.2152586658680402
12707 4.455650035569873
12717 0.5999147077153936
12790 1.5095719160939147
12826 1.2619373447714093
13471 2.6040604875781623
13553 -0.37046075994419203
13936 3.3349479961209547
14237 -0.6972483483041599
14267 -0.3823693933135151
14477 2.5211728277723946
14563 2.6418008155610093
14590 5.501171004981262
14830 5.558003874148989
15037 2.3163784151263815
15278 2.465910149097345
15332 -3.1046234602912404
15348 2.10066984229969
15468 2.309930450438483
15651 1.1377234187847354
15771 0.04619142958929879
