141
829 3.5645224377654547
1060 0.06216690641655154
1687 2.413542163580029
1750 1.1068654304248302
1893 3.5135252543819178
1902 2.0149030205422647
1929 2.1081605140288473
2036 1.9486536350010641
2217 2.4876501357337513
2240 1.65617539028579
2271 0.34178311807220957
2357 1.1873686492739008
2407 2.236335707452845
2450 -0.6108568957036107
2536 1.7835738846416156
2605 3.3609234825242154
2674 1.0272478024601386
2920 0.6795415285041667
2935 0.6320391945191633
3040 4.919068100570765
3230 2.8876357780772897
3414 3.7026727762462723
3520 2.87137525720551
3613 2.8553749158590684
3700 1.2947271675944
3786 4.8012850649143815
3840 2.5961321377198296
4010 9.575541457440844
4053 -0.07476007520910928
4070 2.2137308608496604
4174 3.3875917296063767
4219 10.540575763145753
4241 2.4033897921160112
4295 5.8419443966897635
4302 1.8000126109847754
4319 2.049749751872433
4387 5.612215281130711
4537 2.039247754698959
4885 12.610724923381312
4914 1.4339892349279078
4976 2.288979440938267
5020 3.21432000833234
5046 2.236335707452845
5055 2.2278250177849364
5067 2.2278250177849364
5154 2.4446327506500602
5208 2.5676928434072877
5309 2.5326015235960173
5339 1.1784267118982394
5484 0.9464204733261844
5573 3.3875917296063767
5747 5.612215281130711
5809 2.363780654020965
5842 6.17297327364491
5983 5.963623044463036
6049 2.035665011990694
6061 6.9985096422506015
6064 2.138697237888929
6088 1.2146844599208637
6235 1.2270685191205855
6317 6.305362461690656
6447 1.2880826248757316
6467 2.2535775138873513
6729 2.1944885975173447
6778 6.9985096422506015
6908 1.3415077850391925
7019 2.130975191795019
7025 1.0095482253607377
7104 -2.6539516666051686
7306 2.4876501357337513
7416 4.919068100570765
7623 3.3349479961209547
7713 3.1066893441399746
7759 4.359452312635343
7892 1.5517722705842913
7904 2.211017899468555
7984 9.602570129828763
7991 1.3149298749119196
8391 2.555858385760285
8695 1.9550845253313545
8734 4.22592092001082
8856 2.3163784151263815
8921 6.9985096422506015
9227 4.165296298194385
9285 12.189063694676696
9365 4.491754295117623
9384 2.6710983242293107
9779 1.8337236683270872
9990 0.5671785603171224
10294 5.41610040220442
10326 0.5230769255465112
10329 -0.4201813914191953
10642 4.05407066308416
10749 1.1754637467675824
10811 4.433560284789064
11032 4.350851992840296
11137 10.644507632975072
11299 -1.0423655237318759
11347 1.6746046411110493
11406 2.6418008155610093
11444 2.434161450782765
11526 1.6419233675785887
11570 1.1933746733341126
11717 2.938066631704182
11811 4.919068100570765
11816 1.9296054400303697
11900 2.049749751872433
11952 3.1916645207566434
11979 4.433560284789064
12010 3.6312138122641273
12022 0.40409618250082274
12042 5.283601631122019
12111 1.994563336305142
12137 2.498699971920336
12407 2.5055845146478797
12455 -0.6457759976041206
12707 6.683475053354809
12958 4.695924549256556
13001 1.4730567031188173
13288 4.05407066308416
13343 2.973157951515452
13390 2.236335707452845
13553 -0.37046075994419203
13565 1.9878743481543455
13769 3.1273086313427103
13795 1.5389241281064423
14115 2.973157951515452
14200 3.47214911763444
14202 7.332610264150794
14237 -1.3944966966083199
14477 7.563518483317184
14588 2.0785287164224764
14590 3.6674473366541744
14656 1.1405764877671418
15037 2.3163784151263815
15278 2.465910149097345
15332 -3.1046234602912404
15415 2.824122372354964
15468 3.4648956756577247
15672 0.7275212103923018
15830 5.8998973535824915
