34
2053 4.165296298194385
2166 2.6418008155610093
2415 5.206750173022546
2611 3.260840023967233
3355 4.695924549256556
3409 4.00277736869661
3840 1.2980660688599148
3896 1.403798262648762
4621 5.443687046469091
4976 2.288979440938267
5517 1.6232312345664361
5925 4.433560284789064
6387 2.9911764570181303
6618 2.0568672196412967
6620 1.7997441231461808
6908 0.33537694625979814
7497 1.4028006446333317
8043 1.730651483187273
9130 5.612215281130711
9589 1.3115342859107813
9733 1.0850066366123312
10247 4.359452312635343
10805 3.666305132075397
10914 2.727440078162703
10920 2.20271909665386
11110 2.430736557504034
11299 -0.5211827618659379
12380 3.2849375755462935
12578 2.4237986637472186
13343 2.973157951515452
13859 2.955458374416051
14416 0.7739512129752414
14516 2.1782280766455644
15413 1.2781978656431896
