352
194 0.7699986386594181
209 3.400384551405129
241 1.6902419448493964
501 6.9985096422506015
538 5.8998973535824915
572 4.600614369452231
607 2.5211728277723946
611 5.612215281130711
619 7.332610264150794
646 4.438772298278144
672 6.9985096422506015
717 2.8396265588909295
731 6.305362461690656
787 4.071330023981388
810 2.8396265588909295
879 3.666305132075397
937 4.433560284789064
1839 4.186469727624344
1893 1.7567626271909589
1928 2.4876501357337513
1940 2.6944445490464313
2017 3.3875917296063767
2030 3.3349479961209547
2051 5.33555260392854
2351 3.129575277392723
2353 4.108137884354437
2357 1.1873686492739008
2406 2.9209721983448818
2444 3.666305132075397
2450 -7.330282748443328
2574 3.666305132075397
2575 4.22592092001082
2577 3.5327737394508745
2603 3.3609234825242154
2668 3.502002080784121
2696 4.359452312635343
2780 7.907974409054357
2873 4.22592092001082
2874 3.047265923669174
2913 1.720394983020084
2920 3.3977076425208335
2935 0.6320391945191633
2981 8.00555473739322
3055 9.201228738904462
3057 2.236335707452845
3289 6.9985096422506015
3310 6.305362461690656
3386 2.6290617897835795
3414 3.7026727762462723
3419 4.22592092001082
3516 6.235586149267429
3519 6.9985096422506015
3797 6.9985096422506015
3820 3.5780469788183606
3834 4.513602992462601
3870 6.305362461690656
3896 2.807596525297524
3906 2.973157951515452
3911 6.9985096422506015
3932 4.05407066308416
3938 4.433560284789064
3955 6.9985096422506015
3981 3.3609234825242154
3982 1.0769312226067855
4011 6.305362461690656
4021 1.5054481989100525
4026 2.8876357780772897
4053 -0.5233205264637649
4095 6.9985096422506015
4103 4.600614369452231
4241 7.210169376348034
4254 3.740413104229119
4277 3.7026727762462723
4282 2.8553749158590684
4302 1.8000126109847754
4309 2.681021528714291
4333 1.4651201535230811
4366 1.9878743481543455
4400 2.938066631704182
4405 2.6920409239639014
4522 2.8639286242010855
4586 3.009525595686327
4695 2.87137525720551
4706 11.224430562261421
4750 0.33155284982139466
4790 12.610724923381312
4815 5.443687046469091
4876 2.2449194511442365
5006 3.086486636822455
5067 6.683475053354809
5119 2.3933394562625097
5156 4.42203579893711
5316 4.47267141490569
5339 4.713706847592958
5405 4.8012850649143815
5484 0.9464204733261844
5506 6.9985096422506015
5535 4.433560284789064
5554 6.3244815420865415
5555 12.016948960580056
5556 8.867120569578129
5581 3.0666840095262753
5711 5.258123579567159
5739 2.8876357780772897
5744 4.433560284789064
5785 5.052599493195288
5794 4.8012850649143815
5807 4.00277736869661
5809 2.363780654020965
5839 7.73900710336201
5895 4.8067795842320225
5900 2.8553749158590684
5932 5.612215281130711
5934 5.775271556154579
5941 10.778143459633002
5973 1.4770487243883548
5981 2.8553749158590684
5986 3.3609234825242154
5996 8.00555473739322
6047 3.009525595686327
6049 2.035665011990694
6114 3.8630154263214513
6140 4.42203579893711
6156 3.6000252219695508
6169 2.4033897921160112
6235 3.681205557361756
6387 2.9911764570181303
6433 1.030804581586805
6447 3.8642478746271944
6484 4.359452312635343
6514 17.699692060747473
6525 3.1483620405405426
6567 7.73900710336201
6586 6.866938322814802
6819 3.430611827025225
6834 10.329484742283562
6872 5.219110013791607
6908 2.347638623818587
6970 2.1863252868781835
7028 5.528806275306684
7030 4.695924549256556
7044 3.761031659667692
7057 3.2849375755462935
7104 -7.298367083164214
7192 8.777954390069379
7203 3.1066893441399746
7250 11.799794707164983
7325 2.8088549002241754
7389 6.9985096422506015
7401 1.886521853894058
7416 4.919068100570765
7452 4.513602992462601
7471 3.2849375755462935
7534 2.485534857327378
7688 3.086486636822455
7699 3.7796338173824005
7732 5.8998973535824915
7740 3.5327737394508745
7764 1.7052048175261088
7767 3.414990703794491
7773 6.9985096422506015
7781 2.6040604875781623
7813 1.0145733615634107
7826 9.38192589402813
7834 7.065547478901749
7864 7.004004161568242
7867 6.305362461690656
7892 1.5517722705842913
7893 5.8998973535824915
7968 3.047265923669174
7991 1.3149298749119196
7993 8.00555473739322
8030 6.383694304960563
8242 2.035665011990694
8344 5.612215281130711
8391 2.555858385760285
8400 7.194624521176892
8444 5.367070468227541
8483 4.165296298194385
8592 3.740413104229119
8710 1.6536113391281642
8718 8.472367117064893
8723 4.578716905737379
8745 2.5441623459970937
8801 4.919068100570765
8880 1.67063347346102
8886 1.3081501879265407
8946 2.7218435232345457
8977 2.6290617897835795
9106 2.1700132732246624
9170 4.281412260215694
9188 8.718904625270685
9230 6.6192603762733295
9245 4.919068100570765
9286 6.9985096422506015
9308 3.1698682457615064
9365 1.4972514317058743
9408 4.165296298194385
9583 6.9985096422506015
9585 3.3096301881366648
9590 3.3096301881366648
9711 5.605832781982583
9733 2.1700132732246624
9765 1.7835738846416156
9786 3.1483620405405426
9817 1.3183370332335338
9970 0.4837969513780714
9983 3.1066893441399746
10029 2.4237986637472186
10049 4.513602992462601
10098 4.695924549256556
10114 1.3014161557451966
10196 2.5211728277723946
10199 4.6513616155773905
10221 2.434161450782765
10244 5.612215281130711
10258 1.8000126109847754
10302 2.6290617897835795
10313 12.610724923381312
10326 0.5230769255465112
10341 3.1698682457615064
10375 3.9539872045271784
10393 1.9746291214043248
10422 1.4175881426832082
10431 1.4437323058179135
10622 5.8998973535824915
10636 3.9539872045271784
10649 9.602570129828763
10734 2.735829765209286
10735 4.8012850649143815
10749 1.1754637467675824
10754 3.1698682457615064
10780 30.315596959171728
10868 -0.9268053640592568
10979 3.1066893441399746
11026 4.695924549256556
11032 2.175425996420148
11054 4.919068100570765
11062 3.6312138122641273
11110 2.430736557504034
11165 4.372650573756367
11218 0.5720211847929105
11224 6.9985096422506015
11258 4.00277736869661
11287 2.0286963426746007
11299 -3.1270965711956276
11320 2.764403137653342
11358 4.290459441148391
11375 2.681021528714291
11379 6.128047753948022
11386 2.1157077196642304
11406 2.6418008155610093
11409 3.502002080784121
11416 4.356456153291129
11461 2.146479378330984
11576 3.3096301881366648
11730 5.612215281130711
11784 3.47214911763444
11785 1.9680717208581657
11790 2.2449194511442365
11845 6.9985096422506015
11889 5.558003874148989
11910 6.9985096422506015
11945 3.910169050662709
11947 3.0282177286984795
12022 0.40409618250082274
12081 2.363780654020965
12084 4.513602992462601
12092 4.108137884354437
12093 1.6803896484063847
12135 3.740413104229119
12172 3.9074671888922854
12377 1.3460204619819507
12455 -1.937327992812362
12464 6.305362461690656
12610 7.271395991241656
12785 8.426564700672525
12826 1.2619373447714093
12833 1.9260564194516896
12853 1.152070867192877
12972 5.710749831718137
13001 1.4730567031188173
13052 3.260840023967233
13077 6.094531847338348
13108 2.2800107709555064
13197 3.2849375755462935
13263 4.695924549256556
13273 3.3096301881366648
13283 4.919068100570765
13354 5.4840769416373485
13401 4.93182029819469
13412 2.5098732725184614
13508 5.176530251060562
13547 3.2006938814656967
13553 -1.111382279832576
13645 6.9985096422506015
13681 2.498699971920336
13720 3.666305132075397
13767 5.309408440793835
13769 6.254617262685421
13792 6.9985096422506015
13807 6.9985096422506015
13813 5.612215281130711
13825 2.7218435232345457
13828 3.3349479961209547
13835 4.00277736869661
13891 0.6065925288579992
13993 6.721846965048431
14079 11.799794707164983
14115 2.973157951515452
14151 4.359452312635343
14174 1.7945029551738059
14237 -7.669731831345759
14243 6.9985096422506015
14267 -1.1471081799405454
14416 1.5479024259504828
14447 3.1483620405405426
14453 3.414990703794491
14516 13.069368459873386
14519 3.086486636822455
14529 5.617709800448351
14571 3.2373095265570386
14637 3.3349479961209547
14650 6.9985096422506015
14682 1.5431885268928998
14822 4.290459441148391
14869 4.433560284789064
14893 4.359452312635343
14906 1.204091821091849
14908 12.383605326007805
15008 6.9985096422506015
15023 5.8998973535824915
15024 3.2373095265570386
15038 5.612215281130711
15155 2.0712336022232116
15202 19.725773559286228
15206 6.9985096422506015
15207 13.64057544500745
15259 5.3283318165526765
15332 -1.5523117301456202
15341 0.7959741250626788
15418 4.246624638098899
15510 17.699692060747473
15517 5.659565561682174
15595 1.3320829541381691
15648 2.5676928434072877
15651 1.1377234187847354
15672 3.6376060519615088
15685 3.486561832545665
15694 2.938066631704182
15771 0.20786143315184455
15814 6.786933581568317
