201
194 0.7699986386594181
386 6.9985096422506015
460 4.359452312635343
473 3.1273086313427103
475 5.612215281130711
500 2.1701959049483
646 2.219386149139072
848 3.7796338173824005
969 4.359452312635343
1880 6.9985096422506015
1896 1.7835738846416156
1923 2.211017899468555
1962 6.9985096422506015
1985 5.206750173022546
2017 3.3875917296063767
2037 4.359452312635343
2271 1.0253493542166288
2406 2.9209721983448818
2450 -0.6108568957036107
2466 6.305362461690656
2576 4.22592092001082
2597 2.1157077196642304
2666 6.305362461690656
2924 2.0286963426746007
2940 1.6278716141229383
2963 4.05407066308416
2964 0.900435360084361
3057 2.236335707452845
3259 3.1918471524802814
3454 3.47214911763444
3484 9.602570129828763
3489 1.942263836902293
3516 2.0785287164224764
3578 0.6015799870344548
3635 1.5779746429783155
3770 6.305362461690656
3820 1.7890234894091803
3890 3.414990703794491
3906 5.946315903030904
3982 1.0769312226067855
3990 5.258123579567159
4053 -0.2990403008364371
4217 3.3096301881366648
4230 2.0149030205422647
4232 4.6513616155773905
4286 2.130975191795019
4321 2.8553749158590684
4405 1.3460204619819507
4522 0.7810714429639324
4536 2.70805020110221
4548 6.9985096422506015
4549 2.6418008155610093
4625 1.8452180477528222
4857 2.0712559570933964
4866 5.042345655544789
4873 5.8998973535824915
4963 2.3933394562625097
5051 4.433560284789064
5182 4.919068100570765
5208 2.5676928434072877
5258 5.052599493195288
5484 0.9464204733261844
5533 3.7026727762462723
5554 4.216321028057695
5572 3.47214911763444
5722 3.3609234825242154
5789 5.389071729816501
5850 3.047265923669174
5891 3.1273086313427103
5905 1.7835738846416156
5944 3.8204558119026557
5970 4.165296298194385
5999 2.5098732725184614
6043 1.5913378707904824
6117 4.600614369452231
6262 3.4431615807611875
6402 1.4112609838503516
6447 2.576165249751463
6548 2.0785287164224764
6555 8.97352937105439
6562 6.9985096422506015
6583 0.8629447511688624
6609 3.1918471524802814
6908 1.0061308387793944
6971 3.597312260588446
7029 4.108137884354437
7042 3.8630154263214513
7104 -1.3269758333025843
7192 8.777954390069379
7309 4.8012850649143815
7338 4.8012850649143815
7471 3.2849375755462935
7497 0.7014003223166658
7622 5.528806275306684
7642 5.612215281130711
7764 1.7052048175261088
7767 3.414990703794491
7871 4.108137884354437
7991 1.3149298749119196
7993 4.00277736869661
8030 6.383694304960563
8037 4.22592092001082
8096 4.359996593313117
8111 5.612215281130711
8142 2.9041650800285006
8181 6.9985096422506015
8256 1.6803896484063847
8615 2.6944445490464313
8660 1.675499663112193
8683 3.3607792968127694
8710 1.6536113391281642
8745 5.088324691994187
8799 3.502002080784121
8801 4.919068100570765
8886 1.3081501879265407
8946 2.7218435232345457
8978 1.6140145794615122
9230 6.6192603762733295
9317 5.206750173022546
9413 4.433560284789064
9554 2.543323789326808
9585 3.3096301881366648
9720 6.9985096422506015
9817 1.3183370332335338
9970 0.4837969513780714
10076 2.750014400201242
10146 4.05407066308416
10199 2.3256808077886952
10231 3.2373095265570386
10431 0.7218661529089567
10477 4.05407066308416
10514 3.8630154263214513
10645 4.600614369452231
10749 1.1754637467675824
10751 1.5879037593638217
10868 -0.37072214562370276
10901 4.290459441148391
10906 2.035665011990694
11029 6.9985096422506015
11110 4.051227595840057
11218 1.144042369585821
11299 -0.5211827618659379
11305 4.128071418239819
11353 2.8088549002241754
11406 5.283601631122019
11408 5.052599493195288
11446 3.597312260588446
11450 2.262311193856106
11465 5.052599493195288
11481 1.6186122887101415
11671 2.2535775138873513
11700 5.8998973535824915
11889 2.7790019370744945
11947 3.0282177286984795
11961 9.928890564409993
11969 0.7582337970798316
11984 2.4237986637472186
12007 5.052599493195288
12030 9.201228738904462
12070 2.87137525720551
12092 8.216275768708874
12122 1.1963912668735384
12135 3.740413104229119
12175 2.955458374416051
12342 4.05407066308416
12377 1.3460204619819507
12458 6.6192603762733295
12723 2.288979440938267
12772 1.886521853894058
13001 1.4730567031188173
13080 0.8123010183501074
13284 4.919068100570765
13354 3.656051294424899
13357 3.3875917296063767
13359 2.6290617897835795
13384 4.113734439282593
13519 5.612215281130711
13624 4.165296298194385
13734 1.942263836902293
13767 2.6547042203969173
13781 3.8204558119026557
13896 4.359452312635343
14044 2.9223507504641293
14316 4.22592092001082
14352 1.8928409466523688
14381 0.2288676653980985
14563 2.6418008155610093
14612 4.372650573756367
14908 2.476721065201561
15202 5.479381544246174
15207 9.743268175005321
15208 5.8998973535824915
15240 3.414990703794491
15259 3.9962488624145074
15332 -1.5523117301456202
15373 1.628721502626236
15379 6.305362461690656
15574 4.8012850649143815
15771 0.023095714794649395
15805 2.008077055471865
15816 3.9539872045271784
