334
183 6.9985096422506015
184 5.612215281130711
194 0.7699986386594181
272 6.9985096422506015
458 4.165296298194385
466 3.8204558119026557
494 6.9985096422506015
496 2.2800107709555064
512 2.0785287164224764
554 6.9985096422506015
730 2.298029276458185
744 3.3875917296063767
787 2.035665011990694
978 2.298029276458185
1060 0.12433381283310307
1094 2.335070548138534
1122 3.1698682457615064
1189 5.8998973535824915
1300 6.305362461690656
1319 5.389071729816501
1325 6.305362461690656
1379 2.1481658635875345
1404 1.3708885285599641
1507 3.8630154263214513
1513 4.433560284789064
1690 2.455214859980597
1702 3.3609234825242154
1750 3.320596291274491
1889 3.414990703794491
1893 1.7567626271909589
1900 4.290459441148391
1906 3.597312260588446
1922 1.6952047341915255
1923 2.211017899468555
1957 1.8223599096767722
2049 2.37353682896633
2051 5.33555260392854
2064 1.5647876386963615
2070 1.4730567031188173
2082 4.919068100570765
2240 1.65617539028579
2258 5.74275051441102
2269 1.8686109273275278
2271 1.0253493542166288
2327 3.9074671888922854
2334 0.7939518796819108
2337 4.600614369452231
2351 1.5647876386963615
2390 4.919068100570765
2402 4.513602992462601
2406 2.9209721983448818
2418 15.118535269529602
2450 -3.665141374221664
2513 3.656051294424899
2574 7.332610264150794
2575 4.22592092001082
2674 1.0272478024601386
2696 4.359452312635343
2701 2.7218435232345457
2703 9.027205984925201
2706 3.6312138122641273
2744 5.612215281130711
2935 1.2640783890383267
2964 0.900435360084361
3055 4.600614369452231
3095 4.695924549256556
3339 4.22592092001082
3386 2.6290617897835795
3407 2.085854756514549
3414 7.405345552492545
3578 0.6015799870344548
3642 3.47214911763444
3646 2.5676928434072877
3739 4.00277736869661
3908 4.433560284789064
3927 6.9985096422506015
4053 -1.4952015041821856
4070 1.1068654304248302
4133 5.389071729816501
4216 4.695924549256556
4217 3.3096301881366648
4232 4.6513616155773905
4248 5.206750173022546
4301 3.597312260588446
4302 1.8000126109847754
4333 1.4651201535230811
4385 3.1273086313427103
4405 1.3460204619819507
4437 2.4033897921160112
4536 2.70805020110221
4576 2.085854756514549
4695 2.87137525720551
4711 1.9296054400303697
4746 5.389071729816501
4750 0.6631056996427893
4865 3.0282177286984795
4876 4.489838902288473
4904 5.8998973535824915
4989 1.3355491621146554
5312 5.710749831718137
5316 2.236335707452845
5318 3.1066893441399746
5339 4.713706847592958
5369 3.047265923669174
5396 4.05407066308416
5484 0.9464204733261844
5518 1.5868635903955612
5554 4.216321028057695
5609 6.305362461690656
5630 0.11915383779016203
5643 3.9074671888922854
5676 3.502002080784121
5680 1.5913378707904824
5715 3.502002080784121
5731 2.8876357780772897
5737 3.740413104229119
5779 3.21432000833234
5875 2.750014400201242
5897 3.6312138122641273
5973 2.9540974487767095
6035 5.052599493195288
6078 2.555858385760285
6101 4.165296298194385
6151 1.4075226617397445
6351 2.8088549002241754
6402 1.4112609838503516
6433 1.5462068723802074
6484 4.359452312635343
6548 2.0785287164224764
6688 1.8925641683500207
6754 1.2024518914852294
6858 6.9985096422506015
6868 10.778143459633002
6872 2.6095550068958033
6908 0.33537694625979814
7055 4.290459441148391
7104 -3.980927499907753
7192 13.166931585104068
7344 1.6325336272287498
7401 1.886521853894058
7458 7.004004161568242
7459 2.1944885975173447
7519 4.05407066308416
7578 2.607686396804592
7591 2.0426825846493406
7622 5.528806275306684
7764 1.7052048175261088
7971 3.414990703794491
7981 6.128047753948022
8148 3.7796338173824005
8169 2.7218435232345457
8216 4.00277736869661
8224 4.8012850649143815
8260 4.22592092001082
8315 2.764403137653342
8442 7.726030852642903
8506 4.00277736869661
8507 9.201228738904462
8681 6.305362461690656
8692 4.513602992462601
8710 2.204815118837552
8723 1.5262389685791264
8731 2.0286963426746007
8749 3.0666840095262753
8822 2.2800107709555064
8823 3.1066893441399746
8880 1.67063347346102
8886 1.3081501879265407
8890 2.2800107709555064
8895 3.9539872045271784
8901 5.052599493195288
8906 3.047265923669174
8987 2.211017899468555
9047 4.8012850649143815
9170 0.6116303228879563
9400 3.1273086313427103
9589 2.6230685718215625
9733 1.0850066366123312
9762 5.389071729816501
9779 1.8337236683270872
9817 1.3183370332335338
9956 3.47214911763444
9970 0.9675939027561428
10008 2.0568672196412967
10016 4.695924549256556
10029 4.847597327494437
10146 4.05407066308416
10199 2.3256808077886952
10221 4.86832290156553
10231 3.2373095265570386
10325 1.8925641683500207
10326 0.5230769255465112
10329 -0.630272087128793
10418 6.305362461690656
10431 0.7218661529089567
10446 3.1483620405405426
10487 1.981229805435677
10532 2.9209721983448818
10633 4.433560284789064
10646 3.9539872045271784
10650 4.108137884354437
10655 3.8204558119026557
10868 -0.18536107281185138
10872 1.6048820958982397
10906 2.035665011990694
10929 3.1066893441399746
10934 24.016664212179663
10951 5.612215281130711
10973 2.7938170228596353
11027 2.556395731286379
11102 1.3304600282218215
11110 0.8102455191680114
11197 6.9985096422506015
11214 4.433560284789064
11287 2.0286963426746007
11299 -4.690644856793441
11305 2.0640357091199095
11317 15.333420047631376
11334 3.989126672610284
11342 5.389071729816501
11375 5.362043057428582
11386 2.1157077196642304
11407 3.1483620405405426
11438 3.3349479961209547
11454 4.695924549256556
11461 6.439438134992953
11526 9.851540205471533
11532 6.9985096422506015
11677 1.7255100836868542
11757 6.9985096422506015
11769 1.6466515087745348
11772 4.108137884354437
11881 2.70805020110221
11889 2.7790019370744945
11945 3.910169050662709
11947 3.0282177286984795
11950 4.433560284789064
11969 0.7582337970798316
12017 4.165296298194385
12022 0.40409618250082274
12063 3.9074671888922854
12071 6.9985096422506015
12122 1.1963912668735384
12172 3.9074671888922854
12175 2.955458374416051
12203 5.052599493195288
12341 2.8088549002241754
12407 0.83519483821596
12455 -0.4305173317360804
12458 3.3096301881366648
12610 2.4237986637472186
12641 4.8012850649143815
12674 1.5779746429783155
12676 5.052599493195288
12708 1.5958322603783217
12783 1.8986432144264027
12792 3.8204558119026557
12793 2.87137525720551
12833 0.9630282097258448
12937 6.9985096422506015
13001 1.4730567031188173
13029 1.6609715625492831
13039 6.42864001666468
13045 1.886521853894058
13048 5.206750173022546
13052 3.260840023967233
13080 1.6246020367002147
13084 4.919068100570765
13106 2.335070548138534
13289 1.7410142702228197
13317 4.290459441148391
13354 3.656051294424899
13384 2.0568672196412967
13401 2.465910149097345
13411 5.617709800448351
13491 2.288979440938267
13547 1.6003469407328483
13553 -2.593225319609344
13708 3.9539872045271784
13767 5.309408440793835
13769 3.1273086313427103
13828 3.3349479961209547
13859 5.910916748832102
13969 4.695924549256556
14036 4.290459441148391
14044 7.305876876160323
14135 2.3541187431092285
14136 1.4810567457858934
14237 -1.3944966966083199
14267 -0.3823693933135151
14352 2.8392614199785533
14381 0.457735330796197
14431 2.06986059726431
14451 6.9985096422506015
14463 1.67063347346102
14472 4.513602992462601
14516 6.534684229936693
14545 5.052599493195288
14547 3.740413104229119
14612 6.5589758606345505
14620 2.15432255579201
14637 3.3349479961209547
14692 2.8396265588909295
14700 4.00277736869661
14766 6.305362461690656
14835 5.206750173022546
14846 6.305362461690656
14874 4.8012850649143815
14893 4.359452312635343
14906 2.408183642183698
14908 2.476721065201561
14966 5.206750173022546
15097 3.6312138122641273
15155 0.6904112007410705
15202 15.34226832388929
15207 3.8973072700021283
15259 9.324580678967184
15278 2.465910149097345
15332 -7.761558650728101
15373 4.886164507878708
15468 2.309930450438483
15511 6.9985096422506015
15528 3.666305132075397
15551 4.6314719395088115
15672 0.7275212103923018
15685 0.8716404581364162
15694 2.938066631704182
15741 5.389071729816501
15771 0.06928714438394819
15810 5.389071729816501
15818 5.8998973535824915
15820 4.165296298194385
15850 5.052599493195288
15861 3.597312260588446
