405
109 4.359452312635343
117 4.290459441148391
173 9.027205984925201
194 1.5399972773188362
209 1.7001922757025645
460 4.359452312635343
486 2.70805020110221
493 3.1698682457615064
495 2.8396265588909295
607 2.5211728277723946
695 2.9911764570181303
717 2.8396265588909295
783 6.9985096422506015
848 3.7796338173824005
965 5.206750173022546
1060 0.24866762566620615
1094 2.335070548138534
1379 1.0740829317937672
1507 3.8630154263214513
1524 4.290459441148391
1615 6.305362461690656
1687 2.413542163580029
1750 1.1068654304248302
1761 6.305362461690656
1891 4.600614369452231
1907 6.9985096422506015
1909 2.8876357780772897
1935 4.433560284789064
1957 1.8223599096767722
1984 4.513602992462601
2030 3.3349479961209547
2051 2.66777630196427
2070 2.9461134062376346
2100 5.8998973535824915
2196 5.389071729816501
2247 2.219386149139072
2258 2.87137525720551
2263 6.305362461690656
2269 3.7372218546550555
2271 0.6835662361444191
2351 1.5647876386963615
2418 3.7796338173824005
2492 6.094531847338348
2538 2.84512107820857
2563 6.9985096422506015
2574 3.666305132075397
2576 4.22592092001082
2597 2.1157077196642304
2631 0.21292199724267172
2646 4.22592092001082
2730 6.9985096422506015
2837 3.086486636822455
2893 2.5098732725184614
2895 5.612215281130711
2910 11.221239312687356
2919 2.1944885975173447
2935 1.2640783890383267
2940 1.6278716141229383
2964 1.800870720168722
3005 3.6312138122641273
3013 5.612215281130711
3059 6.305362461690656
3192 1.0095482253607377
3215 1.7699425535733089
3386 2.6290617897835795
3414 7.405345552492545
3483 5.612215281130711
3635 1.5779746429783155
3647 2.1081605140288473
3661 4.165296298194385
3662 6.9985096422506015
3700 1.2947271675944
3759 2.4033897921160112
3782 3.7026727762462723
3803 4.05407066308416
3807 2.3256808077886952
3890 6.829981407588982
3906 5.946315903030904
3923 3.1273086313427103
3951 7.907974409054357
3974 3.3875917296063767
3982 3.2307936678203566
4021 1.5054481989100525
4053 -1.4952015041821856
4208 1.5220460903190904
4217 3.3096301881366648
4232 6.977042423366086
4241 2.4033897921160112
4261 2.262311193856106
4272 5.389071729816501
4333 1.4651201535230811
4361 3.8630154263214513
4405 2.6920409239639014
4433 5.389071729816501
4481 2.146479378330984
4487 3.1066893441399746
4521 6.9985096422506015
4522 1.3017857382732205
4576 2.085854756514549
4578 5.206750173022546
4586 3.009525595686327
4646 3.7372218546550555
4693 4.8012850649143815
4738 6.305362461690656
4750 0.994658549464184
4846 2.021775899830027
4857 2.0712559570933964
4876 2.2449194511442365
4878 1.3672978604292356
4886 3.009525595686327
4903 5.389071729816501
4906 3.9074671888922854
4963 2.3933394562625097
5012 4.108137884354437
5116 1.961557039836972
5120 3.8630154263214513
5151 2.555858385760285
5200 3.3096301881366648
5238 3.6312138122641273
5243 3.6312138122641273
5284 3.5645224377654547
5331 3.2373095265570386
5339 1.1784267118982394
5362 5.8998973535824915
5392 2.130975191795019
5414 5.775271556154579
5421 3.8630154263214513
5439 3.7796338173824005
5461 5.052599493195288
5484 0.9464204733261844
5517 1.6232312345664361
5518 1.5868635903955612
5550 3.666305132075397
5554 10.540802570144237
5555 2.4033897921160112
5590 1.4533321977710387
5641 4.359452312635343
5676 3.502002080784121
5709 4.290459441148391
5731 5.775271556154579
5955 2.434161450782765
5970 4.165296298194385
5981 2.8553749158590684
6049 2.035665011990694
6078 2.555858385760285
6110 5.389071729816501
6149 5.8998973535824915
6205 2.955458374416051
6206 4.22592092001082
6345 3.414990703794491
6374 4.600614369452231
6389 6.254617262685421
6414 3.1483620405405426
6433 1.030804581586805
6447 2.576165249751463
6548 2.0785287164224764
6555 2.9911764570181303
6583 1.7258895023377248
6609 3.1918471524802814
6657 2.138697237888929
6754 2.4049037829704587
6801 4.433560284789064
6819 1.7153059135126125
6908 0.6707538925195963
6926 5.8998973535824915
6929 4.8012850649143815
6967 6.9985096422506015
6983 3.414990703794491
6993 4.05407066308416
7024 5.8998973535824915
7025 1.0095482253607377
7042 3.8630154263214513
7104 -3.3174395832564607
7124 6.9985096422506015
7192 13.166931585104068
7210 1.8568460857479414
7215 4.689098584186156
7219 5.612215281130711
7228 4.359452312635343
7286 1.4112609838503516
7299 2.8553749158590684
7316 3.1273086313427103
7431 2.6040604875781623
7436 5.206750173022546
7471 9.85481272663888
7563 2.335070548138534
7578 1.0430745587218369
7609 6.9985096422506015
7614 2.5676928434072877
7633 1.8745456628473423
7699 3.7796338173824005
7781 2.6040604875781623
7813 1.0145733615634107
7838 2.1081605140288473
7892 3.1035445411685827
7986 3.597312260588446
8005 4.165296298194385
8028 5.052599493195288
8030 3.1918471524802814
8032 0.5108256237659907
8086 3.3096301881366648
8111 5.612215281130711
8256 3.3607792968127694
8260 8.45184184002164
8400 3.597312260588446
8419 5.052599493195288
8508 6.9985096422506015
8592 3.740413104229119
8704 6.9985096422506015
8707 4.8012850649143815
8710 0.551203779709388
8716 5.612215281130711
8718 2.824122372354964
8723 1.5262389685791264
8731 2.0286963426746007
8736 2.3867493466682252
8806 3.47214911763444
8822 2.2800107709555064
8841 4.433560284789064
8850 1.7153059135126125
8880 5.01190042038306
8886 1.3081501879265407
9033 4.05407066308416
9036 6.9985096422506015
9047 9.602570129828763
9110 2.035665011990694
9151 1.258716730071367
9170 0.6116303228879563
9303 5.8998973535824915
9317 5.206750173022546
9346 2.498699971920336
9484 3.9539872045271784
9487 5.052599493195288
9531 1.67063347346102
9537 1.963887624372811
9554 1.271661894663404
9573 3.3096301881366648
9585 6.6192603762733295
9602 2.2800107709555064
9733 1.0850066366123312
9765 1.7835738846416156
9784 6.9985096422506015
9800 4.433560284789064
9818 3.21432000833234
9970 1.4513908541342142
9977 3.8630154263214513
10006 2.6944445490464313
10017 5.8998973535824915
10029 2.4237986637472186
10114 2.6028323114903933
10123 5.389071729816501
10146 8.10814132616832
10199 4.6513616155773905
10217 2.15432255579201
10240 6.9985096422506015
10325 1.8925641683500207
10326 0.5230769255465112
10329 -0.21009069570959765
10386 6.305362461690656
10393 5.923887364212974
10422 1.4175881426832082
10431 2.16559845872687
10446 3.1483620405405426
10456 5.710749831718137
10487 1.981229805435677
10561 4.801040822198545
10613 6.305362461690656
10626 6.305362461690656
10633 8.867120569578129
10650 4.108137884354437
10749 1.1754637467675824
10751 0.7939518796819108
10771 5.052599493195288
10868 -0.37072214562370276
10906 2.035665011990694
10929 3.1066893441399746
10934 8.00555473739322
10949 4.359452312635343
10997 3.1483620405405426
11023 1.2880826248757316
11032 1.087712998210074
11034 1.5958322603783217
11042 4.433560284789064
11110 2.430736557504034
11202 2.9209721983448818
11210 3.21432000833234
11214 4.433560284789064
11218 0.5720211847929105
11254 4.695924549256556
11295 3.2373095265570386
11299 -4.169462094927503
11347 0.8373023205555247
11407 3.1483620405405426
11416 4.356456153291129
11439 5.052599493195288
11443 3.260840023967233
11445 3.740413104229119
11446 3.597312260588446
11491 3.7490913256946845
11555 3.5327737394508745
11580 2.5441623459970937
11603 6.305362461690656
11742 5.389071729816501
11826 5.389071729816501
11850 2.455214859980597
11889 2.7790019370744945
11947 6.056435457396959
11950 4.433560284789064
11969 1.5164675941596633
11975 2.9209721983448818
11977 3.7026727762462723
12052 5.206750173022546
12057 2.10066984229969
12063 3.9074671888922854
12093 1.6803896484063847
12135 3.740413104229119
12172 3.9074671888922854
12175 5.910916748832102
12231 4.359452312635343
12270 5.052599493195288
12277 3.1273086313427103
12377 1.3460204619819507
12457 3.2373095265570386
12458 9.928890564409993
12553 1.0715836162801904
12558 2.4446327506500602
12598 2.5098732725184614
12708 1.5958322603783217
12723 2.288979440938267
12752 4.919068100570765
12772 1.886521853894058
12776 5.206750173022546
12823 1.034930298632155
12833 0.9630282097258448
12847 6.9985096422506015
12853 1.152070867192877
12891 3.7796338173824005
12972 2.8553749158590684
13075 3.9539872045271784
13080 2.436903055050322
13106 4.670141096277068
13114 6.305362461690656
13136 5.206750173022546
13271 3.3875917296063767
13272 2.7790019370744945
13273 3.3096301881366648
13339 6.9985096422506015
13357 3.3875917296063767
13400 5.612215281130711
13401 2.465910149097345
13411 2.8088549002241754
13513 3.7026727762462723
13553 -0.7409215198883841
13613 1.8111238364098463
13620 6.9985096422506015
13718 2.6850356628614973
13843 2.1782280766455644
13859 2.955458374416051
13867 1.087712998210074
13891 0.6065925288579992
14078 2.5098732725184614
14198 3.047265923669174
14237 -1.3944966966083199
14267 -1.1471081799405454
14308 2.0640357091199095
14309 1.5137127087599462
14313 1.6466515087745348
14316 4.22592092001082
14352 2.8392614199785533
14357 4.953442130403122
14381 0.6866029961942954
14463 1.67063347346102
14516 4.356456153291129
14537 4.695924549256556
14610 7.405345552492545
14612 6.5589758606345505
14620 2.15432255579201
14756 4.359452312635343
14839 4.8012850649143815
14900 6.9985096422506015
14906 0.4013639403639497
14908 2.476721065201561
14956 6.305362461690656
15202 13.15051570619082
15207 11.691921810006384
15212 3.7796338173824005
15213 4.695924549256556
15224 2.9041650800285006
15259 6.660414770690846
15332 -9.313870380873722
15341 2.3879223751880367
15373 4.886164507878708
15397 4.002594736972972
15404 4.513602992462601
15413 1.2781978656431896
15517 3.773043707788116
15551 1.1578679848772029
15578 1.7945029551738059
15595 1.3320829541381691
15612 4.165296298194385
15672 0.7275212103923018
15685 0.8716404581364162
15704 3.7026727762462723
15771 0.13857428876789638
15814 2.262311193856106
