315
194 2.3099959159782544
241 1.6902419448493964
305 6.305362461690656
332 4.433560284789064
356 2.591790394986348
379 5.612215281130711
512 2.0785287164224764
592 4.8892655013001205
657 2.0640357091199095
837 4.919068100570765
1060 0.1865007192496546
1140 4.165296298194385
1191 5.052599493195288
1319 5.389071729816501
1390 3.260840023967233
1543 5.206750173022546
1686 1.1549652252192415
1687 2.413542163580029
1702 3.3609234825242154
1750 1.1068654304248302
1820 3.3875917296063767
1884 3.8973072700021283
1893 1.7567626271909589
1909 2.8876357780772897
1940 2.6944445490464313
2013 6.305362461690656
2026 5.362043057428582
2036 1.9486536350010641
2068 3.3609234825242154
2070 1.4730567031188173
2167 2.66777630196427
2229 5.389071729816501
2240 1.65617539028579
2331 7.262427624528255
2354 4.290459441148391
2357 2.3747372985478017
2380 7.559267634764801
2421 3.0863770537857995
2450 -0.6108568957036107
2577 3.5327737394508745
2588 4.108137884354437
2631 0.42584399448534344
2638 2.130975191795019
2674 1.0272478024601386
2705 1.6657908489852322
2774 5.8998973535824915
2858 3.8630154263214513
2893 2.5098732725184614
2914 3.4431615807611875
2920 0.6795415285041667
2935 0.6320391945191633
2940 3.2557432282458767
2959 5.936843246369504
3065 4.290459441148391
3100 2.7938170228596353
3120 1.6048820958982397
3143 6.6581584474172155
3144 4.00277736869661
3329 1.981229805435677
3362 3.8204558119026557
3379 3.1918471524802814
3392 2.20271909665386
3449 3.929409930208991
3505 4.00277736869661
3547 4.433560284789064
3578 1.2031599740689096
3631 4.05407066308416
3635 3.155949285956631
3647 6.3244815420865415
3736 3.086486636822455
3827 3.2849375755462935
3840 1.2980660688599148
3982 2.153862445213571
3995 3.50297114018023
4006 2.6547042203969173
4108 3.1066893441399746
4208 1.5220460903190904
4215 5.389071729816501
4232 2.3256808077886952
4270 3.5327737394508745
4272 5.389071729816501
4301 3.597312260588446
4325 3.21432000833234
4381 4.029806041084529
4429 8.10814132616832
4447 8.867120569578129
4522 0.2603571476546441
4537 4.078495509397918
4646 11.211665563965166
4660 3.9074671888922854
4750 0.33155284982139466
4878 2.7345957208584712
4909 2.9381611094783557
4918 5.052599493195288
4956 2.413542163580029
4970 3.9492582428086496
5017 3.260840023967233
5067 2.2278250177849364
5232 3.3096301881366648
5238 3.6312138122641273
5277 6.305362461690656
5329 6.305362461690656
5350 5.910916748832102
5388 3.47214911763444
5392 2.130975191795019
5409 3.502002080784121
5439 3.7796338173824005
5478 4.433560284789064
5517 1.6232312345664361
5518 1.5868635903955612
5550 3.666305132075397
5596 3.5645224377654547
5630 0.5957691889508101
5635 6.60815728996158
5711 2.6290617897835795
5730 4.108137884354437
5779 3.21432000833234
5830 4.05407066308416
5872 2.5441623459970937
5891 3.1273086313427103
5900 2.8553749158590684
5983 1.9878743481543455
5985 4.8012850649143815
6003 3.3609234825242154
6043 1.5913378707904824
6143 5.612215281130711
6164 2.6290617897835795
6250 5.318288905612199
6288 4.600614369452231
6307 3.2373095265570386
6402 1.4112609838503516
6433 1.5462068723802074
6548 2.0785287164224764
6595 2.4237986637472186
6596 5.206750173022546
6660 8.381451068578906
6819 1.7153059135126125
6908 1.0061308387793944
6989 4.600614369452231
7025 1.0095482253607377
7459 2.1944885975173447
7534 1.242767428663689
7569 1.0170954309961207
7591 2.0426825846493406
7614 2.5676928434072877
7633 1.8745456628473423
7906 2.8679784698558155
7932 1.8745456628473423
8003 4.108137884354437
8096 1.4533321977710387
8262 4.142511914186793
8282 6.305362461690656
8315 2.764403137653342
8337 3.910169050662709
8484 6.305362461690656
8496 3.502002080784121
8523 2.176897907113301
8643 2.001297368486486
8648 4.86832290156553
8660 1.675499663112193
8664 2.7938170228596353
8710 1.6536113391281642
8745 2.5441623459970937
8850 1.7153059135126125
8890 2.2800107709555064
8897 5.206750173022546
8904 2.1863252868781835
9007 4.108137884354437
9044 3.8630154263214513
9069 3.260840023967233
9122 2.7489842721265254
9170 1.2232606457759125
9175 3.597312260588446
9204 2.5098732725184614
9270 6.213378688279949
9344 4.359452312635343
9377 9.602570129828763
9531 1.67063347346102
9559 -0.9151883824047131
9566 5.612215281130711
9674 3.6312138122641273
9698 1.9878743481543455
9817 3.9550110997006014
9893 4.108137884354437
10012 4.290459441148391
10029 2.4237986637472186
10058 2.6040604875781623
10095 4.433560284789064
10183 6.305362461690656
10189 4.433560284789064
10225 3.8630154263214513
10256 4.8012850649143815
10326 1.0461538510930224
10329 -0.21009069570959765
10447 6.099482367049713
10552 4.22592092001082
10561 1.6003469407328483
10628 4.165296298194385
10675 5.8998973535824915
10709 3.666305132075397
10742 12.523164425864262
10751 0.7939518796819108
10770 2.4876501357337513
10848 5.612215281130711
10868 -1.8536107281185137
10911 3.6312138122641273
10993 4.22592092001082
11032 1.087712998210074
11102 7.982760169330929
11104 4.290459441148391
11105 4.22592092001082
11218 1.144042369585821
11370 8.45184184002164
11406 2.6418008155610093
11413 4.919068100570765
11453 12.273480351732164
11522 10.22343354304114
11625 1.457246097092175
11646 2.3541187431092285
11677 8.627550418434272
11769 1.6466515087745348
11790 2.2449194511442365
11907 2.434161450782765
11969 1.5164675941596633
12022 0.8081923650016455
12023 3.6312138122641273
12043 2.498699971920336
12075 2.938066631704182
12093 1.6803896484063847
12210 6.339736491523013
12216 2.87137525720551
12242 7.726030852642903
12250 2.498699971920336
12263 2.579669034454003
12377 5.384081847927803
12386 4.22592092001082
12455 -0.2152586658680402
12510 4.05407066308416
12595 4.689098584186156
12708 1.5958322603783217
12717 0.5999147077153936
12796 5.8419443966897635
12805 1.8568460857479414
12818 3.1483620405405426
12833 2.8890846291775345
12853 1.152070867192877
12972 2.8553749158590684
12978 2.383389125409342
12997 3.502002080784121
12999 5.389071729816501
13021 3.6312138122641273
13045 3.773043707788116
13080 0.8123010183501074
13189 1.8745456628473423
13191 4.513602992462601
13209 3.6312138122641273
13218 6.305362461690656
13227 3.666305132075397
13346 2.9041650800285006
13354 1.8280256472124494
13460 2.955458374416051
13488 10.413500346045092
13501 2.5211728277723946
13508 1.7255100836868542
13547 1.6003469407328483
13553 -1.4818430397767681
13559 3.5645224377654547
13565 1.9878743481543455
13613 1.8111238364098463
13661 3.7026727762462723
13667 3.9539872045271784
13670 2.6164830075767194
13683 3.0666840095262753
13715 8.10814132616832
13718 4.0275534942922455
13734 1.942263836902293
13736 5.389071729816501
13753 3.7026727762462723
13775 3.2849375755462935
13867 1.087712998210074
14063 4.00277736869661
14107 7.271395991241656
14112 4.00277736869661
14136 2.962113491571787
14153 2.4876501357337513
14167 3.7026727762462723
14172 4.8012850649143815
14174 1.7945029551738059
14195 1.7781538171722764
14237 -2.09174504491248
14267 -0.3823693933135151
14309 4.541138126279838
14343 3.7796338173824005
14352 1.8928409466523688
14356 5.389071729816501
14431 2.06986059726431
14507 3.7020303308742966
14521 3.666305132075397
14563 2.6418008155610093
14588 4.157057432844953
14633 5.309408440793835
14800 6.305362461690656
14906 0.4013639403639497
14933 3.7026727762462723
15292 2.211017899468555
15306 0.7199882180847567
15332 -15.523117301456201
15341 2.3879223751880367
15435 2.750014400201242
15468 1.1549652252192415
15518 1.880515829833846
15622 2.363780654020965
15671 3.7796338173824005
15827 1.9109133070182172
15828 2.1862955883920616
