49
671 4.00277736869661
2087 2.8876357780772897
2924 2.0286963426746007
2940 1.6278716141229383
3057 2.236335707452845
3785 2.87137525720551
3873 4.108137884354437
4053 -0.2990403008364371
4677 4.919068100570765
4750 0.33155284982139466
4809 2.8088549002241754
5498 4.108137884354437
5517 1.6232312345664361
6447 1.2880826248757316
6583 0.8629447511688624
6595 2.4237986637472186
6721 2.383389125409342
6983 3.414990703794491
7104 -0.6634879166512921
7192 2.1944885975173447
7563 2.335070548138534
7813 1.0145733615634107
8150 4.433560284789064
9589 1.3115342859107813
9765 1.7835738846416156
10092 5.052599493195288
10110 6.305362461690656
10196 2.5211728277723946
10258 1.8000126109847754
10302 2.6290617897835795
10326 0.5230769255465112
10329 -0.4201813914191953
11034 1.5958322603783217
11299 -1.5635482855978138
11386 2.1157077196642304
11945 1.9550845253313545
12241 2.579669034454003
13208 1.3115342859107813
13479 3.7796338173824005
13508 1.7255100836868542
13613 1.8111238364098463
14174 1.7945029551738059
14237 -0.6972483483041599
14309 3.0274254175198925
15202 2.19175261769847
15207 3.8973072700021283
15259 1.3320829541381691
15484 2.9911764570181303
15771 0.04619142958929879
