81
466 3.8204558119026557
492 3.3609234825242154
532 3.4431615807611875
1896 1.7835738846416156
2037 4.359452312635343
2051 2.66777630196427
2087 2.8876357780772897
2415 5.206750173022546
2538 1.422560539104285
2940 1.6278716141229383
3414 3.7026727762462723
3635 1.5779746429783155
3687 5.8998973535824915
3785 2.87137525720551
3931 6.9985096422506015
4046 5.612215281130711
4053 -0.3738003760455464
4232 4.6513616155773905
4815 5.443687046469091
5046 2.236335707452845
5472 6.9985096422506015
5523 5.389071729816501
5555 2.4033897921160112
5731 2.8876357780772897
6561 5.8998973535824915
6583 0.8629447511688624
6682 5.612215281130711
6832 5.206750173022546
6908 0.33537694625979814
7075 6.9985096422506015
7104 -0.6634879166512921
7192 4.388977195034689
7482 1.8055527913603908
7534 1.242767428663689
7731 2.001297368486486
7968 3.047265923669174
8315 2.764403137653342
8710 0.551203779709388
8880 1.67063347346102
9353 2.476721065201561
9400 3.1273086313427103
9475 6.9985096422506015
9484 3.9539872045271784
9800 4.433560284789064
9817 1.3183370332335338
10008 4.113734439282593
10196 2.5211728277723946
10326 0.5230769255465112
10329 -0.21009069570959765
10514 3.8630154263214513
11299 -2.0847310474637517
11386 2.1157077196642304
11831 3.597312260588446
11850 2.455214859980597
11969 0.7582337970798316
12341 2.8088549002241754
12377 1.3460204619819507
12583 5.389071729816501
12828 3.597312260588446
13029 1.6609715625492831
13045 1.886521853894058
13080 0.8123010183501074
13273 3.3096301881366648
13553 -0.37046075994419203
13859 2.955458374416051
14044 1.4611753752320646
14153 2.4876501357337513
14258 6.9985096422506015
14309 1.5137127087599462
14381 0.2288676653980985
14463 1.67063347346102
14516 2.1782280766455644
14682 1.5431885268928998
14893 4.359452312635343
15202 3.287628926547705
15207 7.794614540004257
15259 5.3283318165526765
15283 4.47267141490569
15332 -4.656935190436861
15373 1.628721502626236
15484 2.9911764570181303
