37
2166 2.6418008155610093
2271 0.34178311807220957
2575 4.22592092001082
2611 3.260840023967233
2639 2.6040604875781623
3414 3.7026727762462723
4333 1.4651201535230811
4416 2.727440078162703
4660 3.9074671888922854
5681 4.8012850649143815
6402 1.4112609838503516
6620 1.1998294154307871
7104 -0.6634879166512921
8168 1.9746291214043248
8667 3.8630154263214513
8710 0.551203779709388
8736 1.1933746733341126
8978 1.6140145794615122
9106 1.0850066366123312
10329 -0.21009069570959765
10691 3.414990703794491
10914 2.727440078162703
10920 2.20271909665386
11110 0.8102455191680114
11299 -1.0423655237318759
12122 1.1963912668735384
12380 3.2849375755462935
12455 -0.2152586658680402
12723 2.288979440938267
13399 3.086486636822455
13859 5.910916748832102
14267 -0.3823693933135151
14352 0.9464204733261844
14381 0.2288676653980985
15472 2.735829765209286
15575 4.108137884354437
15771 0.023095714794649395
