349
245 6.9985096422506015
289 6.17297327364491
302 1.7153059135126125
325 4.22592092001082
485 3.8630154263214513
583 2.9041650800285006
592 2.4446327506500602
627 5.206750173022546
657 2.0640357091199095
1057 11.224430562261421
1839 4.186469727624344
1842 2.0286963426746007
1885 3.009525595686327
1922 1.6952047341915255
1928 2.4876501357337513
1999 3.5327737394508745
2181 4.433560284789064
2201 2.035665011990694
2302 9.02857678705898
2334 2.3818556390457326
2407 2.236335707452845
2421 1.5431885268928998
2450 -5.497712061332496
2484 1.3149298749119196
2659 3.4431615807611875
2674 2.054495604920277
2755 3.260840023967233
2839 6.296724081081085
2920 3.3977076425208335
2924 2.0286963426746007
2935 1.2640783890383267
2948 4.695924549256556
2964 1.800870720168722
2977 6.94429823526888
2993 6.9985096422506015
3135 5.389071729816501
3180 2.7938170228596353
3182 5.389071729816501
3192 1.0095482253607377
3240 10.693567313296365
3275 3.666305132075397
3374 1.9680717208581657
3407 4.171709513029098
3489 3.884527673804586
3498 2.87137525720551
3578 0.6015799870344548
3584 6.9985096422506015
3632 13.88859647053776
3641 6.305362461690656
3653 6.305362461690656
3690 2.9945028634117485
3700 1.2947271675944
3736 3.086486636822455
3737 1.8055527913603908
3790 5.8998973535824915
3814 2.236335707452845
3840 1.2980660688599148
3974 3.3875917296063767
3995 1.751485570090115
4114 1.3890378470656415
4156 3.086486636822455
4208 1.5220460903190904
4219 1.7567626271909589
4247 4.632756830252763
4273 6.9985096422506015
4286 2.130975191795019
4345 12.610724923381312
4409 5.052599493195288
4441 4.05407066308416
4476 3.740413104229119
4522 0.2603571476546441
4536 2.70805020110221
4608 7.037613308698722
4609 5.612215281130711
4611 12.495888894583157
4625 5.5356541432584665
4750 0.994658549464184
4765 4.245040000406706
4794 3.6312138122641273
4808 9.027205984925201
4812 3.9539872045271784
4838 1.4730567031188173
4846 6.06532769949008
4852 1.258716730071367
4926 5.389071729816501
4938 3.4431615807611875
4992 3.260840023967233
5006 3.086486636822455
5014 2.3541187431092285
5028 5.052599493195288
5039 2.735829765209286
5046 2.236335707452845
5070 4.108137884354437
5083 4.720678874307596
5116 1.961557039836972
5137 22.448861124522843
5155 3.3096301881366648
5181 6.866938322814802
5201 4.359452312635343
5248 6.305362461690656
5339 3.5352801356947183
5369 3.047265923669174
5517 1.6232312345664361
5587 2.5326015235960173
5590 1.4533321977710387
5649 6.9985096422506015
5779 3.21432000833234
5809 4.72756130804193
5812 3.1698682457615064
5815 12.610724923381312
5834 8.28087695142895
5863 6.9985096422506015
5875 5.500028800402484
5900 2.8553749158590684
5901 4.910429719961194
5933 2.955458374416051
5980 3.8630154263214513
5983 1.9878743481543455
5992 4.359452312635343
5993 1.7043607691634077
6049 2.035665011990694
6064 4.277394475777858
6088 3.644053379762591
6147 4.00277736869661
6250 1.7727629685373998
6262 3.4431615807611875
6333 6.9985096422506015
6338 4.827084327160058
6402 1.4112609838503516
6447 2.576165249751463
6607 6.9985096422506015
6621 5.389071729816501
6622 2.579669034454003
6636 4.600614369452231
6754 2.4049037829704587
6863 4.22592092001082
6908 2.0122616775587887
6970 2.1863252868781835
7104 -3.3174395832564607
7197 5.191954449561819
7264 3.597312260588446
7316 3.1273086313427103
7366 5.206750173022546
7397 2.87137525720551
7424 3.3609234825242154
7497 0.7014003223166658
7519 8.10814132616832
7520 5.389071729816501
7569 3.0512862929883617
7622 2.764403137653342
7688 3.086486636822455
7731 6.003892105459458
7813 1.0145733615634107
7854 3.3609234825242154
7865 5.389071729816501
7892 3.1035445411685827
7932 3.7490913256946845
7965 1.886521853894058
8032 2.043302495063963
8096 1.4533321977710387
8117 3.3349479961209547
8308 9.83813620114153
8347 25.26299746597644
8439 0.4690908039883759
8471 2.7938170228596353
8536 16.167215189449504
8549 6.9985096422506015
8552 12.610724923381312
8556 20.045959006444495
8665 10.413500346045092
8745 2.5441623459970937
8784 6.439438134992953
8869 2.1782280766455644
8886 1.3081501879265407
8917 5.206750173022546
9081 4.433560284789064
9106 1.0850066366123312
9151 2.517433460142734
9170 1.2232606457759125
9276 2.6944445490464313
9355 2.1782280766455644
9384 1.3355491621146554
9393 3.1829203115045246
9438 4.290459441148391
9537 1.963887624372811
9589 1.3115342859107813
9641 7.925402446683028
9681 3.8204558119026557
9719 4.290459441148391
9721 6.305362461690656
9791 2.344549292093078
9970 0.4837969513780714
9986 4.113734439282593
9990 1.1343571206342449
10198 7.640911623805311
10202 2.591790394986348
10210 2.9911764570181303
10217 25.851870669504116
10250 5.8419443966897635
10326 0.5230769255465112
10329 -0.4201813914191953
10393 1.9746291214043248
10422 2.1263822140248125
10431 2.16559845872687
10437 1.3672978604292356
10561 4.801040822198545
10685 17.43780925054137
10709 3.666305132075397
10734 2.735829765209286
10868 -0.7414442912474055
10886 2.87137525720551
10909 2.7790019370744945
10931 6.9985096422506015
10932 9.201228738904462
10968 3.740413104229119
10981 3.086486636822455
11057 2.555858385760285
11088 5.206750173022546
11089 1.1549652252192415
11170 2.5676928434072877
11210 3.21432000833234
11299 -1.0423655237318759
11305 2.0640357091199095
11308 2.5098732725184614
11334 1.994563336305142
11379 2.0426825846493406
11405 6.9985096422506015
11416 2.1782280766455644
11444 2.434161450782765
11459 6.094531847338348
11461 2.146479378330984
11481 9.711673732260849
11491 1.8745456628473423
11526 1.6419233675785887
11570 1.1933746733341126
11671 2.2535775138873513
11713 4.290459441148391
11769 1.6466515087745348
11772 4.108137884354437
11774 3.0282177286984795
11781 2.591790394986348
11784 3.47214911763444
11788 3.3096301881366648
11816 1.9296054400303697
11840 5.070725834548189
11841 2.8396265588909295
11904 17.699692060747473
11907 2.434161450782765
11943 2.455214859980597
11945 3.910169050662709
11952 4.787496781134966
11969 0.7582337970798316
11975 2.9209721983448818
12022 0.8081923650016455
12043 2.498699971920336
12047 8.650089483306381
12078 5.454880156325406
12129 3.3349479961209547
12130 4.695924549256556
12197 5.612215281130711
12216 2.87137525720551
12218 2.6547042203969173
12254 2.335070548138534
12297 14.403855194743144
12404 2.970161792171238
12407 9.18714322037556
12455 -1.937327992812362
12460 4.399250577077349
12491 8.45184184002164
12527 3.086486636822455
12558 9.778531002600241
12660 10.17832505995347
12707 2.2278250177849364
12714 3.7796338173824005
12717 0.5999147077153936
12785 2.8088549002241754
12793 2.87137525720551
12820 3.3349479961209547
12823 1.034930298632155
12853 2.304141734385754
12946 1.7798435526592793
13094 6.383694304960563
13108 4.560021541911013
13197 3.2849375755462935
13202 7.262427624528255
13208 1.3115342859107813
13319 9.027763956801953
13365 10.004843988362865
13388 5.8998973535824915
13399 3.086486636822455
13438 2.555858385760285
13491 6.866938322814802
13527 2.049749751872433
13553 -0.37046075994419203
13565 1.9878743481543455
13672 1.5262389685791264
13791 3.047265923669174
13795 20.00601366538375
13797 6.9985096422506015
13840 5.612215281130711
13873 3.740413104229119
13891 1.8197775865739976
13904 14.131094957803498
13918 2.8396265588909295
13921 8.712912306582258
13922 3.7972864288528054
14008 2.001297368486486
14104 1.710242611556066
14153 2.4876501357337513
14237 -4.18349008982496
14251 5.8998973535824915
14252 3.502002080784121
14267 -1.5294775732540604
14381 1.1443383269904925
14416 1.5479024259504828
14431 1.034930298632155
14453 3.414990703794491
14523 14.276874579295342
14558 9.906884260806244
14588 2.0785287164224764
14682 1.5431885268928998
14744 6.886323161522375
14805 4.22592092001082
14880 4.22592092001082
14933 3.7026727762462723
15187 3.989126672610284
15209 5.159338068908006
15278 2.465910149097345
15283 6.7090071223585355
15332 -24.836987682329923
15341 2.3879223751880367
15373 0.814360751313118
15387 9.201228738904462
15448 4.8012850649143815
15458 2.8088549002241754
15476 4.600614369452231
15517 1.886521853894058
15528 3.666305132075397
15576 3.009525595686327
15622 4.72756130804193
15651 1.1377234187847354
15669 2.162227735299123
15685 2.6149213744092488
15692 3.8204558119026557
15725 3.5645224377654547
15728 9.02857678705898
15731 2.9911764570181303
15735 5.876133263408364
15771 0.023095714794649395
