194
194 0.7699986386594181
472 5.612215281130711
584 4.8012850649143815
607 2.5211728277723946
666 3.260840023967233
706 5.612215281130711
843 5.052599493195288
894 5.389071729816501
1375 4.8012850649143815
1379 1.0740829317937672
1381 2.6547042203969173
1404 1.3708885285599641
1517 5.612215281130711
1549 4.8012850649143815
1581 6.9985096422506015
1686 1.1549652252192415
1687 2.413542163580029
1750 1.1068654304248302
1850 3.0666840095262753
1902 2.0149030205422647
1990 4.165296298194385
2051 2.66777630196427
2091 6.9985096422506015
2240 1.65617539028579
2271 0.34178311807220957
2332 5.612215281130711
2334 1.5879037593638217
2406 2.9209721983448818
2450 -0.6108568957036107
2576 4.22592092001082
2705 1.6657908489852322
2919 2.1944885975173447
2924 2.0286963426746007
2981 4.00277736869661
3314 5.206750173022546
3516 2.0785287164224764
3578 1.2031599740689096
3597 2.8876357780772897
3657 2.6164830075767194
3731 6.9985096422506015
3890 3.414990703794491
4053 -0.2990403008364371
4230 4.029806041084529
4232 11.628404038943476
4375 3.5645224377654547
4503 6.9985096422506015
4520 3.1273086313427103
4522 0.5207142953092883
4536 2.70805020110221
4709 4.695924549256556
4794 3.6312138122641273
4846 2.021775899830027
4857 4.142511914186793
4878 1.3672978604292356
4899 3.0666840095262753
4984 4.22592092001082
5142 4.919068100570765
5151 2.555858385760285
5283 6.569875151092587
5343 6.9985096422506015
5356 6.9985096422506015
5554 4.216321028057695
5555 2.4033897921160112
5630 0.11915383779016203
5676 3.502002080784121
5812 3.1698682457615064
6026 2.66777630196427
6088 1.2146844599208637
6123 2.288979440938267
6130 3.0666840095262753
6156 1.8000126109847754
6158 2.455214859980597
6335 2.476721065201561
6460 4.8012850649143815
6595 2.4237986637472186
6657 2.138697237888929
6703 4.433560284789064
6872 2.6095550068958033
6908 0.6707538925195963
7104 -2.6539516666051686
7268 4.8012850649143815
7274 3.0666840095262753
7401 1.886521853894058
7459 2.1944885975173447
7471 3.2849375755462935
7497 0.7014003223166658
7534 2.485534857327378
7622 2.764403137653342
7634 4.359452312635343
7781 5.208120975156325
8256 1.6803896484063847
8315 2.764403137653342
8603 8.580918882296782
8648 2.434161450782765
8708 1.4810567457858934
8710 1.102407559418776
8732 16.21628265233664
8822 2.2800107709555064
8854 4.165296298194385
8880 10.02380084076612
9142 15.157798479585864
9365 1.4972514317058743
9585 3.3096301881366648
9711 1.8686109273275278
9817 1.3183370332335338
9893 4.108137884354437
9970 0.4837969513780714
10086 16.836645843392134
10090 6.305362461690656
10196 5.042345655544789
10199 2.3256808077886952
10325 1.8925641683500207
10326 0.5230769255465112
10422 0.7087940713416041
10445 3.3875917296063767
10464 4.695924549256556
10561 1.6003469407328483
10636 7.907974409054357
10655 3.8204558119026557
10774 4.513602992462601
10868 -1.1121664368711084
11023 1.2880826248757316
11110 0.8102455191680114
11132 3.7796338173824005
11191 4.600614369452231
11299 -1.5635482855978138
11327 3.5645224377654547
11453 1.3637200390813515
11481 1.6186122887101415
11524 1.5178707189086098
11570 2.3867493466682252
11576 3.3096301881366648
11646 2.3541187431092285
11658 4.513602992462601
11707 3.2373095265570386
11781 2.591790394986348
11945 9.775422626656772
12022 0.40409618250082274
12075 2.938066631704182
12084 13.540808977387801
12089 2.8088549002241754
12093 1.6803896484063847
12218 2.6547042203969173
12383 2.5046129034208957
12434 4.695924549256556
12455 -0.4305173317360804
12458 16.548150940683325
12996 4.22592092001082
13045 1.886521853894058
13080 0.8123010183501074
13289 1.7410142702228197
13314 2.0286963426746007
13354 1.8280256472124494
13417 5.612215281130711
13527 2.049749751872433
13543 4.8012850649143815
13553 -1.111382279832576
13572 1.8745456628473423
13680 4.489838902288473
13718 1.3425178314307487
13936 6.669895992241909
13961 4.00277736869661
14036 4.290459441148391
14044 5.844701500928259
14237 -3.4862417415207996
14242 2.5326015235960173
14257 4.695924549256556
14267 -0.7647387866270302
14308 2.0640357091199095
14352 0.9464204733261844
14381 0.2288676653980985
14453 3.414990703794491
14463 1.67063347346102
14516 4.356456153291129
14537 9.391849098513111
14612 6.5589758606345505
14682 1.5431885268928998
14906 1.204091821091849
15200 5.8998973535824915
15202 10.958763088492349
15205 6.9985096422506015
15207 5.845960905003192
15208 5.8998973535824915
15209 2.579669034454003
15259 3.9962488624145074
15332 -4.656935190436861
15341 0.7959741250626788
15373 0.814360751313118
15520 6.9985096422506015
15600 3.009525595686327
15651 1.1377234187847354
15685 0.8716404581364162
15771 0.04619142958929879
15816 3.9539872045271784
