146
187 5.8998973535824915
209 1.7001922757025645
810 2.8396265588909295
1889 6.829981407588982
1896 1.7835738846416156
1940 2.6944445490464313
2037 4.359452312635343
2051 2.66777630196427
2240 3.31235078057158
2269 1.8686109273275278
2390 4.919068100570765
2450 -0.6108568957036107
2538 1.422560539104285
2608 6.305362461690656
2809 6.9985096422506015
2924 2.0286963426746007
2964 0.900435360084361
3352 4.359452312635343
3366 4.695924549256556
3374 1.9680717208581657
3386 2.6290617897835795
3414 3.7026727762462723
3449 0.9823524825522477
3516 8.314114865689906
3635 1.5779746429783155
3736 3.086486636822455
3737 1.8055527913603908
3867 3.2373095265570386
3873 4.108137884354437
3890 3.414990703794491
3982 1.0769312226067855
4053 -0.4485604512546557
4270 3.5327737394508745
4319 2.049749751872433
4366 1.9878743481543455
4522 0.2603571476546441
4536 2.70805020110221
4549 2.6418008155610093
4595 6.9985096422506015
4646 1.8686109273275278
4693 4.8012850649143815
4750 0.6631056996427893
4809 2.8088549002241754
5033 2.1233123190494494
5388 6.94429823526888
5484 0.9464204733261844
5518 1.5868635903955612
5533 3.7026727762462723
5630 0.11915383779016203
5700 3.1483620405405426
5788 6.305362461690656
6049 2.035665011990694
6196 6.9985096422506015
6235 1.2270685191205855
6470 4.8012850649143815
6474 6.9985096422506015
6484 4.359452312635343
6548 2.0785287164224764
6583 0.8629447511688624
6622 2.579669034454003
6832 5.206750173022546
6872 1.3047775034479017
6983 3.414990703794491
7104 -1.3269758333025843
7192 10.972442987586724
7286 1.4112609838503516
7304 4.22592092001082
7401 1.886521853894058
7431 5.208120975156325
7458 10.506006242352363
7459 4.388977195034689
7471 3.2849375755462935
7497 0.7014003223166658
7563 2.335070548138534
7564 6.9985096422506015
7772 4.165296298194385
8230 4.74707365793266
8262 2.0712559570933964
8315 2.764403137653342
8391 2.555858385760285
8585 3.47214911763444
8615 2.6944445490464313
8660 1.675499663112193
8708 1.4810567457858934
8710 0.551203779709388
8886 1.3081501879265407
8890 2.2800107709555064
9057 4.05407066308416
9151 1.258716730071367
9170 0.6116303228879563
9428 2.498699971920336
9585 3.3096301881366648
9764 6.9985096422506015
9765 1.7835738846416156
9983 3.1066893441399746
10114 2.6028323114903933
10146 4.05407066308416
10610 3.6312138122641273
10611 4.433560284789064
10661 3.3349479961209547
10759 3.0666840095262753
11299 -4.169462094927503
11304 1.2054960338664575
11430 4.359452312635343
11453 1.3637200390813515
11947 3.0282177286984795
12081 2.363780654020965
12341 2.8088549002241754
12455 -0.2152586658680402
12458 3.3096301881366648
12595 2.344549292093078
12629 3.3096301881366648
12776 5.206750173022546
12828 3.597312260588446
12972 2.8553749158590684
13029 1.6609715625492831
13045 1.886521853894058
13080 1.6246020367002147
13354 1.8280256472124494
13401 2.465910149097345
13693 3.666305132075397
13767 2.6547042203969173
13825 2.7218435232345457
14267 -1.5294775732540604
14316 4.22592092001082
14338 5.206750173022546
14422 2.1233123190494494
14455 1.637217476541176
14486 2.6164830075767194
14516 2.1782280766455644
14563 2.6418008155610093
14612 4.372650573756367
14692 2.8396265588909295
14908 2.476721065201561
15027 6.9985096422506015
15118 6.9985096422506015
15155 0.6904112007410705
15202 3.287628926547705
15207 7.794614540004257
15259 5.3283318165526765
15332 -7.761558650728101
15341 0.7959741250626788
15373 4.07180375656559
15578 1.7945029551738059
15709 2.1863252868781835
15814 2.262311193856106
