376
175 6.305362461690656
177 4.513602992462601
187 5.8998973535824915
194 2.3099959159782544
202 6.9985096422506015
209 3.400384551405129
250 6.9985096422506015
452 5.612215281130711
458 4.165296298194385
460 8.718904625270685
464 4.513602992462601
466 3.8204558119026557
493 3.1698682457615064
496 2.2800107709555064
500 2.1701959049483
607 2.5211728277723946
646 2.219386149139072
800 4.86832290156553
832 6.305362461690656
848 3.7796338173824005
874 3.2849375755462935
896 5.389071729816501
965 5.206750173022546
978 2.298029276458185
1055 4.8012850649143815
1094 2.335070548138534
1379 3.2222487953813017
1446 10.413500346045092
1528 6.305362461690656
1637 4.600614369452231
1686 3.4648956756577247
1692 2.1944885975173447
1702 3.3609234825242154
1750 1.1068654304248302
1838 3.414990703794491
1871 3.5645224377654547
1884 1.9486536350010641
1906 3.597312260588446
1909 2.8876357780772897
1940 2.6944445490464313
2039 6.9985096422506015
2051 5.33555260392854
2068 3.3609234825242154
2070 1.4730567031188173
2269 5.605832781982583
2271 2.0506987084332575
2357 1.1873686492739008
2364 5.206750173022546
2390 4.919068100570765
2450 -1.832570687110832
2477 5.052599493195288
2519 3.3804838896987928
2538 1.422560539104285
2597 2.1157077196642304
2701 2.7218435232345457
2733 6.305362461690656
2810 3.597312260588446
2812 7.907974409054357
2829 2.8088549002241754
2910 3.740413104229119
2919 2.1944885975173447
2935 0.6320391945191633
2940 3.2557432282458767
2964 2.701306080253083
2977 3.47214911763444
3215 1.179961702382206
3259 3.1918471524802814
3386 2.6290617897835795
3449 3.929409930208991
3453 6.305362461690656
3454 3.47214911763444
3523 9.602570129828763
3598 1.1666271649670843
3626 6.305362461690656
3635 3.155949285956631
3642 3.47214911763444
3646 2.5676928434072877
3700 1.2947271675944
3739 4.00277736869661
3785 5.74275051441102
3834 9.027205984925201
3873 4.108137884354437
3890 3.414990703794491
3896 1.403798262648762
3898 3.047265923669174
3901 2.363780654020965
3964 3.5327737394508745
3982 1.0769312226067855
3985 2.5098732725184614
4053 -1.7942418050186228
4133 5.389071729816501
4198 3.7796338173824005
4208 1.5220460903190904
4232 9.302723231154781
4270 3.5327737394508745
4331 3.3875917296063767
4416 2.727440078162703
4421 4.919068100570765
4467 4.22592092001082
4487 3.1066893441399746
4522 0.7810714429639324
4545 5.206750173022546
4549 2.6418008155610093
4566 3.597312260588446
4576 2.085854756514549
4646 3.7372218546550555
4693 4.8012850649143815
4809 2.8088549002241754
4838 2.9461134062376346
4847 5.206750173022546
4866 2.5211728277723946
4899 6.133368019052551
4976 2.288979440938267
5014 2.3541187431092285
5032 5.8998973535824915
5067 2.2278250177849364
5116 3.923114079673944
5145 6.305362461690656
5151 2.555858385760285
5168 5.612215281130711
5210 4.695924549256556
5396 8.10814132616832
5461 5.052599493195288
5484 1.8928409466523688
5572 3.47214911763444
5630 0.11915383779016203
5676 3.502002080784121
5680 1.5913378707904824
5685 3.9074671888922854
5689 5.052599493195288
5731 5.775271556154579
5897 3.6312138122641273
5955 2.434161450782765
5983 1.9878743481543455
6035 5.052599493195288
6051 6.305362461690656
6235 1.2270685191205855
6361 6.305362461690656
6419 5.206750173022546
6433 1.5462068723802074
6467 2.2535775138873513
6568 6.305362461690656
6583 1.7258895023377248
6587 4.00277736869661
6595 2.4237986637472186
6657 14.970880665222504
6675 2.5098732725184614
6754 1.2024518914852294
6821 4.433560284789064
6832 5.206750173022546
6872 1.3047775034479017
6900 5.612215281130711
6908 0.33537694625979814
7028 2.764403137653342
7044 1.880515829833846
7055 4.290459441148391
7104 -0.6634879166512921
7170 1.6186122887101415
7192 13.166931585104068
7197 1.730651483187273
7203 3.1066893441399746
7270 4.919068100570765
7418 3.1483620405405426
7431 2.6040604875781623
7471 9.85481272663888
7497 1.4028006446333317
7508 6.305362461690656
7527 8.043064586142872
7534 4.971069714654756
7563 2.335070548138534
7578 0.5215372793609184
7595 4.359452312635343
7597 2.1863252868781835
7614 2.5676928434072877
7628 4.513602992462601
7949 2.5441623459970937
7981 2.0426825846493406
7991 1.3149298749119196
8007 1.904759441443839
8096 4.359996593313117
8148 3.7796338173824005
8150 4.433560284789064
8216 4.00277736869661
8260 4.22592092001082
8262 2.0712559570933964
8315 2.764403137653342
8569 11.108018328738817
8612 6.305362461690656
8646 6.305362461690656
8660 3.350999326224386
8683 1.6803896484063847
8692 4.513602992462601
8708 2.962113491571787
8710 0.551203779709388
8718 2.824122372354964
8723 1.5262389685791264
8731 2.0286963426746007
8736 1.1933746733341126
8747 6.305362461690656
8822 2.2800107709555064
8841 8.867120569578129
8850 1.7153059135126125
8869 2.1782280766455644
8876 6.305362461690656
8886 2.6163003758530814
8928 4.006647486343966
8977 2.6290617897835795
8979 1.7890234894091803
9033 24.32442397850496
9047 4.8012850649143815
9151 2.517433460142734
9154 2.465910149097345
9204 2.5098732725184614
9223 3.047265923669174
9230 3.3096301881366648
9263 6.305362461690656
9303 5.8998973535824915
9365 2.9945028634117485
9391 5.471659530418572
9484 3.9539872045271784
9537 2.618516832497081
9554 2.543323789326808
9585 3.3096301881366648
9765 3.567147769283231
9800 4.433560284789064
9817 3.9550110997006014
9970 1.9351878055122855
10055 3.009525595686327
10076 2.750014400201242
10146 4.05407066308416
10199 2.3256808077886952
10231 3.2373095265570386
10309 5.612215281130711
10329 -0.21009069570959765
10383 5.8998973535824915
10393 9.873145607021623
10411 4.05407066308416
10422 0.7087940713416041
10424 4.8012850649143815
10431 1.4437323058179135
10487 1.981229805435677
10561 1.6003469407328483
10649 4.8012850649143815
10650 4.108137884354437
10655 3.8204558119026557
10661 6.669895992241909
10672 10.244972111383474
10867 2.9066643955420775
10868 -1.1121664368711084
10979 3.1066893441399746
11027 1.2781978656431896
11032 1.087712998210074
11044 3.9074671888922854
11163 3.7796338173824005
11214 4.433560284789064
11287 2.0286963426746007
11299 -4.169462094927503
11304 1.2054960338664575
11305 2.0640357091199095
11320 2.764403137653342
11416 2.1782280766455644
11453 2.727440078162703
11520 6.213378688279949
11715 5.612215281130711
11769 1.6466515087745348
11840 1.6902419448493964
11852 6.305362461690656
11945 7.820338101325418
11969 1.5164675941596633
12009 3.502002080784121
12051 3.5645224377654547
12062 3.47214911763444
12081 2.363780654020965
12089 2.8088549002241754
12133 5.389071729816501
12172 3.9074671888922854
12175 2.955458374416051
12274 5.612215281130711
12312 2.7938170228596353
12380 6.569875151092587
12434 4.695924549256556
12450 3.1483620405405426
12458 3.3096301881366648
12553 1.0715836162801904
12622 5.389071729816501
12674 1.5779746429783155
12707 2.2278250177849364
12773 0.8826175167675673
12826 2.5238746895428186
12828 3.597312260588446
12878 3.5327737394508745
12972 2.8553749158590684
13029 3.3219431250985663
13039 3.21432000833234
13045 5.659565561682174
13104 3.2373095265570386
13106 2.335070548138534
13138 4.600614369452231
13384 2.0568672196412967
13440 1.4770487243883548
13479 7.559267634764801
13507 6.305362461690656
13553 -1.4818430397767681
13559 7.1290448755309095
13648 4.359452312635343
13667 3.9539872045271784
13670 7.849449022730158
13672 1.5262389685791264
13680 2.2449194511442365
13718 5.370071325722995
13767 2.6547042203969173
13781 3.8204558119026557
13838 2.3163784151263815
13847 5.389071729816501
13862 3.7796338173824005
13961 4.00277736869661
14115 2.973157951515452
14136 1.4810567457858934
14148 4.359452312635343
14237 -2.09174504491248
14267 -1.9118469665675755
14309 6.054850835039785
14352 0.9464204733261844
14381 0.2288676653980985
14399 3.502002080784121
14431 2.06986059726431
14473 3.2849375755462935
14498 3.0282177286984795
14516 6.534684229936693
14529 2.8088549002241754
14537 9.391849098513111
14612 6.5589758606345505
14620 2.15432255579201
14681 4.22592092001082
14682 1.5431885268928998
14756 4.359452312635343
14786 4.359452312635343
14892 6.305362461690656
14906 1.6054557614557987
14908 2.476721065201561
14932 5.052599493195288
14933 3.7026727762462723
14988 6.305362461690656
15116 3.8630154263214513
15121 1.5868635903955612
15155 4.142467204446423
15192 1.489121305622624
15202 10.958763088492349
15207 11.691921810006384
15257 4.359452312635343
15259 5.3283318165526765
15264 5.612215281130711
15332 -7.761558650728101
15341 1.5919482501253577
15350 5.389071729816501
15358 2.579669034454003
15363 2.555858385760285
15373 5.700525259191826
15391 4.290459441148391
15402 10.105198986390576
15413 1.2781978656431896
15435 2.750014400201242
15458 2.8088549002241754
15484 5.982352914036261
15551 1.1578679848772029
15578 1.7945029551738059
15622 2.363780654020965
15624 3.8630154263214513
15672 1.4550424207846036
15677 1.5779746429783155
15685 0.8716404581364162
15702 2.8553749158590684
15709 2.1863252868781835
15741 5.389071729816501
15771 0.09238285917859758
15814 4.524622387712212
