85
54 6.9985096422506015
56 6.9985096422506015
194 0.7699986386594181
534 4.433560284789064
535 6.9985096422506015
963 6.9985096422506015
1058 7.640911623805311
1094 2.335070548138534
1513 4.433560284789064
1629 6.9985096422506015
1929 2.1081605140288473
2036 1.9486536350010641
2051 5.33555260392854
2077 13.550366918425507
2082 14.757204301712296
2086 4.8012850649143815
2698 5.8998973535824915
3070 5.389071729816501
3199 11.799794707164983
3303 17.699692060747473
3448 3.1273086313427103
3691 7.405345552492545
3728 5.8998973535824915
3785 2.87137525720551
3990 2.6290617897835795
4021 1.5054481989100525
4053 -0.14952015041821856
4217 3.3096301881366648
4222 2.3256808077886952
4341 2.6547042203969173
4407 3.414990703794491
4455 6.305362461690656
4466 7.907974409054357
4522 0.2603571476546441
4846 2.021775899830027
4948 6.305362461690656
5067 4.455650035569873
5154 2.4446327506500602
5155 3.3096301881366648
5811 6.305362461690656
5973 1.4770487243883548
6387 5.982352914036261
6583 1.7258895023377248
6953 2.681021528714291
7025 1.0095482253607377
7104 -0.6634879166512921
7192 2.1944885975173447
7482 1.8055527913603908
7845 2.4237986637472186
7892 1.5517722705842913
7971 6.829981407588982
7991 1.3149298749119196
8784 4.292958756661968
9106 1.0850066366123312
9390 6.9985096422506015
9554 1.271661894663404
9817 1.3183370332335338
9970 0.9675939027561428
10029 2.4237986637472186
10188 5.612215281130711
10462 6.9985096422506015
10735 4.8012850649143815
11299 -1.0423655237318759
11456 5.389071729816501
11506 3.8630154263214513
11660 4.359452312635343
11781 2.591790394986348
12476 4.108137884354437
12683 6.9985096422506015
12793 2.87137525720551
12826 1.2619373447714093
12853 1.152070867192877
13045 7.546087415576232
13553 -0.37046075994419203
13791 3.047265923669174
14116 6.9985096422506015
14357 2.476721065201561
14516 2.1782280766455644
14830 2.7790019370744945
14906 0.8027278807278994
15075 6.9985096422506015
15181 1.751485570090115
15202 4.38350523539694
15259 2.6641659082763383
15704 3.7026727762462723
