128
177 4.513602992462601
302 1.7153059135126125
389 1.6419233675785887
500 2.1701959049483
1686 1.1549652252192415
1829 4.600614369452231
1942 1.691553895092994
2009 4.827084327160058
2118 11.861961613581535
2328 2.9911764570181303
2458 2.162227735299123
2459 2.938066631704182
2631 0.8516879889706869
2674 1.0272478024601386
2910 3.740413104229119
2964 0.900435360084361
3068 2.6920409239639014
3084 4.8012850649143815
3186 2.576165249751463
3215 1.7699425535733089
3259 3.1918471524802814
3690 1.4972514317058743
3987 4.359452312635343
4021 1.5054481989100525
4158 0.061200880897434085
4375 3.5645224377654547
4522 0.5207142953092883
4526 5.612215281130711
4791 5.389071729816501
5046 2.236335707452845
5200 3.3096301881366648
5208 2.5676928434072877
5243 3.6312138122641273
5430 2.750014400201242
5521 4.919068100570765
5540 3.1698682457615064
5680 1.5913378707904824
5831 5.389071729816501
5839 2.579669034454003
5850 3.047265923669174
5964 3.1273086313427103
5993 0.8521803845817039
6021 3.7796338173824005
6083 6.669895992241909
6123 2.288979440938267
6390 3.047265923669174
6402 1.4112609838503516
6433 0.5154022907934025
6467 2.2535775138873513
6583 0.8629447511688624
6767 5.389071729816501
7053 3.9074671888922854
7104 -0.6634879166512921
7113 11.224430562261421
7578 0.5215372793609184
7690 6.42864001666468
7691 3.5645224377654547
7692 2.2449194511442365
7813 1.0145733615634107
7932 1.8745456628473423
8007 1.904759441443839
8032 2.5541281188299534
8043 1.730651483187273
8439 0.4690908039883759
8582 2.7562175530669024
8708 1.4810567457858934
8718 5.648244744709928
8806 3.47214911763444
8856 2.3163784151263815
8979 1.7890234894091803
9151 3.7761501902141013
9393 2.12194687433635
9537 0.6546292081242703
9557 4.290459441148391
9589 3.9346028577323438
9733 1.0850066366123312
9895 2.288979440938267
9935 5.052599493195288
9978 4.05407066308416
10076 5.500028800402484
10295 4.433560284789064
10306 2.15432255579201
10329 -0.4201813914191953
10473 1.7781538171722764
10503 2.413542163580029
10561 3.2006938814656967
10859 3.086486636822455
10967 3.6312138122641273
10979 3.1066893441399746
11032 1.087712998210074
11041 3.47214911763444
11148 1.1784267118982394
11170 5.135385686814575
11295 3.2373095265570386
11334 5.983690008915426
11463 3.47214911763444
11570 1.1933746733341126
11597 3.0666840095262753
11894 1.5178707189086098
11908 1.5346778372249912
11943 2.455214859980597
11996 4.513602992462601
12022 0.40409618250082274
12455 -0.4305173317360804
12460 0.7332084295128914
12466 5.612215281130711
12554 3.3219431250985663
12564 5.612215281130711
12946 1.1865623684395195
13208 1.3115342859107813
13294 4.290459441148391
13365 3.3349479961209547
13600 4.919068100570765
13845 2.001297368486486
14072 3.3609234825242154
14115 2.973157951515452
14308 2.0640357091199095
14431 2.06986059726431
14914 3.3096301881366648
15057 1.152070867192877
15155 1.380822401482141
15173 6.019051191372654
15332 -9.313870380873722
15373 0.814360751313118
15413 1.2781978656431896
15574 4.8012850649143815
15783 1.4425151080149787
15786 4.490953451152685
