242
127 6.9985096422506015
171 5.8998973535824915
302 1.7153059135126125
1060 0.1865007192496546
1108 6.9985096422506015
1221 6.9985096422506015
1223 17.699692060747473
1385 6.9985096422506015
1386 6.9985096422506015
1389 6.9985096422506015
1418 12.610724923381312
1421 12.610724923381312
1425 6.9985096422506015
1429 6.9985096422506015
1451 5.389071729816501
1473 6.9985096422506015
1494 6.9985096422506015
1500 6.9985096422506015
1504 6.9985096422506015
1638 6.9985096422506015
1716 6.9985096422506015
1722 6.305362461690656
1820 3.3875917296063767
1878 5.612215281130711
1934 6.9985096422506015
2183 6.9985096422506015
2184 17.699692060747473
2194 5.8998973535824915
2334 0.7939518796819108
2432 4.108137884354437
2439 6.305362461690656
2450 -3.0542844785180536
2597 2.1157077196642304
2638 2.130975191795019
2674 2.054495604920277
2924 2.0286963426746007
2972 6.9985096422506015
3057 11.181678537264226
3058 6.9985096422506015
3252 5.052599493195288
3578 0.6015799870344548
3583 5.052599493195288
4008 3.21432000833234
4214 2.465910149097345
4226 6.721846965048431
4230 2.0149030205422647
4232 4.6513616155773905
4258 3.3096301881366648
4262 3.1698682457615064
4286 2.130975191795019
4416 1.3637200390813515
4423 7.726030852642903
4474 5.389071729816501
4588 6.305362461690656
4616 1.8925641683500207
4636 2.955458374416051
4662 5.612215281130711
4695 2.87137525720551
4751 3.414990703794491
4863 4.05407066308416
4908 6.305362461690656
5010 5.8998973535824915
5107 6.9985096422506015
5119 2.3933394562625097
5225 6.9985096422506015
5312 2.8553749158590684
5361 6.9985096422506015
5396 4.05407066308416
5419 3.8630154263214513
5477 6.9985096422506015
5515 5.052599493195288
5590 1.4533321977710387
5693 6.305362461690656
5744 4.433560284789064
5745 6.9985096422506015
5899 4.695924549256556
5900 2.8553749158590684
5901 2.455214859980597
5923 4.919068100570765
5941 5.389071729816501
5942 5.206750173022546
6088 1.2146844599208637
6130 3.0666840095262753
6219 4.59605855291637
6242 2.9041650800285006
6302 4.165296298194385
6433 0.5154022907934025
6447 3.8642478746271944
6461 4.919068100570765
6467 2.2535775138873513
6548 2.0785287164224764
6576 3.666305132075397
6694 6.9985096422506015
6908 0.6707538925195963
6940 6.9985096422506015
7025 1.0095482253607377
7028 2.764403137653342
7104 -3.3174395832564607
7215 2.344549292093078
7425 9.027205984925201
7578 0.5215372793609184
7629 6.9985096422506015
7764 3.4104096350522175
7826 3.1273086313427103
7949 2.5441623459970937
8439 0.4690908039883759
8444 1.7890234894091803
8556 1.8223599096767722
8628 31.259737511138283
8643 2.001297368486486
8667 3.8630154263214513
8683 1.6803896484063847
8690 13.969085114298176
8745 2.5441623459970937
8749 9.200052028578826
8855 6.9985096422506015
8870 3.7026727762462723
8875 6.9985096422506015
8879 5.8998973535824915
8898 3.3875917296063767
8904 2.1863252868781835
8941 6.9985096422506015
9106 1.0850066366123312
9161 4.600614369452231
9166 4.513602992462601
9170 1.2232606457759125
9353 4.953442130403122
9590 3.3096301881366648
9637 6.9985096422506015
9651 3.3875917296063767
9683 5.052599493195288
9970 0.4837969513780714
9974 3.8630154263214513
9978 4.05407066308416
10073 4.919068100570765
10195 5.8998973535824915
10227 5.206750173022546
10285 6.305362461690656
10297 6.9985096422506015
10299 4.359452312635343
10324 4.00277736869661
10393 5.923887364212974
10514 3.8630154263214513
10543 4.8012850649143815
10561 1.6003469407328483
10612 6.9985096422506015
10742 3.5780469788183606
10751 0.7939518796819108
10870 5.8998973535824915
10875 11.224430562261421
11114 12.189063694676696
11140 2.15432255579201
11297 4.600614369452231
11299 -0.5211827618659379
11305 4.128071418239819
11353 2.8088549002241754
11369 6.9985096422506015
11406 2.6418008155610093
11415 3.7796338173824005
11419 3.1273086313427103
11422 5.052599493195288
11426 3.8630154263214513
11438 20.00968797672573
11461 2.146479378330984
11481 8.093061443550708
11484 3.6312138122641273
11485 3.3875917296063767
11503 2.8876357780772897
11515 6.9985096422506015
11522 2.555858385760285
11524 1.5178707189086098
11526 1.6419233675785887
11530 4.919068100570765
11646 2.3541187431092285
11769 1.6466515087745348
11816 1.9296054400303697
11881 2.70805020110221
11917 4.433560284789064
12014 2.9911764570181303
12033 2.5211728277723946
12066 7.559267634764801
12336 4.919068100570765
12383 1.2523064517104479
12404 4.455242688256857
12407 14.19831224967132
12455 -0.6457759976041206
12460 0.7332084295128914
12621 4.290459441148391
12826 1.2619373447714093
12833 1.9260564194516896
12853 1.152070867192877
12986 6.9985096422506015
13001 1.4730567031188173
13077 3.047265923669174
13094 3.1918471524802814
13106 4.670141096277068
13314 2.0286963426746007
13365 3.3349479961209547
13366 5.389071729816501
13384 2.0568672196412967
13385 4.00277736869661
13393 4.433560284789064
13401 7.3977304472920355
13408 4.8012850649143815
13553 -1.111382279832576
13572 1.8745456628473423
13795 1.5389241281064423
13919 3.597312260588446
13953 9.83813620114153
14044 4.383526125696194
14046 6.9985096422506015
14078 2.5098732725184614
14135 2.3541187431092285
14174 1.7945029551738059
14212 4.8012850649143815
14237 -0.6972483483041599
14242 2.5326015235960173
14313 1.6466515087745348
14352 0.9464204733261844
14381 0.457735330796197
14416 0.7739512129752414
14438 6.9985096422506015
14452 5.052599493195288
14461 3.740413104229119
14490 3.3096301881366648
14789 3.7026727762462723
14907 7.1290448755309095
14937 17.699692060747473
15240 3.414990703794491
15278 2.465910149097345
15332 -3.1046234602912404
15341 0.7959741250626788
15461 4.290459441148391
15570 2.7218435232345457
15572 5.8998973535824915
15595 1.3320829541381691
15650 2.130975191795019
15669 23.784505088290352
15672 0.7275212103923018
15685 1.7432809162728324
15771 0.023095714794649395
15782 6.9985096422506015
