133
209 1.7001922757025645
302 1.7153059135126125
327 2.20271909665386
389 1.6419233675785887
422 2.66777630196427
496 2.2800107709555064
500 2.1701959049483
607 2.5211728277723946
810 2.8396265588909295
1132 5.612215281130711
1942 0.845776947546497
2009 2.413542163580029
2026 2.681021528714291
2070 1.4730567031188173
2271 1.7089155903610478
2356 2.681021528714291
2357 1.1873686492739008
2458 2.162227735299123
2631 0.42584399448534344
2705 3.3315816979704644
2910 3.740413104229119
2964 0.900435360084361
3068 2.6920409239639014
3120 4.814646287694719
3132 6.474619053114077
3150 3.5327737394508745
3192 1.0095482253607377
3215 2.359923404764412
3223 2.5211728277723946
3635 1.5779746429783155
3647 4.216321028057695
3774 1.7255100836868542
3982 1.0769312226067855
4021 1.5054481989100525
4070 1.1068654304248302
4158 0.061200880897434085
4217 3.3096301881366648
4262 3.1698682457615064
4302 1.8000126109847754
4319 2.049749751872433
4385 3.1273086313427103
4522 0.2603571476546441
4711 1.9296054400303697
4840 2.938066631704182
4886 3.009525595686327
5080 6.9985096422506015
5273 3.21432000833234
5521 4.919068100570765
5680 3.182675741580965
5964 3.1273086313427103
5990 2.938066631704182
5993 2.5565411537451115
6402 1.4112609838503516
6433 0.5154022907934025
6505 5.052599493195288
6583 1.7258895023377248
7055 4.290459441148391
7072 1.9486536350010641
7197 1.730651483187273
7299 2.8553749158590684
7397 2.87137525720551
7487 1.8167260919585162
7569 1.0170954309961207
7578 0.5215372793609184
7692 2.2449194511442365
7892 1.5517722705842913
7904 2.211017899468555
7906 1.4339892349279078
8032 0.5108256237659907
8043 1.730651483187273
8078 1.9359146092236343
8323 3.1698682457615064
8405 3.3096301881366648
8425 4.695924549256556
8439 2.3454540199418794
8582 2.7562175530669024
8904 2.1863252868781835
9110 2.035665011990694
9151 1.258716730071367
9537 0.6546292081242703
9557 4.290459441148391
9733 1.0850066366123312
10231 3.2373095265570386
10306 2.15432255579201
10329 -0.4201813914191953
10473 1.7781538171722764
10503 2.413542163580029
10561 1.6003469407328483
10671 4.695924549256556
10868 -0.7414442912474055
10903 2.476721065201561
10909 2.7790019370744945
11023 1.2880826248757316
11102 0.6652300141109108
11243 3.8630154263214513
11322 3.4431615807611875
11665 3.5645224377654547
11894 1.5178707189086098
11999 4.8012850649143815
12181 3.8204558119026557
12208 6.305362461690656
12237 4.108137884354437
12254 2.335070548138534
12378 3.3349479961209547
12455 -0.2152586658680402
12460 0.7332084295128914
12554 8.304857812746416
12595 2.344549292093078
12717 0.5999147077153936
12946 0.5932811842197597
13029 1.6609715625492831
13353 5.884671119510916
13438 2.555858385760285
13440 1.4770487243883548
13718 1.3425178314307487
13845 2.001297368486486
13930 1.3601549729168554
14043 3.7796338173824005
14072 3.3609234825242154
14305 5.8998973535824915
14381 0.2288676653980985
14484 4.290459441148391
14506 3.740413104229119
14633 2.6547042203969173
14981 5.206750173022546
15057 1.152070867192877
15129 2.8876357780772897
15332 -4.656935190436861
15518 1.880515829833846
15600 3.009525595686327
15677 1.5779746429783155
15771 0.023095714794649395
15783 0.48083836933832624
