197
302 1.7153059135126125
327 2.20271909665386
389 1.6419233675785887
422 2.66777630196427
496 2.2800107709555064
500 2.1701959049483
507 5.8998973535824915
607 2.5211728277723946
730 2.298029276458185
810 2.8396265588909295
1060 0.06216690641655154
1132 5.612215281130711
1830 3.1066893441399746
1896 1.7835738846416156
1942 0.845776947546497
2009 2.413542163580029
2026 2.681021528714291
2070 1.4730567031188173
2141 5.8998973535824915
2271 1.7089155903610478
2334 0.7939518796819108
2356 2.681021528714291
2357 2.3747372985478017
2450 -0.6108568957036107
2458 6.48668320589737
2597 2.1157077196642304
2631 0.21292199724267172
2674 1.0272478024601386
2705 1.6657908489852322
2835 6.9985096422506015
2910 3.740413104229119
2964 0.900435360084361
3068 2.6920409239639014
3120 8.024410479491198
3132 6.474619053114077
3149 6.9985096422506015
3150 3.5327737394508745
3215 1.7699425535733089
3223 2.5211728277723946
3239 11.224430562261421
3379 3.1918471524802814
3380 9.416474972436914
3394 3.047265923669174
3449 0.9823524825522477
3516 2.0785287164224764
3635 1.5779746429783155
3647 4.216321028057695
3780 2.465910149097345
3896 2.807596525297524
3991 2.8088549002241754
4021 1.5054481989100525
4070 3.320596291274491
4158 0.061200880897434085
4217 6.6192603762733295
4241 2.4033897921160112
4262 3.1698682457615064
4302 1.8000126109847754
4319 2.049749751872433
4321 2.8553749158590684
4385 3.1273086313427103
4386 4.600614369452231
4432 3.740413104229119
4522 0.2603571476546441
4533 6.17297327364491
4711 1.9296054400303697
4750 0.33155284982139466
4840 2.938066631704182
4886 3.009525595686327
5070 4.108137884354437
5079 4.513602992462601
5083 3.147119249538397
5273 6.42864001666468
5430 2.750014400201242
5521 4.919068100570765
5680 6.36535148316193
5964 3.1273086313427103
5990 5.876133263408364
5993 3.4087215383268155
6073 6.9985096422506015
6402 1.4112609838503516
6433 0.5154022907934025
6505 5.052599493195288
6583 1.7258895023377248
6595 2.4237986637472186
6819 3.430611827025225
6844 6.9985096422506015
7055 4.290459441148391
7072 1.9486536350010641
7197 3.461302966374546
7299 2.8553749158590684
7397 2.87137525720551
7487 1.8167260919585162
7489 4.108137884354437
7552 1.9486536350010641
7569 1.0170954309961207
7578 0.5215372793609184
7650 4.216321028057695
7675 5.612215281130711
7845 2.4237986637472186
7892 1.5517722705842913
7904 4.42203579893711
7906 5.735956939711631
7907 2.6418008155610093
8032 0.5108256237659907
8043 1.730651483187273
8078 1.9359146092236343
8323 3.1698682457615064
8405 3.3096301881366648
8425 4.695924549256556
8439 2.3454540199418794
8447 3.9074671888922854
8582 2.7562175530669024
8741 3.086486636822455
8886 1.3081501879265407
9110 2.035665011990694
9151 5.034866920285468
9170 0.6116303228879563
9480 4.513602992462601
9537 0.6546292081242703
9557 4.290459441148391
9733 1.0850066366123312
9895 2.288979440938267
10008 2.0568672196412967
10231 3.2373095265570386
10302 2.6290617897835795
10306 2.15432255579201
10329 -0.4201813914191953
10473 1.7781538171722764
10503 2.413542163580029
10561 1.6003469407328483
10671 4.695924549256556
10868 -0.37072214562370276
10903 2.476721065201561
10909 2.7790019370744945
10944 6.305362461690656
11023 1.2880826248757316
11102 1.3304600282218215
11168 1.2781978656431896
11218 0.5720211847929105
11243 3.8630154263214513
11305 2.0640357091199095
11322 3.4431615807611875
11353 2.8088549002241754
11461 2.146479378330984
11665 3.5645224377654547
11894 1.5178707189086098
11900 2.049749751872433
11952 1.5958322603783217
11984 2.4237986637472186
12181 3.8204558119026557
12208 6.305362461690656
12237 12.32441365306331
12254 2.335070548138534
12378 3.3349479961209547
12455 -0.2152586658680402
12460 0.7332084295128914
12554 13.287772500394265
12717 0.5999147077153936
12853 2.304141734385754
12946 0.5932811842197597
13029 1.6609715625492831
13180 3.666305132075397
13353 1.961557039836972
13438 2.555858385760285
13440 1.4770487243883548
13565 5.963623044463036
13680 2.2449194511442365
13718 2.6850356628614973
13845 2.001297368486486
13884 5.206750173022546
13930 2.7203099458337108
14043 3.7796338173824005
14072 3.3609234825242154
14305 5.8998973535824915
14327 5.206750173022546
14343 3.7796338173824005
14381 0.2288676653980985
14431 1.034930298632155
14506 3.740413104229119
14571 3.2373095265570386
14633 2.6547042203969173
14701 6.9985096422506015
15057 1.152070867192877
15129 11.550543112309159
15155 0.6904112007410705
15187 1.994563336305142
15332 -9.313870380873722
15518 1.880515829833846
15578 3.5890059103476117
15592 2.87137525720551
15600 3.009525595686327
15622 2.363780654020965
15648 2.5676928434072877
15672 0.7275212103923018
15677 1.5779746429783155
15771 0.04619142958929879
15783 0.48083836933832624
