117
76 5.206750173022546
194 0.7699986386594181
666 3.260840023967233
1813 6.9985096422506015
1822 9.533556501637367
1940 2.6944445490464313
2005 6.305362461690656
2049 4.74707365793266
2064 1.5647876386963615
2263 6.305362461690656
2269 1.8686109273275278
2271 3.0760480626498863
2334 1.5879037593638217
2418 7.559267634764801
2597 2.1157077196642304
2674 1.0272478024601386
2812 3.9539872045271784
2825 4.8012850649143815
2920 0.6795415285041667
2921 6.9985096422506015
2935 0.6320391945191633
3820 1.7890234894091803
3939 4.359452312635343
4026 2.8876357780772897
4053 -0.22428022562732786
4124 10.105198986390576
4232 2.3256808077886952
4437 2.4033897921160112
4522 0.2603571476546441
4593 3.9074671888922854
4646 1.8686109273275278
4750 0.33155284982139466
4893 6.9985096422506015
5083 1.5735596247691985
5126 5.389071729816501
5174 3.740413104229119
5316 2.236335707452845
5777 5.052599493195288
6049 2.035665011990694
6228 1.2947271675944
6447 2.576165249751463
6488 3.0666840095262753
6729 4.388977195034689
6908 0.33537694625979814
7103 4.8012850649143815
7104 -0.6634879166512921
7192 4.388977195034689
7459 2.1944885975173447
7614 2.5676928434072877
7622 2.764403137653342
7628 4.513602992462601
7633 1.8745456628473423
7724 7.194624521176892
8256 3.3607792968127694
8262 2.0712559570933964
8683 1.6803896484063847
8708 1.4810567457858934
8710 0.551203779709388
8906 3.047265923669174
9151 1.258716730071367
9170 1.2232606457759125
9537 0.6546292081242703
9698 1.9878743481543455
9817 1.3183370332335338
9970 0.9675939027561428
10196 2.5211728277723946
10221 2.434161450782765
10329 -0.4201813914191953
10431 0.7218661529089567
10473 1.7781538171722764
10487 1.981229805435677
10868 -0.18536107281185138
10897 4.00277736869661
11027 2.556395731286379
11089 1.1549652252192415
11299 -3.6482793330615655
11300 6.9985096422506015
11407 3.1483620405405426
11836 2.37353682896633
11840 1.6902419448493964
11945 3.910169050662709
11969 0.7582337970798316
11972 3.21432000833234
12377 1.3460204619819507
12455 -0.4305173317360804
13080 0.8123010183501074
13276 6.9985096422506015
13373 6.9985096422506015
13538 3.414990703794491
13720 3.666305132075397
13791 3.047265923669174
13828 3.3349479961209547
13921 2.1782280766455644
13993 3.3609234825242154
14136 1.4810567457858934
14237 -4.18349008982496
14267 -0.7647387866270302
14381 0.2288676653980985
14416 1.5479024259504828
14663 6.305362461690656
14682 1.5431885268928998
14756 4.359452312635343
15037 4.632756830252763
15063 3.2373095265570386
15121 1.5868635903955612
15155 0.6904112007410705
15173 9.02857678705898
15202 6.57525785309541
15207 9.743268175005321
15259 2.6641659082763383
15332 -4.656935190436861
15341 2.3879223751880367
15373 3.257443005252472
15418 2.1233123190494494
15638 6.305362461690656
15672 0.7275212103923018
15771 0.023095714794649395
