137
174 4.869693703699308
209 3.400384551405129
646 2.219386149139072
810 2.8396265588909295
986 3.9539872045271784
1909 2.8876357780772897
2051 2.66777630196427
2269 1.8686109273275278
2271 0.34178311807220957
2390 4.919068100570765
2418 3.7796338173824005
2450 -1.2217137914072214
2519 1.6902419448493964
2920 0.6795415285041667
3048 2.5098732725184614
3094 4.00277736869661
3386 2.6290617897835795
3578 1.2031599740689096
3777 6.305362461690656
3834 4.513602992462601
3873 4.108137884354437
4053 -0.3738003760455464
4232 2.3256808077886952
4321 5.710749831718137
4405 2.6920409239639014
4487 3.1066893441399746
4522 0.2603571476546441
4750 0.33155284982139466
4809 2.8088549002241754
4906 3.9074671888922854
5039 2.735829765209286
5083 1.5735596247691985
5122 2.7938170228596353
5388 3.47214911763444
5406 4.513602992462601
5461 5.052599493195288
5484 0.9464204733261844
5555 2.4033897921160112
5685 3.9074671888922854
5731 5.775271556154579
5739 2.8876357780772897
5749 5.052599493195288
5937 4.165296298194385
6003 3.3609234825242154
6064 2.138697237888929
6228 1.2947271675944
6368 2.5098732725184614
6548 2.0785287164224764
6586 2.288979440938267
6908 0.33537694625979814
6983 3.414990703794491
7044 1.880515829833846
7104 -0.6634879166512921
7192 10.972442987586724
7304 4.22592092001082
7431 2.6040604875781623
7458 3.502002080784121
7459 4.388977195034689
7527 2.681021528714291
7578 0.5215372793609184
7764 1.7052048175261088
7781 2.6040604875781623
8001 5.8998973535824915
8230 4.74707365793266
8569 3.7026727762462723
8710 1.102407559418776
8886 1.3081501879265407
9033 4.05407066308416
9057 8.10814132616832
9151 1.258716730071367
9230 3.3096301881366648
9365 1.4972514317058743
9400 3.1273086313427103
9554 2.543323789326808
9970 0.4837969513780714
10001 4.128071418239819
10008 2.0568672196412967
10393 1.9746291214043248
10420 4.290459441148391
10438 6.305362461690656
10561 1.6003469407328483
10611 8.867120569578129
10868 -0.37072214562370276
11110 0.8102455191680114
11165 2.1863252868781835
11218 0.5720211847929105
11299 -2.0847310474637517
11772 4.108137884354437
11817 5.206750173022546
11831 7.194624521176892
11945 3.910169050662709
11961 3.3096301881366648
11969 0.7582337970798316
11975 2.9209721983448818
11977 3.7026727762462723
12022 0.40409618250082274
12434 4.695924549256556
12621 4.290459441148391
12776 5.206750173022546
12828 3.597312260588446
12972 2.8553749158590684
13029 1.6609715625492831
13106 2.335070548138534
13343 2.973157951515452
13401 4.93182029819469
13506 5.052599493195288
13553 -0.7409215198883841
13681 2.498699971920336
13767 2.6547042203969173
13810 5.206750173022546
13993 3.3609234825242154
14136 2.962113491571787
14237 -0.6972483483041599
14381 0.2288676653980985
14412 5.8998973535824915
14416 3.0958048519009655
14433 4.22592092001082
14447 6.296724081081085
14463 1.67063347346102
14537 4.695924549256556
14612 4.372650573756367
14908 2.476721065201561
15037 2.3163784151263815
15155 0.6904112007410705
15202 3.287628926547705
15207 5.845960905003192
15259 2.6641659082763383
15302 3.3609234825242154
15317 3.0666840095262753
15332 -3.1046234602912404
15373 4.07180375656559
15391 8.580918882296782
15484 5.982352914036261
15539 5.389071729816501
15578 1.7945029551738059
15709 2.1863252868781835
15814 2.262311193856106
