77
194 0.7699986386594181
466 3.8204558119026557
744 3.3875917296063767
1839 2.093234863812172
1885 3.009525595686327
1923 2.211017899468555
2070 2.9461134062376346
2271 0.6835662361444191
2421 1.5431885268928998
2450 -0.6108568957036107
2595 5.042345655544789
2597 2.1157077196642304
2935 0.6320391945191633
3531 5.206750173022546
3635 1.5779746429783155
3890 3.414990703794491
3982 3.2307936678203566
4053 -0.22428022562732786
4232 2.3256808077886952
4321 2.8553749158590684
4405 1.3460204619819507
4783 2.1782280766455644
4947 3.414990703794491
5312 2.8553749158590684
5436 2.8876357780772897
5518 1.5868635903955612
5875 2.750014400201242
6221 2.8553749158590684
6235 2.454137038241171
6433 0.5154022907934025
6819 1.7153059135126125
6908 0.6707538925195963
7104 -0.6634879166512921
7471 3.2849375755462935
7892 1.5517722705842913
8617 5.206750173022546
9154 2.465910149097345
9585 3.3096301881366648
9970 0.4837969513780714
10325 1.8925641683500207
10411 4.05407066308416
10655 3.8204558119026557
10688 5.8998973535824915
10997 3.1483620405405426
11023 1.2880826248757316
11034 1.5958322603783217
11299 -1.0423655237318759
11305 2.0640357091199095
11362 4.00277736869661
11969 0.7582337970798316
11986 5.612215281130711
12057 2.10066984229969
12455 -0.2152586658680402
12458 3.3096301881366648
12674 3.155949285956631
13004 5.052599493195288
13208 1.3115342859107813
13316 3.047265923669174
13354 3.656051294424899
13401 2.465910149097345
13767 2.6547042203969173
14036 4.290459441148391
14104 1.710242611556066
14237 -0.6972483483041599
14370 3.666305132075397
14416 0.7739512129752414
14422 4.246624638098899
14612 2.1863252868781835
14682 1.5431885268928998
14845 5.206750173022546
15043 6.9985096422506015
15202 4.38350523539694
15207 9.743268175005321
15259 2.6641659082763383
15332 -1.5523117301456202
15373 0.814360751313118
15672 0.7275212103923018
