55
466 3.8204558119026557
2070 1.4730567031188173
2080 6.9985096422506015
2271 0.34178311807220957
2421 1.5431885268928998
2597 2.1157077196642304
3531 5.206750173022546
3635 1.5779746429783155
3890 3.414990703794491
3982 3.2307936678203566
4053 -0.22428022562732786
4232 2.3256808077886952
4405 1.3460204619819507
4947 3.414990703794491
5116 1.961557039836972
5436 2.8876357780772897
5875 2.750014400201242
6583 0.8629447511688624
7104 -0.6634879166512921
7192 2.1944885975173447
7471 3.2849375755462935
7622 2.764403137653342
7995 4.513602992462601
8617 5.206750173022546
8710 0.551203779709388
9154 2.465910149097345
9428 2.498699971920336
9585 3.3096301881366648
10411 4.05407066308416
10688 5.8998973535824915
10997 3.1483620405405426
11034 1.5958322603783217
11299 -0.5211827618659379
11305 2.0640357091199095
11362 4.00277736869661
11947 3.0282177286984795
11986 5.612215281130711
12057 2.10066984229969
12455 -0.2152586658680402
12458 3.3096301881366648
12553 1.0715836162801904
12896 3.2373095265570386
13004 5.052599493195288
13208 1.3115342859107813
13354 3.656051294424899
13838 2.3163784151263815
14036 4.290459441148391
14237 -1.3944966966083199
14612 2.1863252868781835
14845 5.206750173022546
15202 2.19175261769847
15207 5.845960905003192
15259 2.6641659082763383
15332 -1.5523117301456202
15373 0.814360751313118
