49
646 2.219386149139072
1940 2.6944445490464313
2240 1.65617539028579
2271 0.34178311807220957
3321 6.305362461690656
3449 0.9823524825522477
3901 2.363780654020965
3991 2.8088549002241754
4053 -0.14952015041821856
4321 2.8553749158590684
4405 1.3460204619819507
4534 4.433560284789064
4878 1.3672978604292356
5083 1.5735596247691985
5484 0.9464204733261844
5685 3.9074671888922854
6460 4.8012850649143815
7104 -0.6634879166512921
7304 8.45184184002164
7458 3.502002080784121
7622 2.764403137653342
7689 4.513602992462601
7767 3.414990703794491
8096 1.4533321977710387
9554 1.271661894663404
10868 -0.18536107281185138
11299 -1.5635482855978138
11671 2.2535775138873513
11831 3.597312260588446
12434 4.695924549256556
13005 7.726030852642903
13029 1.6609715625492831
13289 1.7410142702228197
13401 2.465910149097345
13423 3.9539872045271784
13438 2.555858385760285
13506 5.052599493195288
13722 3.5327737394508745
13838 2.3163784151263815
14447 3.1483620405405426
14523 2.8553749158590684
15037 2.3163784151263815
15202 2.19175261769847
15207 1.9486536350010641
15332 -1.5523117301456202
15373 1.628721502626236
15672 0.7275212103923018
15685 0.8716404581364162
15709 4.372650573756367
