46
500 2.1701959049483
1018 3.7796338173824005
1889 6.829981407588982
1997 3.009525595686327
2258 2.87137525720551
2574 3.666305132075397
2674 1.0272478024601386
2940 1.6278716141229383
3906 2.973157951515452
4053 -0.14952015041821856
4522 0.5207142953092883
4549 2.6418008155610093
4649 4.22592092001082
4815 2.7218435232345457
5484 0.9464204733261844
5773 2.735829765209286
6049 2.035665011990694
6525 3.1483620405405426
6548 2.0785287164224764
6633 2.8088549002241754
6682 5.612215281130711
7104 -0.6634879166512921
7591 2.0426825846493406
8283 2.8876357780772897
8615 2.6944445490464313
8913 6.9985096422506015
9602 2.2800107709555064
10719 5.206750173022546
10897 4.00277736869661
11034 1.5958322603783217
11299 -1.5635482855978138
11305 2.0640357091199095
11453 1.3637200390813515
11646 2.3541187431092285
12022 1.2122885475024683
12158 17.699692060747473
12826 1.2619373447714093
13108 2.2800107709555064
13681 2.498699971920336
14267 -0.3823693933135151
14316 4.22592092001082
14352 0.9464204733261844
15202 3.287628926547705
15207 3.8973072700021283
15259 2.6641659082763383
15283 4.47267141490569
