435
194 0.7699986386594181
572 4.600614369452231
607 2.5211728277723946
624 6.9985096422506015
646 6.6581584474172155
731 6.305362461690656
787 2.035665011990694
848 3.7796338173824005
875 6.9985096422506015
888 4.05407066308416
1013 2.6547042203969173
1839 4.186469727624344
1889 3.414990703794491
1902 2.0149030205422647
1928 4.9753002714675025
1940 2.6944445490464313
1957 1.8223599096767722
1988 4.695924549256556
2070 1.4730567031188173
2073 6.9985096422506015
2201 2.035665011990694
2258 5.74275051441102
2269 1.8686109273275278
2271 3.0760480626498863
2288 3.7796338173824005
2334 0.7939518796819108
2357 1.1873686492739008
2358 3.1273086313427103
2418 3.7796338173824005
2424 2.219386149139072
2444 7.332610264150794
2445 4.513602992462601
2450 -6.108568957036107
2703 4.513602992462601
2706 3.6312138122641273
2755 3.260840023967233
2901 6.669895992241909
2919 2.1944885975173447
2920 2.718166114016667
2935 1.2640783890383267
2997 3.047265923669174
3001 6.9985096422506015
3048 5.019746545036923
3055 4.600614369452231
3057 4.47267141490569
3090 9.141797771007521
3094 4.00277736869661
3116 6.305362461690656
3143 2.219386149139072
3259 3.1918471524802814
3314 5.206750173022546
3374 7.872286883432663
3386 5.258123579567159
3407 2.085854756514549
3449 1.9647049651044954
3489 1.942263836902293
3516 2.0785287164224764
3545 3.009525595686327
3578 1.8047399611033645
3657 7.849449022730158
3658 5.876133263408364
3663 6.9985096422506015
3737 1.8055527913603908
3763 3.597312260588446
3774 1.7255100836868542
3777 6.305362461690656
3788 2.750014400201242
3814 2.236335707452845
3938 4.433560284789064
3939 4.359452312635343
4053 -1.4204414289730762
4218 6.9985096422506015
4241 2.4033897921160112
4261 2.262311193856106
4265 7.065547478901749
4275 4.165296298194385
4298 5.808330160057001
4314 2.764403137653342
4321 5.710749831718137
4333 2.9302403070461622
4356 5.612215281130711
4391 3.260840023967233
4405 2.6920409239639014
4437 9.613559168464045
4476 3.740413104229119
4500 2.8396265588909295
4522 1.5621428859278648
4528 4.919068100570765
4536 2.70805020110221
4549 2.6418008155610093
4586 3.009525595686327
4625 5.5356541432584665
4651 3.8630154263214513
4695 2.87137525720551
4706 11.224430562261421
4743 4.513602992462601
4750 1.3262113992855786
4809 8.426564700672525
4846 2.021775899830027
4852 1.258716730071367
4876 4.489838902288473
4889 6.305362461690656
4906 3.9074671888922854
4976 2.288979440938267
4989 1.3355491621146554
5067 4.455650035569873
5083 9.441357748615191
5093 4.8012850649143815
5098 12.610724923381312
5109 6.9985096422506015
5110 1.8452180477528222
5111 3.21432000833234
5116 11.769342239021832
5119 2.3933394562625097
5147 4.600614369452231
5154 2.4446327506500602
5208 2.5676928434072877
5258 15.157798479585864
5316 2.236335707452845
5323 5.8998973535824915
5339 5.892133559491198
5392 2.130975191795019
5484 9.464204733261845
5518 1.5868635903955612
5555 4.8067795842320225
5590 1.4533321977710387
5700 12.59344816216217
5703 6.9985096422506015
5707 5.389071729816501
5731 2.8876357780772897
5784 5.8998973535824915
5787 11.799794707164983
5794 4.8012850649143815
5812 6.339736491523013
5839 2.579669034454003
5934 2.8876357780772897
5946 4.433560284789064
5981 14.276874579295342
6005 3.666305132075397
6041 5.389071729816501
6049 2.035665011990694
6055 3.7796338173824005
6068 3.1273086313427103
6088 1.2146844599208637
6089 3.8630154263214513
6123 2.288979440938267
6169 2.4033897921160112
6170 4.359452312635343
6201 5.389071729816501
6250 1.7727629685373998
6364 3.260840023967233
6402 2.822521967700703
6422 12.610724923381312
6433 1.030804581586805
6555 2.9911764570181303
6561 11.799794707164983
6567 2.579669034454003
6595 2.4237986637472186
6622 5.159338068908006
6657 6.416091713666788
6754 6.012259457426147
6794 3.9074671888922854
6821 8.867120569578129
6834 3.4431615807611875
6908 1.6768847312989907
6948 12.610724923381312
6949 5.206750173022546
6970 2.1863252868781835
7042 3.8630154263214513
7055 4.290459441148391
7104 -4.644415416559045
7170 6.474449154840566
7192 24.13937457269079
7197 3.461302966374546
7203 3.1066893441399746
7222 4.695924549256556
7230 5.206750173022546
7255 3.9074671888922854
7326 6.305362461690656
7365 6.9985096422506015
7379 4.22592092001082
7397 2.87137525720551
7436 26.03375086511273
7458 7.004004161568242
7459 6.583465792552034
7482 1.8055527913603908
7527 2.681021528714291
7534 1.242767428663689
7555 3.740413104229119
7563 4.670141096277068
7578 0.5215372793609184
7591 2.0426825846493406
7599 12.610724923381312
7622 5.528806275306684
7636 5.612215281130711
7660 17.699692060747473
7690 3.21432000833234
7767 3.414990703794491
7781 2.6040604875781623
7813 3.043720084690232
7826 3.1273086313427103
7850 5.612215281130711
7854 3.3609234825242154
7875 6.305362461690656
7949 2.5441623459970937
7981 2.0426825846493406
7991 1.3149298749119196
7993 4.00277736869661
7995 4.513602992462601
8001 5.8998973535824915
8030 6.383694304960563
8060 3.9539872045271784
8062 6.9985096422506015
8099 5.8998973535824915
8242 16.285320095925552
8256 3.3607792968127694
8262 2.0712559570933964
8283 23.101086224618317
8439 0.4690908039883759
8470 5.8998973535824915
8483 4.165296298194385
8615 2.6944445490464313
8683 1.6803896484063847
8708 1.4810567457858934
8736 1.1933746733341126
8741 3.086486636822455
8795 10.506006242352363
8801 4.919068100570765
8816 6.902040334747417
8850 1.7153059135126125
8880 5.01190042038306
8886 1.3081501879265407
8895 11.861961613581535
8925 3.5327737394508745
8928 2.6710983242293107
8975 2.3933394562625097
8978 1.6140145794615122
8979 1.7890234894091803
9106 1.0850066366123312
9122 1.3744921360632627
9170 2.446521291551825
9230 3.3096301881366648
9271 5.389071729816501
9308 9.50960473728452
9317 5.206750173022546
9345 2.66777630196427
9346 2.498699971920336
9353 2.476721065201561
9365 1.4972514317058743
9384 2.6710983242293107
9391 10.943319060837144
9400 6.254617262685421
9528 5.052599493195288
9554 3.814985683990212
9556 6.9985096422506015
9651 3.3875917296063767
9667 3.7796338173824005
9696 5.389071729816501
9765 1.7835738846416156
9786 3.1483620405405426
9791 11.72274646046539
9890 4.919068100570765
9970 1.9351878055122855
10025 4.513602992462601
10076 2.750014400201242
10103 5.389071729816501
10114 3.9042484672355897
10196 2.5211728277723946
10199 4.6513616155773905
10202 2.591790394986348
10217 2.15432255579201
10296 3.2849375755462935
10314 12.610724923381312
10420 4.290459441148391
10422 2.8351762853664164
10431 2.16559845872687
10445 6.775183459212753
10521 4.433560284789064
10561 3.2006938814656967
10646 3.9539872045271784
10661 3.3349479961209547
10734 2.735829765209286
10749 1.1754637467675824
10754 3.1698682457615064
10758 4.600614369452231
10868 -2.409693946554068
10892 4.8012850649143815
10906 2.035665011990694
10934 8.00555473739322
11089 1.1549652252192415
11110 3.2409820766720454
11139 2.87137525720551
11165 2.1863252868781835
11170 2.5676928434072877
11214 4.433560284789064
11236 3.5645224377654547
11299 -8.338924189855007
11305 2.0640357091199095
11308 2.5098732725184614
11342 5.389071729816501
11347 4.186511602777624
11393 3.2849375755462935
11407 3.1483620405405426
11416 6.534684229936693
11426 3.8630154263214513
11461 2.146479378330984
11570 1.1933746733341126
11717 2.938066631704182
11781 2.591790394986348
11785 3.9361434417163315
11804 3.7796338173824005
11809 4.165296298194385
11830 6.9985096422506015
11831 3.597312260588446
11840 1.6902419448493964
11945 3.910169050662709
11947 12.112870914793918
11961 6.6192603762733295
11962 4.695924549256556
11969 2.274701391239495
11975 11.683888793379527
12009 3.502002080784121
12022 2.4245770950049366
12028 2.591790394986348
12030 4.600614369452231
12092 4.108137884354437
12093 3.3607792968127694
12173 1.981229805435677
12241 2.579669034454003
12312 2.7938170228596353
12377 1.3460204619819507
12455 -0.4305173317360804
12513 3.740413104229119
12521 6.305362461690656
12586 5.206750173022546
12717 0.5999147077153936
12773 2.647852550302702
12823 1.034930298632155
12826 3.785812034314228
12853 1.152070867192877
12929 7.405345552492545
12954 6.9985096422506015
12978 2.383389125409342
12992 2.3256808077886952
13001 1.4730567031188173
13029 1.6609715625492831
13045 1.886521853894058
13080 2.436903055050322
13104 9.711928579671117
13106 2.335070548138534
13108 2.2800107709555064
13263 4.695924549256556
13273 9.928890564409993
13289 3.4820285404456395
13314 2.0286963426746007
13338 2.5211728277723946
13346 2.9041650800285006
13353 3.923114079673944
13369 3.9074671888922854
13384 2.0568672196412967
13401 9.86364059638938
13432 3.7796338173824005
13438 2.555858385760285
13475 3.8204558119026557
13494 3.21432000833234
13513 3.7026727762462723
13527 4.099499503744866
13553 -2.222764559665152
13575 4.165296298194385
13672 1.5262389685791264
13681 4.997399943840672
13720 3.666305132075397
13750 2.162227735299123
13751 4.108137884354437
13767 5.309408440793835
13838 2.3163784151263815
13857 3.9074671888922854
13922 1.8986432144264027
14044 5.844701500928259
14073 4.8012850649143815
14115 2.973157951515452
14136 2.962113491571787
14237 -6.275235134737439
14267 -2.6765857531946056
14308 4.128071418239819
14309 1.5137127087599462
14315 3.009525595686327
14381 0.457735330796197
14392 3.7796338173824005
14416 6.191609703801931
14431 2.06986059726431
14486 2.6164830075767194
14516 4.356456153291129
14547 3.740413104229119
14563 2.6418008155610093
14637 3.3349479961209547
14682 1.5431885268928998
14756 4.359452312635343
14830 2.7790019370744945
14839 4.8012850649143815
14906 2.0068197018197482
14908 9.906884260806244
15049 5.389071729816501
15097 3.6312138122641273
15146 4.290459441148391
15155 6.213700806669635
15173 3.009525595686327
15202 27.396907721230875
15207 25.332497255013834
15257 4.359452312635343
15259 11.988746587243522
15270 5.389071729816501
15271 6.305362461690656
15332 -24.836987682329923
15341 3.979870625313394
15348 2.10066984229969
15363 2.555858385760285
15373 17.915936528888597
15413 1.2781978656431896
15415 2.824122372354964
15460 6.9985096422506015
15471 0.6940608398286201
15515 7.332610264150794
15517 1.886521853894058
15528 3.666305132075397
15551 1.1578679848772029
15672 3.6376060519615088
15685 3.486561832545665
15694 2.938066631704182
15700 4.22592092001082
15735 2.938066631704182
15769 3.3349479961209547
15771 0.06928714438394819
15814 4.524622387712212
15816 3.9539872045271784
