273
422 2.66777630196427
488 3.6312138122641273
495 2.8396265588909295
507 5.8998973535824915
730 4.59605855291637
1060 0.12433381283310307
1120 4.695924549256556
1830 6.213378688279949
1893 3.5135252543819178
1902 4.029806041084529
1942 3.383107790185988
2036 1.9486536350010641
2068 3.3609234825242154
2141 5.8998973535824915
2176 2.383389125409342
2224 3.962459610871354
2240 1.65617539028579
2271 0.6835662361444191
2334 0.7939518796819108
2356 2.681021528714291
2357 1.1873686492739008
2369 4.108137884354437
2421 3.0863770537857995
2450 -3.0542844785180536
2452 2.1782280766455644
2458 10.811138676495615
2484 1.3149298749119196
2538 2.84512107820857
2631 0.6387659917280152
2639 2.6040604875781623
2920 1.3590830570083334
2935 0.6320391945191633
3052 3.2373095265570386
3057 2.236335707452845
3065 4.290459441148391
3100 2.7938170228596353
3120 6.419528383592959
3132 3.2373095265570386
3215 3.5398851071466177
3379 3.1918471524802814
3380 14.12471245865537
3407 2.085854756514549
3449 0.9823524825522477
3503 4.695924549256556
3516 2.0785287164224764
3586 3.2849375755462935
3635 7.889873214891577
3647 10.540802570144237
3717 3.8204558119026557
3737 3.6111055827207816
3774 3.4510201673737084
3840 1.2980660688599148
3896 1.403798262648762
3951 3.9539872045271784
3982 1.0769312226067855
4062 6.9985096422506015
4070 2.2137308608496604
4118 4.8012850649143815
4145 4.01615411094373
4158 0.030600440448717042
4217 3.3096301881366648
4262 3.1698682457615064
4302 1.8000126109847754
4386 4.600614369452231
4405 1.3460204619819507
4522 0.7810714429639324
4533 6.17297327364491
4549 2.6418008155610093
4616 1.8925641683500207
4650 4.695924549256556
4750 0.6631056996427893
4765 1.4150133334689021
4840 2.938066631704182
4912 1.9296054400303697
4914 1.4339892349279078
5040 1.4378280112350734
5070 4.108137884354437
5079 4.513602992462601
5083 1.5735596247691985
5116 1.961557039836972
5392 2.130975191795019
5419 3.8630154263214513
5430 2.750014400201242
5432 3.4431615807611875
5484 0.9464204733261844
5539 1.7153059135126125
5540 3.1698682457615064
5680 3.182675741580965
5735 7.004004161568242
5739 5.775271556154579
5874 2.579669034454003
5973 1.4770487243883548
5990 2.938066631704182
5993 3.4087215383268155
5996 4.00277736869661
6005 3.666305132075397
6026 2.66777630196427
6094 6.305362461690656
6402 1.4112609838503516
6433 0.5154022907934025
6447 1.2880826248757316
6468 3.1483620405405426
6484 4.359452312635343
6505 5.052599493195288
6583 0.8629447511688624
6754 1.2024518914852294
6970 2.1863252868781835
7019 2.130975191795019
7028 2.764403137653342
7072 7.794614540004257
7104 -3.3174395832564607
7210 1.8568460857479414
7292 6.9985096422506015
7299 2.8553749158590684
7316 3.1273086313427103
7325 2.8088549002241754
7339 3.5327737394508745
7412 4.513602992462601
7427 3.9074671888922854
7552 5.845960905003192
7559 4.108137884354437
7563 2.335070548138534
7569 2.0341908619922413
7578 0.5215372793609184
7620 2.1863252868781835
7650 2.1081605140288473
7675 5.612215281130711
7692 4.489838902288473
7731 2.001297368486486
7808 5.679253117781859
7845 2.4237986637472186
7864 3.502002080784121
7906 2.8679784698558155
7907 5.283601631122019
7932 3.7490913256946845
7956 6.9985096422506015
7991 1.3149298749119196
8032 1.0216512475319814
8055 2.9041650800285006
8078 1.9359146092236343
8090 2.236335707452845
8158 4.8012850649143815
8439 1.8763632159535035
8448 5.8998973535824915
8723 1.5262389685791264
8779 5.612215281130711
8850 1.7153059135126125
8886 1.3081501879265407
8928 4.006647486343966
9041 5.389071729816501
9106 1.0850066366123312
9110 2.035665011990694
9142 5.052599493195288
9170 1.2232606457759125
9292 2.5441623459970937
9365 1.4972514317058743
9393 1.060973437168175
9480 4.513602992462601
9531 1.67063347346102
9534 2.750014400201242
9537 1.963887624372811
9589 1.3115342859107813
9733 2.1700132732246624
9807 3.1698682457615064
10006 2.6944445490464313
10030 2.413542163580029
10172 6.9985096422506015
10173 6.9985096422506015
10279 4.433560284789064
10299 4.359452312635343
10302 5.258123579567159
10324 4.00277736869661
10326 0.5230769255465112
10329 -0.8403627828383906
10341 6.339736491523013
10342 6.9985096422506015
10344 6.305362461690656
10422 0.7087940713416041
10431 1.4437323058179135
10446 3.1483620405405426
10561 4.801040822198545
10678 2.288979440938267
10679 5.612215281130711
10749 1.1754637467675824
10867 1.4533321977710387
10897 4.00277736869661
10903 7.430163195604683
11023 1.2880826248757316
11102 1.3304600282218215
11148 1.1784267118982394
11168 1.2781978656431896
11243 3.8630154263214513
11295 6.474619053114077
11305 2.0640357091199095
11318 3.8630154263214513
11336 4.433560284789064
11368 6.305362461690656
11453 1.3637200390813515
11481 4.855836866130424
11670 6.305362461690656
11894 1.5178707189086098
11908 1.5346778372249912
11952 1.5958322603783217
12043 2.498699971920336
12078 2.727440078162703
12176 6.9985096422506015
12213 6.094531847338348
12237 20.540689421772186
12252 5.389071729816501
12281 9.83813620114153
12383 1.2523064517104479
12460 0.7332084295128914
12505 4.165296298194385
12554 19.931658750591396
12595 2.344549292093078
12707 2.2278250177849364
12708 3.1916645207566434
12717 0.5999147077153936
12783 1.8986432144264027
12792 3.8204558119026557
12828 3.597312260588446
12849 4.22592092001082
12892 6.9985096422506015
12904 3.4431615807611875
12972 5.710749831718137
13029 1.6609715625492831
13080 1.6246020367002147
13316 3.047265923669174
13384 2.0568672196412967
13421 5.389071729816501
13505 3.0666840095262753
13527 2.049749751872433
13553 -1.4818430397767681
13565 1.9878743481543455
13718 1.3425178314307487
13743 3.8204558119026557
13930 1.3601549729168554
14060 6.9985096422506015
14166 4.108137884354437
14196 2.511906961666574
14237 -4.18349008982496
14242 2.5326015235960173
14343 3.7796338173824005
14381 0.2288676653980985
14498 3.0282177286984795
14571 6.474619053114077
14573 3.260840023967233
14620 2.15432255579201
14633 2.6547042203969173
14906 1.204091821091849
15113 3.7796338173824005
15129 2.8876357780772897
15130 9.391849098513111
15241 1.7462362142039713
15256 3.3349479961209547
15259 1.3320829541381691
15332 -9.313870380873722
15407 2.2711218235382606
15456 12.509234525370841
15471 1.3881216796572402
15472 2.735829765209286
15517 1.886521853894058
15518 1.880515829833846
15551 1.1578679848772029
15578 3.5890059103476117
15587 1.2947271675944
15592 2.87137525720551
15650 4.261950383590038
15672 0.7275212103923018
15685 0.8716404581364162
15771 0.04619142958929879
15783 0.48083836933832624
15786 1.7963813804610742
