226
177 4.513602992462601
302 1.7153059135126125
365 3.414990703794491
389 1.6419233675785887
500 2.1701959049483
730 2.298029276458185
1147 5.052599493195288
1399 6.9985096422506015
1686 2.309930450438483
1829 4.600614369452231
1839 6.2797045914365155
1906 3.597312260588446
1929 2.1081605140288473
1942 3.383107790185988
1964 3.260840023967233
2009 4.827084327160058
2038 11.283094979003076
2051 5.33555260392854
2118 15.815948818108714
2328 2.9911764570181303
2334 0.7939518796819108
2351 1.5647876386963615
2421 1.5431885268928998
2450 -0.6108568957036107
2458 2.162227735299123
2459 2.938066631704182
2580 4.600614369452231
2595 2.5211728277723946
2631 1.2775319834560304
2674 2.054495604920277
2910 3.740413104229119
2964 0.900435360084361
3068 2.6920409239639014
3084 4.8012850649143815
3186 3.8642478746271944
3215 1.7699425535733089
3259 3.1918471524802814
3374 3.9361434417163315
3482 6.6192603762733295
3690 2.9945028634117485
3840 2.5961321377198296
3896 1.403798262648762
3987 4.359452312635343
4021 1.5054481989100525
4158 0.09180132134615113
4208 3.044092180638181
4214 2.465910149097345
4261 2.262311193856106
4375 3.5645224377654547
4405 1.3460204619819507
4437 2.4033897921160112
4519 4.433560284789064
4522 0.5207142953092883
4526 5.612215281130711
4537 3.0588716320484384
4679 4.919068100570765
4707 3.740413104229119
4757 6.305362461690656
4791 5.389071729816501
4806 3.6312138122641273
4886 3.009525595686327
4912 1.9296054400303697
5046 4.47267141490569
5155 3.3096301881366648
5156 2.211017899468555
5200 3.3096301881366648
5208 2.5676928434072877
5243 3.6312138122641273
5249 6.6192603762733295
5284 7.1290448755309095
5430 2.750014400201242
5436 2.8876357780772897
5521 4.919068100570765
5540 3.1698682457615064
5590 1.4533321977710387
5680 1.5913378707904824
5709 4.290459441148391
5716 4.695924549256556
5831 5.389071729816501
5839 2.579669034454003
5850 3.047265923669174
5905 5.350721653924847
5964 3.1273086313427103
5993 0.8521803845817039
6021 3.7796338173824005
6083 6.669895992241909
6123 2.288979440938267
6136 20.40144535929045
6390 3.047265923669174
6402 1.4112609838503516
6433 0.5154022907934025
6467 2.2535775138873513
6468 3.1483620405405426
6583 1.7258895023377248
6721 2.383389125409342
6767 5.389071729816501
6848 4.05407066308416
7053 3.9074671888922854
7104 -2.6539516666051686
7113 11.224430562261421
7286 1.4112609838503516
7497 1.4028006446333317
7578 1.0430745587218369
7591 2.0426825846493406
7690 6.42864001666468
7691 3.5645224377654547
7692 2.2449194511442365
7786 6.9985096422506015
7813 1.0145733615634107
7932 1.8745456628473423
8007 5.7142783243315165
8032 5.108256237659907
8043 3.461302966374546
8256 1.6803896484063847
8405 3.3096301881366648
8439 0.4690908039883759
8582 2.7562175530669024
8660 1.675499663112193
8708 1.4810567457858934
8718 5.648244744709928
8806 3.47214911763444
8856 2.3163784151263815
8979 1.7890234894091803
9151 3.7761501902141013
9170 1.2232606457759125
9393 2.12194687433635
9537 0.6546292081242703
9557 4.290459441148391
9589 5.246137143643125
9733 1.0850066366123312
9895 2.288979440938267
9935 5.052599493195288
9970 0.4837969513780714
9978 4.05407066308416
10034 16.167215189449504
10287 6.019051191372654
10294 2.70805020110221
10295 4.433560284789064
10306 2.15432255579201
10307 2.5676928434072877
10326 0.5230769255465112
10329 -1.4706348699671836
10389 6.9985096422506015
10393 1.9746291214043248
10426 6.9985096422506015
10473 1.7781538171722764
10503 2.413542163580029
10561 3.2006938814656967
10645 4.600614369452231
10753 2.7790019370744945
10859 3.086486636822455
10967 3.6312138122641273
10971 3.502002080784121
10979 3.1066893441399746
11032 1.087712998210074
11041 3.47214911763444
11148 1.1784267118982394
11170 7.7030785302218625
11266 2.9041650800285006
11287 2.0286963426746007
11295 9.711928579671117
11297 4.600614369452231
11322 3.4431615807611875
11334 7.978253345220568
11377 3.414990703794491
11384 3.3609234825242154
11407 12.59344816216217
11463 3.47214911763444
11570 4.7734986933364505
11814 5.612215281130711
11870 3.5645224377654547
11894 1.5178707189086098
11908 1.5346778372249912
11943 2.455214859980597
11952 1.5958322603783217
11969 0.7582337970798316
11972 3.21432000833234
11996 4.513602992462601
12063 7.814934377784571
12093 1.6803896484063847
12120 3.5327737394508745
12122 1.1963912668735384
12455 -0.2152586658680402
12460 0.7332084295128914
12466 5.612215281130711
12549 6.305362461690656
12554 3.3219431250985663
12564 5.612215281130711
12717 0.5999147077153936
12783 3.7972864288528054
12853 1.152070867192877
12946 1.7798435526592793
13045 3.773043707788116
13208 1.3115342859107813
13294 4.290459441148391
13364 5.052599493195288
13365 3.3349479961209547
13565 3.975748696308691
13600 4.919068100570765
13801 3.6312138122641273
13845 2.001297368486486
13930 1.3601549729168554
13938 4.290459441148391
14072 3.3609234825242154
14111 3.7026727762462723
14112 4.00277736869661
14200 3.47214911763444
14237 -2.7889933932166397
14308 2.0640357091199095
14431 3.104790895896465
14482 4.22592092001082
14914 3.3096301881366648
15057 1.152070867192877
15155 1.380822401482141
15173 6.019051191372654
15332 -12.418493841164961
15373 0.814360751313118
15413 1.2781978656431896
15434 16.167215189449504
15574 4.8012850649143815
15622 4.72756130804193
15624 3.8630154263214513
15728 3.009525595686327
15783 1.4425151080149787
15786 12.57466966322752
15805 2.008077055471865
