172
302 1.7153059135126125
389 1.6419233675785887
500 2.1701959049483
507 5.8998973535824915
730 2.298029276458185
1563 5.8998973535824915
1830 3.1066893441399746
1893 1.7567626271909589
1942 0.845776947546497
1948 5.612215281130711
2009 2.413542163580029
2141 5.8998973535824915
2176 7.150167376228025
2271 0.6835662361444191
2334 0.7939518796819108
2450 -0.6108568957036107
2458 6.48668320589737
2484 1.3149298749119196
2597 2.1157077196642304
2631 0.6387659917280152
2705 1.6657908489852322
2820 2.4446327506500602
2834 6.9985096422506015
2910 3.740413104229119
2935 0.6320391945191633
3068 2.6920409239639014
3120 3.2097641917964794
3132 3.2373095265570386
3150 3.5327737394508745
3215 0.589980851191103
3239 5.612215281130711
3329 1.981229805435677
3379 3.1918471524802814
3380 4.708237486218457
3516 2.0785287164224764
3635 1.5779746429783155
3647 4.216321028057695
3780 2.465910149097345
3896 1.403798262648762
3951 3.9539872045271784
4070 1.1068654304248302
4158 0.061200880897434085
4217 3.3096301881366648
4309 2.681021528714291
4447 4.433560284789064
4522 0.2603571476546441
4533 6.17297327364491
4750 0.33155284982139466
4840 2.938066631704182
5014 2.3541187431092285
5070 4.108137884354437
5083 1.5735596247691985
5208 2.5676928434072877
5273 3.21432000833234
5430 2.750014400201242
5518 1.5868635903955612
5521 4.919068100570765
5680 3.182675741580965
5735 3.502002080784121
5770 3.4431615807611875
5874 2.579669034454003
5905 1.7835738846416156
5964 3.1273086313427103
5993 5.113082307490223
6072 4.22592092001082
6402 1.4112609838503516
6433 0.5154022907934025
6447 1.2880826248757316
6505 5.052599493195288
6583 0.8629447511688624
7055 4.290459441148391
7072 1.9486536350010641
7397 2.87137525720551
7421 3.2373095265570386
7489 4.108137884354437
7552 5.845960905003192
7569 3.0512862929883617
7813 1.0145733615634107
7845 2.4237986637472186
7892 1.5517722705842913
7906 1.4339892349279078
7991 2.629859749823839
8032 0.5108256237659907
8078 1.9359146092236343
8096 1.4533321977710387
8158 4.8012850649143815
8405 3.3096301881366648
8439 0.9381816079767518
8582 2.7562175530669024
8741 3.086486636822455
8788 4.292958756661968
8823 3.1066893441399746
8886 1.3081501879265407
9106 2.1700132732246624
9151 1.258716730071367
9230 3.3096301881366648
9343 3.8630154263214513
9346 2.498699971920336
9365 1.4972514317058743
9557 4.290459441148391
9895 2.288979440938267
10006 2.6944445490464313
10008 2.0568672196412967
10196 2.5211728277723946
10302 5.258123579567159
10306 2.15432255579201
10326 0.5230769255465112
10329 -0.4201813914191953
10341 3.1698682457615064
10344 6.305362461690656
10422 0.7087940713416041
10473 1.7781538171722764
10487 1.981229805435677
10503 2.413542163580029
10561 1.6003469407328483
10749 1.1754637467675824
10944 6.305362461690656
11102 1.3304600282218215
11148 1.1784267118982394
11218 0.5720211847929105
11305 2.0640357091199095
11582 4.359452312635343
11665 3.5645224377654547
11669 4.919068100570765
11908 1.5346778372249912
11952 1.5958322603783217
11969 0.7582337970798316
11977 3.7026727762462723
11984 4.847597327494437
12047 1.4416815805510634
12057 2.10066984229969
12095 3.502002080784121
12237 12.32441365306331
12281 14.757204301712296
12378 3.3349479961209547
12400 2.9209721983448818
12455 -0.2152586658680402
12460 0.7332084295128914
12554 9.965829375295698
12853 1.152070867192877
12972 5.710749831718137
13080 0.8123010183501074
13180 3.666305132075397
13353 1.961557039836972
13392 2.764403137653342
13494 3.21432000833234
13538 3.414990703794491
13547 1.6003469407328483
13565 1.9878743481543455
13718 4.0275534942922455
13884 5.206750173022546
14043 3.7796338173824005
14072 3.3609234825242154
14305 5.8998973535824915
14316 4.22592092001082
14343 3.7796338173824005
14473 3.2849375755462935
14521 7.332610264150794
14901 2.5326015235960173
15057 1.152070867192877
15129 11.550543112309159
15187 3.989126672610284
15332 -9.313870380873722
15341 0.7959741250626788
15411 4.8012850649143815
15578 3.5890059103476117
15600 3.009525595686327
15622 2.363780654020965
15677 3.155949285956631
15685 1.7432809162728324
15771 0.023095714794649395
15783 0.48083836933832624
