112
194 0.7699986386594181
607 2.5211728277723946
646 2.219386149139072
848 3.7796338173824005
986 3.9539872045271784
1909 2.8876357780772897
1923 2.211017899468555
2051 2.66777630196427
2269 1.8686109273275278
2271 0.6835662361444191
2418 3.7796338173824005
2450 -2.4434275828144427
2519 1.6902419448493964
3048 2.5098732725184614
3057 2.236335707452845
3090 3.047265923669174
3386 2.6290617897835795
3872 6.9985096422506015
4053 -0.4485604512546557
4200 6.9985096422506015
4405 2.6920409239639014
4487 3.1066893441399746
4522 0.2603571476546441
4750 0.33155284982139466
4809 2.8088549002241754
4906 3.9074671888922854
5039 2.735829765209286
5083 1.5735596247691985
5122 2.7938170228596353
5283 3.2849375755462935
5484 0.9464204733261844
5514 6.9985096422506015
5731 5.775271556154579
5739 2.8876357780772897
5937 4.165296298194385
6003 3.3609234825242154
6216 2.3933394562625097
6586 2.288979440938267
6983 3.414990703794491
7044 1.880515829833846
7104 -1.3269758333025843
7192 6.583465792552034
7304 4.22592092001082
7430 3.3096301881366648
7459 4.388977195034689
7461 5.8998973535824915
7527 2.681021528714291
7578 0.5215372793609184
7764 1.7052048175261088
7781 2.6040604875781623
8001 5.8998973535824915
8230 2.37353682896633
8439 0.4690908039883759
8569 3.7026727762462723
8683 1.6803896484063847
8710 0.551203779709388
8886 1.3081501879265407
9057 4.05407066308416
9393 1.060973437168175
9417 6.9985096422506015
9428 2.498699971920336
9554 2.543323789326808
9970 0.9675939027561428
10393 1.9746291214043248
10438 6.305362461690656
10561 1.6003469407328483
10611 8.867120569578129
10868 -0.37072214562370276
11165 2.1863252868781835
11218 0.5720211847929105
11299 -2.6059138093296896
11660 4.359452312635343
11772 4.108137884354437
11817 5.206750173022546
11829 6.9985096422506015
11945 1.9550845253313545
11975 2.9209721983448818
12006 2.955458374416051
12434 4.695924549256556
12455 -0.2152586658680402
12621 4.290459441148391
12776 5.206750173022546
12826 1.2619373447714093
12972 2.8553749158590684
13029 1.6609715625492831
13059 6.9985096422506015
13106 2.335070548138534
13401 2.465910149097345
13506 5.052599493195288
13553 -0.37046075994419203
13613 3.6222476728196926
13828 3.3349479961209547
13993 3.3609234825242154
14267 -0.3823693933135151
14413 6.9985096422506015
14455 1.637217476541176
14463 1.67063347346102
14612 2.1863252868781835
15037 2.3163784151263815
15202 3.287628926547705
15207 3.8973072700021283
15259 3.9962488624145074
15305 6.9985096422506015
15317 3.0666840095262753
15373 4.07180375656559
15391 4.290459441148391
15456 3.1273086313427103
15484 2.9911764570181303
15578 1.7945029551738059
15653 6.9985096422506015
15771 0.023095714794649395
15814 2.262311193856106
