129
190 4.600614369452231
478 4.22592092001082
787 2.035665011990694
854 4.290459441148391
1249 4.600614369452231
1436 4.108137884354437
1578 5.612215281130711
1686 1.1549652252192415
1702 3.3609234825242154
1741 4.919068100570765
1888 4.600614369452231
1975 9.83813620114153
2064 3.129575277392723
2473 5.612215281130711
2541 5.612215281130711
2837 3.086486636822455
2859 8.45184184002164
2924 2.0286963426746007
2982 5.052599493195288
3150 3.5327737394508745
3192 1.0095482253607377
3329 3.962459610871354
3442 5.612215281130711
3443 5.612215281130711
3658 2.938066631704182
4053 -0.07476007520910928
4056 41.13293284385855
4198 3.7796338173824005
4244 5.612215281130711
4246 4.8012850649143815
4319 2.049749751872433
4405 1.3460204619819507
4522 0.2603571476546441
4591 4.22592092001082
4747 5.389071729816501
5106 5.612215281130711
5152 5.612215281130711
5484 0.9464204733261844
5503 5.612215281130711
5554 2.1081605140288473
5680 1.5913378707904824
5700 3.1483620405405426
5810 4.513602992462601
6156 1.8000126109847754
6170 4.359452312635343
6228 1.2947271675944
6235 2.454137038241171
6236 5.8419443966897635
6433 0.5154022907934025
6548 2.0785287164224764
6701 9.83813620114153
6834 3.4431615807611875
6859 5.612215281130711
7039 5.612215281130711
7076 2.434161450782765
7170 1.6186122887101415
7192 2.1944885975173447
7270 4.919068100570765
7291 5.612215281130711
7304 4.22592092001082
7431 2.6040604875781623
7497 1.4028006446333317
7563 2.335070548138534
7650 2.1081605140288473
7701 3.6312138122641273
7745 3.9074671888922854
7886 4.359452312635343
8439 0.9381816079767518
8477 5.612215281130711
8628 3.9074671888922854
8710 0.551203779709388
8733 5.612215281130711
8816 3.4510201673737084
8850 3.430611827025225
8890 2.2800107709555064
9061 7.262427624528255
9135 5.612215281130711
9185 5.612215281130711
9393 1.060973437168175
9447 4.359452312635343
9641 5.283601631122019
9743 3.8630154263214513
9941 5.612215281130711
9983 3.1066893441399746
10661 6.669895992241909
10749 1.1754637467675824
11011 4.22592092001082
11110 0.8102455191680114
11218 0.5720211847929105
11299 -0.5211827618659379
11330 4.359452312635343
11347 0.8373023205555247
11524 3.0357414378172196
11685 41.62421132121632
11822 5.389071729816501
11842 4.8012850649143815
12277 3.1273086313427103
12707 2.2278250177849364
12858 5.612215281130711
12963 4.290459441148391
12972 2.8553749158590684
13044 5.612215281130711
13080 0.8123010183501074
13401 4.93182029819469
13538 6.829981407588982
13710 3.6312138122641273
13846 3.3096301881366648
13921 2.1782280766455644
13922 3.7972864288528054
13958 5.206750173022546
14029 4.600614369452231
14267 -0.3823693933135151
14383 4.8012850649143815
14475 4.695924549256556
14516 2.1782280766455644
14547 3.740413104229119
14666 9.391849098513111
14894 3.740413104229119
15202 2.19175261769847
15207 1.9486536350010641
15259 1.3320829541381691
15373 4.886164507878708
15455 4.695924549256556
15471 0.6940608398286201
15595 1.3320829541381691
15648 2.5676928434072877
15685 0.8716404581364162
15709 2.1863252868781835
15814 2.262311193856106
