381
33 5.8998973535824915
194 1.5399972773188362
209 3.400384551405129
241 1.6902419448493964
254 2.498699971920336
460 4.359452312635343
461 4.05407066308416
462 6.9985096422506015
530 2.66777630196427
607 2.5211728277723946
638 3.502002080784121
657 2.0640357091199095
666 3.260840023967233
670 6.9985096422506015
695 2.9911764570181303
705 3.9074671888922854
751 4.22592092001082
800 2.434161450782765
810 2.8396265588909295
819 3.8204558119026557
1060 0.3108345320827577
1122 3.1698682457615064
1152 6.9985096422506015
1250 5.8998973535824915
1356 2.363780654020965
1379 2.1481658635875345
1404 4.112665585679892
1416 8.718904625270685
1461 6.9985096422506015
1498 3.7796338173824005
1507 3.8630154263214513
1519 5.8998973535824915
1556 6.305362461690656
1624 3.7026727762462723
1686 1.1549652252192415
1687 2.413542163580029
1690 2.455214859980597
1692 4.388977195034689
1741 4.919068100570765
1750 1.1068654304248302
1755 3.47214911763444
1759 6.9985096422506015
1764 5.612215281130711
1782 8.165530569703638
1929 2.1081605140288473
1938 2.66777630196427
2028 4.433560284789064
2240 3.31235078057158
2271 2.7342649445776765
2334 0.7939518796819108
2357 1.1873686492739008
2358 6.254617262685421
2407 2.236335707452845
2421 1.5431885268928998
2450 -4.2759982699252745
2494 3.9074671888922854
2519 1.6902419448493964
2594 3.5645224377654547
2595 5.042345655544789
2597 2.1157077196642304
2638 4.261950383590038
2653 5.389071729816501
2705 1.6657908489852322
2862 1.4690805547391779
2919 2.1944885975173447
2935 1.2640783890383267
3005 3.6312138122641273
3100 2.7938170228596353
3168 2.824122372354964
3374 1.9680717208581657
3386 2.6290617897835795
3394 3.047265923669174
3404 9.86364059638938
3407 2.085854756514549
3481 5.052599493195288
3489 7.769055347609172
3528 5.612215281130711
3578 1.2031599740689096
3583 10.105198986390576
3650 6.9985096422506015
3769 9.391849098513111
3803 4.05407066308416
3852 5.389071729816501
3890 6.829981407588982
4053 -0.14952015041821856
4063 4.433560284789064
4138 3.3875917296063767
4156 3.086486636822455
4169 6.305362461690656
4188 4.359452312635343
4226 3.3609234825242154
4232 2.3256808077886952
4388 3.8204558119026557
4411 5.389071729816501
4438 3.47214911763444
4474 5.389071729816501
4500 2.8396265588909295
4522 0.2603571476546441
4529 4.22592092001082
4638 6.305362461690656
4646 1.8686109273275278
4711 1.9296054400303697
4838 1.4730567031188173
4866 2.5211728277723946
4881 2.7938170228596353
4934 3.7026727762462723
4956 2.413542163580029
4996 4.290459441148391
5025 5.052599493195288
5026 6.9985096422506015
5029 3.2373095265570386
5083 6.294238499076794
5119 2.3933394562625097
5122 2.7938170228596353
5154 12.2231637532503
5161 3.047265923669174
5201 4.359452312635343
5264 5.052599493195288
5312 5.710749831718137
5392 2.130975191795019
5414 2.8876357780772897
5421 3.8630154263214513
5461 5.052599493195288
5470 3.740413104229119
5518 1.5868635903955612
5636 2.973157951515452
5744 4.433560284789064
5746 5.8998973535824915
5810 4.513602992462601
5852 2.4876501357337513
5937 4.165296298194385
5973 1.4770487243883548
5977 10.778143459633002
6026 2.66777630196427
6064 2.138697237888929
6088 7.288106759525182
6106 4.919068100570765
6123 4.577958881876534
6156 1.8000126109847754
6169 2.4033897921160112
6216 2.3933394562625097
6223 2.8088549002241754
6235 4.908274076482342
6402 1.4112609838503516
6426 6.9985096422506015
6447 1.2880826248757316
6467 2.2535775138873513
6516 4.919068100570765
6551 6.9985096422506015
6576 3.666305132075397
6586 2.288979440938267
6595 2.4237986637472186
6603 6.9985096422506015
6657 2.138697237888929
6729 2.1944885975173447
6754 1.2024518914852294
6763 6.9985096422506015
6817 5.8998973535824915
6819 1.7153059135126125
6828 3.8630154263214513
6861 6.9985096422506015
6908 1.6768847312989907
6962 11.589046278964354
6978 7.907974409054357
7027 6.9985096422506015
7054 7.726030852642903
7104 -2.6539516666051686
7120 30.315596959171728
7170 1.6186122887101415
7192 6.583465792552034
7215 2.344549292093078
7278 4.290459441148391
7316 3.1273086313427103
7379 4.22592092001082
7429 6.305362461690656
7430 6.6192603762733295
7471 6.569875151092587
7482 1.8055527913603908
7497 0.7014003223166658
7527 2.681021528714291
7534 1.242767428663689
7547 5.206750173022546
7633 1.8745456628473423
7634 13.078356937906028
7772 4.165296298194385
7813 1.0145733615634107
7892 1.5517722705842913
7949 2.5441623459970937
7998 4.433560284789064
8085 4.108137884354437
8102 8.718904625270685
8262 2.0712559570933964
8284 3.9539872045271784
8324 6.9985096422506015
8424 6.9985096422506015
8441 5.8998973535824915
8617 5.206750173022546
8628 3.9074671888922854
8633 13.801843108356692
8723 1.5262389685791264
8812 43.21156558422943
8813 12.610724923381312
8822 2.2800107709555064
8850 1.7153059135126125
8880 3.34126694692204
8886 1.3081501879265407
8890 6.840032312866519
8904 2.1863252868781835
8906 3.047265923669174
8920 4.433560284789064
8928 1.3355491621146554
8946 2.7218435232345457
8978 4.842043738384536
8979 1.7890234894091803
9122 1.3744921360632627
9154 2.465910149097345
9170 0.6116303228879563
9190 30.033216088038735
9245 4.919068100570765
9278 17.43780925054137
9285 3.047265923669174
9349 4.600614369452231
9393 1.060973437168175
9429 3.3609234825242154
9437 6.305362461690656
9438 4.290459441148391
9537 2.618516832497081
9554 1.271661894663404
9585 6.6192603762733295
9641 2.6418008155610093
9698 3.975748696308691
9711 1.8686109273275278
9765 3.567147769283231
9791 2.344549292093078
9806 4.513602992462601
9808 9.02857678705898
9821 4.600614369452231
9955 6.9985096422506015
10090 6.305362461690656
10092 15.157798479585864
10154 3.3609234825242154
10202 2.591790394986348
10258 1.8000126109847754
10325 1.8925641683500207
10326 2.615384627732556
10422 1.4175881426832082
10437 2.7345957208584712
10487 1.981229805435677
10561 1.6003469407328483
10659 3.4431615807611875
10661 6.669895992241909
10734 2.735829765209286
10749 1.1754637467675824
10790 5.206750173022546
10808 9.83813620114153
10868 -0.5560832184355542
10889 3.086486636822455
10895 4.290459441148391
10909 2.7790019370744945
10962 7.887185369350739
10968 3.740413104229119
11023 1.2880826248757316
11089 1.1549652252192415
11131 4.433560284789064
11132 3.7796338173824005
11158 5.389071729816501
11165 2.1863252868781835
11235 3.740413104229119
11299 -0.5211827618659379
11406 5.283601631122019
11416 2.1782280766455644
11461 2.146479378330984
11464 6.9985096422506015
11476 31.240501038135278
11580 5.088324691994187
11807 5.8998973535824915
11840 1.6902419448493964
11850 2.455214859980597
11920 5.612215281130711
11943 2.455214859980597
11969 0.7582337970798316
11975 2.9209721983448818
12017 4.165296298194385
12066 3.7796338173824005
12068 4.600614369452231
12081 2.363780654020965
12122 2.3927825337470767
12231 4.359452312635343
12241 5.159338068908006
12263 2.579669034454003
12312 2.7938170228596353
12383 1.2523064517104479
12553 2.1431672325603808
12638 6.9985096422506015
12648 8.216275768708874
12671 6.9985096422506015
12674 14.201771786804839
12723 2.288979440938267
12781 2.498699971920336
12828 7.194624521176892
12833 0.9630282097258448
12896 3.2373095265570386
13041 4.513602992462601
13045 1.886521853894058
13057 3.8204558119026557
13104 6.474619053114077
13106 7.005211644415603
13134 4.359452312635343
13155 5.8998973535824915
13208 2.6230685718215625
13220 3.2849375755462935
13289 6.964057080891279
13312 2.955458374416051
13316 6.094531847338348
13319 1.8055527913603908
13360 4.05407066308416
13379 4.513602992462601
13384 4.113734439282593
13385 8.00555473739322
13423 7.907974409054357
13438 2.555858385760285
13527 2.049749751872433
13542 5.052599493195288
13553 -0.7409215198883841
13572 1.8745456628473423
13681 2.498699971920336
13715 4.05407066308416
13860 5.052599493195288
13980 6.9985096422506015
14044 1.4611753752320646
14074 7.559267634764801
14101 4.695924549256556
14104 1.710242611556066
14135 7.062356229327685
14136 1.4810567457858934
14153 2.4876501357337513
14237 -4.88073843812912
14257 4.695924549256556
14267 -0.3823693933135151
14278 6.9985096422506015
14309 3.0274254175198925
14361 5.8998973535824915
14381 0.6866029961942954
14392 7.559267634764801
14399 3.502002080784121
14431 1.034930298632155
14493 3.3096301881366648
14498 3.0282177286984795
14527 2.938066631704182
14579 6.305362461690656
14583 6.9985096422506015
14682 1.5431885268928998
14756 4.359452312635343
14786 26.156713875812056
14899 6.9985096422506015
14906 1.204091821091849
15007 5.206750173022546
15099 3.47214911763444
15155 0.6904112007410705
15173 9.02857678705898
15202 4.38350523539694
15207 13.64057544500745
15224 5.808330160057001
15259 1.3320829541381691
15288 3.21432000833234
15332 -13.970805571310581
15341 0.7959741250626788
15363 2.555858385760285
15373 4.07180375656559
15435 2.750014400201242
15505 6.305362461690656
15525 6.305362461690656
15672 0.7275212103923018
15700 4.22592092001082
15746 6.9985096422506015
15769 3.3349479961209547
15771 0.04619142958929879
15780 5.052599493195288
15812 5.052599493195288
15814 2.262311193856106
15816 3.9539872045271784
