406
209 1.7001922757025645
241 3.3804838896987928
356 2.591790394986348
360 5.206750173022546
373 2.750014400201242
389 1.6419233675785887
458 4.165296298194385
461 4.05407066308416
683 6.721846965048431
710 2.8553749158590684
730 2.298029276458185
782 6.305362461690656
862 2.344549292093078
874 3.2849375755462935
978 2.298029276458185
1060 0.1865007192496546
1356 2.363780654020965
1379 0.5370414658968836
1404 2.7417770571199283
1446 5.206750173022546
1521 6.305362461690656
1592 6.9985096422506015
1687 4.827084327160058
1692 2.1944885975173447
1728 6.9985096422506015
1750 3.320596291274491
1757 3.9539872045271784
1896 1.7835738846416156
1908 6.305362461690656
1923 2.211017899468555
1957 1.8223599096767722
2046 5.052599493195288
2077 13.550366918425507
2087 2.8876357780772897
2233 3.260840023967233
2255 4.8012850649143815
2258 2.87137525720551
2269 1.8686109273275278
2271 1.7089155903610478
2291 7.065547478901749
2343 6.9985096422506015
2368 11.224430562261421
2406 2.9209721983448818
2407 2.236335707452845
2444 3.666305132075397
2450 -4.8868551656288854
2538 5.69024215641714
2675 3.6312138122641273
2676 6.9985096422506015
2705 1.6657908489852322
2807 6.305362461690656
2935 1.2640783890383267
2940 1.6278716141229383
2964 1.800870720168722
2977 3.47214911763444
2981 4.00277736869661
3090 3.047265923669174
3184 6.9985096422506015
3214 6.9985096422506015
3215 0.589980851191103
3230 2.8876357780772897
3259 6.383694304960563
3359 3.8630154263214513
3374 1.9680717208581657
3404 2.465910149097345
3407 2.085854756514549
3430 5.612215281130711
3444 5.612215281130711
3505 4.00277736869661
3516 2.0785287164224764
3578 1.2031599740689096
3594 5.8998973535824915
3635 1.5779746429783155
3647 2.1081605140288473
3737 1.8055527913603908
3814 2.236335707452845
3820 3.5780469788183606
3855 12.610724923381312
3869 6.9985096422506015
3873 4.108137884354437
3896 1.403798262648762
3898 3.047265923669174
3901 4.72756130804193
3928 5.052599493195288
3982 1.0769312226067855
4026 5.775271556154579
4053 -0.8223608273002021
4155 4.00277736869661
4232 4.6513616155773905
4261 2.262311193856106
4297 3.3096301881366648
4307 2.824122372354964
4401 4.695924549256556
4416 1.3637200390813515
4522 0.7810714429639324
4529 4.22592092001082
4576 4.171709513029098
4608 1.4075226617397445
4711 1.9296054400303697
4714 5.052599493195288
4750 1.6577642491069733
4773 4.108137884354437
4809 5.617709800448351
4815 8.165530569703638
4894 4.600614369452231
4899 3.0666840095262753
4906 3.9074671888922854
4970 1.9746291214043248
5033 2.1233123190494494
5039 2.735829765209286
5046 2.236335707452845
5070 4.108137884354437
5122 5.587634045719271
5161 6.094531847338348
5299 5.389071729816501
5316 2.236335707452845
5392 2.130975191795019
5405 9.602570129828763
5430 5.500028800402484
5436 2.8876357780772897
5439 3.7796338173824005
5470 3.740413104229119
5517 1.6232312345664361
5525 3.3096301881366648
5554 2.1081605140288473
5613 6.305362461690656
5654 4.919068100570765
5700 3.1483620405405426
5701 4.919068100570765
5731 2.8876357780772897
5737 7.480826208458238
5776 4.919068100570765
5789 5.389071729816501
5812 3.1698682457615064
5895 2.4033897921160112
5897 39.9433519349054
5900 2.8553749158590684
5902 4.05407066308416
5905 1.7835738846416156
5983 1.9878743481543455
5993 0.8521803845817039
6036 12.610724923381312
6057 3.8204558119026557
6064 2.138697237888929
6088 2.4293689198417274
6106 4.919068100570765
6123 6.866938322814802
6156 1.8000126109847754
6158 2.455214859980597
6205 2.955458374416051
6218 8.00555473739322
6228 1.2947271675944
6235 1.2270685191205855
6236 8.762916595034646
6242 2.9041650800285006
6250 3.5455259370747996
6345 6.829981407588982
6350 6.9985096422506015
6360 3.21432000833234
6433 0.5154022907934025
6449 3.9074671888922854
6469 4.513602992462601
6507 5.258123579567159
6518 4.695924549256556
6555 2.9911764570181303
6583 0.8629447511688624
6628 3.1918471524802814
6653 6.9985096422506015
6657 2.138697237888929
6754 1.2024518914852294
6794 3.9074671888922854
6819 1.7153059135126125
6908 0.33537694625979814
6983 3.414990703794491
7104 -2.6539516666051686
7170 1.6186122887101415
7192 6.583465792552034
7197 1.730651483187273
7215 7.033647876279234
7228 4.359452312635343
7278 4.290459441148391
7286 1.4112609838503516
7299 2.8553749158590684
7312 4.632756830252763
7429 6.305362461690656
7431 2.6040604875781623
7459 2.1944885975173447
7462 5.8267915107068795
7487 1.8167260919585162
7497 0.7014003223166658
7560 4.433560284789064
7569 1.0170954309961207
7622 5.528806275306684
7633 1.8745456628473423
7692 2.2449194511442365
7722 3.5327737394508745
7724 3.597312260588446
7770 4.165296298194385
7834 3.5327737394508745
7968 3.047265923669174
7969 3.5327737394508745
7971 3.414990703794491
8032 1.0216512475319814
8169 2.7218435232345457
8207 6.9985096422506015
8242 2.035665011990694
8263 3.414990703794491
8284 3.9539872045271784
8419 5.052599493195288
8444 7.156093957636721
8628 3.9074671888922854
8645 3.5327737394508745
8660 1.675499663112193
8670 5.206750173022546
8692 9.027205984925201
8707 4.8012850649143815
8736 1.1933746733341126
8788 2.146479378330984
8850 1.7153059135126125
8869 2.1782280766455644
8904 2.1863252868781835
8928 2.6710983242293107
8944 6.9985096422506015
8962 5.052599493195288
8979 3.5780469788183606
9010 2.9209721983448818
9151 2.517433460142734
9170 1.2232606457759125
9188 4.359452312635343
9308 3.1698682457615064
9365 2.9945028634117485
9384 1.3355491621146554
9420 6.305362461690656
9429 3.3609234825242154
9484 3.9539872045271784
9531 1.67063347346102
9573 3.3096301881366648
9698 3.975748696308691
9733 1.0850066366123312
9736 6.9985096422506015
9801 4.919068100570765
9836 10.998915396226192
9838 6.9985096422506015
9839 10.778143459633002
9956 6.94429823526888
10006 2.6944445490464313
10114 1.3014161557451966
10206 4.00277736869661
10221 4.86832290156553
10223 4.05407066308416
10329 -0.8403627828383906
10363 8.45184184002164
10393 1.9746291214043248
10422 0.7087940713416041
10431 2.16559845872687
10446 3.1483620405405426
10478 4.513602992462601
10561 1.6003469407328483
10650 20.540689421772186
10712 6.9985096422506015
10749 2.3509274935351647
10751 1.5879037593638217
10770 4.9753002714675025
10825 4.029806041084529
10868 -0.37072214562370276
10872 1.6048820958982397
10929 3.1066893441399746
10934 4.00277736869661
10949 4.359452312635343
10961 5.8998973535824915
10981 3.086486636822455
10997 3.1483620405405426
11023 2.576165249751463
11027 1.2781978656431896
11034 7.979161301891608
11041 3.47214911763444
11044 3.9074671888922854
11070 5.8998973535824915
11079 6.9985096422506015
11110 1.6204910383360227
11213 6.9985096422506015
11299 -2.0847310474637517
11347 0.8373023205555247
11353 2.8088549002241754
11386 2.1157077196642304
11443 3.260840023967233
11481 1.6186122887101415
11491 1.8745456628473423
11516 5.612215281130711
11524 1.5178707189086098
11570 1.1933746733341126
11591 2.7218435232345457
11663 5.389071729816501
11668 6.305362461690656
11671 2.2535775138873513
11788 3.3096301881366648
11816 1.9296054400303697
11907 2.434161450782765
11943 2.455214859980597
11945 1.9550845253313545
11969 4.54940278247899
11972 3.21432000833234
11975 2.9209721983448818
11977 3.7026727762462723
11980 5.8998973535824915
12022 0.40409618250082274
12047 1.4416815805510634
12052 5.206750173022546
12075 2.938066631704182
12172 7.814934377784571
12241 5.159338068908006
12277 3.1273086313427103
12337 4.22592092001082
12341 2.8088549002241754
12383 1.2523064517104479
12455 -0.2152586658680402
12458 3.3096301881366648
12553 9.644252546521713
12629 3.3096301881366648
12674 4.733923928934947
12714 3.7796338173824005
12776 5.206750173022546
12783 3.7972864288528054
12823 1.034930298632155
12963 4.290459441148391
12992 2.3256808077886952
13029 3.3219431250985663
13041 9.027205984925201
13043 3.4431615807611875
13045 1.886521853894058
13106 11.67535274069267
13130 3.9539872045271784
13175 4.695924549256556
13197 3.2849375755462935
13208 2.6230685718215625
13227 3.666305132075397
13271 3.3875917296063767
13279 4.359452312635343
13308 5.206750173022546
13319 1.8055527913603908
13346 2.9041650800285006
13354 1.8280256472124494
13400 5.612215281130711
13412 2.5098732725184614
13438 2.555858385760285
13527 2.049749751872433
13553 -0.37046075994419203
13769 3.1273086313427103
13843 2.1782280766455644
13857 3.9074671888922854
13913 2.8396265588909295
13935 4.359452312635343
14044 5.844701500928259
14107 2.4237986637472186
14136 1.4810567457858934
14159 4.600614369452231
14198 3.047265923669174
14237 -8.36698017964992
14238 5.8998973535824915
14267 -1.5294775732540604
14308 2.0640357091199095
14309 1.5137127087599462
14316 4.22592092001082
14347 5.8998973535824915
14350 6.9985096422506015
14352 0.9464204733261844
14368 12.610724923381312
14392 3.7796338173824005
14422 8.493249276197798
14498 3.0282177286984795
14511 6.305362461690656
14519 3.086486636822455
14549 6.305362461690656
14579 6.305362461690656
14612 6.5589758606345505
14671 5.206750173022546
14906 0.4013639403639497
15014 5.389071729816501
15099 3.47214911763444
15121 1.5868635903955612
15202 5.479381544246174
15207 11.691921810006384
15209 2.579669034454003
15224 11.616660320114002
15270 5.389071729816501
15332 -15.523117301456201
15348 4.20133968459938
15369 6.9985096422506015
15373 3.257443005252472
15418 2.1233123190494494
15424 3.6222476728196926
15435 2.750014400201242
15471 1.3881216796572402
15576 3.009525595686327
15578 1.7945029551738059
15595 1.3320829541381691
15613 4.108137884354437
15650 2.130975191795019
15651 1.1377234187847354
15657 4.600614369452231
15669 4.324455470598246
15672 2.1825636311769054
15677 3.155949285956631
15731 2.9911764570181303
15771 0.16167000356254577
15814 6.786933581568317
