108
174 3.2464624691328723
194 0.7699986386594181
458 4.165296298194385
521 1.8986432144264027
848 3.7796338173824005
862 2.344549292093078
1923 2.211017899468555
1940 2.6944445490464313
2037 4.359452312635343
2269 1.8686109273275278
2271 0.34178311807220957
2334 0.7939518796819108
2450 -0.6108568957036107
2705 1.6657908489852322
2920 1.3590830570083334
2964 0.900435360084361
3374 1.9680717208581657
3404 2.465910149097345
3417 5.206750173022546
3516 4.157057432844953
3643 6.42864001666468
3814 2.236335707452845
3873 4.108137884354437
3896 1.403798262648762
4026 2.8876357780772897
4053 -0.3738003760455464
4208 1.5220460903190904
4341 2.6547042203969173
4522 0.5207142953092883
4750 0.33155284982139466
4773 4.108137884354437
4815 2.7218435232345457
5083 3.147119249538397
5151 2.555858385760285
5484 0.9464204733261844
5554 2.1081605140288473
5897 7.262427624528255
6088 1.2146844599208637
6123 6.866938322814802
6228 1.2947271675944
6237 5.389071729816501
6528 9.83813620114153
6544 11.224430562261421
6586 2.288979440938267
6959 4.165296298194385
7103 4.8012850649143815
7104 -1.3269758333025843
7192 2.1944885975173447
7458 3.502002080784121
7497 1.4028006446333317
7527 5.362043057428582
7588 5.052599493195288
7740 3.5327737394508745
7764 1.7052048175261088
7828 4.05407066308416
8086 3.3096301881366648
8216 8.00555473739322
8285 6.9985096422506015
8928 1.3355491621146554
8978 1.6140145794615122
8979 1.7890234894091803
9151 1.258716730071367
9343 3.8630154263214513
9365 2.9945028634117485
9537 0.6546292081242703
9698 3.975748696308691
9817 3.9550110997006014
10001 8.256142836479638
10431 0.7218661529089567
10446 6.296724081081085
10633 4.433560284789064
10650 4.108137884354437
10868 -0.18536107281185138
10906 2.035665011990694
10971 3.502002080784121
10997 3.1483620405405426
11023 1.2880826248757316
11034 1.5958322603783217
11088 5.206750173022546
11299 -2.0847310474637517
11785 1.9680717208581657
12022 0.40409618250082274
12172 3.9074671888922854
12641 4.8012850649143815
12992 2.3256808077886952
13098 4.8012850649143815
13319 3.6111055827207816
13993 3.3609234825242154
14107 2.4237986637472186
14237 -1.3944966966083199
14267 -1.9118469665675755
14308 2.0640357091199095
14381 0.6866029961942954
14416 1.5479024259504828
14525 4.22592092001082
14682 1.5431885268928998
14875 5.612215281130711
15202 1.095876308849235
15207 1.9486536350010641
15259 2.6641659082763383
15332 -13.970805571310581
15358 2.579669034454003
15373 2.443082253939354
15435 2.750014400201242
15444 6.9985096422506015
15445 6.9985096422506015
15672 0.7275212103923018
15771 0.04619142958929879
