89
241 1.6902419448493964
356 2.591790394986348
360 5.206750173022546
607 2.5211728277723946
1356 2.363780654020965
1404 1.3708885285599641
1521 6.305362461690656
1687 2.413542163580029
1957 1.8223599096767722
2087 5.775271556154579
2269 3.7372218546550555
2271 0.34178311807220957
2450 -0.6108568957036107
2538 2.84512107820857
2639 2.6040604875781623
2768 4.8012850649143815
2964 0.900435360084361
2981 4.00277736869661
3785 2.87137525720551
3896 1.403798262648762
3982 1.0769312226067855
4026 2.8876357780772897
4053 -0.2990403008364371
4232 4.6513616155773905
4401 4.695924549256556
4522 0.2603571476546441
4750 0.33155284982139466
5033 2.1233123190494494
5430 2.750014400201242
5517 1.6232312345664361
5518 1.5868635903955612
5789 5.389071729816501
5876 3.7796338173824005
6043 1.5913378707904824
6228 1.2947271675944
6345 3.414990703794491
6433 0.5154022907934025
6468 3.1483620405405426
6555 2.9911764570181303
7192 2.1944885975173447
7312 2.3163784151263815
7569 1.0170954309961207
8419 5.052599493195288
8628 3.9074671888922854
8660 1.675499663112193
8707 4.8012850649143815
8850 1.7153059135126125
8977 2.6290617897835795
9365 1.4972514317058743
9428 2.498699971920336
10156 6.9985096422506015
10329 -0.630272087128793
10431 0.7218661529089567
10751 0.7939518796819108
10825 2.0149030205422647
10868 -0.18536107281185138
10949 4.359452312635343
11088 5.206750173022546
11110 1.6204910383360227
11299 -1.0423655237318759
11353 2.8088549002241754
11969 0.7582337970798316
11977 3.7026727762462723
12007 5.052599493195288
12075 2.938066631704182
12341 2.8088549002241754
12458 3.3096301881366648
12783 3.7972864288528054
12828 3.597312260588446
13029 1.6609715625492831
13058 4.00277736869661
13271 3.3875917296063767
13438 2.555858385760285
13838 2.3163784151263815
13843 2.1782280766455644
13867 1.087712998210074
14044 2.9223507504641293
14237 -1.3944966966083199
14267 -0.3823693933135151
14309 1.5137127087599462
14519 3.086486636822455
15192 1.489121305622624
15202 1.095876308849235
15207 3.8973072700021283
15332 -1.5523117301456202
15373 1.628721502626236
15651 1.1377234187847354
15731 2.9911764570181303
15771 0.06928714438394819
