382
194 2.3099959159782544
254 2.498699971920336
306 6.305362461690656
332 4.433560284789064
356 2.591790394986348
498 3.3349479961209547
512 2.0785287164224764
592 4.8892655013001205
657 2.0640357091199095
837 4.919068100570765
1060 0.1865007192496546
1114 3.9074671888922854
1140 4.165296298194385
1191 5.052599493195288
1301 5.612215281130711
1356 2.363780654020965
1420 5.389071729816501
1547 6.305362461690656
1549 4.8012850649143815
1686 1.1549652252192415
1687 4.827084327160058
1750 2.2137308608496604
1755 3.47214911763444
1784 5.612215281130711
1884 1.9486536350010641
1893 1.7567626271909589
1909 2.8876357780772897
2026 5.362043057428582
2028 4.433560284789064
2036 1.9486536350010641
2070 2.9461134062376346
2088 5.206750173022546
2229 5.389071729816501
2240 1.65617539028579
2357 1.1873686492739008
2360 5.206750173022546
2380 3.7796338173824005
2421 4.629565580678699
2450 -1.832570687110832
2536 5.350721653924847
2577 3.5327737394508745
2624 4.695924549256556
2631 0.21292199724267172
2638 2.130975191795019
2674 1.0272478024601386
2783 4.600614369452231
2858 3.8630154263214513
2893 2.5098732725184614
2920 0.6795415285041667
2935 1.2640783890383267
2959 9.498949194191207
3046 2.9911764570181303
3048 2.5098732725184614
3065 8.580918882296782
3100 2.7938170228596353
3102 5.8998973535824915
3108 4.108137884354437
3120 1.6048820958982397
3143 4.438772298278144
3286 4.600614369452231
3315 5.206750173022546
3329 1.981229805435677
3362 3.8204558119026557
3380 2.3541187431092285
3386 2.6290617897835795
3392 4.40543819330772
3394 3.047265923669174
3449 8.84117234297023
3461 3.3609234825242154
3497 5.612215281130711
3505 4.00277736869661
3578 0.6015799870344548
3631 4.05407066308416
3635 3.155949285956631
3647 2.1081605140288473
3690 1.4972514317058743
3774 3.4510201673737084
3780 2.465910149097345
3824 4.00277736869661
3825 6.721846965048431
3827 6.569875151092587
3840 1.2980660688599148
3924 6.305362461690656
3982 1.0769312226067855
3995 3.50297114018023
4006 5.309408440793835
4047 3.8630154263214513
4050 4.919068100570765
4053 -0.07476007520910928
4208 1.5220460903190904
4215 5.389071729816501
4232 2.3256808077886952
4262 6.339736491523013
4277 3.7026727762462723
4381 2.0149030205422647
4416 1.3637200390813515
4429 8.10814132616832
4508 4.108137884354437
4522 0.7810714429639324
4537 2.039247754698959
4558 5.8998973535824915
4646 9.343054636637639
4750 0.33155284982139466
4878 1.3672978604292356
4882 2.130975191795019
4909 1.4690805547391779
4918 5.052599493195288
4956 2.413542163580029
4967 5.389071729816501
4970 13.822403849830273
5043 3.502002080784121
5182 4.919068100570765
5187 6.305362461690656
5224 4.600614369452231
5312 2.8553749158590684
5318 3.1066893441399746
5388 3.47214911763444
5392 2.130975191795019
5431 4.22592092001082
5439 3.7796338173824005
5449 5.8998973535824915
5484 1.8928409466523688
5518 1.5868635903955612
5545 5.8998973535824915
5550 3.666305132075397
5555 2.4033897921160112
5630 0.4766153511606481
5635 2.20271909665386
5685 3.9074671888922854
5687 2.0785287164224764
5730 4.108137884354437
5749 5.052599493195288
5770 3.4431615807611875
5830 4.05407066308416
5872 2.5441623459970937
5891 3.1273086313427103
5900 2.8553749158590684
5901 2.455214859980597
5985 4.8012850649143815
6053 4.359452312635343
6106 4.919068100570765
6140 2.211017899468555
6151 1.4075226617397445
6164 7.887185369350739
6216 4.786678912525019
6250 1.7727629685373998
6288 4.600614369452231
6307 6.474619053114077
6309 5.612215281130711
6315 13.300680854367194
6335 4.953442130403122
6393 4.22592092001082
6400 4.919068100570765
6402 1.4112609838503516
6433 1.5462068723802074
6548 2.0785287164224764
6595 4.847597327494437
6596 5.206750173022546
6609 3.1918471524802814
6643 5.206750173022546
6647 5.206750173022546
6660 5.587634045719271
6692 3.7026727762462723
6721 2.383389125409342
6819 1.7153059135126125
6908 0.6707538925195963
6933 6.305362461690656
6989 4.600614369452231
7104 -0.6634879166512921
7152 3.8204558119026557
7177 4.22592092001082
7215 2.344549292093078
7299 5.710749831718137
7348 4.600614369452231
7437 11.224430562261421
7459 4.388977195034689
7462 1.942263836902293
7578 0.5215372793609184
7633 3.7490913256946845
7692 2.2449194511442365
7731 2.001297368486486
7871 4.108137884354437
7906 1.4339892349279078
7932 7.498182651389369
7949 2.5441623459970937
8003 4.108137884354437
8013 5.206750173022546
8096 1.4533321977710387
8262 4.142511914186793
8315 2.764403137653342
8337 3.910169050662709
8391 2.555858385760285
8439 0.4690908039883759
8523 3.628163178522168
8643 2.001297368486486
8648 2.434161450782765
8660 1.675499663112193
8710 1.102407559418776
8723 3.052477937158253
8736 1.1933746733341126
8788 2.146479378330984
8850 1.7153059135126125
8880 5.01190042038306
8890 2.2800107709555064
8897 5.206750173022546
8928 1.3355491621146554
8964 4.600614369452231
8985 4.8012850649143815
9106 1.0850066366123312
9122 1.3744921360632627
9170 1.8348909686638688
9309 5.8998973535824915
9377 4.8012850649143815
9531 1.67063347346102
9537 0.6546292081242703
9559 -0.9983873262596871
9560 5.052599493195288
9561 5.206750173022546
9566 5.612215281130711
9589 1.3115342859107813
9674 3.6312138122641273
9698 1.9878743481543455
9817 1.3183370332335338
9893 4.108137884354437
9979 2.3933394562625097
10006 2.6944445490464313
10044 5.052599493195288
10114 1.3014161557451966
10256 4.8012850649143815
10325 1.8925641683500207
10326 0.5230769255465112
10422 0.7087940713416041
10447 3.659689420229828
10464 4.695924549256556
10500 3.666305132075397
10529 5.206750173022546
10552 4.22592092001082
10556 3.9539872045271784
10561 3.2006938814656967
10709 3.666305132075397
10742 14.312187915273443
10749 1.1754637467675824
10751 1.5879037593638217
10770 2.4876501357337513
10825 2.0149030205422647
10868 -1.482888582494811
11102 5.987070126998197
11105 4.22592092001082
11158 5.389071729816501
11210 3.21432000833234
11218 1.144042369585821
11219 5.8998973535824915
11255 5.389071729816501
11299 -1.5635482855978138
11331 4.290459441148391
11334 1.994563336305142
11370 4.22592092001082
11388 4.22592092001082
11407 3.1483620405405426
11416 2.1782280766455644
11446 3.597312260588446
11453 10.909760312650812
11522 5.11171677152057
11576 6.6192603762733295
11625 1.457246097092175
11646 2.3541187431092285
11677 5.176530251060562
11772 4.108137884354437
11929 4.600614369452231
11943 2.455214859980597
11950 4.433560284789064
11969 0.7582337970798316
12022 0.40409618250082274
12039 5.8998973535824915
12062 3.47214911763444
12145 3.1918471524802814
12210 6.339736491523013
12242 3.8630154263214513
12245 8.580918882296782
12246 4.290459441148391
12250 2.498699971920336
12263 2.579669034454003
12377 4.038061385945852
12383 1.2523064517104479
12391 3.1918471524802814
12455 -0.2152586658680402
12457 3.2373095265570386
12510 4.05407066308416
12542 5.8998973535824915
12648 4.108137884354437
12714 3.7796338173824005
12717 1.1998294154307871
12723 2.288979440938267
12736 3.414990703794491
12796 5.8419443966897635
12803 1.3637200390813515
12805 1.8568460857479414
12833 1.9260564194516896
12853 1.152070867192877
12885 5.8998973535824915
12904 3.4431615807611875
12941 4.919068100570765
12972 5.710749831718137
12978 2.383389125409342
12999 5.389071729816501
13001 1.4730567031188173
13021 3.6312138122641273
13045 1.886521853894058
13106 2.335070548138534
13189 1.8745456628473423
13191 4.513602992462601
13209 3.6312138122641273
13216 3.6312138122641273
13227 3.666305132075397
13272 2.7790019370744945
13346 2.9041650800285006
13354 1.8280256472124494
13401 4.93182029819469
13456 5.206750173022546
13460 2.955458374416051
13488 5.206750173022546
13553 -2.9636860795535362
13559 3.5645224377654547
13565 1.9878743481543455
13572 1.8745456628473423
13661 3.7026727762462723
13670 2.6164830075767194
13683 3.0666840095262753
13715 4.05407066308416
13718 2.6850356628614973
13775 3.2849375755462935
13825 2.7218435232345457
13843 2.1782280766455644
13867 1.087712998210074
13891 1.2131850577159984
13906 4.108137884354437
13916 3.1066893441399746
13951 4.22592092001082
13965 4.359452312635343
13986 3.47214911763444
14063 4.00277736869661
14107 4.847597327494437
14136 5.924226983143574
14174 3.5890059103476117
14195 1.7781538171722764
14237 -2.7889933932166397
14267 -0.3823693933135151
14309 6.054850835039785
14352 2.8392614199785533
14381 0.457735330796197
14416 0.7739512129752414
14431 1.034930298632155
14453 3.414990703794491
14470 3.7796338173824005
14484 4.290459441148391
14507 1.8510151654371483
14546 2.8876357780772897
14633 5.309408440793835
14682 1.5431885268928998
14692 5.679253117781859
14894 3.740413104229119
14933 3.7026727762462723
15020 3.086486636822455
15098 4.919068100570765
15192 1.489121305622624
15241 3.4924724284079427
15292 2.211017899468555
15332 -12.418493841164961
15341 0.7959741250626788
15363 2.555858385760285
15435 8.250043200603727
15468 1.1549652252192415
15538 3.8204558119026557
15551 1.1578679848772029
15578 1.7945029551738059
15600 9.02857678705898
15622 2.363780654020965
15671 3.7796338173824005
15771 0.023095714794649395
15814 2.262311193856106
15827 9.554566535091086
15828 1.0931477941960308
