230
33 5.8998973535824915
40 6.9985096422506015
177 4.513602992462601
194 1.5399972773188362
279 2.6418008155610093
283 6.305362461690656
339 6.9985096422506015
466 3.8204558119026557
467 6.9985096422506015
472 5.612215281130711
488 3.6312138122641273
500 2.1701959049483
512 4.157057432844953
605 6.9985096422506015
646 6.6581584474172155
657 2.0640357091199095
666 3.260840023967233
703 3.7026727762462723
705 3.9074671888922854
1060 0.06216690641655154
1062 2.591790394986348
1379 0.5370414658968836
1686 1.1549652252192415
1692 2.1944885975173447
1782 2.7218435232345457
1893 1.7567626271909589
2019 2.344549292093078
2269 1.8686109273275278
2357 1.1873686492739008
2358 3.1273086313427103
2446 2.5326015235960173
2513 3.656051294424899
2545 4.8012850649143815
2552 5.612215281130711
2647 4.513602992462601
2787 3.1918471524802814
2810 3.597312260588446
2935 0.6320391945191633
3084 4.8012850649143815
3157 4.919068100570765
3192 1.0095482253607377
3205 9.38192589402813
3215 2.359923404764412
3249 2.750014400201242
3271 4.00277736869661
3404 2.465910149097345
3448 3.1273086313427103
3498 2.87137525720551
3578 0.6015799870344548
3598 2.3332543299341686
3780 2.465910149097345
3901 7.091341962062895
3906 2.973157951515452
4021 4.516344596730158
4053 -0.4485604512546557
4172 3.414990703794491
4232 2.3256808077886952
4333 1.4651201535230811
4529 8.45184184002164
4533 3.086486636822455
4697 5.612215281130711
4838 1.4730567031188173
4852 1.258716730071367
4961 6.9985096422506015
5046 2.236335707452845
5056 6.305362461690656
5070 4.108137884354437
5083 1.5735596247691985
5471 6.9985096422506015
5484 1.8928409466523688
5590 2.9066643955420775
5809 2.363780654020965
5839 2.579669034454003
5852 4.9753002714675025
5889 2.4033897921160112
5895 4.8067795842320225
5961 11.224430562261421
5993 1.7043607691634077
6003 3.3609234825242154
6004 3.1066893441399746
6014 5.206750173022546
6026 2.66777630196427
6043 1.5913378707904824
6105 4.8012850649143815
6123 4.577958881876534
6206 4.22592092001082
6216 2.3933394562625097
6520 4.695924549256556
6989 4.600614369452231
7025 2.0190964507214755
7104 -1.9904637499538764
7161 4.513602992462601
7170 4.855836866130424
7425 4.513602992462601
7431 2.6040604875781623
7472 6.305362461690656
7553 6.9985096422506015
7594 8.580918882296782
7597 6.5589758606345505
7680 6.9985096422506015
7764 1.7052048175261088
7813 3.043720084690232
7880 6.305362461690656
7906 2.8679784698558155
7917 3.414990703794491
7991 1.3149298749119196
8315 2.764403137653342
8439 0.9381816079767518
8506 4.00277736869661
8539 6.9985096422506015
8585 3.47214911763444
8615 16.16666729427859
8618 6.9985096422506015
8643 2.001297368486486
8709 6.9985096422506015
8731 2.0286963426746007
8736 4.7734986933364505
8740 5.612215281130711
8838 4.513602992462601
8869 2.1782280766455644
8886 1.3081501879265407
8928 1.3355491621146554
8978 1.6140145794615122
9109 5.612215281130711
9384 1.3355491621146554
9428 2.498699971920336
9429 3.3609234825242154
9554 7.629971367980424
9578 6.9985096422506015
9581 6.9985096422506015
9733 1.0850066366123312
9776 6.305362461690656
9791 2.344549292093078
9970 0.9675939027561428
10015 3.5645224377654547
10055 3.009525595686327
10199 9.302723231154781
10217 2.15432255579201
10302 2.6290617897835795
10478 18.054411969850403
10482 3.666305132075397
10484 6.9985096422506015
10485 6.9985096422506015
10535 5.389071729816501
10543 4.8012850649143815
10825 2.0149030205422647
10830 12.610724923381312
10831 6.9985096422506015
10868 -0.18536107281185138
10981 3.086486636822455
11062 3.6312138122641273
11139 2.87137525720551
11168 1.2781978656431896
11299 -1.5635482855978138
11393 6.569875151092587
11450 2.262311193856106
11461 2.146479378330984
11463 3.47214911763444
11524 1.5178707189086098
11548 11.799794707164983
11671 2.2535775138873513
11769 1.6466515087745348
11835 4.8012850649143815
11969 0.7582337970798316
11984 4.847597327494437
12022 0.40409618250082274
12070 2.87137525720551
12075 2.938066631704182
12093 1.6803896484063847
12277 3.1273086313427103
12409 6.305362461690656
12455 -0.2152586658680402
12553 1.0715836162801904
12593 4.359452312635343
12641 4.8012850649143815
12853 1.152070867192877
12878 3.5327737394508745
12978 2.383389125409342
12995 4.165296298194385
13001 1.4730567031188173
13013 6.9985096422506015
13045 1.886521853894058
13080 1.6246020367002147
13106 4.670141096277068
13107 5.052599493195288
13180 3.666305132075397
13208 1.3115342859107813
13289 1.7410142702228197
13354 3.656051294424899
13412 2.5098732725184614
13451 3.4431615807611875
13484 5.052599493195288
13553 -1.111382279832576
13652 6.9985096422506015
13653 5.389071729816501
13691 6.9985096422506015
13838 2.3163784151263815
13891 0.6065925288579992
13908 4.290459441148391
13919 3.597312260588446
13988 26.03375086511273
14237 -1.3944966966083199
14323 6.305362461690656
14431 1.034930298632155
14449 3.21432000833234
14519 3.086486636822455
14523 2.8553749158590684
14572 5.052599493195288
14573 3.260840023967233
14574 6.9985096422506015
14588 2.0785287164224764
14698 5.206750173022546
14786 4.359452312635343
14868 26.156713875812056
14906 1.204091821091849
15112 4.8012850649143815
15202 7.671134161944645
15207 1.9486536350010641
15209 2.579669034454003
15332 -6.209246920582481
15373 5.700525259191826
15382 6.9985096422506015
15413 2.556395731286379
15533 6.9985096422506015
15685 1.7432809162728324
15709 2.1863252868781835
15771 0.09238285917859758
15814 2.262311193856106
15820 4.165296298194385
15861 7.194624521176892
