251
3 3.0666840095262753
35 5.052599493195288
59 4.433560284789064
486 2.70805020110221
491 3.1066893441399746
533 4.695924549256556
889 4.513602992462601
1060 0.24866762566620615
1325 6.305362461690656
1379 0.5370414658968836
1404 1.3708885285599641
1487 4.22592092001082
1765 5.052599493195288
1839 2.093234863812172
1860 5.206750173022546
1997 3.009525595686327
2064 1.5647876386963615
2166 2.6418008155610093
2217 2.4876501357337513
2258 2.87137525720551
2271 0.34178311807220957
2309 3.7796338173824005
2351 3.129575277392723
2394 4.05407066308416
2444 3.666305132075397
2446 2.5326015235960173
2500 5.612215281130711
2538 1.422560539104285
2574 3.666305132075397
2575 4.22592092001082
2597 2.1157077196642304
2611 6.521680047934466
2638 2.130975191795019
2639 2.6040604875781623
2644 4.513602992462601
2674 1.0272478024601386
2675 3.6312138122641273
2679 3.414990703794491
2705 1.6657908489852322
2919 2.1944885975173447
3062 2.8396265588909295
3117 3.2373095265570386
3142 5.052599493195288
3212 11.799794707164983
3259 3.1918471524802814
3405 5.206750173022546
3414 3.7026727762462723
3436 4.695924549256556
3482 3.3096301881366648
3612 3.1918471524802814
3671 3.5645224377654547
3780 2.465910149097345
3820 1.7890234894091803
3827 3.2849375755462935
3840 1.2980660688599148
3896 1.403798262648762
4021 1.5054481989100525
4156 3.086486636822455
4302 1.8000126109847754
4314 2.764403137653342
4333 5.8604806140923245
4334 3.1698682457615064
4335 5.876133263408364
4381 4.029806041084529
4409 5.052599493195288
4416 1.3637200390813515
4437 2.4033897921160112
4481 2.146479378330984
4497 5.052599493195288
4522 0.5207142953092883
4549 2.6418008155610093
4625 1.8452180477528222
4977 5.389071729816501
5239 6.305362461690656
5388 3.47214911763444
5484 0.9464204733261844
5518 1.5868635903955612
5533 3.7026727762462723
5550 3.666305132075397
5554 2.1081605140288473
5555 2.4033897921160112
5615 2.049749751872433
5620 3.8204558119026557
5630 0.23830767558032406
5681 4.8012850649143815
5895 2.4033897921160112
5925 4.433560284789064
5986 3.3609234825242154
5999 2.5098732725184614
6043 1.5913378707904824
6153 4.600614369452231
6178 5.389071729816501
6234 2.6290617897835795
6300 3.7026727762462723
6389 3.1273086313427103
6447 1.2880826248757316
6484 4.359452312635343
6539 2.434161450782765
6583 1.7258895023377248
6620 10.798464738877085
6737 6.9985096422506015
6908 1.0061308387793944
7019 2.130975191795019
7104 -2.6539516666051686
7453 5.389071729816501
7455 6.305362461690656
7487 1.8167260919585162
7497 2.8056012892666633
7505 3.740413104229119
7569 1.0170954309961207
7591 2.0426825846493406
7677 5.389071729816501
7731 2.001297368486486
7734 3.3096301881366648
7772 4.165296298194385
7799 4.108137884354437
7821 6.9985096422506015
7892 1.5517722705842913
8018 4.22592092001082
8064 4.165296298194385
8066 5.8998973535824915
8085 4.108137884354437
8096 1.4533321977710387
8168 11.847774728425948
8169 2.7218435232345457
8315 2.764403137653342
8690 2.7938170228596353
8710 1.102407559418776
8723 3.052477937158253
8822 2.2800107709555064
8837 3.1698682457615064
8880 1.67063347346102
8886 1.3081501879265407
8898 6.775183459212753
8946 2.7218435232345457
9024 4.359452312635343
9106 1.0850066366123312
9115 3.047265923669174
9131 5.8998973535824915
9192 4.00277736869661
9243 3.3875917296063767
9490 6.9985096422506015
9554 2.543323789326808
9589 3.9346028577323438
9590 3.3096301881366648
9729 1.4931781063182383
9733 2.1700132732246624
9817 1.3183370332335338
9970 0.4837969513780714
10029 2.4237986637472186
10076 2.750014400201242
10242 6.9985096422506015
10370 9.83813620114153
10422 0.7087940713416041
10431 1.4437323058179135
10447 1.829844710114914
10522 2.9911764570181303
10646 3.9539872045271784
10691 3.414990703794491
10699 2.298029276458185
10734 2.735829765209286
10770 2.4876501357337513
10868 -0.18536107281185138
10896 5.612215281130711
10897 4.00277736869661
10914 9.54604027356946
10918 6.9985096422506015
10920 2.20271909665386
10962 2.6290617897835795
10973 5.587634045719271
11032 4.350851992840296
11034 1.5958322603783217
11110 1.6204910383360227
11162 5.389071729816501
11168 1.2781978656431896
11170 2.5676928434072877
11218 0.5720211847929105
11299 -3.6482793330615655
11305 2.0640357091199095
11334 1.994563336305142
11379 2.0426825846493406
11386 2.1157077196642304
11413 4.919068100570765
11467 5.612215281130711
11485 3.3875917296063767
11646 2.3541187431092285
11648 5.052599493195288
11671 2.2535775138873513
11790 2.2449194511442365
11969 1.5164675941596633
11984 2.4237986637472186
12060 1.5220460903190904
12063 15.629868755569142
12092 4.108137884354437
12122 1.1963912668735384
12171 4.165296298194385
12203 5.052599493195288
12377 2.6920409239639014
12380 3.2849375755462935
12465 3.3096301881366648
12553 2.1431672325603808
12578 2.4237986637472186
12723 2.288979440938267
12972 2.8553749158590684
13045 1.886521853894058
13071 3.086486636822455
13080 0.8123010183501074
13102 2.735829765209286
13183 3.502002080784121
13287 6.9985096422506015
13319 1.8055527913603908
13354 1.8280256472124494
13378 5.206750173022546
13390 2.236335707452845
13508 1.7255100836868542
13565 1.9878743481543455
13572 1.8745456628473423
13672 1.5262389685791264
13750 2.162227735299123
13843 2.1782280766455644
13859 8.866375123248154
14029 4.600614369452231
14174 1.7945029551738059
14237 -0.6972483483041599
14267 -1.1471081799405454
14352 0.9464204733261844
14357 2.476721065201561
14381 0.2288676653980985
14410 5.8998973535824915
14430 9.928890564409993
14431 2.06986059726431
14463 3.34126694692204
14563 2.6418008155610093
14612 2.1863252868781835
14681 4.22592092001082
14738 16.167215189449504
14780 4.513602992462601
15089 3.3349479961209547
15181 1.751485570090115
15191 4.359452312635343
15192 1.489121305622624
15279 3.21432000833234
15332 -12.418493841164961
15341 0.7959741250626788
15349 5.052599493195288
15468 1.1549652252192415
15471 1.3881216796572402
15472 2.735829765209286
15570 2.7218435232345457
15725 3.5645224377654547
15771 0.023095714794649395
