403
177 4.513602992462601
194 3.0799945546376724
209 1.7001922757025645
279 5.283601631122019
356 2.591790394986348
360 5.206750173022546
365 3.414990703794491
403 6.9985096422506015
443 5.052599493195288
458 8.33059259638877
464 4.513602992462601
466 3.8204558119026557
469 4.8012850649143815
512 2.0785287164224764
551 3.9074671888922854
646 2.219386149139072
657 2.0640357091199095
666 6.521680047934466
671 4.00277736869661
710 2.8553749158590684
753 6.305362461690656
782 6.305362461690656
787 2.035665011990694
848 3.7796338173824005
862 2.344549292093078
899 4.22592092001082
978 4.59605855291637
1060 0.1865007192496546
1062 2.591790394986348
1094 4.670141096277068
1122 3.1698682457615064
1379 2.685207329484418
1404 2.7417770571199283
1533 4.108137884354437
1686 4.619860900876966
1692 4.388977195034689
1750 1.1068654304248302
1757 3.9539872045271784
1760 5.8998973535824915
1764 5.612215281130711
1782 2.7218435232345457
1842 2.0286963426746007
1889 3.414990703794491
1896 1.7835738846416156
1906 3.597312260588446
2070 1.4730567031188173
2087 8.66290733423187
2201 2.035665011990694
2242 3.9539872045271784
2245 6.305362461690656
2258 2.87137525720551
2269 3.7372218546550555
2271 2.7342649445776765
2280 6.305362461690656
2333 9.602570129828763
2334 1.5879037593638217
2337 4.600614369452231
2351 1.5647876386963615
2358 6.254617262685421
2446 2.5326015235960173
2450 -3.665141374221664
2471 5.389071729816501
2501 5.052599493195288
2513 1.8280256472124494
2519 3.3804838896987928
2538 2.84512107820857
2576 4.22592092001082
2639 2.6040604875781623
2640 5.471659530418572
2808 6.305362461690656
2825 4.8012850649143815
2828 5.389071729816501
2935 1.2640783890383267
2977 3.47214911763444
3005 7.262427624528255
3084 4.8012850649143815
3122 5.206750173022546
3215 2.359923404764412
3293 3.6312138122641273
3359 3.8630154263214513
3392 2.20271909665386
3489 3.884527673804586
3525 5.612215281130711
3535 6.9985096422506015
3578 1.2031599740689096
3590 5.052599493195288
3597 2.8876357780772897
3690 1.4972514317058743
3708 3.8630154263214513
3780 2.465910149097345
3785 2.87137525720551
3818 4.05407066308416
3852 5.389071729816501
3867 3.2373095265570386
3890 6.829981407588982
3898 3.047265923669174
3901 7.091341962062895
3964 3.5327737394508745
3982 4.307724890427142
3993 5.389071729816501
4053 -1.3456813537639671
4198 3.7796338173824005
4222 2.3256808077886952
4226 3.3609234825242154
4232 9.302723231154781
4357 6.305362461690656
4405 1.3460204619819507
4416 1.3637200390813515
4507 2.298029276458185
4522 0.2603571476546441
4549 2.6418008155610093
4576 2.085854756514549
4697 5.612215281130711
4743 4.513602992462601
4750 0.994658549464184
4785 3.9074671888922854
4809 2.8088549002241754
4815 10.887374092938183
4878 1.3672978604292356
4882 2.130975191795019
4909 1.4690805547391779
4970 1.9746291214043248
5033 2.1233123190494494
5055 2.2278250177849364
5073 4.290459441148391
5122 2.7938170228596353
5161 3.047265923669174
5241 4.433560284789064
5339 1.1784267118982394
5430 2.750014400201242
5461 5.052599493195288
5484 0.9464204733261844
5587 2.5326015235960173
5630 0.11915383779016203
5654 4.919068100570765
5680 1.5913378707904824
5700 3.1483620405405426
5727 5.8998973535824915
5752 7.907974409054357
5895 4.8067795842320225
5897 18.156069061320636
5898 3.9074671888922854
5937 4.165296298194385
5983 3.975748696308691
5999 5.019746545036923
6003 3.3609234825242154
6026 2.66777630196427
6052 6.305362461690656
6101 4.165296298194385
6122 3.502002080784121
6156 3.6000252219695508
6218 4.00277736869661
6228 1.2947271675944
6235 2.454137038241171
6307 3.2373095265570386
6335 2.476721065201561
6345 3.414990703794491
6363 6.305362461690656
6433 3.0924137447604148
6449 3.9074671888922854
6507 2.6290617897835795
6567 2.579669034454003
6583 0.8629447511688624
6586 2.288979440938267
6627 5.612215281130711
6660 2.7938170228596353
6794 3.9074671888922854
6900 5.612215281130711
6908 1.3415077850391925
6929 4.8012850649143815
6961 10.778143459633002
6983 3.414990703794491
6989 4.600614369452231
7021 6.9985096422506015
7044 7.522063319335384
7104 -1.3269758333025843
7170 1.6186122887101415
7192 15.361420182621412
7278 17.161837764593564
7286 1.4112609838503516
7299 2.8553749158590684
7304 4.22592092001082
7327 3.5327737394508745
7346 3.5645224377654547
7459 2.1944885975173447
7471 6.569875151092587
7472 6.305362461690656
7482 1.8055527913603908
7497 1.4028006446333317
7527 10.724086114857164
7534 2.485534857327378
7569 1.0170954309961207
7578 0.5215372793609184
7595 4.359452312635343
7597 2.1863252868781835
7622 2.764403137653342
7628 4.513602992462601
7691 10.693567313296365
7781 2.6040604875781623
7838 2.1081605140288473
7917 3.414990703794491
7968 3.047265923669174
7991 1.3149298749119196
8142 2.9041650800285006
8216 4.00277736869661
8256 1.6803896484063847
8265 4.108137884354437
8419 5.052599493195288
8439 0.4690908039883759
8444 3.5780469788183606
8506 4.00277736869661
8507 4.600614369452231
8570 4.513602992462601
8609 5.8998973535824915
8615 13.472222745232155
8633 9.201228738904462
8692 4.513602992462601
8707 4.8012850649143815
8710 0.551203779709388
8723 1.5262389685791264
8731 2.0286963426746007
8736 1.1933746733341126
8740 5.612215281130711
8840 3.1698682457615064
8850 1.7153059135126125
8869 2.1782280766455644
8880 1.67063347346102
8928 1.3355491621146554
8962 5.052599493195288
8975 2.3933394562625097
8978 1.6140145794615122
8993 5.946315903030904
9033 12.16221198925248
9109 11.224430562261421
9151 1.258716730071367
9170 0.6116303228879563
9223 3.047265923669174
9365 2.9945028634117485
9420 6.305362461690656
9428 2.498699971920336
9447 4.359452312635343
9484 3.9539872045271784
9537 1.3092584162485406
9554 1.271661894663404
9585 9.928890564409993
9709 1.082307579643166
9733 1.0850066366123312
9765 1.7835738846416156
9800 8.867120569578129
9836 7.332610264150794
9956 3.47214911763444
9970 0.9675939027561428
10030 2.413542163580029
10114 1.3014161557451966
10199 2.3256808077886952
10231 3.2373095265570386
10309 5.612215281130711
10326 0.5230769255465112
10329 -0.4201813914191953
10478 13.540808977387801
10543 4.8012850649143815
10561 1.6003469407328483
10601 3.740413104229119
10650 4.108137884354437
10655 3.8204558119026557
10751 1.5879037593638217
10825 4.029806041084529
10837 5.612215281130711
10859 3.086486636822455
10868 -0.7414442912474055
10929 3.1066893441399746
10934 8.00555473739322
10942 5.8998973535824915
10949 8.718904625270685
10961 5.8998973535824915
10981 6.17297327364491
10997 6.296724081081085
11011 4.22592092001082
11023 2.576165249751463
11034 3.1916645207566434
11044 3.9074671888922854
11102 0.6652300141109108
11106 2.021775899830027
11111 6.9985096422506015
11167 4.108137884354437
11168 1.2781978656431896
11299 -5.733010380525317
11393 6.569875151092587
11453 2.727440078162703
11522 2.555858385760285
11548 5.8998973535824915
11663 5.389071729816501
11671 2.2535775138873513
11788 3.3096301881366648
11809 4.165296298194385
11831 3.597312260588446
11840 1.6902419448493964
11841 2.8396265588909295
11907 2.434161450782765
11945 1.9550845253313545
11961 3.3096301881366648
11969 5.307636579558821
11986 5.612215281130711
12017 4.165296298194385
12047 1.4416815805510634
12081 2.363780654020965
12093 1.6803896484063847
12129 3.3349479961209547
12148 4.513602992462601
12172 3.9074671888922854
12241 2.579669034454003
12274 5.612215281130711
12341 2.8088549002241754
12377 1.3460204619819507
12383 1.2523064517104479
12455 -0.2152586658680402
12458 9.928890564409993
12487 4.8012850649143815
12553 2.1431672325603808
12639 4.165296298194385
12654 5.052599493195288
12674 3.155949285956631
12708 1.5958322603783217
12789 4.695924549256556
12833 1.9260564194516896
12853 1.152070867192877
12886 5.206750173022546
12978 2.383389125409342
12992 4.6513616155773905
13038 4.8012850649143815
13045 1.886521853894058
13105 6.305362461690656
13208 1.3115342859107813
13227 3.666305132075397
13319 1.8055527913603908
13476 6.9985096422506015
13508 1.7255100836868542
13511 5.8998973535824915
13515 6.305362461690656
13547 1.6003469407328483
13553 -2.222764559665152
13653 5.389071729816501
13670 7.849449022730158
13672 1.5262389685791264
13734 1.942263836902293
13761 2.6040604875781623
13791 3.047265923669174
13843 2.1782280766455644
13891 1.2131850577159984
13906 4.108137884354437
13916 6.213378688279949
13968 3.3349479961209547
13988 5.206750173022546
14044 1.4611753752320646
14078 2.5098732725184614
14081 4.359452312635343
14107 4.847597327494437
14237 -0.6972483483041599
14259 5.8998973535824915
14267 -0.7647387866270302
14268 4.290459441148391
14308 4.128071418239819
14309 1.5137127087599462
14381 0.6866029961942954
14433 4.22592092001082
14449 3.21432000833234
14490 3.3096301881366648
14519 3.086486636822455
14523 2.8553749158590684
14537 4.695924549256556
14556 2.8876357780772897
14572 5.052599493195288
14644 3.597312260588446
14682 3.0863770537857995
14796 6.305362461690656
14830 2.7790019370744945
14868 17.43780925054137
14906 2.408183642183698
14933 3.7026727762462723
15121 1.5868635903955612
15155 2.0712336022232116
15173 3.009525595686327
15202 13.15051570619082
15207 13.64057544500745
15224 2.9041650800285006
15259 7.992497724829015
15332 -10.866182111019342
15358 2.579669034454003
15373 2.443082253939354
15402 5.052599493195288
15435 5.500028800402484
15462 5.8998973535824915
15479 4.433560284789064
15551 1.1578679848772029
15626 4.22592092001082
15657 4.600614369452231
15672 0.7275212103923018
15677 3.155949285956631
15685 1.7432809162728324
15700 4.22592092001082
15709 2.1863252868781835
15771 0.06928714438394819
15816 3.9539872045271784
