38
1567 4.22592092001082
1755 3.47214911763444
1864 3.047265923669174
2166 5.283601631122019
2351 1.5647876386963615
4333 1.4651201535230811
4391 3.260840023967233
4481 2.146479378330984
4964 0.563963123463148
5316 2.236335707452845
5397 4.22592092001082
5630 0.23830767558032406
5987 4.433560284789064
6153 4.600614369452231
6620 1.7997441231461808
6819 1.7153059135126125
8168 1.9746291214043248
8664 2.7938170228596353
9122 1.3744921360632627
9589 1.3115342859107813
9709 2.164615159286332
10290 4.290459441148391
10868 -0.18536107281185138
10914 1.3637200390813515
10920 2.20271909665386
11296 2.764403137653342
11299 -1.0423655237318759
11334 1.994563336305142
11386 2.1157077196642304
11646 2.3541187431092285
11648 5.052599493195288
12060 4.566138270957271
12465 9.928890564409993
12578 2.4237986637472186
13572 1.8745456628473423
13867 1.087712998210074
14553 4.359452312635343
14656 2.2811529755342836
