146
357 6.305362461690656
491 3.1066893441399746
583 2.9041650800285006
978 2.298029276458185
1060 0.1865007192496546
1487 4.22592092001082
1567 4.22592092001082
1755 3.47214911763444
1864 3.047265923669174
2166 5.283601631122019
2224 1.981229805435677
2309 3.7796338173824005
2351 4.6943629160890845
2421 1.5431885268928998
2446 2.5326015235960173
2450 -0.6108568957036107
2575 4.22592092001082
2601 6.213378688279949
2611 3.260840023967233
2639 2.6040604875781623
3046 2.9911764570181303
3354 3.2373095265570386
3612 3.1918471524802814
3896 1.403798262648762
4258 3.3096301881366648
4333 5.8604806140923245
4335 2.938066631704182
4381 4.029806041084529
4391 3.260840023967233
4416 2.727440078162703
4437 2.4033897921160112
4481 4.292958756661968
4625 1.8452180477528222
4866 2.5211728277723946
4878 1.3672978604292356
4964 0.563963123463148
5059 5.612215281130711
5316 2.236335707452845
5397 4.22592092001082
5533 3.7026727762462723
5554 2.1081605140288473
5630 0.5957691889508101
5918 5.052599493195288
5987 4.433560284789064
6064 2.138697237888929
6153 4.600614369452231
6234 2.6290617897835795
6433 0.5154022907934025
6484 4.359452312635343
6530 3.3609234825242154
6618 2.0568672196412967
6620 7.198976492584723
6819 1.7153059135126125
6908 0.33537694625979814
7019 2.130975191795019
7028 2.764403137653342
7344 3.2650672544574997
7497 0.7014003223166658
7505 3.740413104229119
7569 1.0170954309961207
7677 5.389071729816501
7799 4.108137884354437
8061 4.165296298194385
8168 5.923887364212974
8315 2.764403137653342
8664 2.7938170228596353
8690 5.587634045719271
8710 0.551203779709388
8714 4.22592092001082
8723 1.5262389685791264
8850 1.7153059135126125
8898 3.3875917296063767
9122 1.3744921360632627
9243 3.3875917296063767
9346 2.498699971920336
9589 1.3115342859107813
9680 3.597312260588446
9709 2.164615159286332
9729 5.972712425272953
10029 2.4237986637472186
10196 2.5211728277723946
10231 3.2373095265570386
10290 4.290459441148391
10306 2.15432255579201
10431 1.4437323058179135
10447 1.2198964734099427
10691 6.829981407588982
10699 6.894087829374555
10868 -0.18536107281185138
10897 4.00277736869661
10914 5.454880156325406
10920 2.20271909665386
11032 3.263138994630222
11110 0.8102455191680114
11162 5.389071729816501
11168 1.2781978656431896
11170 2.5676928434072877
11296 5.528806275306684
11299 -5.211827618659379
11334 1.994563336305142
11379 2.0426825846493406
11386 2.1157077196642304
11413 4.919068100570765
11419 3.1273086313427103
11591 2.7218435232345457
11646 2.3541187431092285
11648 5.052599493195288
11790 2.2449194511442365
11969 0.7582337970798316
11984 4.847597327494437
12060 7.610230451595452
12122 1.1963912668735384
12149 5.389071729816501
12171 4.165296298194385
12377 1.3460204619819507
12465 9.928890564409993
12553 1.0715836162801904
12578 4.847597327494437
12797 2.7218435232345457
13080 0.8123010183501074
13378 5.206750173022546
13399 3.086486636822455
13508 3.4510201673737084
13572 1.8745456628473423
13613 1.8111238364098463
13859 5.910916748832102
13867 1.087712998210074
14267 -0.3823693933135151
14352 0.9464204733261844
14381 0.2288676653980985
14430 3.3096301881366648
14553 4.359452312635343
14612 2.1863252868781835
14654 10.693567313296365
14656 2.2811529755342836
14760 5.612215281130711
15089 3.3349479961209547
15181 5.254456710270345
15195 3.0282177286984795
15279 3.21432000833234
15332 -6.209246920582481
15341 1.5919482501253577
15468 1.1549652252192415
15471 0.6940608398286201
15472 2.735829765209286
15570 2.7218435232345457
