253
55 4.695924549256556
60 4.8012850649143815
241 1.6902419448493964
357 6.305362461690656
486 2.70805020110221
491 3.1066893441399746
583 2.9041650800285006
889 4.513602992462601
978 2.298029276458185
1060 0.1865007192496546
1487 4.22592092001082
1567 4.22592092001082
1755 3.47214911763444
1864 3.047265923669174
1896 3.567147769283231
1997 3.009525595686327
2064 3.129575277392723
2166 5.283601631122019
2217 2.4876501357337513
2224 1.981229805435677
2258 2.87137525720551
2271 0.34178311807220957
2291 3.5327737394508745
2309 3.7796338173824005
2351 4.6943629160890845
2421 1.5431885268928998
2446 2.5326015235960173
2450 -0.6108568957036107
2500 5.612215281130711
2538 1.422560539104285
2575 4.22592092001082
2601 6.213378688279949
2611 6.521680047934466
2639 2.6040604875781623
2674 2.054495604920277
2920 0.6795415285041667
3046 2.9911764570181303
3259 3.1918471524802814
3354 3.2373095265570386
3405 5.206750173022546
3482 3.3096301881366648
3612 3.1918471524802814
3745 5.8998973535824915
3780 2.465910149097345
3820 1.7890234894091803
3896 1.403798262648762
4070 1.1068654304248302
4156 3.086486636822455
4258 3.3096301881366648
4259 3.8630154263214513
4333 5.8604806140923245
4335 2.938066631704182
4381 4.029806041084529
4391 3.260840023967233
4416 2.727440078162703
4437 2.4033897921160112
4481 4.292958756661968
4497 5.052599493195288
4522 0.5207142953092883
4616 1.8925641683500207
4625 1.8452180477528222
4750 0.33155284982139466
4794 3.6312138122641273
4852 1.258716730071367
4866 2.5211728277723946
4878 1.3672978604292356
4909 1.4690805547391779
4912 1.9296054400303697
4964 0.563963123463148
4977 5.389071729816501
5033 2.1233123190494494
5059 5.612215281130711
5154 2.4446327506500602
5200 3.3096301881366648
5316 2.236335707452845
5388 3.47214911763444
5397 4.22592092001082
5484 0.9464204733261844
5533 3.7026727762462723
5550 3.666305132075397
5554 2.1081605140288473
5587 2.5326015235960173
5630 0.5957691889508101
5918 5.052599493195288
5987 4.433560284789064
6043 1.5913378707904824
6064 2.138697237888929
6153 4.600614369452231
6234 2.6290617897835795
6433 0.5154022907934025
6447 1.2880826248757316
6484 4.359452312635343
6530 3.3609234825242154
6583 0.8629447511688624
6604 5.052599493195288
6618 2.0568672196412967
6620 11.398379446592477
6819 1.7153059135126125
6908 0.6707538925195963
7019 2.130975191795019
7028 2.764403137653342
7104 -1.9904637499538764
7344 3.2650672544574997
7424 3.3609234825242154
7453 5.389071729816501
7455 6.305362461690656
7497 0.7014003223166658
7505 3.740413104229119
7569 1.0170954309961207
7677 5.389071729816501
7734 3.3096301881366648
7799 4.108137884354437
7935 2.335070548138534
8032 0.5108256237659907
8061 4.165296298194385
8082 3.47214911763444
8168 13.822403849830273
8169 2.7218435232345457
8315 2.764403137653342
8664 2.7938170228596353
8673 3.740413104229119
8690 5.587634045719271
8701 5.8998973535824915
8710 0.551203779709388
8714 4.22592092001082
8723 1.5262389685791264
8731 2.0286963426746007
8739 3.8204558119026557
8837 3.1698682457615064
8850 1.7153059135126125
8856 2.3163784151263815
8886 1.3081501879265407
8898 3.3875917296063767
8946 2.7218435232345457
9115 3.047265923669174
9122 1.3744921360632627
9131 5.8998973535824915
9169 3.4431615807611875
9243 3.3875917296063767
9346 2.498699971920336
9554 2.543323789326808
9589 1.3115342859107813
9590 3.3096301881366648
9680 3.597312260588446
9709 2.164615159286332
9711 1.8686109273275278
9713 5.206750173022546
9729 11.945424850545907
9954 8.45184184002164
10029 2.4237986637472186
10196 2.5211728277723946
10231 3.2373095265570386
10290 4.290459441148391
10306 2.15432255579201
10422 0.7087940713416041
10431 2.16559845872687
10447 1.2198964734099427
10691 6.829981407588982
10699 6.894087829374555
10734 2.735829765209286
10868 -0.18536107281185138
10897 4.00277736869661
10914 9.54604027356946
10920 2.20271909665386
10973 2.7938170228596353
11032 4.350851992840296
11034 1.5958322603783217
11110 0.8102455191680114
11162 5.389071729816501
11168 1.2781978656431896
11170 2.5676928434072877
11218 0.5720211847929105
11296 5.528806275306684
11299 -6.254193142391255
11334 1.994563336305142
11379 2.0426825846493406
11386 2.1157077196642304
11402 4.433560284789064
11413 4.919068100570765
11419 3.1273086313427103
11459 3.047265923669174
11591 2.7218435232345457
11646 2.3541187431092285
11648 5.052599493195288
11704 3.1483620405405426
11790 2.2449194511442365
11796 3.8204558119026557
11947 3.0282177286984795
11969 0.7582337970798316
11984 4.847597327494437
12040 3.5645224377654547
12060 7.610230451595452
12122 1.1963912668735384
12149 5.389071729816501
12171 4.165296298194385
12377 1.3460204619819507
12465 9.928890564409993
12553 2.1431672325603808
12578 4.847597327494437
12797 2.7218435232345457
12972 2.8553749158590684
13071 3.086486636822455
13080 0.8123010183501074
13102 2.735829765209286
13140 4.919068100570765
13319 1.8055527913603908
13354 1.8280256472124494
13378 5.206750173022546
13399 3.086486636822455
13473 4.00277736869661
13475 3.8204558119026557
13508 5.176530251060562
13560 5.206750173022546
13572 1.8745456628473423
13613 1.8111238364098463
13750 2.162227735299123
13859 5.910916748832102
13867 1.087712998210074
13965 4.359452312635343
13976 4.108137884354437
14029 4.600614369452231
14237 -0.6972483483041599
14267 -0.3823693933135151
14352 0.9464204733261844
14357 2.476721065201561
14381 0.2288676653980985
14430 6.6192603762733295
14463 3.34126694692204
14482 4.22592092001082
14516 2.1782280766455644
14522 3.8630154263214513
14553 4.359452312635343
14612 2.1863252868781835
14654 10.693567313296365
14656 2.2811529755342836
14738 10.778143459633002
14760 5.612215281130711
14814 4.8012850649143815
14978 4.513602992462601
15040 6.305362461690656
15089 3.3349479961209547
15181 5.254456710270345
15191 4.359452312635343
15195 3.0282177286984795
15279 3.21432000833234
15332 -9.313870380873722
15341 1.5919482501253577
15468 1.1549652252192415
15471 0.6940608398286201
15472 2.735829765209286
15570 2.7218435232345457
15771 0.04619142958929879
15805 2.008077055471865
