443
21 4.695924549256556
43 6.9985096422506015
177 4.513602992462601
186 6.9985096422506015
194 3.0799945546376724
279 2.6418008155610093
360 5.206750173022546
365 3.414990703794491
443 5.052599493195288
458 4.165296298194385
464 4.513602992462601
466 3.8204558119026557
512 4.157057432844953
646 2.219386149139072
657 2.0640357091199095
666 3.260840023967233
671 4.00277736869661
710 2.8553749158590684
787 4.071330023981388
848 3.7796338173824005
862 2.344549292093078
978 2.298029276458185
1060 0.06216690641655154
1062 2.591790394986348
1094 2.335070548138534
1122 3.1698682457615064
1161 6.305362461690656
1171 2.9209721983448818
1379 1.6111243976906509
1404 1.3708885285599641
1524 4.290459441148391
1628 6.305362461690656
1685 3.2373095265570386
1686 2.309930450438483
1750 3.320596291274491
1757 3.9539872045271784
1760 5.8998973535824915
1842 2.0286963426746007
1879 6.9985096422506015
1889 3.414990703794491
1909 2.8876357780772897
1940 2.6944445490464313
2051 8.00332890589281
2070 1.4730567031188173
2087 2.8876357780772897
2201 2.035665011990694
2258 2.87137525720551
2269 1.8686109273275278
2271 1.7089155903610478
2280 6.305362461690656
2334 0.7939518796819108
2337 4.600614369452231
2351 1.5647876386963615
2353 4.108137884354437
2446 2.5326015235960173
2450 -3.0542844785180536
2471 10.778143459633002
2501 5.052599493195288
2538 2.84512107820857
2545 9.602570129828763
2576 4.22592092001082
2639 2.6040604875781623
2640 2.735829765209286
2652 4.108137884354437
2696 4.359452312635343
2780 3.9539872045271784
2808 6.305362461690656
2825 4.8012850649143815
2935 1.2640783890383267
2940 1.6278716141229383
2977 3.47214911763444
3005 3.6312138122641273
3055 4.600614369452231
3122 5.206750173022546
3215 1.7699425535733089
3374 3.9361434417163315
3392 2.20271909665386
3434 6.9985096422506015
3448 3.1273086313427103
3489 3.884527673804586
3516 4.157057432844953
3525 5.612215281130711
3578 1.2031599740689096
3597 2.8876357780772897
3732 5.052599493195288
3785 2.87137525720551
3807 2.3256808077886952
3818 4.05407066308416
3820 1.7890234894091803
3852 5.389071729816501
3867 6.474619053114077
3890 6.829981407588982
3896 1.403798262648762
3901 4.72756130804193
3923 6.254617262685421
3964 3.5327737394508745
3981 3.3609234825242154
3982 7.538518558247499
4053 -1.6447216546004042
4147 5.8998973535824915
4198 3.7796338173824005
4216 4.695924549256556
4230 2.0149030205422647
4232 18.605446462309562
4241 2.4033897921160112
4254 3.740413104229119
4295 2.9209721983448818
4357 6.305362461690656
4405 1.3460204619819507
4416 1.3637200390813515
4437 2.4033897921160112
4502 2.8088549002241754
4522 1.3017857382732205
4545 5.206750173022546
4573 3.740413104229119
4576 2.085854756514549
4586 6.019051191372654
4593 3.9074671888922854
4621 2.7218435232345457
4646 1.8686109273275278
4649 4.22592092001082
4697 5.612215281130711
4750 0.33155284982139466
4773 4.108137884354437
4785 3.9074671888922854
4815 5.443687046469091
4857 2.0712559570933964
4878 1.3672978604292356
4882 4.261950383590038
4909 1.4690805547391779
4956 2.413542163580029
5033 4.246624638098899
5073 4.290459441148391
5122 2.7938170228596353
5208 2.5676928434072877
5230 4.695924549256556
5241 4.433560284789064
5307 2.9911764570181303
5430 2.750014400201242
5461 5.052599493195288
5484 1.8928409466523688
5518 1.5868635903955612
5554 4.216321028057695
5555 9.613559168464045
5590 1.4533321977710387
5630 0.11915383779016203
5680 1.5913378707904824
5685 7.814934377784571
5700 3.1483620405405426
5774 5.612215281130711
5779 3.21432000833234
5789 5.389071729816501
5812 3.1698682457615064
5850 3.047265923669174
5895 2.4033897921160112
5897 7.262427624528255
5937 4.165296298194385
6010 6.305362461690656
6026 2.66777630196427
6043 1.5913378707904824
6052 6.305362461690656
6088 1.2146844599208637
6101 4.165296298194385
6140 4.42203579893711
6156 1.8000126109847754
6218 4.00277736869661
6228 1.2947271675944
6234 2.6290617897835795
6236 2.9209721983448818
6262 3.4431615807611875
6335 2.476721065201561
6363 6.305362461690656
6433 3.0924137447604148
6552 6.305362461690656
6555 8.97352937105439
6567 2.579669034454003
6657 8.554788951555716
6660 2.7938170228596353
6754 2.4049037829704587
6794 3.9074671888922854
6800 6.9985096422506015
6801 4.433560284789064
6802 3.47214911763444
6834 3.4431615807611875
6900 5.612215281130711
6908 1.3415077850391925
6929 4.8012850649143815
6970 2.1863252868781835
6971 3.597312260588446
6989 4.600614369452231
7025 1.0095482253607377
7044 3.761031659667692
7152 3.8204558119026557
7170 1.6186122887101415
7192 15.361420182621412
7209 5.206750173022546
7278 4.290459441148391
7299 2.8553749158590684
7321 3.3875917296063767
7327 3.5327737394508745
7346 3.5645224377654547
7458 3.502002080784121
7471 6.569875151092587
7497 1.4028006446333317
7527 5.362043057428582
7534 1.242767428663689
7569 2.0341908619922413
7595 4.359452312635343
7597 2.1863252868781835
7622 2.764403137653342
7628 4.513602992462601
7688 3.086486636822455
7691 3.5645224377654547
7757 4.22592092001082
7775 4.22592092001082
7781 2.6040604875781623
7817 3.9074671888922854
7838 2.1081605140288473
7854 6.721846965048431
7917 3.414990703794491
7919 5.389071729816501
7968 3.047265923669174
7981 2.0426825846493406
7991 2.629859749823839
8030 3.1918471524802814
8037 4.22592092001082
8142 2.9041650800285006
8183 6.9985096422506015
8216 4.00277736869661
8242 4.071330023981388
8263 3.414990703794491
8265 4.108137884354437
8315 2.764403137653342
8419 5.052599493195288
8439 0.4690908039883759
8444 1.7890234894091803
8615 8.083333647139295
8658 4.695924549256556
8660 1.675499663112193
8692 4.513602992462601
8707 4.8012850649143815
8710 2.204815118837552
8723 3.052477937158253
8731 2.0286963426746007
8740 5.612215281130711
8820 6.305362461690656
8840 3.1698682457615064
8850 5.145917740537838
8928 1.3355491621146554
8930 6.9985096422506015
8962 5.052599493195288
8975 2.3933394562625097
8993 2.973157951515452
9033 12.16221198925248
9109 5.612215281130711
9122 2.7489842721265254
9151 1.258716730071367
9170 0.6116303228879563
9223 3.047265923669174
9230 3.3096301881366648
9310 3.4431615807611875
9353 2.476721065201561
9365 1.4972514317058743
9428 4.997399943840672
9447 4.359452312635343
9465 6.9985096422506015
9480 4.513602992462601
9484 3.9539872045271784
9537 1.3092584162485406
9554 3.814985683990212
9585 9.928890564409993
9602 2.2800107709555064
9733 1.0850066366123312
9800 4.433560284789064
9836 3.666305132075397
9862 5.612215281130711
9890 4.919068100570765
9956 3.47214911763444
9970 3.3865786596464997
10076 2.750014400201242
10093 6.9985096422506015
10114 1.3014161557451966
10265 6.305362461690656
10309 5.612215281130711
10326 0.5230769255465112
10329 -0.21009069570959765
10393 1.9746291214043248
10431 1.4437323058179135
10433 6.305362461690656
10445 3.3875917296063767
10478 4.513602992462601
10561 1.6003469407328483
10601 3.740413104229119
10650 4.108137884354437
10655 3.8204558119026557
10751 4.763711278091465
10759 3.0666840095262753
10801 4.433560284789064
10825 2.0149030205422647
10837 5.612215281130711
10868 -1.1121664368711084
10929 3.1066893441399746
10934 4.00277736869661
10942 5.8998973535824915
10949 13.078356937906028
10997 3.1483620405405426
11011 4.22592092001082
11044 3.9074671888922854
11050 3.9539872045271784
11072 4.290459441148391
11102 0.6652300141109108
11110 1.6204910383360227
11134 5.612215281130711
11167 4.108137884354437
11186 6.9985096422506015
11218 0.5720211847929105
11299 -7.817741427989069
11353 5.617709800448351
11379 2.0426825846493406
11416 2.1782280766455644
11446 3.597312260588446
11453 2.727440078162703
11597 6.133368019052551
11671 2.2535775138873513
11730 5.612215281130711
11788 3.3096301881366648
11831 3.597312260588446
11841 2.8396265588909295
11889 5.558003874148989
11907 2.434161450782765
11945 3.910169050662709
11961 3.3096301881366648
11969 1.5164675941596633
11972 3.21432000833234
11986 5.612215281130711
12000 6.305362461690656
12047 1.4416815805510634
12070 5.74275051441102
12129 3.3349479961209547
12148 4.513602992462601
12151 3.1698682457615064
12172 3.9074671888922854
12231 4.359452312635343
12297 4.8012850649143815
12341 2.8088549002241754
12377 1.3460204619819507
12383 1.2523064517104479
12455 -0.2152586658680402
12458 16.548150940683325
12543 3.5645224377654547
12553 2.1431672325603808
12639 4.165296298194385
12654 5.052599493195288
12708 1.5958322603783217
12715 5.206750173022546
12717 0.5999147077153936
12789 4.695924549256556
12853 2.304141734385754
12869 4.05407066308416
12878 3.5327737394508745
12886 5.206750173022546
12896 3.2373095265570386
12946 0.5932811842197597
12972 2.8553749158590684
12978 2.383389125409342
13045 3.773043707788116
13080 0.8123010183501074
13105 6.305362461690656
13227 3.666305132075397
13273 3.3096301881366648
13319 1.8055527913603908
13438 5.11171677152057
13440 1.4770487243883548
13513 3.7026727762462723
13515 6.305362461690656
13547 1.6003469407328483
13553 -1.8523037997209602
13558 10.778143459633002
13670 5.232966015153439
13672 4.578716905737379
13718 2.6850356628614973
13734 1.942263836902293
13761 2.6040604875781623
13791 3.047265923669174
13825 2.7218435232345457
13843 2.1782280766455644
13867 2.175425996420148
13891 0.6065925288579992
13906 4.108137884354437
13916 6.213378688279949
13961 4.00277736869661
13968 3.3349479961209547
14008 6.003892105459458
14041 5.052599493195288
14044 2.9223507504641293
14081 4.359452312635343
14107 4.847597327494437
14180 4.165296298194385
14226 5.8998973535824915
14237 -2.09174504491248
14242 2.5326015235960173
14267 -1.9118469665675755
14308 4.128071418239819
14309 3.0274254175198925
14416 0.7739512129752414
14431 1.034930298632155
14433 4.22592092001082
14449 3.21432000833234
14463 1.67063347346102
14516 4.356456153291129
14537 4.695924549256556
14644 3.597312260588446
14707 5.389071729816501
14796 6.305362461690656
14830 2.7790019370744945
14868 8.718904625270685
14874 4.8012850649143815
14906 2.0068197018197482
15010 6.9985096422506015
15037 2.3163784151263815
15146 4.290459441148391
15200 5.8998973535824915
15202 20.821649868135463
15207 7.794614540004257
15209 2.579669034454003
15249 5.8998973535824915
15259 11.988746587243522
15282 6.305362461690656
15332 -7.761558650728101
15341 0.7959741250626788
15371 4.8012850649143815
15373 1.628721502626236
15435 2.750014400201242
15462 5.8998973535824915
15479 4.433560284789064
15490 5.8998973535824915
15626 4.22592092001082
15677 1.5779746429783155
15685 2.6149213744092488
15709 2.1863252868781835
15771 0.11547857397324697
15814 6.786933581568317
15816 3.9539872045271784
