336
11 6.305362461690656
60 4.8012850649143815
194 0.7699986386594181
486 2.70805020110221
491 3.1066893441399746
495 2.8396265588909295
631 4.00277736869661
888 4.05407066308416
978 2.298029276458185
1567 4.22592092001082
1755 3.47214911763444
1839 2.093234863812172
1860 5.206750173022546
1864 3.047265923669174
1884 1.9486536350010641
1891 4.600614369452231
1896 1.7835738846416156
1922 1.6952047341915255
1929 2.1081605140288473
1957 1.8223599096767722
2064 1.5647876386963615
2166 5.283601631122019
2172 4.359452312635343
2240 1.65617539028579
2258 2.87137525720551
2269 3.7372218546550555
2271 0.34178311807220957
2334 0.7939518796819108
2351 3.129575277392723
2357 1.1873686492739008
2410 6.305362461690656
2421 3.0863770537857995
2422 4.919068100570765
2446 5.065203047192035
2450 -0.6108568957036107
2536 1.7835738846416156
2538 1.422560539104285
2576 4.22592092001082
2611 6.521680047934466
2639 2.6040604875781623
2675 3.6312138122641273
2820 2.4446327506500602
2893 2.5098732725184614
2935 2.5281567780766534
2940 1.6278716141229383
3010 6.9985096422506015
3354 3.2373095265570386
3389 5.8998973535824915
3414 3.7026727762462723
3546 5.206750173022546
3631 4.05407066308416
3715 4.290459441148391
3781 9.83813620114153
3820 1.7890234894091803
3824 4.00277736869661
3840 1.2980660688599148
3896 2.807596525297524
4021 1.5054481989100525
4053 -0.07476007520910928
4070 2.2137308608496604
4122 6.305362461690656
4123 4.919068100570765
4174 3.3875917296063767
4184 5.8998973535824915
4202 4.05407066308416
4208 1.5220460903190904
4214 2.465910149097345
4309 2.681021528714291
4333 11.720961228184649
4335 5.876133263408364
4366 3.975748696308691
4381 2.0149030205422647
4397 3.666305132075397
4416 2.727440078162703
4522 0.2603571476546441
4537 3.0588716320484384
4625 1.8452180477528222
4671 4.00277736869661
4681 6.305362461690656
4695 2.87137525720551
4846 2.021775899830027
4852 1.258716730071367
4866 2.5211728277723946
4876 2.2449194511442365
4909 4.407241664217533
4917 5.389071729816501
4922 4.359452312635343
4962 5.206750173022546
4964 0.563963123463148
5104 5.8998973535824915
5119 2.3933394562625097
5125 6.305362461690656
5154 2.4446327506500602
5210 4.695924549256556
5316 2.236335707452845
5407 6.305362461690656
5436 2.8876357780772897
5443 2.9041650800285006
5478 4.433560284789064
5559 4.513602992462601
5587 2.5326015235960173
5630 0.8340768645311343
5635 2.20271909665386
5687 4.157057432844953
5717 5.612215281130711
5729 4.359452312635343
5822 4.8012850649143815
5986 3.3609234825242154
6043 3.182675741580965
6078 5.11171677152057
6153 4.600614369452231
6201 5.389071729816501
6220 6.9985096422506015
6234 5.258123579567159
6300 3.7026727762462723
6345 3.414990703794491
6447 1.2880826248757316
6530 3.3609234825242154
6548 2.0785287164224764
6576 3.666305132075397
6600 6.9985096422506015
6620 13.198123569738659
6657 2.138697237888929
6819 1.7153059135126125
6908 1.0061308387793944
6929 4.8012850649143815
7006 8.10814132616832
7025 2.0190964507214755
7028 8.293209412960024
7053 3.9074671888922854
7076 2.434161450782765
7104 -4.644415416559045
7160 4.919068100570765
7170 1.6186122887101415
7397 2.87137525720551
7405 6.9985096422506015
7448 4.695924549256556
7633 1.8745456628473423
7668 5.052599493195288
7731 4.002594736972972
7734 3.3096301881366648
7738 6.305362461690656
7797 3.047265923669174
7838 2.1081605140288473
7885 3.9539872045271784
7917 3.414990703794491
7924 3.2849375755462935
7965 3.773043707788116
8032 0.5108256237659907
8039 6.305362461690656
8043 1.730651483187273
8168 11.847774728425948
8169 5.443687046469091
8256 1.6803896484063847
8315 5.528806275306684
8615 2.6944445490464313
8621 2.6418008155610093
8643 2.001297368486486
8660 1.675499663112193
8664 2.7938170228596353
8667 11.589046278964354
8673 3.740413104229119
8710 1.102407559418776
8712 3.3349479961209547
8714 4.22592092001082
8723 1.5262389685791264
8731 2.0286963426746007
8751 3.8630154263214513
8784 2.146479378330984
8837 6.339736491523013
8880 1.67063347346102
8893 5.8998973535824915
8978 1.6140145794615122
9106 1.0850066366123312
9151 1.258716730071367
9164 3.597312260588446
9169 3.4431615807611875
9170 0.6116303228879563
9175 3.597312260588446
9225 4.8012850649143815
9243 10.16277518881913
9353 4.953442130403122
9365 1.4972514317058743
9478 5.612215281130711
9537 0.6546292081242703
9554 1.271661894663404
9589 1.3115342859107813
9602 2.2800107709555064
9709 1.082307579643166
9711 1.8686109273275278
9729 11.945424850545907
9733 2.1700132732246624
9765 1.7835738846416156
9817 1.3183370332335338
9970 0.4837969513780714
10008 2.0568672196412967
10058 2.6040604875781623
10286 5.206750173022546
10290 4.290459441148391
10325 1.8925641683500207
10326 0.5230769255465112
10329 -0.4201813914191953
10393 3.9492582428086496
10431 0.7218661529089567
10447 2.4397929468198853
10473 1.7781538171722764
10487 1.981229805435677
10646 3.9539872045271784
10691 6.829981407588982
10699 4.59605855291637
10751 1.5879037593638217
10825 2.0149030205422647
10868 -0.37072214562370276
10871 4.513602992462601
10911 3.6312138122641273
10914 4.091160117244055
10920 6.60815728996158
11032 2.175425996420148
11110 1.6204910383360227
11140 2.15432255579201
11218 3.432127108757463
11296 2.764403137653342
11299 -5.211827618659379
11334 1.994563336305142
11347 0.8373023205555247
11386 2.1157077196642304
11398 3.009525595686327
11406 2.6418008155610093
11416 2.1782280766455644
11443 3.260840023967233
11444 4.86832290156553
11646 2.3541187431092285
11696 3.2373095265570386
11778 2.8553749158590684
11819 6.9985096422506015
11870 7.1290448755309095
11900 2.049749751872433
11956 4.695924549256556
11969 2.274701391239495
11984 2.4237986637472186
12010 3.6312138122641273
12014 2.9911764570181303
12022 1.2122885475024683
12060 12.176368722552724
12122 4.7855650674941534
12171 4.165296298194385
12199 6.9985096422506015
12203 5.052599493195288
12242 3.8630154263214513
12377 1.3460204619819507
12378 3.3349479961209547
12383 2.5046129034208957
12455 -0.6457759976041206
12465 16.548150940683325
12553 1.0715836162801904
12558 2.4446327506500602
12578 2.4237986637472186
12598 5.019746545036923
12698 5.8998973535824915
12707 2.2278250177849364
12717 0.5999147077153936
12723 6.866938322814802
12781 2.498699971920336
12783 1.8986432144264027
12818 3.1483620405405426
12853 2.304141734385754
12978 2.383389125409342
13001 1.4730567031188173
13046 3.47214911763444
13053 4.695924549256556
13080 1.6246020367002147
13088 2.7790019370744945
13319 1.8055527913603908
13343 2.973157951515452
13399 3.086486636822455
13475 3.8204558119026557
13553 -0.7409215198883841
13577 5.8998973535824915
13672 1.5262389685791264
13750 2.162227735299123
13781 3.8204558119026557
13829 6.305362461690656
13835 4.00277736869661
13859 2.955458374416051
13866 6.9985096422506015
13867 3.263138994630222
13897 2.7218435232345457
13921 2.1782280766455644
13933 3.7796338173824005
13978 4.00277736869661
14031 4.695924549256556
14074 3.7796338173824005
14135 2.3541187431092285
14136 2.962113491571787
14174 5.383508865521417
14196 2.511906961666574
14267 -1.1471081799405454
14309 1.5137127087599462
14313 1.6466515087745348
14381 0.2288676653980985
14430 3.3096301881366648
14432 4.108137884354437
14463 1.67063347346102
14522 7.726030852642903
14553 4.359452312635343
14573 3.260840023967233
14588 2.0785287164224764
14626 2.750014400201242
14654 3.5645224377654547
14656 2.2811529755342836
14664 5.389071729816501
14754 3.8204558119026557
14814 4.8012850649143815
14869 4.433560284789064
14906 0.4013639403639497
14914 3.3096301881366648
14971 5.206750173022546
15089 3.3349479961209547
15109 5.8998973535824915
15113 3.7796338173824005
15181 3.50297114018023
15192 1.489121305622624
15197 3.5327737394508745
15250 3.7796338173824005
15259 1.3320829541381691
15279 3.21432000833234
15306 0.7199882180847567
15332 -17.07542903160182
15341 0.7959741250626788
15373 0.814360751313118
15471 2.08218251948586
15570 2.7218435232345457
15595 3.9962488624145074
15669 2.162227735299123
15727 4.433560284789064
15771 0.04619142958929879
