101
174 1.6232312345664361
607 2.5211728277723946
1977 2.6040604875781623
2271 0.6835662361444191
2337 4.600614369452231
2450 -0.6108568957036107
2538 1.422560539104285
2920 0.6795415285041667
3176 6.9985096422506015
3362 3.8204558119026557
3850 3.9074671888922854
3890 3.414990703794491
3982 2.153862445213571
4053 -0.22428022562732786
4193 4.919068100570765
4232 4.6513616155773905
4295 2.9209721983448818
4522 0.2603571476546441
4646 1.8686109273275278
4692 6.305362461690656
4695 2.87137525720551
4750 0.33155284982139466
4876 2.2449194511442365
5316 2.236335707452845
5555 2.4033897921160112
5678 4.695924549256556
5685 3.9074671888922854
5746 5.8998973535824915
5776 4.919068100570765
5876 3.7796338173824005
6049 2.035665011990694
6140 2.211017899468555
6228 1.2947271675944
6470 4.8012850649143815
6528 9.83813620114153
6544 11.224430562261421
6548 2.0785287164224764
6657 2.138697237888929
6908 0.6707538925195963
7458 7.004004161568242
7471 3.2849375755462935
7805 4.600614369452231
7981 2.0426825846493406
8193 3.6312138122641273
8710 0.551203779709388
8880 5.01190042038306
8993 5.946315903030904
9122 1.3744921360632627
9230 3.3096301881366648
9270 3.1066893441399746
9292 2.5441623459970937
9484 3.9539872045271784
9585 3.3096301881366648
10001 4.128071418239819
10076 2.750014400201242
10258 1.8000126109847754
10329 -0.21009069570959765
10360 6.9985096422506015
10404 6.9985096422506015
10422 0.7087940713416041
10596 6.9985096422506015
10759 6.133368019052551
10868 -0.37072214562370276
11097 6.305362461690656
11229 6.9985096422506015
11299 -2.0847310474637517
11446 3.597312260588446
11481 1.6186122887101415
12151 3.1698682457615064
12455 -0.6457759976041206
12458 6.6192603762733295
12595 2.344549292093078
12785 2.8088549002241754
12896 3.2373095265570386
13058 4.00277736869661
13314 2.0286963426746007
13354 1.8280256472124494
13380 4.05407066308416
13390 2.236335707452845
13401 2.465910149097345
13513 3.7026727762462723
13674 6.9985096422506015
13718 1.3425178314307487
14237 -1.3944966966083199
14267 -1.1471081799405454
14309 1.5137127087599462
14416 1.5479024259504828
14563 2.6418008155610093
15116 3.8630154263214513
15155 0.6904112007410705
15202 3.287628926547705
15207 5.845960905003192
15259 5.3283318165526765
15332 -3.1046234602912404
15341 1.5919482501253577
15490 5.8998973535824915
15578 1.7945029551738059
15587 1.2947271675944
15624 3.8630154263214513
15672 0.7275212103923018
15771 0.04619142958929879
