208
174 11.362618641965053
279 2.6418008155610093
332 4.433560284789064
1820 3.3875917296063767
1839 2.093234863812172
1924 4.577958881876534
1964 3.260840023967233
2070 1.4730567031188173
2167 2.66777630196427
2211 5.8998973535824915
2291 3.5327737394508745
2328 2.9911764570181303
2424 2.219386149139072
2450 -1.832570687110832
2624 4.695924549256556
2631 0.42584399448534344
2862 1.4690805547391779
2890 4.919068100570765
2893 5.019746545036923
2959 5.936843246369504
2964 1.800870720168722
3215 0.589980851191103
3386 2.6290617897835795
3423 3.7026727762462723
3447 6.9985096422506015
3449 0.9823524825522477
3462 5.052599493195288
3498 2.87137525720551
3578 0.6015799870344548
3586 3.2849375755462935
3612 3.1918471524802814
3635 1.5779746429783155
3647 2.1081605140288473
3759 2.4033897921160112
3774 1.7255100836868542
3820 3.5780469788183606
3825 13.443693930096861
3827 3.2849375755462935
3906 2.973157951515452
3933 6.9985096422506015
4210 5.389071729816501
4319 2.049749751872433
4326 3.9539872045271784
4405 1.3460204619819507
4416 1.3637200390813515
4422 4.359452312635343
4459 3.2849375755462935
4522 0.7810714429639324
4537 1.0196238773494795
4612 4.05407066308416
4646 1.8686109273275278
4711 1.9296054400303697
4732 6.9985096422506015
4750 0.994658549464184
4963 2.3933394562625097
4970 1.9746291214043248
5249 3.3096301881366648
5392 2.130975191795019
5431 4.22592092001082
5554 2.1081605140288473
5587 2.5326015235960173
5630 0.23830767558032406
5636 2.973157951515452
5666 3.47214911763444
5685 3.9074671888922854
5700 3.1483620405405426
5812 3.1698682457615064
5901 4.910429719961194
6151 1.4075226617397445
6165 3.3096301881366648
6228 1.2947271675944
6242 2.9041650800285006
6250 8.863814842686999
6335 4.953442130403122
6402 1.4112609838503516
6433 1.030804581586805
6614 3.009525595686327
6660 5.587634045719271
6872 1.3047775034479017
6908 0.33537694625979814
7028 2.764403137653342
7104 -2.6539516666051686
7286 2.822521967700703
7299 2.8553749158590684
7397 2.87137525720551
7459 2.1944885975173447
7633 5.623636988542026
7813 1.0145733615634107
7892 1.5517722705842913
7907 2.6418008155610093
7932 3.7490913256946845
8230 7.12061048689899
8262 2.0712559570933964
8291 6.9985096422506015
8439 0.4690908039883759
8523 1.4512652714088672
8736 1.1933746733341126
8752 4.433560284789064
8896 2.938066631704182
9006 4.108137884354437
9057 8.10814132616832
9069 3.260840023967233
9151 1.258716730071367
9276 5.3888890980928625
9559 -0.7487904946947653
9560 5.052599493195288
9602 2.2800107709555064
9733 1.0850066366123312
9970 0.4837969513780714
9979 2.3933394562625097
10001 2.0640357091199095
10114 1.3014161557451966
10199 2.3256808077886952
10276 4.8012850649143815
10447 1.2198964734099427
10473 1.7781538171722764
10514 3.8630154263214513
10561 3.2006938814656967
10595 4.05407066308416
10601 3.740413104229119
10629 3.7026727762462723
10700 4.165296298194385
10742 7.156093957636721
10751 1.5879037593638217
10868 -0.5560832184355542
11012 4.919068100570765
11034 1.5958322603783217
11102 6.652300141109108
11218 1.144042369585821
11299 -0.5211827618659379
11304 2.410992067732915
11308 2.5098732725184614
11388 4.22592092001082
11453 9.54604027356946
11481 1.6186122887101415
11491 1.8745456628473423
11522 2.555858385760285
11524 1.5178707189086098
11580 2.5441623459970937
11658 4.513602992462601
11778 2.8553749158590684
12022 0.40409618250082274
12057 2.10066984229969
12117 4.290459441148391
12145 3.1918471524802814
12210 6.339736491523013
12355 3.5327737394508745
12377 1.3460204619819507
12380 6.569875151092587
12383 1.2523064517104479
12404 1.485080896085619
12413 6.305362461690656
12455 -0.4305173317360804
12679 1.5958322603783217
12708 1.5958322603783217
12717 0.5999147077153936
12744 6.9985096422506015
12801 11.465479842109303
12803 1.3637200390813515
12820 3.3349479961209547
12833 0.9630282097258448
13021 3.6312138122641273
13029 1.6609715625492831
13080 0.8123010183501074
13189 1.8745456628473423
13233 4.8012850649143815
13354 1.8280256472124494
13390 2.236335707452845
13553 -0.37046075994419203
13613 1.8111238364098463
13661 3.7026727762462723
13672 3.052477937158253
13718 5.370071325722995
13775 3.2849375755462935
13843 2.1782280766455644
13906 4.108137884354437
13916 3.1066893441399746
13918 2.8396265588909295
13993 3.3609234825242154
14036 4.290459441148391
14107 4.847597327494437
14153 2.4876501357337513
14167 3.7026727762462723
14237 -2.7889933932166397
14267 -0.7647387866270302
14309 3.0274254175198925
14364 4.433560284789064
14381 0.2288676653980985
14439 6.254617262685421
14440 4.433560284789064
14455 8.18608738270588
14546 2.8876357780772897
14581 4.8012850649143815
14640 4.290459441148391
14692 2.8396265588909295
14745 6.9985096422506015
14906 0.8027278807278994
15155 0.6904112007410705
15192 1.489121305622624
15242 3.414990703794491
15292 2.211017899468555
15306 0.7199882180847567
15332 -1.5523117301456202
15413 1.2781978656431896
15435 2.750014400201242
15453 2.236335707452845
15827 1.9109133070182172
15828 1.0931477941960308
