123
174 3.2464624691328723
646 2.219386149139072
683 3.3609234825242154
1822 4.766778250818684
2258 2.87137525720551
2269 1.8686109273275278
2271 2.392481826505467
2334 0.7939518796819108
2337 4.600614369452231
2418 3.7796338173824005
2437 4.108137884354437
2450 -0.6108568957036107
2545 4.8012850649143815
2639 2.6040604875781623
2674 2.054495604920277
2924 2.0286963426746007
3259 3.1918471524802814
3782 3.7026727762462723
3785 2.87137525720551
3890 10.244972111383474
3982 3.2307936678203566
4053 -0.22428022562732786
4124 10.105198986390576
4232 4.6513616155773905
4265 3.5327737394508745
4437 2.4033897921160112
4522 0.5207142953092883
4551 3.9074671888922854
4576 2.085854756514549
4750 0.33155284982139466
5067 2.2278250177849364
5073 4.290459441148391
5083 1.5735596247691985
5307 2.9911764570181303
5339 1.1784267118982394
5555 2.4033897921160112
5700 6.296724081081085
5779 3.21432000833234
5901 2.455214859980597
5999 2.5098732725184614
6117 4.600614369452231
6216 2.3933394562625097
6228 1.2947271675944
6235 1.2270685191205855
6364 3.260840023967233
6402 1.4112609838503516
6464 5.389071729816501
6548 4.157057432844953
6628 3.1918471524802814
6657 2.138697237888929
7028 2.764403137653342
7104 -0.6634879166512921
7192 2.1944885975173447
7286 1.4112609838503516
7408 6.9985096422506015
7458 3.502002080784121
7471 9.85481272663888
7482 1.8055527913603908
7497 1.4028006446333317
7622 2.764403137653342
7691 3.5645224377654547
8030 3.1918471524802814
8256 3.3607792968127694
8471 2.7938170228596353
8683 1.6803896484063847
8736 1.1933746733341126
8880 1.67063347346102
8993 2.973157951515452
9106 1.0850066366123312
9285 3.047265923669174
9353 2.476721065201561
9554 1.271661894663404
9585 9.928890564409993
9817 1.3183370332335338
9829 6.9985096422506015
9890 4.919068100570765
10329 -0.21009069570959765
10393 1.9746291214043248
10431 0.7218661529089567
10665 4.433560284789064
10868 -0.37072214562370276
10997 6.296724081081085
11299 -2.6059138093296896
11416 2.1782280766455644
11555 3.5327737394508745
11816 1.9296054400303697
11840 3.3804838896987928
11900 2.049749751872433
11947 3.0282177286984795
11969 2.274701391239495
12070 2.87137525720551
12231 4.359452312635343
12377 1.3460204619819507
12455 -0.2152586658680402
12458 3.3096301881366648
12946 0.5932811842197597
13029 3.3219431250985663
13208 1.3115342859107813
13273 3.3096301881366648
13319 1.8055527913603908
13555 5.612215281130711
13672 1.5262389685791264
14027 6.9985096422506015
14237 -2.09174504491248
14267 -0.3823693933135151
14431 1.034930298632155
14455 1.637217476541176
14516 2.1782280766455644
14563 2.6418008155610093
14588 2.0785287164224764
14612 4.372650573756367
14620 2.15432255579201
14637 3.3349479961209547
14921 4.600614369452231
15202 2.19175261769847
15207 9.743268175005321
15259 5.3283318165526765
15332 -4.656935190436861
15373 4.07180375656559
15394 6.305362461690656
15672 0.7275212103923018
15771 0.023095714794649395
15814 4.524622387712212
