21
2166 2.6418008155610093
2351 1.5647876386963615
2920 0.6795415285041667
4481 2.146479378330984
4660 3.9074671888922854
6620 0.5999147077153936
7104 -0.6634879166512921
8168 1.9746291214043248
10914 2.727440078162703
11299 -0.5211827618659379
11323 3.597312260588446
11416 2.1782280766455644
11591 2.7218435232345457
12060 1.5220460903190904
12122 1.1963912668735384
12377 1.3460204619819507
12578 2.4237986637472186
13857 3.9074671888922854
14416 0.7739512129752414
14656 1.1405764877671418
14789 3.7026727762462723
