75
1822 4.766778250818684
1884 1.9486536350010641
2166 5.283601631122019
2351 1.5647876386963615
2421 1.5431885268928998
2446 2.5326015235960173
2534 3.2373095265570386
2576 4.22592092001082
2611 3.260840023967233
2679 3.414990703794491
3057 4.47267141490569
3109 12.610724923381312
3354 3.2373095265570386
3840 1.2980660688599148
3896 1.403798262648762
4021 1.5054481989100525
4070 1.1068654304248302
4333 2.9302403070461622
4416 1.3637200390813515
4417 3.1918471524802814
4660 3.9074671888922854
4750 0.33155284982139466
4956 2.413542163580029
4963 2.3933394562625097
5630 0.23830767558032406
6262 3.4431615807611875
6583 0.8629447511688624
6617 17.699692060747473
6620 1.1998294154307871
6675 2.5098732725184614
7104 -1.9904637499538764
7487 1.8167260919585162
7563 2.335070548138534
7622 2.764403137653342
7965 1.886521853894058
8168 5.923887364212974
8886 1.3081501879265407
9733 2.1700132732246624
9765 1.7835738846416156
10221 2.434161450782765
10447 0.6099482367049713
10914 5.454880156325406
11032 1.087712998210074
11114 3.047265923669174
11299 -1.5635482855978138
11453 1.3637200390813515
11929 4.600614369452231
11952 1.5958322603783217
12060 1.5220460903190904
12122 1.1963912668735384
12377 1.3460204619819507
12380 3.2849375755462935
12717 0.5999147077153936
12723 2.288979440938267
13001 1.4730567031188173
13102 2.735829765209286
13319 1.8055527913603908
13609 4.22592092001082
13661 3.7026727762462723
13834 4.00277736869661
14154 6.305362461690656
14267 -0.3823693933135151
14357 2.476721065201561
14370 3.666305132075397
14416 0.7739512129752414
14430 3.3096301881366648
14455 1.637217476541176
14498 3.0282177286984795
14612 2.1863252868781835
14902 6.9985096422506015
15014 5.389071729816501
15181 1.751485570090115
15197 3.5327737394508745
15332 -1.5523117301456202
15771 0.023095714794649395
