356
55 4.695924549256556
60 4.8012850649143815
241 3.3804838896987928
252 4.513602992462601
486 2.70805020110221
491 3.1066893441399746
583 2.9041650800285006
775 7.559267634764801
889 4.513602992462601
978 2.298029276458185
1060 0.3108345320827577
1320 10.413500346045092
1379 1.0740829317937672
1382 6.305362461690656
1390 3.260840023967233
1393 6.9985096422506015
1450 6.305362461690656
1567 4.22592092001082
1755 6.94429823526888
1864 3.047265923669174
1884 1.9486536350010641
1896 3.567147769283231
1956 4.695924549256556
2064 3.129575277392723
2166 5.283601631122019
2172 4.359452312635343
2217 4.9753002714675025
2224 1.981229805435677
2258 2.87137525720551
2271 0.34178311807220957
2291 3.5327737394508745
2309 3.7796338173824005
2351 7.8239381934818075
2421 1.5431885268928998
2446 5.065203047192035
2450 -0.6108568957036107
2500 5.612215281130711
2575 4.22592092001082
2597 2.1157077196642304
2601 6.213378688279949
2611 9.782520071901699
2639 2.6040604875781623
2674 2.054495604920277
2675 3.6312138122641273
2920 1.3590830570083334
2940 1.6278716141229383
3046 2.9911764570181303
3259 3.1918471524802814
3296 7.194624521176892
3313 4.695924549256556
3354 3.2373095265570386
3405 5.206750173022546
3414 3.7026727762462723
3598 1.1666271649670843
3612 3.1918471524802814
3614 1.4378280112350734
3820 1.7890234894091803
3896 1.403798262648762
3974 6.775183459212753
4016 3.9074671888922854
4021 3.010896397820105
4070 1.1068654304248302
4156 3.086486636822455
4258 3.3096301881366648
4259 3.8630154263214513
4261 2.262311193856106
4319 8.198999007489732
4333 8.790720921138487
4335 2.938066631704182
4381 2.0149030205422647
4401 4.695924549256556
4405 2.6920409239639014
4416 4.091160117244055
4437 2.4033897921160112
4476 3.740413104229119
4481 4.292958756661968
4497 5.052599493195288
4522 0.7810714429639324
4527 5.052599493195288
4536 2.70805020110221
4560 6.305362461690656
4591 4.22592092001082
4616 1.8925641683500207
4621 2.7218435232345457
4625 1.8452180477528222
4646 1.8686109273275278
4660 3.9074671888922854
4794 3.6312138122641273
4852 1.258716730071367
4866 2.5211728277723946
4876 2.2449194511442365
4878 1.3672978604292356
4909 1.4690805547391779
4912 1.9296054400303697
4964 1.127926246926296
4976 2.288979440938267
5033 2.1233123190494494
5059 5.612215281130711
5067 2.2278250177849364
5154 2.4446327506500602
5166 4.695924549256556
5200 3.3096301881366648
5316 4.47267141490569
5388 3.47214911763444
5484 0.9464204733261844
5517 1.6232312345664361
5518 1.5868635903955612
5533 3.7026727762462723
5554 2.1081605140288473
5587 2.5326015235960173
5630 0.8340768645311343
5655 5.389071729816501
5680 1.5913378707904824
5770 3.4431615807611875
5918 5.052599493195288
5955 2.434161450782765
5986 3.3609234825242154
5999 2.5098732725184614
6043 1.5913378707904824
6064 2.138697237888929
6078 2.555858385760285
6153 4.600614369452231
6178 5.389071729816501
6234 2.6290617897835795
6300 3.7026727762462723
6335 2.476721065201561
6393 4.22592092001082
6433 0.5154022907934025
6447 1.2880826248757316
6468 3.1483620405405426
6484 4.359452312635343
6525 3.1483620405405426
6530 3.3609234825242154
6539 4.86832290156553
6583 1.7258895023377248
6604 5.052599493195288
6618 2.0568672196412967
6620 15.597782400600233
6721 2.383389125409342
6819 3.430611827025225
6908 1.3415077850391925
6962 3.8630154263214513
7006 4.05407066308416
7028 2.764403137653342
7042 3.8630154263214513
7104 -3.3174395832564607
7170 3.237224577420283
7344 3.2650672544574997
7424 3.3609234825242154
7453 5.389071729816501
7505 3.740413104229119
7563 2.335070548138534
7569 4.068381723984483
7578 0.5215372793609184
7622 2.764403137653342
7677 5.389071729816501
7713 3.1066893441399746
7731 2.001297368486486
7734 3.3096301881366648
7764 1.7052048175261088
7784 5.612215281130711
7935 2.335070548138534
7941 3.740413104229119
7958 4.513602992462601
7968 3.047265923669174
7991 1.3149298749119196
8007 1.904759441443839
8011 5.052599493195288
8032 0.5108256237659907
8061 4.165296298194385
8064 4.165296298194385
8096 2.9066643955420775
8168 7.898516485617299
8169 5.443687046469091
8273 5.8998973535824915
8315 5.528806275306684
8690 5.587634045719271
8701 5.8998973535824915
8710 1.6536113391281642
8714 4.22592092001082
8723 1.5262389685791264
8731 2.0286963426746007
8739 3.8204558119026557
8749 3.0666840095262753
8837 3.1698682457615064
8850 1.7153059135126125
8856 2.3163784151263815
8886 1.3081501879265407
8898 3.3875917296063767
8946 2.7218435232345457
8954 3.5645224377654547
9078 5.8998973535824915
9106 3.2550199098369936
9115 3.047265923669174
9169 3.4431615807611875
9192 4.00277736869661
9213 3.7026727762462723
9243 13.550366918425507
9280 3.502002080784121
9346 2.498699971920336
9353 2.476721065201561
9365 2.9945028634117485
9554 2.543323789326808
9589 5.246137143643125
9590 3.3096301881366648
9652 5.8998973535824915
9680 3.597312260588446
9709 2.164615159286332
9713 5.206750173022546
9729 16.42495916950062
9733 1.0850066366123312
9954 8.45184184002164
10029 2.4237986637472186
10069 3.4431615807611875
10196 2.5211728277723946
10221 2.434161450782765
10269 6.305362461690656
10287 3.009525595686327
10290 4.290459441148391
10294 2.70805020110221
10306 2.15432255579201
10326 0.5230769255465112
10329 -0.4201813914191953
10370 4.919068100570765
10382 5.612215281130711
10422 0.7087940713416041
10431 0.7218661529089567
10447 2.4397929468198853
10487 1.981229805435677
10561 1.6003469407328483
10691 10.244972111383474
10699 4.59605855291637
10734 2.735829765209286
10827 3.740413104229119
10868 -0.18536107281185138
10914 16.36464046897622
10920 6.60815728996158
10973 2.7938170228596353
11027 1.2781978656431896
11032 3.263138994630222
11034 1.5958322603783217
11110 0.8102455191680114
11162 5.389071729816501
11165 2.1863252868781835
11170 5.135385686814575
11218 1.7160635543787315
11296 5.528806275306684
11299 -8.860106951720944
11304 1.2054960338664575
11334 3.989126672610284
11379 2.0426825846493406
11383 4.8012850649143815
11386 4.231415439328461
11402 4.433560284789064
11419 3.1273086313427103
11459 3.047265923669174
11591 2.7218435232345457
11646 7.062356229327685
11648 5.052599493195288
11704 3.1483620405405426
11790 2.2449194511442365
11796 3.8204558119026557
11900 4.099499503744866
11947 3.0282177286984795
11969 0.7582337970798316
11984 2.4237986637472186
12022 0.40409618250082274
12040 3.5645224377654547
12060 16.742506993509995
12078 1.3637200390813515
12122 3.589173800620615
12171 4.165296298194385
12292 2.5211728277723946
12377 4.038061385945852
12380 3.2849375755462935
12391 3.1918471524802814
12465 6.6192603762733295
12533 11.224430562261421
12553 1.0715836162801904
12578 7.271395991241656
12723 2.288979440938267
12797 2.7218435232345457
12972 2.8553749158590684
13045 1.886521853894058
13080 2.436903055050322
13102 2.735829765209286
13140 4.919068100570765
13158 5.206750173022546
13233 4.8012850649143815
13234 6.305362461690656
13319 1.8055527913603908
13376 4.359452312635343
13378 5.206750173022546
13390 2.236335707452845
13439 3.7796338173824005
13443 3.502002080784121
13473 4.00277736869661
13475 3.8204558119026557
13508 1.7255100836868542
13553 -0.7409215198883841
13560 5.206750173022546
13565 9.939371740771728
13572 3.7490913256946845
13613 7.244495345639385
13750 2.162227735299123
13761 2.6040604875781623
13825 2.7218435232345457
13859 5.910916748832102
13867 1.087712998210074
13891 0.6065925288579992
13965 4.359452312635343
13976 4.108137884354437
14029 4.600614369452231
14174 1.7945029551738059
14237 -1.3944966966083199
14267 -0.7647387866270302
14352 0.9464204733261844
14357 2.476721065201561
14381 0.2288676653980985
14430 9.928890564409993
14431 3.104790895896465
14432 4.108137884354437
14463 3.34126694692204
14482 4.22592092001082
14516 2.1782280766455644
14522 3.8630154263214513
14546 8.66290733423187
14553 4.359452312635343
14601 4.433560284789064
14612 4.372650573756367
14654 17.822612188827275
14656 1.1405764877671418
14760 5.612215281130711
14780 4.513602992462601
14814 4.8012850649143815
14906 0.4013639403639497
14978 4.513602992462601
15089 3.3349479961209547
15121 1.5868635903955612
15181 10.50891342054069
15191 4.359452312635343
15192 1.489121305622624
15197 3.5327737394508745
15279 3.21432000833234
15332 -20.18005249189306
15413 1.2781978656431896
15435 2.750014400201242
15468 2.309930450438483
15471 1.3881216796572402
15472 2.735829765209286
15551 1.1578679848772029
15612 4.165296298194385
15651 1.1377234187847354
15672 1.4550424207846036
15728 6.019051191372654
15771 0.06928714438394819
