253
120 6.9985096422506015
124 6.9985096422506015
129 6.9985096422506015
136 6.9985096422506015
145 12.610724923381312
153 26.945358649082504
155 12.610724923381312
157 5.052599493195288
166 6.9985096422506015
167 6.9985096422506015
170 41.5759719912064
194 0.7699986386594181
209 1.7001922757025645
504 6.9985096422506015
521 1.8986432144264027
557 6.9985096422506015
569 3.0282177286984795
978 4.59605855291637
1007 6.9985096422506015
1008 5.8998973535824915
1060 0.6216690641655154
1231 6.9985096422506015
1379 2.1481658635875345
1539 22.448861124522843
1862 5.052599493195288
2026 2.681021528714291
2162 3.1698682457615064
2166 2.6418008155610093
2269 3.7372218546550555
2271 0.34178311807220957
2324 4.00277736869661
2334 0.7939518796819108
2351 1.5647876386963615
2357 1.1873686492739008
2405 4.600614369452231
2421 1.5431885268928998
2442 2.7938170228596353
2450 -1.2217137914072214
2494 3.9074671888922854
2577 3.5327737394508745
2675 3.6312138122641273
2796 4.670141096277068
2893 2.5098732725184614
2899 6.9985096422506015
2924 2.0286963426746007
2935 0.6320391945191633
2940 1.6278716141229383
3243 4.359452312635343
3275 3.666305132075397
3377 5.8998973535824915
3506 0.8205655282000008
3614 1.4378280112350734
3774 1.7255100836868542
3820 1.7890234894091803
3840 1.2980660688599148
3890 3.414990703794491
3982 1.0769312226067855
4021 1.5054481989100525
4041 6.305362461690656
4045 6.9985096422506015
4053 -0.07476007520910928
4145 2.008077055471865
4263 5.206750173022546
4275 4.165296298194385
4290 4.919068100570765
4307 2.824122372354964
4397 3.666305132075397
4520 6.254617262685421
4537 3.0588716320484384
4625 1.8452180477528222
4815 2.7218435232345457
4842 4.433560284789064
4866 2.5211728277723946
4924 6.569875151092587
4962 5.206750173022546
4964 1.127926246926296
4991 3.9539872045271784
4999 5.8998973535824915
5211 5.8998973535824915
5339 1.1784267118982394
5443 2.9041650800285006
5508 6.9985096422506015
5570 3.6312138122641273
5590 1.4533321977710387
5630 0.11915383779016203
5635 2.20271909665386
5661 6.9985096422506015
5662 6.9985096422506015
5663 6.9985096422506015
5664 6.9985096422506015
5700 3.1483620405405426
6068 3.1273086313427103
6122 3.502002080784121
6126 5.052599493195288
6140 2.211017899468555
6221 22.842999326872548
6228 1.2947271675944
6259 6.9985096422506015
6305 11.861961613581535
6368 12.549366362592307
6393 4.22592092001082
6398 5.8998973535824915
6433 0.5154022907934025
6453 4.8012850649143815
6583 0.8629447511688624
6620 0.5999147077153936
6713 6.9985096422506015
6766 5.206750173022546
6776 1.942263836902293
6786 3.7026727762462723
6788 6.9985096422506015
6789 6.9985096422506015
6834 6.886323161522375
6898 2.162227735299123
6979 12.610724923381312
7104 -3.980927499907753
7118 3.1273086313427103
7170 1.6186122887101415
7248 5.8998973535824915
7286 1.4112609838503516
7311 2.236335707452845
7322 6.9985096422506015
7463 6.305362461690656
7529 6.9985096422506015
7633 1.8745456628473423
7668 5.052599493195288
7688 3.086486636822455
7932 1.8745456628473423
7935 2.335070548138534
8002 6.9985096422506015
8262 2.0712559570933964
8276 3.21432000833234
8294 3.666305132075397
8306 3.7026727762462723
8514 2.008077055471865
8535 6.9985096422506015
8660 1.675499663112193
8667 3.8630154263214513
8669 6.305362461690656
8683 3.3607792968127694
8695 1.9550845253313545
8708 2.962113491571787
8810 3.502002080784121
8840 3.1698682457615064
8845 5.206750173022546
9045 6.9985096422506015
9048 5.8998973535824915
9186 11.799794707164983
9190 4.290459441148391
9233 6.305362461690656
9393 1.060973437168175
9537 0.6546292081242703
9585 3.3096301881366648
9709 1.082307579643166
9807 3.1698682457615064
9817 10.54669626586827
9908 6.9985096422506015
9981 6.9985096422506015
10029 2.4237986637472186
10057 6.9985096422506015
10190 6.9985096422506015
10231 3.2373095265570386
10329 -0.630272087128793
10610 7.262427624528255
10645 4.600614369452231
10655 7.640911623805311
10881 6.9985096422506015
10915 5.612215281130711
10916 6.9985096422506015
10964 6.9985096422506015
10967 3.6312138122641273
11032 3.263138994630222
11218 0.5720211847929105
11299 -1.5635482855978138
11304 1.2054960338664575
11305 2.0640357091199095
11379 2.0426825846493406
11385 3.8630154263214513
11386 2.1157077196642304
11409 3.502002080784121
11418 3.597312260588446
11445 3.740413104229119
11507 6.9985096422506015
11704 3.1483620405405426
11769 1.6466515087745348
11833 6.305362461690656
11839 10.791936781765338
11870 3.5645224377654547
11939 5.362043057428582
11969 0.7582337970798316
12034 1.8648031042937068
12060 1.5220460903190904
12063 3.9074671888922854
12095 3.502002080784121
12141 6.9985096422506015
12175 2.955458374416051
12283 2.6040604875781623
12378 3.3349479961209547
12455 -0.2152586658680402
12578 2.4237986637472186
12772 1.886521853894058
12818 3.1483620405405426
12826 2.5238746895428186
12833 2.8890846291775345
12835 6.9985096422506015
12942 3.9539872045271784
13046 3.47214911763444
13080 0.8123010183501074
13204 5.612215281130711
13314 2.0286963426746007
13359 2.6290617897835795
13514 5.612215281130711
13547 1.6003469407328483
13553 -1.4818430397767681
13681 7.4960999157610075
13682 6.305362461690656
13685 6.9985096422506015
13776 5.8998973535824915
13801 3.6312138122641273
13829 6.305362461690656
13867 4.350851992840296
13888 4.359452312635343
13897 8.165530569703638
14044 1.4611753752320646
14049 4.290459441148391
14078 2.5098732725184614
14174 1.7945029551738059
14196 0.8373023205555247
14237 -2.09174504491248
14316 4.22592092001082
14381 0.457735330796197
14416 0.7739512129752414
14419 3.597312260588446
14463 5.01190042038306
14516 2.1782280766455644
14522 3.8630154263214513
14572 5.052599493195288
14656 2.2811529755342836
14664 5.389071729816501
14906 0.4013639403639497
15099 3.47214911763444
15181 1.751485570090115
15202 1.095876308849235
15203 6.9985096422506015
15204 6.9985096422506015
15259 1.3320829541381691
15306 2.15996465425427
15332 -1.5523117301456202
15391 4.290459441148391
15650 2.130975191795019
15677 1.5779746429783155
15771 0.023095714794649395
15805 4.01615411094373
