34
2166 2.6418008155610093
2351 3.129575277392723
3545 3.009525595686327
3896 1.403798262648762
4162 4.919068100570765
4319 2.049749751872433
4481 2.146479378330984
4815 2.7218435232345457
5484 0.9464204733261844
5779 3.21432000833234
5918 5.052599493195288
6402 1.4112609838503516
6618 2.0568672196412967
6620 1.7997441231461808
7104 -0.6634879166512921
7968 3.047265923669174
8043 1.730651483187273
8168 1.9746291214043248
9725 4.600614369452231
10914 2.727440078162703
10920 2.20271909665386
11299 -0.5211827618659379
12060 4.566138270957271
12122 1.1963912668735384
12578 2.4237986637472186
13613 1.8111238364098463
13846 3.3096301881366648
14161 5.206750173022546
14656 1.1405764877671418
14789 3.7026727762462723
15259 1.3320829541381691
15279 3.21432000833234
15283 2.236335707452845
15332 -1.5523117301456202
