47
653 6.9985096422506015
657 2.0640357091199095
2450 -0.6108568957036107
2646 4.22592092001082
2924 2.0286963426746007
2935 0.6320391945191633
3546 5.206750173022546
3890 3.414990703794491
3982 1.0769312226067855
4053 -0.14952015041821856
4522 0.2603571476546441
5281 6.9985096422506015
5555 2.4033897921160112
6447 1.2880826248757316
6555 2.9911764570181303
6621 5.389071729816501
7104 -0.6634879166512921
7458 3.502002080784121
7471 3.2849375755462935
7497 0.7014003223166658
8030 3.1918471524802814
8067 6.305362461690656
8723 1.5262389685791264
8979 1.7890234894091803
9391 2.735829765209286
9585 3.3096301881366648
10058 2.6040604875781623
10422 0.7087940713416041
10431 1.4437323058179135
10868 -0.18536107281185138
10872 1.6048820958982397
11202 2.9209721983448818
11299 -0.5211827618659379
11407 3.1483620405405426
12081 2.363780654020965
13127 6.9985096422506015
13273 3.3096301881366648
14267 -0.3823693933135151
14431 1.034930298632155
14586 4.05407066308416
15202 3.287628926547705
15250 3.7796338173824005
15259 1.3320829541381691
15341 0.7959741250626788
15373 0.814360751313118
15685 0.8716404581364162
15771 0.04619142958929879
