265
173 4.513602992462601
241 3.3804838896987928
302 1.7153059135126125
512 2.0785287164224764
646 4.438772298278144
717 2.8396265588909295
1839 2.093234863812172
1988 4.695924549256556
2087 2.8876357780772897
2166 2.6418008155610093
2334 0.7939518796819108
2351 4.6943629160890845
2421 3.0863770537857995
2446 2.5326015235960173
2450 -3.665141374221664
2494 3.9074671888922854
2513 1.8280256472124494
2585 3.9074671888922854
2611 3.260840023967233
2674 1.0272478024601386
2862 2.9381611094783557
2874 3.047265923669174
2964 0.900435360084361
3288 11.224430562261421
3293 3.6312138122641273
3354 3.2373095265570386
3380 2.3541187431092285
3545 24.076204765490616
3578 0.6015799870344548
3635 1.5779746429783155
3827 3.2849375755462935
3828 9.83813620114153
3836 4.165296298194385
3840 2.5961321377198296
3896 1.403798262648762
3972 4.919068100570765
4021 3.010896397820105
4075 3.597312260588446
4214 2.465910149097345
4231 5.389071729816501
4261 2.262311193856106
4286 2.130975191795019
4333 7.325600767615406
4335 2.938066631704182
4381 4.029806041084529
4382 5.206750173022546
4416 1.3637200390813515
4437 2.4033897921160112
4481 2.146479378330984
4522 0.5207142953092883
4533 3.086486636822455
4549 2.6418008155610093
4616 3.7851283367000415
4635 10.105198986390576
4711 1.9296054400303697
4750 1.3262113992855786
4876 2.2449194511442365
4878 2.7345957208584712
4964 1.127926246926296
4991 3.9539872045271784
5110 1.8452180477528222
5200 3.3096301881366648
5316 2.236335707452845
5339 1.1784267118982394
5436 2.8876357780772897
5443 2.9041650800285006
5517 1.6232312345664361
5554 2.1081605140288473
5555 2.4033897921160112
5630 0.3574615133704861
5643 3.9074671888922854
5680 1.5913378707904824
5681 4.8012850649143815
5756 6.9985096422506015
5770 3.4431615807611875
5889 2.4033897921160112
6043 1.5913378707904824
6049 2.035665011990694
6068 3.1273086313427103
6078 2.555858385760285
6114 3.8630154263214513
6156 3.6000252219695508
6235 1.2270685191205855
6402 1.4112609838503516
6433 0.5154022907934025
6447 1.2880826248757316
6460 4.8012850649143815
6620 7.798891200300116
6721 2.383389125409342
6872 1.3047775034479017
6908 1.6768847312989907
7104 -3.3174395832564607
7255 3.9074671888922854
7286 1.4112609838503516
7289 6.9985096422506015
7344 1.6325336272287498
7714 5.389071729816501
7759 4.359452312635343
7808 2.8396265588909295
7834 10.598321218352623
7846 2.7218435232345457
7848 14.403855194743144
7892 3.1035445411685827
7965 1.886521853894058
7986 3.597312260588446
8032 1.0216512475319814
8043 5.191954449561819
8066 5.8998973535824915
8168 1.9746291214043248
8283 5.775271556154579
8444 1.7890234894091803
8542 6.305362461690656
8643 2.001297368486486
8664 2.7938170228596353
8673 3.740413104229119
8690 2.7938170228596353
8708 2.962113491571787
8837 6.339736491523013
8890 2.2800107709555064
8946 2.7218435232345457
9006 4.108137884354437
9106 4.340026546449325
9122 1.3744921360632627
9178 6.9985096422506015
9243 6.775183459212753
9481 1.7727629685373998
9589 5.246137143643125
9698 9.939371740771728
9709 2.164615159286332
9711 1.8686109273275278
9716 6.9985096422506015
9725 23.003071847261154
9733 1.0850066366123312
9817 1.3183370332335338
10217 2.15432255579201
10221 2.434161450782765
10258 1.8000126109847754
10296 3.2849375755462935
10325 1.8925641683500207
10326 0.5230769255465112
10329 -0.21009069570959765
10422 0.7087940713416041
10447 3.0497411835248567
10475 5.206750173022546
10491 3.086486636822455
10538 4.8012850649143815
10645 4.600614369452231
10691 3.414990703794491
10697 5.8998973535824915
10751 0.7939518796819108
10825 2.0149030205422647
10868 -0.37072214562370276
10889 3.086486636822455
10906 2.035665011990694
10914 4.091160117244055
10917 6.305362461690656
10920 4.40543819330772
11024 6.305362461690656
11032 1.087712998210074
11072 4.290459441148391
11106 2.021775899830027
11110 1.6204910383360227
11130 12.610724923381312
11168 1.2781978656431896
11218 1.144042369585821
11270 8.10814132616832
11299 -8.860106951720944
11304 1.2054960338664575
11317 3.0666840095262753
11375 5.362043057428582
11400 3.5327737394508745
11481 1.6186122887101415
11524 1.5178707189086098
11570 1.1933746733341126
11597 3.0666840095262753
11660 4.359452312635343
11771 4.8012850649143815
11778 2.8553749158590684
11785 1.9680717208581657
11790 2.2449194511442365
11889 2.7790019370744945
11945 1.9550845253313545
11969 0.7582337970798316
12010 3.6312138122641273
12022 0.40409618250082274
12060 12.176368722552724
12070 2.87137525720551
12078 2.727440078162703
12122 2.3927825337470767
12136 6.9985096422506015
12171 4.165296298194385
12341 2.8088549002241754
12380 6.569875151092587
12383 1.2523064517104479
12455 -1.7220693269443217
12484 20.827000692090184
12578 2.4237986637472186
12717 0.5999147077153936
12783 1.8986432144264027
12785 2.8088549002241754
12797 2.7218435232345457
12853 3.456212601578631
12978 2.383389125409342
13077 3.047265923669174
13080 0.8123010183501074
13338 7.563518483317184
13440 1.4770487243883548
13505 3.0666840095262753
13553 -0.37046075994419203
13565 1.9878743481543455
13613 1.8111238364098463
13704 4.695924549256556
13761 2.6040604875781623
13825 2.7218435232345457
13835 4.00277736869661
13848 5.389071729816501
13891 1.2131850577159984
13913 5.679253117781859
14044 1.4611753752320646
14074 3.7796338173824005
14082 6.305362461690656
14174 1.7945029551738059
14237 -9.064228527954079
14251 5.8998973535824915
14260 4.165296298194385
14267 -3.823693933135151
14277 6.9985096422506015
14308 2.0640357091199095
14381 0.915470661592394
14416 0.7739512129752414
14430 3.3096301881366648
14431 1.034930298632155
14439 6.254617262685421
14447 3.1483620405405426
14482 4.22592092001082
14515 3.0666840095262753
14522 3.8630154263214513
14546 11.550543112309159
14647 3.8630154263214513
14656 1.1405764877671418
14682 1.5431885268928998
14839 4.8012850649143815
14864 4.8012850649143815
14906 0.4013639403639497
14940 6.9985096422506015
15037 2.3163784151263815
15089 3.3349479961209547
15155 4.142467204446423
15181 10.50891342054069
15195 3.0282177286984795
15259 1.3320829541381691
15278 2.465910149097345
15279 3.21432000833234
15283 4.47267141490569
15332 -12.418493841164961
15341 1.5919482501253577
15413 1.2781978656431896
15468 1.1549652252192415
15471 2.08218251948586
15528 3.666305132075397
15669 2.162227735299123
15694 2.938066631704182
15728 3.009525595686327
15769 3.3349479961209547
15771 0.09238285917859758
