68
775 3.7796338173824005
1884 1.9486536350010641
2166 2.6418008155610093
2171 6.9985096422506015
2351 4.6943629160890845
2534 3.2373095265570386
2601 6.213378688279949
3355 4.695924549256556
3545 9.02857678705898
3896 1.403798262648762
3996 9.602570129828763
4309 2.681021528714291
4326 3.9539872045271784
4333 1.4651201535230811
4416 1.3637200390813515
4625 1.8452180477528222
4866 2.5211728277723946
4878 4.101893581287706
5316 2.236335707452845
5779 3.21432000833234
6402 2.822521967700703
6546 6.9985096422506015
6620 1.7997441231461808
7104 -1.3269758333025843
7262 5.612215281130711
7424 3.3609234825242154
7569 1.0170954309961207
7591 2.0426825846493406
7848 4.8012850649143815
8043 1.730651483187273
8168 1.9746291214043248
8710 0.551203779709388
8723 1.5262389685791264
8753 4.513602992462601
8837 6.339736491523013
9243 6.775183459212753
9251 6.9985096422506015
9252 6.9985096422506015
9384 2.6710983242293107
9589 1.3115342859107813
9807 3.1698682457615064
9817 1.3183370332335338
10326 0.5230769255465112
10447 1.2198964734099427
10751 0.7939518796819108
10914 2.727440078162703
10920 4.40543819330772
11218 0.5720211847929105
11299 -2.6059138093296896
11334 1.994563336305142
11660 4.359452312635343
11778 2.8553749158590684
11932 4.919068100570765
12060 4.566138270957271
12171 4.165296298194385
12292 2.5211728277723946
12377 1.3460204619819507
12465 6.6192603762733295
12578 2.4237986637472186
12717 0.5999147077153936
13613 3.6222476728196926
14136 1.4810567457858934
14267 -1.1471081799405454
14432 4.108137884354437
14612 2.1863252868781835
14789 3.7026727762462723
15181 1.751485570090115
15283 2.236335707452845
