255
194 0.7699986386594181
356 2.591790394986348
592 2.4446327506500602
1822 11.916945627046708
1884 1.9486536350010641
2061 6.9985096422506015
2240 1.65617539028579
2255 4.8012850649143815
2271 0.34178311807220957
2302 3.009525595686327
2328 5.982352914036261
2334 0.7939518796819108
2351 1.5647876386963615
2450 -3.665141374221664
2519 5.070725834548189
2533 6.305362461690656
2607 5.052599493195288
2631 0.21292199724267172
2705 1.6657908489852322
2740 6.9985096422506015
2853 3.414990703794491
2877 5.8998973535824915
2914 3.4431615807611875
2920 0.6795415285041667
2935 0.6320391945191633
2959 7.1242118956434055
2964 0.900435360084361
3100 2.7938170228596353
3143 2.219386149139072
3189 7.1290448755309095
3215 0.589980851191103
3362 3.8204558119026557
3386 10.516247159134318
3392 2.20271909665386
3449 1.9647049651044954
3498 5.74275051441102
3578 0.6015799870344548
3592 5.8998973535824915
3700 1.2947271675944
3759 2.4033897921160112
3827 3.2849375755462935
3840 1.2980660688599148
3862 3.0666840095262753
3975 6.305362461690656
4023 5.206750173022546
4070 1.1068654304248302
4170 4.22592092001082
4208 1.5220460903190904
4214 2.465910149097345
4290 4.919068100570765
4405 1.3460204619819507
4507 2.298029276458185
4522 1.5621428859278648
4526 11.224430562261421
4530 6.9985096422506015
4567 6.305362461690656
4586 3.009525595686327
4616 1.8925641683500207
4646 1.8686109273275278
4711 3.8592108800607394
4750 1.6577642491069733
4846 4.043551799660054
4963 4.786678912525019
4970 3.9492582428086496
5014 2.3541187431092285
5103 3.414990703794491
5316 6.7090071223585355
5369 3.047265923669174
5484 0.9464204733261844
5554 4.216321028057695
5630 0.11915383779016203
5779 6.42864001666468
5819 6.9985096422506015
5872 2.5441623459970937
5900 2.8553749158590684
5905 1.7835738846416156
5964 6.254617262685421
5985 4.8012850649143815
6020 3.9074671888922854
6026 2.66777630196427
6140 4.42203579893711
6150 4.05407066308416
6151 1.4075226617397445
6187 5.389071729816501
6216 4.786678912525019
6228 3.8841815027832003
6387 2.9911764570181303
6433 1.030804581586805
6548 2.0785287164224764
6609 3.1918471524802814
6644 4.513602992462601
6660 2.7938170228596353
6831 6.305362461690656
6872 2.6095550068958033
6911 6.305362461690656
6970 2.1863252868781835
7028 2.764403137653342
7104 -8.625342916466797
7170 1.6186122887101415
7197 1.730651483187273
7348 4.600614369452231
7439 5.389071729816501
7569 1.0170954309961207
7622 2.764403137653342
7699 3.7796338173824005
7813 1.0145733615634107
7845 2.4237986637472186
7846 2.7218435232345457
7965 7.546087415576232
8041 3.597312260588446
8130 5.206750173022546
8256 3.3607792968127694
8261 4.513602992462601
8523 1.4512652714088672
8710 1.102407559418776
8718 2.824122372354964
8723 3.052477937158253
8736 2.3867493466682252
8880 1.67063347346102
8928 1.3355491621146554
8940 6.9985096422506015
8946 2.7218435232345457
8979 1.7890234894091803
9006 4.108137884354437
9151 5.034866920285468
9292 2.5441623459970937
9353 2.476721065201561
9393 1.060973437168175
9537 2.618516832497081
9559 -1.1647852139696349
9627 6.305362461690656
9728 3.21432000833234
9743 3.8630154263214513
9765 1.7835738846416156
9817 1.3183370332335338
9979 2.3933394562625097
10030 2.413542163580029
10114 1.3014161557451966
10121 5.206750173022546
10246 4.919068100570765
10276 4.8012850649143815
10301 4.22592092001082
10393 1.9746291214043248
10422 0.7087940713416041
10443 2.4876501357337513
10447 1.829844710114914
10473 3.5563076343445528
10530 5.8998973535824915
10742 8.945117447045902
10868 -1.6682496553066624
10869 5.612215281130711
10886 2.87137525720551
10930 7.004004161568242
11023 1.2880826248757316
11032 2.175425996420148
11083 6.9985096422506015
11102 2.660920056443643
11110 0.8102455191680114
11134 5.612215281130711
11218 0.5720211847929105
11258 4.00277736869661
11299 -2.0847310474637517
11375 2.681021528714291
11400 3.5327737394508745
11591 2.7218435232345457
11823 5.612215281130711
11900 2.049749751872433
11908 1.5346778372249912
11967 4.290459441148391
11972 6.42864001666468
11975 2.9209721983448818
12066 3.7796338173824005
12078 1.3637200390813515
12081 11.818903270104826
12090 5.612215281130711
12093 1.6803896484063847
12117 4.290459441148391
12145 9.575541457440844
12210 3.1698682457615064
12217 9.201228738904462
12241 2.579669034454003
12299 5.8998973535824915
12319 6.9985096422506015
12321 6.886323161522375
12406 5.8998973535824915
12407 0.83519483821596
12455 -0.2152586658680402
12508 2.262311193856106
12595 4.689098584186156
12717 0.5999147077153936
12736 3.414990703794491
12757 6.9985096422506015
12801 3.8218266140364343
12803 1.3637200390813515
12804 6.9985096422506015
12805 1.8568460857479414
12886 5.206750173022546
13189 11.247273977084053
13227 3.666305132075397
13257 6.9985096422506015
13314 2.0286963426746007
13317 4.290459441148391
13475 3.8204558119026557
13508 5.176530251060562
13527 2.049749751872433
13547 1.6003469407328483
13553 -0.37046075994419203
13572 5.623636988542026
13613 1.8111238364098463
13630 4.290459441148391
13683 3.0666840095262753
13713 6.9985096422506015
13718 2.6850356628614973
13734 1.942263836902293
13918 2.8396265588909295
13993 3.3609234825242154
14044 5.844701500928259
14047 4.919068100570765
14107 2.4237986637472186
14136 1.4810567457858934
14237 -4.88073843812912
14267 -4.970802113075696
14315 3.009525595686327
14343 3.7796338173824005
14364 4.433560284789064
14381 0.457735330796197
14431 1.034930298632155
14447 3.1483620405405426
14448 6.9985096422506015
14455 13.097739812329408
14463 1.67063347346102
14556 5.775271556154579
14588 4.157057432844953
14620 2.15432255579201
14754 3.8204558119026557
15121 1.5868635903955612
15155 2.0712336022232116
15241 1.7462362142039713
15292 4.42203579893711
15332 -3.1046234602912404
15341 3.1838965002507154
15370 4.290459441148391
15373 0.814360751313118
15397 2.001297368486486
15418 4.246624638098899
15453 2.236335707452845
15523 4.165296298194385
15651 1.1377234187847354
15664 8.45184184002164
15672 0.7275212103923018
15685 0.8716404581364162
15733 6.305362461690656
15805 2.008077055471865
15827 7.643653228072869
15828 5.465738970980154
