61
2271 0.6835662361444191
2646 4.22592092001082
2964 0.900435360084361
3205 3.1273086313427103
3635 1.5779746429783155
4053 -0.2990403008364371
4097 2.955458374416051
4214 2.465910149097345
4254 3.740413104229119
4437 4.8067795842320225
4576 4.171709513029098
5014 2.3541187431092285
5518 1.5868635903955612
5812 3.1698682457615064
6123 2.288979440938267
6235 2.454137038241171
6447 1.2880826248757316
6555 2.9911764570181303
6621 5.389071729816501
6657 2.138697237888929
6908 0.33537694625979814
6959 4.165296298194385
7497 0.7014003223166658
7768 3.3096301881366648
7854 3.3609234825242154
7919 5.389071729816501
8007 1.904759441443839
8030 3.1918471524802814
8617 5.206750173022546
8795 3.502002080784121
9836 3.666305132075397
10422 0.7087940713416041
10431 0.7218661529089567
10868 -0.37072214562370276
10997 3.1483620405405426
11202 2.9209721983448818
11299 -0.5211827618659379
11816 1.9296054400303697
12135 3.740413104229119
12455 -0.4305173317360804
13106 2.335070548138534
13273 3.3096301881366648
13289 1.7410142702228197
13319 1.8055527913603908
13401 2.465910149097345
13666 6.9985096422506015
13750 2.162227735299123
14044 1.4611753752320646
14316 4.22592092001082
14512 4.165296298194385
14586 8.10814132616832
14692 2.8396265588909295
15155 0.6904112007410705
15202 5.479381544246174
15207 1.9486536350010641
15224 2.9041650800285006
15259 2.6641659082763383
15332 -1.5523117301456202
15341 0.7959741250626788
15373 0.814360751313118
15814 2.262311193856106
