365
205 6.9985096422506015
278 4.359452312635343
451 4.22592092001082
492 3.3609234825242154
530 2.66777630196427
532 3.4431615807611875
582 5.389071729816501
618 5.206750173022546
633 6.9985096422506015
874 6.569875151092587
1836 2.5326015235960173
1838 3.414990703794491
1902 2.0149030205422647
1928 2.4876501357337513
1957 1.8223599096767722
1979 3.9539872045271784
2019 4.689098584186156
2037 4.359452312635343
2068 3.3609234825242154
2159 21.012012484704726
2247 2.219386149139072
2334 0.7939518796819108
2434 2.413542163580029
2450 -4.8868551656288854
2591 3.8630154263214513
2601 6.213378688279949
2637 6.9985096422506015
2644 4.513602992462601
2709 4.695924549256556
2829 5.617709800448351
2893 2.5098732725184614
2919 4.388977195034689
2924 2.0286963426746007
2928 38.19364029397884
2943 3.4431615807611875
2944 4.8012850649143815
2964 1.800870720168722
3110 2.8876357780772897
3159 6.305362461690656
3249 2.750014400201242
3259 6.383694304960563
3285 5.389071729816501
3407 2.085854756514549
3441 12.610724923381312
3449 1.9647049651044954
3494 14.087773647769666
3495 6.9985096422506015
3498 2.87137525720551
3503 4.695924549256556
3578 1.2031599740689096
3598 1.1666271649670843
3633 4.165296298194385
3635 1.5779746429783155
3654 10.329484742283562
3683 10.105198986390576
3712 12.610724923381312
3836 4.165296298194385
3946 6.829981407588982
3961 2.6290617897835795
3981 3.3609234825242154
3990 7.887185369350739
3991 8.426564700672525
3995 5.254456710270345
4021 1.5054481989100525
4075 7.194624521176892
4114 16.668454164787697
4130 4.22592092001082
4186 3.8204558119026557
4217 3.3096301881366648
4258 3.3096301881366648
4267 6.9985096422506015
4285 4.919068100570765
4302 1.8000126109847754
4327 6.9985096422506015
4369 6.9985096422506015
4371 4.433560284789064
4400 2.938066631704182
4405 1.3460204619819507
4476 3.740413104229119
4481 4.292958756661968
4495 6.9985096422506015
4522 1.822500033582509
4531 10.724086114857164
4537 3.0588716320484384
4592 3.0282177286984795
4651 3.8630154263214513
4713 6.9985096422506015
4750 0.33155284982139466
4808 9.027205984925201
4852 1.258716730071367
4871 12.438250678668757
4882 2.130975191795019
4886 3.009525595686327
4943 4.22592092001082
4956 2.413542163580029
4964 0.563963123463148
5000 5.052599493195288
5012 4.108137884354437
5013 4.8012850649143815
5033 6.369936957148348
5043 3.502002080784121
5055 4.455650035569873
5083 1.5735596247691985
5116 1.961557039836972
5120 3.8630154263214513
5154 2.4446327506500602
5203 5.052599493195288
5283 3.2849375755462935
5312 2.8553749158590684
5316 2.236335707452845
5369 6.094531847338348
5430 2.750014400201242
5517 1.6232312345664361
5518 1.5868635903955612
5554 4.216321028057695
5590 2.9066643955420775
5630 1.7873075668524305
5646 5.612215281130711
5651 4.600614369452231
5687 2.0785287164224764
5752 3.9539872045271784
5770 3.4431615807611875
5773 2.735829765209286
5833 4.695924549256556
5861 16.500086401207454
5933 2.955458374416051
5949 3.5645224377654547
5952 6.9985096422506015
5986 6.721846965048431
6049 4.071330023981388
6053 4.359452312635343
6068 3.1273086313427103
6113 14.087773647769666
6123 6.866938322814802
6163 4.8012850649143815
6173 6.305362461690656
6402 4.2337829515510546
6433 0.5154022907934025
6447 1.2880826248757316
6448 5.8998973535824915
6469 4.513602992462601
6513 6.9985096422506015
6525 3.1483620405405426
6548 2.0785287164224764
6567 7.73900710336201
6595 2.4237986637472186
6628 6.383694304960563
6633 2.8088549002241754
6739 16.140145794615123
6754 8.417163240396606
6908 2.347638623818587
7025 3.028644676082213
7051 9.08363045979258
7104 -2.6539516666051686
7170 1.6186122887101415
7250 5.8998973535824915
7286 1.4112609838503516
7363 13.139750302185174
7397 2.87137525720551
7459 4.388977195034689
7482 1.8055527913603908
7568 4.600614369452231
7591 4.085365169298681
7690 12.85728003332936
7722 3.5327737394508745
7734 9.928890564409993
7764 1.7052048175261088
7808 2.8396265588909295
7813 2.0291467231268214
7816 5.612215281130711
7838 4.216321028057695
7871 4.108137884354437
7904 2.211017899468555
7991 5.259719499647678
8018 4.22592092001082
8032 0.5108256237659907
8096 4.359996593313117
8123 19.931658750591396
8124 23.785263612123615
8188 6.305362461690656
8219 6.9985096422506015
8309 12.610724923381312
8439 0.4690908039883759
8471 2.7938170228596353
8501 17.161837764593564
8542 6.305362461690656
8643 2.001297368486486
8649 12.610724923381312
8749 6.133368019052551
8850 1.7153059135126125
8870 3.7026727762462723
8880 1.67063347346102
8967 10.105198986390576
8987 6.633053698405666
9073 6.9985096422506015
9110 2.035665011990694
9122 1.3744921360632627
9170 3.0581516144397813
9384 1.3355491621146554
9428 2.498699971920336
9589 2.6230685718215625
9634 5.8998973535824915
9679 4.433560284789064
9712 4.433560284789064
9733 2.1700132732246624
9781 4.00277736869661
9786 3.1483620405405426
9791 2.344549292093078
9817 1.3183370332335338
9895 9.155917763753068
9902 4.600614369452231
9970 6.289360367914928
9978 4.05407066308416
10015 3.5645224377654547
10030 4.827084327160058
10199 9.302723231154781
10202 10.367161579945392
10226 5.612215281130711
10258 1.8000126109847754
10287 3.009525595686327
10302 2.6290617897835795
10307 5.135385686814575
10330 6.9985096422506015
10335 6.9985096422506015
10393 1.9746291214043248
10422 0.7087940713416041
10431 0.7218661529089567
10443 2.4876501357337513
10447 0.6099482367049713
10455 4.513602992462601
10517 31.66609048840577
10523 4.8012850649143815
10619 5.206750173022546
10734 2.735829765209286
10743 10.105198986390576
10749 1.1754637467675824
10751 3.1758075187276433
10753 2.7790019370744945
10824 10.778143459633002
10825 2.0149030205422647
10868 -1.482888582494811
10900 6.9985096422506015
11022 6.305362461690656
11032 1.087712998210074
11089 1.1549652252192415
11110 6.481964153344091
11139 5.74275051441102
11140 6.462967667376029
11165 2.1863252868781835
11170 2.5676928434072877
11218 2.8601059239645528
11299 -4.169462094927503
11304 3.616488101599373
11334 3.989126672610284
11375 2.681021528714291
11379 4.085365169298681
11386 2.1157077196642304
11393 3.2849375755462935
11398 18.05715357411796
11416 2.1782280766455644
11446 3.597312260588446
11484 3.6312138122641273
11591 2.7218435232345457
11625 1.457246097092175
11633 6.305362461690656
11660 4.359452312635343
11677 1.7255100836868542
11687 13.300680854367194
11712 4.600614369452231
11750 20.210397972781152
11751 6.9985096422506015
11825 8.712495240085502
11831 17.98656130294223
11901 5.8998973535824915
11907 2.434161450782765
11908 6.138711348899965
11939 2.681021528714291
11961 3.3096301881366648
12022 0.8081923650016455
12034 0.9324015521468534
12040 3.5645224377654547
12057 2.10066984229969
12064 3.3349479961209547
12122 1.1963912668735384
12228 3.047265923669174
12254 7.005211644415603
12292 2.5211728277723946
12316 4.695924549256556
12377 2.6920409239639014
12383 2.5046129034208957
12453 6.305362461690656
12455 -1.2915519952082413
12609 6.9985096422506015
12781 2.498699971920336
12823 3.104790895896465
12824 4.919068100570765
12826 2.5238746895428186
12853 1.152070867192877
12904 3.4431615807611875
12968 3.047265923669174
13021 3.6312138122641273
13080 1.6246020367002147
13081 5.389071729816501
13158 5.206750173022546
13289 1.7410142702228197
13343 5.946315903030904
13354 1.8280256472124494
13359 2.6290617897835795
13494 6.42864001666468
13553 -0.7409215198883841
13648 4.359452312635343
13718 1.3425178314307487
13750 2.162227735299123
13791 3.047265923669174
13805 4.8012850649143815
13891 3.032962644289996
13896 4.359452312635343
13897 8.165530569703638
14003 6.9985096422506015
14008 4.002594736972972
14103 4.05407066308416
14167 3.7026727762462723
14198 3.047265923669174
14237 -2.7889933932166397
14267 -3.058955146508121
14381 1.6020736577866894
14383 4.8012850649143815
14416 2.3218536389257243
14422 2.1233123190494494
14463 3.34126694692204
14519 3.086486636822455
14553 8.718904625270685
14563 2.6418008155610093
14588 2.0785287164224764
14640 4.290459441148391
14669 31.240501038135278
14681 4.22592092001082
14739 22.448861124522843
14832 4.600614369452231
14878 4.513602992462601
14893 4.359452312635343
14906 0.4013639403639497
14907 10.693567313296365
14908 4.953442130403122
15011 4.695924549256556
15019 9.602570129828763
15116 3.8630154263214513
15192 1.489121305622624
15241 5.238708642611914
15283 6.7090071223585355
15300 12.610724923381312
15306 0.7199882180847567
15332 -18.627740761747443
15413 2.556395731286379
15447 4.919068100570765
15471 0.6940608398286201
15484 2.9911764570181303
15517 3.773043707788116
15518 1.880515829833846
15575 4.108137884354437
15604 2.1233123190494494
15677 1.5779746429783155
15685 0.8716404581364162
15702 2.8553749158590684
15745 6.305362461690656
