217
69 6.9985096422506015
252 4.513602992462601
466 3.8204558119026557
493 3.1698682457615064
495 2.8396265588909295
498 3.3349479961209547
502 2.5676928434072877
657 4.128071418239819
730 2.298029276458185
969 4.359452312635343
986 3.9539872045271784
1018 3.7796338173824005
2051 16.00665781178562
2068 3.3609234825242154
2200 6.9985096422506015
2271 0.34178311807220957
2450 -2.4434275828144427
2576 8.45184184002164
2595 2.5211728277723946
3055 9.201228738904462
3483 5.612215281130711
3516 8.314114865689906
3578 0.6015799870344548
3774 1.7255100836868542
3788 2.750014400201242
3804 2.750014400201242
3808 4.108137884354437
3848 6.305362461690656
4053 -0.2990403008364371
4075 3.597312260588446
4216 4.695924549256556
4230 2.0149030205422647
4232 2.3256808077886952
4233 6.9985096422506015
4241 7.210169376348034
4254 3.740413104229119
4262 3.1698682457615064
4263 5.206750173022546
4314 2.764403137653342
4405 4.038061385945852
4437 2.4033897921160112
4481 2.146479378330984
4487 3.1066893441399746
4522 1.3017857382732205
4582 6.9985096422506015
4593 3.9074671888922854
4621 2.7218435232345457
4625 1.8452180477528222
4695 2.87137525720551
4846 4.043551799660054
4861 6.305362461690656
5033 2.1233123190494494
5119 2.3933394562625097
5151 2.555858385760285
5156 2.211017899468555
5316 2.236335707452845
5339 1.1784267118982394
5347 4.600614369452231
5436 2.8876357780772897
5517 1.6232312345664361
5518 1.5868635903955612
5522 3.8630154263214513
5554 8.43264205611539
5555 9.613559168464045
5676 3.502002080784121
5710 5.612215281130711
5731 2.8876357780772897
5776 4.919068100570765
5794 4.8012850649143815
5818 6.9985096422506015
5850 3.047265923669174
5905 1.7835738846416156
5965 3.740413104229119
5973 2.9540974487767095
5996 4.00277736869661
6004 3.1066893441399746
6156 1.8000126109847754
6234 2.6290617897835795
6262 6.886323161522375
6423 6.9985096422506015
6439 4.513602992462601
6447 3.8642478746271944
6487 10.778143459633002
6609 3.1918471524802814
6628 3.1918471524802814
6657 2.138697237888929
6707 6.9985096422506015
6754 2.4049037829704587
6872 1.3047775034479017
6908 0.33537694625979814
6993 4.05407066308416
7028 2.764403137653342
7104 -0.6634879166512921
7192 4.388977195034689
7197 3.461302966374546
7401 1.886521853894058
7458 3.502002080784121
7482 1.8055527913603908
7524 6.9985096422506015
7614 2.5676928434072877
7764 1.7052048175261088
7817 3.9074671888922854
7826 3.1273086313427103
7991 1.3149298749119196
8030 19.151082914881687
8038 6.9985096422506015
8503 6.9985096422506015
8736 1.1933746733341126
8788 4.292958756661968
8822 2.2800107709555064
8840 3.1698682457615064
9113 4.108137884354437
9170 0.6116303228879563
9230 6.6192603762733295
9345 2.66777630196427
9464 10.413500346045092
9554 2.543323789326808
9711 1.8686109273275278
9798 3.1698682457615064
10008 2.0568672196412967
10217 2.15432255579201
10290 4.290459441148391
10294 2.70805020110221
10329 -0.21009069570959765
10393 1.9746291214043248
10431 1.4437323058179135
10437 1.3672978604292356
10445 3.3875917296063767
10555 6.305362461690656
10608 5.206750173022546
10645 4.600614369452231
10649 9.602570129828763
10758 4.600614369452231
10770 2.4876501357337513
10788 4.108137884354437
10868 -0.18536107281185138
10872 6.419528383592959
10911 3.6312138122641273
11023 1.2880826248757316
11057 2.555858385760285
11139 2.87137525720551
11170 5.135385686814575
11202 2.9209721983448818
11299 -1.5635482855978138
11304 1.2054960338664575
11322 3.4431615807611875
11386 2.1157077196642304
11409 3.502002080784121
11416 2.1782280766455644
11461 2.146479378330984
11465 5.052599493195288
11504 6.305362461690656
11729 12.610724923381312
11730 5.612215281130711
11790 2.2449194511442365
11831 3.597312260588446
11840 1.6902419448493964
11841 2.8396265588909295
11876 6.9985096422506015
11889 11.116007748297978
11945 1.9550845253313545
12028 2.591790394986348
12043 2.498699971920336
12151 3.1698682457615064
12218 2.6547042203969173
12367 6.9985096422506015
12400 2.9209721983448818
12455 -1.076293329340201
12558 2.4446327506500602
12663 6.9985096422506015
12823 1.034930298632155
12853 1.152070867192877
13001 1.4730567031188173
13029 1.6609715625492831
13045 5.659565561682174
13053 4.695924549256556
13080 0.8123010183501074
13133 4.433560284789064
13197 3.2849375755462935
13205 5.206750173022546
13233 4.8012850649143815
13335 4.695924549256556
13411 2.8088549002241754
13470 5.389071729816501
13519 5.612215281130711
13547 1.6003469407328483
13553 -0.7409215198883841
13558 5.389071729816501
13769 3.1273086313427103
13812 4.165296298194385
14079 5.8998973535824915
14111 3.7026727762462723
14235 6.9985096422506015
14237 -2.09174504491248
14267 -1.9118469665675755
14316 4.22592092001082
14357 2.476721065201561
14453 3.414990703794491
14463 1.67063347346102
14516 21.782280766455642
14529 2.8088549002241754
14612 2.1863252868781835
14906 0.8027278807278994
15155 0.6904112007410705
15181 1.751485570090115
15192 1.489121305622624
15202 14.246392015040055
15207 1.9486536350010641
15259 2.6641659082763383
15283 2.236335707452845
15332 -1.5523117301456202
15373 1.628721502626236
15418 2.1233123190494494
15697 3.7796338173824005
15771 0.16167000356254577
15814 2.262311193856106
15816 3.9539872045271784
