365
157 5.052599493195288
170 3.7796338173824005
241 1.6902419448493964
458 4.165296298194385
466 3.8204558119026557
607 2.5211728277723946
657 2.0640357091199095
773 6.9985096422506015
965 5.206750173022546
1060 0.12433381283310307
1171 2.9209721983448818
1281 4.695924549256556
1379 0.5370414658968836
1388 6.9985096422506015
1404 1.3708885285599641
1448 6.9985096422506015
1507 3.8630154263214513
1537 6.305362461690656
1686 1.1549652252192415
1690 2.455214859980597
1702 3.3609234825242154
1750 3.320596291274491
1893 1.7567626271909589
1986 4.847597327494437
2004 5.052599493195288
2026 5.362043057428582
2064 1.5647876386963615
2224 3.962459610871354
2247 2.219386149139072
2269 1.8686109273275278
2271 2.7342649445776765
2334 1.5879037593638217
2411 4.359452312635343
2450 -3.0542844785180536
2492 9.141797771007521
2538 1.422560539104285
2601 3.1066893441399746
2646 8.45184184002164
2674 1.0272478024601386
2701 2.7218435232345457
2752 6.305362461690656
2888 5.8998973535824915
2893 2.5098732725184614
2920 1.3590830570083334
2943 3.4431615807611875
2997 3.047265923669174
3044 5.8998973535824915
3048 2.5098732725184614
3049 6.9985096422506015
3057 2.236335707452845
3240 3.5645224377654547
3386 2.6290617897835795
3407 2.085854756514549
3449 0.9823524825522477
3553 5.612215281130711
3578 0.6015799870344548
3635 1.5779746429783155
3636 6.305362461690656
3736 3.086486636822455
3759 2.4033897921160112
3867 9.711928579671117
3890 6.829981407588982
3892 6.9985096422506015
3896 2.807596525297524
3897 5.8998973535824915
3906 2.973157951515452
3923 3.1273086313427103
3982 4.307724890427142
4026 5.775271556154579
4053 -1.1214011281366392
4070 1.1068654304248302
4076 3.4431615807611875
4097 2.955458374416051
4167 2.0712559570933964
4208 1.5220460903190904
4222 2.3256808077886952
4232 13.954084846732172
4321 11.421499663436274
4322 6.9985096422506015
4363 3.7796338173824005
4411 5.389071729816501
4416 1.3637200390813515
4423 3.8630154263214513
4522 1.822500033582509
4536 5.41610040220442
4586 3.009525595686327
4646 5.605832781982583
4750 1.3262113992855786
4783 2.1782280766455644
4857 4.142511914186793
4882 2.130975191795019
4909 1.4690805547391779
4914 1.4339892349279078
4964 0.563963123463148
5014 2.3541187431092285
5055 2.2278250177849364
5116 5.884671119510916
5135 5.389071729816501
5151 2.555858385760285
5172 4.513602992462601
5208 2.5676928434072877
5249 3.3096301881366648
5283 6.569875151092587
5331 3.2373095265570386
5337 6.305362461690656
5339 2.356853423796479
5396 4.05407066308416
5484 2.8392614199785533
5534 3.3875917296063767
5550 3.666305132075397
5554 8.43264205611539
5555 2.4033897921160112
5563 3.1066893441399746
5585 6.305362461690656
5588 6.9985096422506015
5590 1.4533321977710387
5653 5.052599493195288
5676 3.502002080784121
5685 3.9074671888922854
5721 4.22592092001082
5779 3.21432000833234
5787 5.8998973535824915
5895 2.4033897921160112
5900 2.8553749158590684
5929 6.6192603762733295
5944 3.8204558119026557
6016 4.359452312635343
6064 2.138697237888929
6068 3.1273086313427103
6110 5.389071729816501
6114 3.8630154263214513
6150 4.05407066308416
6155 4.359452312635343
6158 2.455214859980597
6228 1.2947271675944
6235 3.681205557361756
6373 5.8998973535824915
6433 1.030804581586805
6447 1.2880826248757316
6456 6.9985096422506015
6548 2.0785287164224764
6587 4.00277736869661
6622 2.579669034454003
6775 6.9985096422506015
6834 10.329484742283562
6872 1.3047775034479017
6908 1.0061308387793944
6929 4.8012850649143815
6970 2.1863252868781835
7028 2.764403137653342
7030 4.695924549256556
7057 3.2849375755462935
7104 -0.6634879166512921
7192 10.972442987586724
7215 2.344549292093078
7219 11.224430562261421
7299 2.8553749158590684
7344 1.6325336272287498
7427 3.9074671888922854
7471 6.569875151092587
7578 0.5215372793609184
7701 3.6312138122641273
7731 4.002594736972972
7754 5.612215281130711
7827 6.829981407588982
7834 3.5327737394508745
7871 12.32441365306331
7887 5.946315903030904
7889 4.919068100570765
7935 4.670141096277068
7963 4.8012850649143815
7971 3.414990703794491
7993 8.00555473739322
8037 4.22592092001082
8043 1.730651483187273
8168 1.9746291214043248
8242 2.035665011990694
8400 7.194624521176892
8419 5.052599493195288
8429 4.359452312635343
8471 2.7938170228596353
8566 2.5098732725184614
8660 1.675499663112193
8707 4.8012850649143815
8708 1.4810567457858934
8710 2.75601889854694
8712 3.3349479961209547
8736 1.1933746733341126
8745 2.5441623459970937
8761 4.919068100570765
8788 2.146479378330984
8822 2.2800107709555064
8850 1.7153059135126125
8928 2.6710983242293107
8978 1.6140145794615122
9106 1.0850066366123312
9151 1.258716730071367
9170 1.8348909686638688
9233 6.305362461690656
9308 3.1698682457615064
9310 6.886323161522375
9334 6.9985096422506015
9343 3.8630154263214513
9346 2.498699971920336
9365 1.4972514317058743
9384 1.3355491621146554
9423 2.8876357780772897
9481 1.7727629685373998
9554 1.271661894663404
9585 6.6192603762733295
9698 3.975748696308691
9765 1.7835738846416156
9798 3.1698682457615064
9800 4.433560284789064
9970 0.9675939027561428
10014 6.305362461690656
10067 5.206750173022546
10114 1.3014161557451966
10196 2.5211728277723946
10199 2.3256808077886952
10278 3.2849375755462935
10422 1.4175881426832082
10431 2.16559845872687
10455 4.513602992462601
10532 5.8419443966897635
10582 4.919068100570765
10583 4.433560284789064
10613 6.305362461690656
10719 5.206750173022546
10751 2.3818556390457326
10753 2.7790019370744945
10774 4.513602992462601
10797 6.9985096422506015
10825 2.0149030205422647
10868 -0.37072214562370276
10872 1.6048820958982397
10949 21.79726156317671
11023 1.2880826248757316
11027 1.2781978656431896
11032 1.087712998210074
11034 1.5958322603783217
11046 2.3933394562625097
11072 12.871378323445173
11110 3.2409820766720454
11202 2.9209721983448818
11212 3.9539872045271784
11218 1.7160635543787315
11285 6.9985096422506015
11299 -2.6059138093296896
11339 4.00277736869661
11353 2.8088549002241754
11354 6.9985096422506015
11393 3.2849375755462935
11409 7.004004161568242
11424 6.305362461690656
11458 6.305362461690656
11549 6.9985096422506015
11556 6.9985096422506015
11725 4.359452312635343
11779 5.612215281130711
11781 2.591790394986348
11783 4.00277736869661
11785 1.9680717208581657
11817 5.206750173022546
11831 7.194624521176892
11889 2.7790019370744945
11945 1.9550845253313545
11967 4.290459441148391
11972 3.21432000833234
11978 6.305362461690656
12081 2.363780654020965
12084 4.513602992462601
12172 3.9074671888922854
12216 2.87137525720551
12254 2.335070548138534
12455 -0.2152586658680402
12458 9.928890564409993
12513 3.740413104229119
12553 1.0715836162801904
12626 6.9985096422506015
12708 1.5958322603783217
12715 15.620250519067639
12717 0.5999147077153936
12736 3.414990703794491
12748 5.389071729816501
12785 2.8088549002241754
12789 4.695924549256556
12973 6.305362461690656
12976 3.9539872045271784
13001 2.9461134062376346
13031 5.612215281130711
13225 6.305362461690656
13254 6.305362461690656
13271 3.3875917296063767
13272 2.7790019370744945
13401 2.465910149097345
13403 3.502002080784121
13423 3.9539872045271784
13513 3.7026727762462723
13553 -2.9636860795535362
13670 2.6164830075767194
13688 6.9985096422506015
13718 2.6850356628614973
13767 2.6547042203969173
13815 6.305362461690656
13822 3.740413104229119
13843 2.1782280766455644
13867 4.350851992840296
13913 2.8396265588909295
13916 3.1066893441399746
14008 4.002594736972972
14044 8.767052251392387
14115 2.973157951515452
14121 5.8998973535824915
14135 2.3541187431092285
14136 1.4810567457858934
14160 5.612215281130711
14222 22.448861124522843
14237 -4.18349008982496
14238 5.8998973535824915
14267 -2.2942163598810907
14308 2.0640357091199095
14332 4.22592092001082
14364 4.433560284789064
14381 0.2288676653980985
14416 2.3218536389257243
14431 2.06986059726431
14463 1.67063347346102
14527 2.938066631704182
14563 2.6418008155610093
14612 4.372650573756367
14637 3.3349479961209547
14647 3.8630154263214513
14682 1.5431885268928998
14814 4.8012850649143815
14832 4.600614369452231
14852 5.8998973535824915
14906 2.8095475825476477
15059 6.305362461690656
15117 5.8998973535824915
15155 0.6904112007410705
15171 5.052599493195288
15200 5.8998973535824915
15202 14.246392015040055
15207 7.794614540004257
15254 6.9985096422506015
15259 2.6641659082763383
15282 6.305362461690656
15332 -21.732364222038683
15341 3.1838965002507154
15370 4.290459441148391
15373 4.886164507878708
15383 5.389071729816501
15418 6.369936957148348
15435 2.750014400201242
15595 1.3320829541381691
15612 4.165296298194385
15622 2.363780654020965
15651 2.2754468375694707
15672 0.7275212103923018
15685 2.6149213744092488
15725 3.5645224377654547
15735 2.938066631704182
15771 0.06928714438394819
15814 2.262311193856106
