240
4 4.8012850649143815
194 1.5399972773188362
247 6.9985096422506015
431 6.9985096422506015
460 4.359452312635343
466 7.640911623805311
512 2.0785287164224764
521 1.8986432144264027
569 3.0282177286984795
607 2.5211728277723946
646 2.219386149139072
760 4.513602992462601
848 3.7796338173824005
1094 2.335070548138534
1379 2.1481658635875345
1404 1.3708885285599641
1686 1.1549652252192415
1692 2.1944885975173447
1703 4.00277736869661
1750 1.1068654304248302
1769 5.8998973535824915
1784 5.612215281130711
2026 2.681021528714291
2051 2.66777630196427
2070 1.4730567031188173
2103 2.4446327506500602
2255 4.8012850649143815
2269 5.605832781982583
2271 1.3671324722888383
2337 4.600614369452231
2450 -1.2217137914072214
2471 5.389071729816501
2574 3.666305132075397
2576 4.22592092001082
2652 4.108137884354437
2701 2.7218435232345457
2828 5.389071729816501
2862 1.4690805547391779
2866 6.9985096422506015
2919 2.1944885975173447
2920 0.6795415285041667
2935 1.2640783890383267
2964 0.900435360084361
3048 2.5098732725184614
3057 2.236335707452845
3094 4.00277736869661
3366 4.695924549256556
3414 3.7026727762462723
3448 3.1273086313427103
3449 1.9647049651044954
3506 0.8205655282000008
3516 2.0785287164224764
3578 1.2031599740689096
3598 1.1666271649670843
3614 1.4378280112350734
3631 4.05407066308416
3732 5.052599493195288
3808 4.108137884354437
3873 4.108137884354437
3890 17.074953518972457
3982 5.384656113033928
4026 2.8876357780772897
4053 -0.6728406768819836
4063 4.433560284789064
4097 2.955458374416051
4216 4.695924549256556
4232 2.3256808077886952
4283 4.8012850649143815
4405 1.3460204619819507
4487 3.1066893441399746
4549 2.6418008155610093
4586 3.009525595686327
4621 2.7218435232345457
4646 1.8686109273275278
4750 0.6631056996427893
4809 2.8088549002241754
5055 2.2278250177849364
5057 6.9985096422506015
5147 4.600614369452231
5153 6.9985096422506015
5243 3.6312138122641273
5249 3.3096301881366648
5318 3.1066893441399746
5396 4.05407066308416
5517 1.6232312345664361
5554 2.1081605140288473
5630 0.11915383779016203
5635 2.20271909665386
5642 5.389071729816501
5721 4.22592092001082
5852 2.4876501357337513
5996 4.00277736869661
6078 2.555858385760285
6262 3.4431615807611875
6345 3.414990703794491
6368 2.5098732725184614
6387 2.9911764570181303
6393 4.22592092001082
6433 1.030804581586805
6447 1.2880826248757316
6470 4.8012850649143815
6484 4.359452312635343
6490 3.9539872045271784
6555 2.9911764570181303
6588 4.919068100570765
6657 6.416091713666788
6754 1.2024518914852294
6776 1.942263836902293
6887 1.152070867192877
7123 4.513602992462601
7138 6.305362461690656
7170 1.6186122887101415
7174 5.8998973535824915
7179 6.9985096422506015
7192 4.388977195034689
7265 4.108137884354437
7286 1.4112609838503516
7298 6.9985096422506015
7321 3.3875917296063767
7458 3.502002080784121
7471 16.42468787773147
7497 2.1042009669499975
7527 2.681021528714291
7569 1.0170954309961207
7578 0.5215372793609184
7622 2.764403137653342
7897 6.9985096422506015
7981 2.0426825846493406
8096 1.4533321977710387
8155 3.1066893441399746
8182 2.681021528714291
8284 7.907974409054357
8506 4.00277736869661
8578 3.1066893441399746
8710 1.102407559418776
8723 3.052477937158253
8799 3.502002080784121
8809 4.919068100570765
8850 1.7153059135126125
8854 4.165296298194385
8856 2.3163784151263815
8870 3.7026727762462723
8886 1.3081501879265407
8928 1.3355491621146554
8933 6.9985096422506015
8979 1.7890234894091803
9151 1.258716730071367
9365 1.4972514317058743
9386 6.9985096422506015
9447 4.359452312635343
9531 1.67063347346102
9554 1.271661894663404
9585 19.857781128819987
9640 2.8088549002241754
9641 2.6418008155610093
9709 1.082307579643166
9733 1.0850066366123312
10191 4.433560284789064
10199 4.6513616155773905
10221 2.434161450782765
10272 4.108137884354437
10326 1.0461538510930224
10433 6.305362461690656
10646 3.9539872045271784
10659 3.4431615807611875
10759 6.133368019052551
10760 5.389071729816501
10868 -0.7414442912474055
10942 5.8998973535824915
11059 5.052599493195288
11148 3.5352801356947183
11168 1.2781978656431896
11202 2.9209721983448818
11266 2.9041650800285006
11299 -4.169462094927503
11407 3.1483620405405426
11446 3.597312260588446
11817 5.206750173022546
11894 1.5178707189086098
11947 3.0282177286984795
11961 3.3096301881366648
11975 2.9209721983448818
12022 0.40409618250082274
12034 0.9324015521468534
12084 4.513602992462601
12297 4.8012850649143815
12377 1.3460204619819507
12455 -0.2152586658680402
12458 6.6192603762733295
12595 2.344549292093078
12896 6.474619053114077
12968 3.047265923669174
12972 5.710749831718137
12978 2.383389125409342
13080 0.8123010183501074
13138 4.600614369452231
13384 2.0568672196412967
13412 5.019746545036923
13423 3.9539872045271784
13513 3.7026727762462723
13553 -0.7409215198883841
13672 4.578716905737379
13718 2.6850356628614973
13748 6.9985096422506015
13822 3.740413104229119
13862 7.559267634764801
13867 2.175425996420148
13913 2.8396265588909295
13916 3.1066893441399746
13966 6.9985096422506015
14008 2.001297368486486
14267 -1.1471081799405454
14309 3.0274254175198925
14381 0.2288676653980985
14422 4.246624638098899
14428 6.305362461690656
14431 6.20958179179293
14498 3.0282177286984795
14525 4.22592092001082
14547 3.740413104229119
14563 2.6418008155610093
14612 4.372650573756367
14779 4.290459441148391
14906 0.8027278807278994
15181 1.751485570090115
15202 8.76701047079388
15207 3.8973072700021283
15259 1.3320829541381691
15313 1.917105277266138
15332 -3.1046234602912404
15373 1.628721502626236
15435 2.750014400201242
15471 1.3881216796572402
15484 2.9911764570181303
15490 5.8998973535824915
15551 2.3157359697544058
15624 7.726030852642903
15672 0.7275212103923018
15677 1.5779746429783155
15771 0.04619142958929879
