129
829 3.5645224377654547
1310 3.7796338173824005
1902 2.0149030205422647
2217 2.4876501357337513
2240 1.65617539028579
2271 0.34178311807220957
2357 1.1873686492739008
2407 2.236335707452845
2536 1.7835738846416156
2605 16.804617412621077
2674 1.0272478024601386
2920 1.3590830570083334
2935 0.6320391945191633
3040 4.919068100570765
3150 3.5327737394508745
3230 2.8876357780772897
3407 2.085854756514549
3520 2.87137525720551
3613 5.710749831718137
3700 2.5894543351888
3786 4.8012850649143815
3840 2.5961321377198296
3981 3.3609234825242154
4010 9.575541457440844
4070 1.1068654304248302
4174 3.3875917296063767
4214 2.465910149097345
4219 1.7567626271909589
4241 2.4033897921160112
4286 2.130975191795019
4295 2.9209721983448818
4321 2.8553749158590684
4537 4.078495509397918
4878 1.3672978604292356
4914 1.4339892349279078
4956 2.413542163580029
4976 2.288979440938267
5116 1.961557039836972
5232 6.6192603762733295
5573 3.3875917296063767
5779 3.21432000833234
5809 2.363780654020965
5842 6.17297327364491
5905 1.7835738846416156
5983 1.9878743481543455
6049 2.035665011990694
6064 2.138697237888929
6140 2.211017899468555
6151 1.4075226617397445
6447 1.2880826248757316
6491 4.600614369452231
6908 0.6707538925195963
7025 1.0095482253607377
7104 -1.9904637499538764
7306 2.4876501357337513
7401 1.886521853894058
7414 3.7026727762462723
7591 2.0426825846493406
7713 3.1066893441399746
7759 4.359452312635343
7981 2.0426825846493406
7991 1.3149298749119196
8026 5.052599493195288
8032 1.0216512475319814
8391 2.555858385760285
8683 1.6803896484063847
8695 3.910169050662709
9106 1.0850066366123312
9227 4.165296298194385
9285 3.047265923669174
9709 2.164615159286332
9779 1.8337236683270872
9990 0.5671785603171224
10279 4.433560284789064
10294 2.70805020110221
10326 1.0461538510930224
10365 6.305362461690656
10642 4.05407066308416
10749 2.3509274935351647
10811 4.433560284789064
11032 3.263138994630222
11063 20.827000692090184
11132 3.7796338173824005
11137 8.870423027479227
11296 2.764403137653342
11308 2.5098732725184614
11444 9.73664580313106
11811 4.919068100570765
11816 1.9296054400303697
11900 2.049749751872433
11943 2.455214859980597
11952 1.5958322603783217
11979 4.433560284789064
12022 0.40409618250082274
12042 2.6418008155610093
12111 1.994563336305142
12122 1.1963912668735384
12377 1.3460204619819507
12404 1.485080896085619
12407 0.83519483821596
12455 -0.2152586658680402
12707 2.2278250177849364
12717 1.1998294154307871
12826 1.2619373447714093
13001 2.9461134062376346
13288 4.05407066308416
13319 3.6111055827207816
13343 2.973157951515452
13390 2.236335707452845
13553 -1.111382279832576
13565 1.9878743481543455
13613 1.8111238364098463
13769 3.1273086313427103
13795 1.5389241281064423
13838 2.3163784151263815
13891 1.2131850577159984
14104 3.420485223112132
14115 2.973157951515452
14431 1.034930298632155
14477 2.5211728277723946
14588 2.0785287164224764
14590 5.501171004981262
14656 1.1405764877671418
15037 4.632756830252763
15298 6.9985096422506015
15332 -6.209246920582481
15471 0.6940608398286201
15515 7.332610264150794
15830 5.8998973535824915
