330
60 4.8012850649143815
194 0.7699986386594181
241 3.3804838896987928
313 5.206750173022546
344 2.7790019370744945
486 2.70805020110221
496 2.2800107709555064
583 2.9041650800285006
702 3.7796338173824005
775 3.7796338173824005
888 4.05407066308416
927 2.0785287164224764
949 5.389071729816501
978 2.298029276458185
1060 0.3108345320827577
1379 0.5370414658968836
1458 6.305362461690656
1487 4.22592092001082
1686 1.1549652252192415
1750 3.320596291274491
1871 3.5645224377654547
1884 1.9486536350010641
1896 3.567147769283231
1925 4.00277736869661
1929 2.1081605140288473
2064 1.5647876386963615
2166 2.6418008155610093
2172 4.359452312635343
2217 2.4876501357337513
2218 3.740413104229119
2224 1.981229805435677
2240 1.65617539028579
2252 9.83813620114153
2258 2.87137525720551
2302 3.009525595686327
2309 3.7796338173824005
2351 4.6943629160890845
2353 4.108137884354437
2421 1.5431885268928998
2446 5.065203047192035
2450 -1.2217137914072214
2513 1.8280256472124494
2538 1.422560539104285
2580 4.600614369452231
2601 6.213378688279949
2611 6.521680047934466
2674 1.0272478024601386
2675 3.6312138122641273
2679 6.829981407588982
2780 3.9539872045271784
2820 2.4446327506500602
2935 0.6320391945191633
2964 0.900435360084361
3046 2.9911764570181303
3296 3.597312260588446
3354 3.2373095265570386
3449 0.9823524825522477
3466 5.8998973535824915
3578 1.8047399611033645
3598 1.1666271649670843
3787 5.8998973535824915
3840 1.2980660688599148
3862 3.0666840095262753
3896 1.403798262648762
3970 4.05407066308416
3998 5.8998973535824915
4021 1.5054481989100525
4070 1.1068654304248302
4082 3.9074671888922854
4210 5.389071729816501
4258 3.3096301881366648
4259 3.8630154263214513
4302 1.8000126109847754
4309 2.681021528714291
4319 2.049749751872433
4333 5.8604806140923245
4335 2.938066631704182
4337 6.305362461690656
4381 8.059612082169059
4382 5.206750173022546
4416 6.818600195406757
4417 3.1918471524802814
4481 4.292958756661968
4522 1.0414285906185765
4529 4.22592092001082
4537 1.0196238773494795
4586 3.009525595686327
4591 4.22592092001082
4616 1.8925641683500207
4625 3.6904360955056443
4660 3.9074671888922854
4837 6.305362461690656
4846 2.021775899830027
4852 1.258716730071367
4878 1.3672978604292356
4909 1.4690805547391779
4963 2.3933394562625097
4964 1.127926246926296
5103 3.414990703794491
5154 4.8892655013001205
5166 4.695924549256556
5200 3.3096301881366648
5252 5.389071729816501
5263 4.22592092001082
5384 4.05407066308416
5443 2.9041650800285006
5484 0.9464204733261844
5507 5.052599493195288
5517 3.2464624691328723
5518 1.5868635903955612
5593 5.8998973535824915
5620 3.8204558119026557
5630 0.4766153511606481
5687 2.0785287164224764
5767 4.919068100570765
5770 3.4431615807611875
5822 4.8012850649143815
5925 4.433560284789064
5973 2.9540974487767095
5978 5.389071729816501
6011 5.8998973535824915
6043 1.5913378707904824
6049 2.035665011990694
6064 2.138697237888929
6153 4.600614369452231
6169 2.4033897921160112
6186 5.8998973535824915
6223 2.8088549002241754
6228 1.2947271675944
6283 3.5327737394508745
6300 3.7026727762462723
6393 4.22592092001082
6402 1.4112609838503516
6447 1.2880826248757316
6530 3.3609234825242154
6539 2.434161450782765
6555 2.9911764570181303
6618 2.0568672196412967
6620 11.998294154307871
6633 2.8088549002241754
6853 3.260840023967233
6908 0.33537694625979814
7019 4.261950383590038
7025 1.0095482253607377
7028 2.764403137653342
7053 7.814934377784571
7104 -4.644415416559045
7185 5.612215281130711
7344 1.6325336272287498
7397 2.87137525720551
7424 3.3609234825242154
7505 3.740413104229119
7557 3.3349479961209547
7569 2.0341908619922413
7598 6.305362461690656
7622 2.764403137653342
7637 4.600614369452231
7713 3.1066893441399746
7715 4.513602992462601
7731 2.001297368486486
7770 4.165296298194385
7799 4.108137884354437
7885 3.9539872045271784
7904 2.211017899468555
7941 3.740413104229119
7965 1.886521853894058
7991 1.3149298749119196
8011 5.052599493195288
8032 0.5108256237659907
8061 4.165296298194385
8064 4.165296298194385
8096 2.9066643955420775
8168 3.9492582428086496
8169 5.443687046469091
8242 2.035665011990694
8315 2.764403137653342
8439 0.4690908039883759
8672 5.775271556154579
8673 3.740413104229119
8690 8.381451068578906
8708 2.962113491571787
8710 0.551203779709388
8712 3.3349479961209547
8723 3.052477937158253
8736 2.3867493466682252
8739 3.8204558119026557
8749 6.133368019052551
8751 7.726030852642903
8837 3.1698682457615064
8850 1.7153059135126125
8854 4.165296298194385
8856 2.3163784151263815
9076 4.290459441148391
9106 1.0850066366123312
9169 3.4431615807611875
9170 0.6116303228879563
9192 4.00277736869661
9243 16.937958648031884
9264 4.513602992462601
9280 3.502002080784121
9345 2.66777630196427
9365 1.4972514317058743
9524 6.305362461690656
9554 1.271661894663404
9589 1.3115342859107813
9680 3.597312260588446
9698 1.9878743481543455
9709 5.41153789821583
9729 16.42495916950062
9733 1.0850066366123312
9765 1.7835738846416156
9794 4.600614369452231
9818 3.21432000833234
9954 4.22592092001082
10058 2.6040604875781623
10287 3.009525595686327
10306 2.15432255579201
10326 2.092307702186045
10329 -0.21009069570959765
10447 3.659689420229828
10672 3.414990703794491
10691 3.414990703794491
10699 4.59605855291637
10788 4.108137884354437
10793 4.919068100570765
10868 -0.18536107281185138
10872 1.6048820958982397
10906 4.071330023981388
10914 12.273480351732164
10920 4.40543819330772
11032 2.175425996420148
11089 1.1549652252192415
11110 1.6204910383360227
11140 4.30864511158402
11168 1.2781978656431896
11212 3.9539872045271784
11218 1.144042369585821
11235 3.740413104229119
11299 -6.775375904257193
11334 1.994563336305142
11402 4.433560284789064
11419 6.254617262685421
11461 2.146479378330984
11570 1.1933746733341126
11591 2.7218435232345457
11704 3.1483620405405426
11778 2.8553749158590684
11796 7.640911623805311
11939 5.362043057428582
11952 3.1916645207566434
11959 2.2449194511442365
11984 2.4237986637472186
12042 2.6418008155610093
12047 1.4416815805510634
12057 2.10066984229969
12060 15.220460903190904
12122 2.3927825337470767
12148 4.513602992462601
12171 4.165296298194385
12375 3.260840023967233
12377 2.6920409239639014
12383 1.2523064517104479
12455 -0.2152586658680402
12465 3.3096301881366648
12578 7.271395991241656
12781 2.498699971920336
12797 5.443687046469091
12826 1.2619373447714093
12833 0.9630282097258448
12870 4.919068100570765
12890 5.389071729816501
12944 4.695924549256556
13001 1.4730567031188173
13035 4.600614369452231
13048 5.206750173022546
13080 0.8123010183501074
13140 4.919068100570765
13273 3.3096301881366648
13390 2.236335707452845
13473 4.00277736869661
13475 3.8204558119026557
13495 3.9539872045271784
13560 5.206750173022546
13565 5.963623044463036
13572 1.8745456628473423
13613 1.8111238364098463
13683 3.0666840095262753
13761 2.6040604875781623
13781 3.8204558119026557
13825 2.7218435232345457
13828 3.3349479961209547
13867 2.175425996420148
13891 0.6065925288579992
14051 5.052599493195288
14136 1.4810567457858934
14174 1.7945029551738059
14237 -1.3944966966083199
14340 4.108137884354437
14357 2.476721065201561
14381 0.2288676653980985
14431 2.06986059726431
14432 8.216275768708874
14463 3.34126694692204
14482 4.22592092001082
14516 2.1782280766455644
14522 3.8630154263214513
14546 2.8876357780772897
14588 2.0785287164224764
14601 4.433560284789064
14654 10.693567313296365
14672 9.83813620114153
14754 3.8204558119026557
14978 4.513602992462601
15080 5.389071729816501
15089 3.3349479961209547
15181 12.260398990630806
15197 7.065547478901749
15256 3.3349479961209547
15259 1.3320829541381691
15279 3.21432000833234
15306 1.4399764361695133
15332 -17.07542903160182
15341 1.5919482501253577
15457 4.359452312635343
15471 2.08218251948586
15595 1.3320829541381691
15650 2.130975191795019
15651 2.2754468375694707
15728 3.009525595686327
15771 0.04619142958929879
