24
2166 2.6418008155610093
2357 1.1873686492739008
2421 1.5431885268928998
2920 0.6795415285041667
4481 2.146479378330984
4522 0.2603571476546441
6216 2.3933394562625097
6620 0.5999147077153936
6970 2.1863252868781835
7104 -1.3269758333025843
8168 1.9746291214043248
8784 2.146479378330984
10914 1.3637200390813515
11299 -0.5211827618659379
11308 2.5098732725184614
12060 1.5220460903190904
12377 1.3460204619819507
12837 3.4431615807611875
13613 1.8111238364098463
14153 2.4876501357337513
14416 1.5479024259504828
15079 3.666305132075397
15332 -1.5523117301456202
15771 0.023095714794649395
