354
522 6.305362461690656
1012 15.157798479585864
1839 8.372939455248687
1864 3.047265923669174
1884 1.9486536350010641
1909 2.8876357780772897
1933 4.05407066308416
1964 3.260840023967233
1986 2.4237986637472186
1997 6.019051191372654
2017 3.3875917296063767
2165 6.9985096422506015
2224 1.981229805435677
2240 1.65617539028579
2255 4.8012850649143815
2302 15.047627978431635
2351 1.5647876386963615
2357 3.5621059478217028
2407 2.236335707452845
2421 1.5431885268928998
2434 2.413542163580029
2450 -3.665141374221664
2519 6.7609677793975855
2607 5.052599493195288
2609 6.9985096422506015
2638 4.261950383590038
2674 1.0272478024601386
2690 3.1483620405405426
2705 1.6657908489852322
2787 6.383694304960563
2796 2.335070548138534
2873 4.22592092001082
2874 3.047265923669174
2919 4.388977195034689
2920 1.3590830570083334
2935 0.6320391945191633
2959 1.1873686492739008
2964 3.601741440337444
3121 6.305362461690656
3346 6.9985096422506015
3419 4.22592092001082
3448 3.1273086313427103
3578 1.2031599740689096
3580 6.9985096422506015
3597 2.8876357780772897
3598 2.3332543299341686
3614 2.875656022470147
3703 6.9985096422506015
3807 2.3256808077886952
3820 3.5780469788183606
3840 1.2980660688599148
3859 4.600614369452231
3961 2.6290617897835795
3990 2.6290617897835795
4021 1.5054481989100525
4026 2.8876357780772897
4194 6.9985096422506015
4219 1.7567626271909589
4230 2.0149030205422647
4265 3.5327737394508745
4280 10.778143459633002
4282 2.8553749158590684
4314 2.764403137653342
4325 6.42864001666468
4397 3.666305132075397
4416 1.3637200390813515
4502 5.617709800448351
4522 0.2603571476546441
4534 4.433560284789064
4536 5.41610040220442
4621 5.443687046469091
4635 5.052599493195288
4646 1.8686109273275278
4695 2.87137525720551
4750 0.994658549464184
4783 2.1782280766455644
4808 9.027205984925201
4857 2.0712559570933964
4876 2.2449194511442365
4878 1.3672978604292356
4909 1.4690805547391779
4918 5.052599493195288
4924 3.2849375755462935
4938 3.4431615807611875
4964 2.255852493852592
4970 3.9492582428086496
5067 2.2278250177849364
5110 3.6904360955056443
5116 1.961557039836972
5154 2.4446327506500602
5156 4.42203579893711
5179 6.305362461690656
5241 4.433560284789064
5283 3.2849375755462935
5293 3.4431615807611875
5316 2.236335707452845
5537 3.597312260588446
5630 1.4298460534819444
5634 5.389071729816501
5635 4.40543819330772
5739 2.8876357780772897
5758 3.666305132075397
5839 2.579669034454003
5874 2.579669034454003
5889 2.4033897921160112
5895 2.4033897921160112
5898 7.814934377784571
5901 2.455214859980597
5929 6.6192603762733295
5934 2.8876357780772897
5949 3.5645224377654547
5954 4.8012850649143815
5973 8.862292346330129
5999 2.5098732725184614
6003 3.3609234825242154
6020 3.9074671888922854
6068 3.1273086313427103
6078 2.555858385760285
6151 5.630090646958978
6165 3.3096301881366648
6169 2.4033897921160112
6402 1.4112609838503516
6433 1.030804581586805
6447 1.2880826248757316
6451 5.8998973535824915
6539 2.434161450782765
6631 4.359452312635343
6675 2.5098732725184614
6754 2.4049037829704587
6819 1.7153059135126125
6856 3.2849375755462935
6908 0.6707538925195963
6909 6.305362461690656
6970 2.1863252868781835
6971 3.597312260588446
6984 7.559267634764801
7104 -4.644415416559045
7197 3.461302966374546
7215 4.689098584186156
7221 5.389071729816501
7358 5.8998973535824915
7482 3.6111055827207816
7534 1.242767428663689
7578 0.5215372793609184
7614 2.5676928434072877
7684 6.9985096422506015
7764 1.7052048175261088
7766 6.305362461690656
7768 3.3096301881366648
7837 4.359452312635343
7838 2.1081605140288473
7866 6.305362461690656
7949 2.5441623459970937
7981 2.0426825846493406
7991 3.944789624735759
8005 4.165296298194385
8308 9.83813620114153
8374 6.9985096422506015
8391 2.555858385760285
8523 5.805061085635469
8665 10.413500346045092
8710 3.3072226782563283
8739 3.8204558119026557
8745 2.5441623459970937
8788 4.292958756661968
8975 7.180018368787529
8978 1.6140145794615122
9115 6.094531847338348
9122 2.7489842721265254
9170 1.8348909686638688
9177 4.359452312635343
9211 10.506006242352363
9276 2.6944445490464313
9292 2.5441623459970937
9308 3.1698682457615064
9384 1.3355491621146554
9488 6.9985096422506015
9537 0.6546292081242703
9554 2.543323789326808
9559 -1.5807799332445045
9589 1.3115342859107813
9616 6.9985096422506015
9638 6.9985096422506015
9677 6.9985096422506015
9728 3.21432000833234
9818 3.21432000833234
9970 0.9675939027561428
9979 2.3933394562625097
10154 3.3609234825242154
10244 5.612215281130711
10258 1.8000126109847754
10290 4.290459441148391
10302 2.6290617897835795
10307 7.7030785302218625
10310 4.695924549256556
10326 1.0461538510930224
10393 3.9492582428086496
10422 1.4175881426832082
10447 9.14922355057457
10456 14.276874579295342
10473 1.7781538171722764
10500 3.666305132075397
10533 6.9985096422506015
10548 5.8998973535824915
10554 5.389071729816501
10588 6.9985096422506015
10742 1.7890234894091803
10751 1.5879037593638217
10753 2.7790019370744945
10754 3.1698682457615064
10788 4.108137884354437
10825 2.0149030205422647
10868 -1.482888582494811
10886 5.74275051441102
10906 2.035665011990694
10943 5.612215281130711
11023 1.2880826248757316
11027 1.2781978656431896
11089 4.619860900876966
11092 5.8998973535824915
11102 3.326150070554554
11110 0.8102455191680114
11168 1.2781978656431896
11218 1.7160635543787315
11266 5.808330160057001
11299 -1.5635482855978138
11304 2.410992067732915
11308 2.5098732725184614
11317 3.0666840095262753
11334 1.994563336305142
11359 5.206750173022546
11375 5.362043057428582
11388 4.22592092001082
11400 3.5327737394508745
11453 1.3637200390813515
11520 6.213378688279949
11591 2.7218435232345457
11658 4.513602992462601
11677 5.176530251060562
11782 5.612215281130711
11785 5.904215162574497
11790 2.2449194511442365
11825 2.9041650800285006
11826 5.389071729816501
11900 4.099499503744866
11907 2.434161450782765
11908 1.5346778372249912
11987 4.8012850649143815
11990 4.108137884354437
12014 2.9911764570181303
12027 6.9985096422506015
12033 2.5211728277723946
12062 3.47214911763444
12064 6.669895992241909
12066 3.7796338173824005
12070 2.87137525720551
12093 3.3607792968127694
12121 5.206750173022546
12220 4.290459441148391
12391 6.383694304960563
12455 -1.076293329340201
12704 6.9985096422506015
12717 1.1998294154307871
12723 4.577958881876534
12783 1.8986432144264027
12793 2.87137525720551
12801 3.8218266140364343
12803 4.091160117244055
12805 5.5705382572438245
12820 3.3349479961209547
12822 17.699692060747473
12823 1.034930298632155
12833 0.9630282097258448
12930 12.610724923381312
13045 1.886521853894058
13052 3.260840023967233
13080 0.8123010183501074
13088 2.7790019370744945
13189 1.8745456628473423
13272 2.7790019370744945
13356 6.9985096422506015
13384 2.0568672196412967
13401 2.465910149097345
13438 5.11171677152057
13452 4.359452312635343
13501 5.042345655544789
13508 1.7255100836868542
13553 -0.37046075994419203
13588 10.598321218352623
13613 1.8111238364098463
13637 4.108137884354437
13670 2.6164830075767194
13690 12.610724923381312
13710 21.787282873584765
13712 6.9985096422506015
13718 2.6850356628614973
13722 3.5327737394508745
13734 1.942263836902293
13767 2.6547042203969173
13791 6.094531847338348
13891 1.8197775865739976
13913 8.518879676672789
13998 4.8012850649143815
14008 2.001297368486486
14174 1.7945029551738059
14237 -7.669731831345759
14260 4.165296298194385
14267 -4.5884327197621815
14308 2.0640357091199095
14313 4.939954526323604
14381 0.915470661592394
14416 1.5479024259504828
14439 3.1273086313427103
14544 3.666305132075397
14546 8.66290733423187
14606 3.6312138122641273
14682 3.0863770537857995
14728 7.480826208458238
14830 5.558003874148989
14906 1.204091821091849
14965 6.9985096422506015
15024 3.2373095265570386
15121 3.1737271807911225
15130 4.695924549256556
15155 4.832878405187493
15192 4.467363916867872
15241 3.4924724284079427
15283 2.236335707452845
15292 2.211017899468555
15306 2.15996465425427
15313 1.917105277266138
15332 -27.941611142621163
15341 1.5919482501253577
15348 2.10066984229969
15373 0.814360751313118
15413 2.556395731286379
15446 3.5327737394508745
15447 4.919068100570765
15456 3.1273086313427103
15471 1.3881216796572402
15476 4.600614369452231
15539 5.389071729816501
15551 1.1578679848772029
15595 1.3320829541381691
15617 4.8012850649143815
15651 5.688617093923677
15659 6.9985096422506015
15672 0.7275212103923018
15694 2.938066631704182
15708 5.982352914036261
15731 2.9911764570181303
15827 5.732739921054652
15828 6.558886765176185
15862 3.9074671888922854
