117
174 3.2464624691328723
1820 3.3875917296063767
1957 1.8223599096767722
1986 2.4237986637472186
2321 7.726030852642903
2334 0.7939518796819108
2369 4.108137884354437
2373 6.305362461690656
2450 -1.832570687110832
2513 1.8280256472124494
2519 1.6902419448493964
2787 3.1918471524802814
2935 0.6320391945191633
2964 0.900435360084361
3516 2.0785287164224764
3526 5.612215281130711
3578 0.6015799870344548
3737 1.8055527913603908
3820 1.7890234894091803
3906 2.973157951515452
4021 1.5054481989100525
4053 -0.14952015041821856
4366 1.9878743481543455
4416 1.3637200390813515
4522 0.5207142953092883
4613 2.211017899468555
4631 3.9539872045271784
4750 0.33155284982139466
4846 2.021775899830027
4882 2.130975191795019
4956 2.413542163580029
4963 2.3933394562625097
4964 1.127926246926296
4989 1.3355491621146554
5316 2.236335707452845
5436 2.8876357780772897
5590 1.4533321977710387
5706 4.919068100570765
5729 4.359452312635343
5874 2.579669034454003
6049 2.035665011990694
6819 1.7153059135126125
6847 5.8998973535824915
6970 2.1863252868781835
7104 -2.6539516666051686
7699 3.7796338173824005
7731 2.001297368486486
7954 4.22592092001082
7965 1.886521853894058
8055 2.9041650800285006
8096 2.9066643955420775
8514 2.008077055471865
8524 6.9985096422506015
8683 1.6803896484063847
8695 1.9550845253313545
8710 1.102407559418776
8789 11.224430562261421
8822 2.2800107709555064
8886 1.3081501879265407
8978 4.842043738384536
9151 1.258716730071367
9256 6.9985096422506015
9423 2.8876357780772897
9537 0.6546292081242703
9559 -0.5823926069848174
9604 4.513602992462601
9661 8.45184184002164
9974 3.8630154263214513
10001 4.128071418239819
10221 2.434161450782765
10296 3.2849375755462935
10329 -0.8403627828383906
10446 3.1483620405405426
10447 0.6099482367049713
10827 3.740413104229119
10868 -0.37072214562370276
11140 2.15432255579201
11168 1.2781978656431896
11218 1.7160635543787315
11299 -0.5211827618659379
11305 4.128071418239819
11344 3.1483620405405426
11416 2.1782280766455644
11491 1.8745456628473423
11907 2.434161450782765
11984 2.4237986637472186
12022 0.40409618250082274
12183 4.8012850649143815
12404 2.970161792171238
12455 -1.076293329340201
12508 2.262311193856106
12805 1.8568460857479414
13412 2.5098732725184614
13527 2.049749751872433
13553 -0.37046075994419203
13613 1.8111238364098463
13750 2.162227735299123
13891 0.6065925288579992
13921 2.1782280766455644
14237 -2.7889933932166397
14267 -0.7647387866270302
14346 5.389071729816501
14381 0.457735330796197
14416 0.7739512129752414
14455 3.274434953082352
14588 4.157057432844953
14590 3.6674473366541744
14626 2.750014400201242
15020 3.086486636822455
15102 5.206750173022546
15155 0.6904112007410705
15332 -1.5523117301456202
15348 2.10066984229969
15373 0.814360751313118
15413 2.556395731286379
15484 5.982352914036261
15828 1.0931477941960308
