71
241 1.6902419448493964
313 5.206750173022546
486 2.70805020110221
1379 1.0740829317937672
1487 4.22592092001082
1505 5.389071729816501
2166 2.6418008155610093
2421 1.5431885268928998
2597 2.1157077196642304
2935 0.6320391945191633
4333 5.8604806140923245
4381 2.0149030205422647
4416 1.3637200390813515
4441 4.05407066308416
4475 5.612215281130711
4522 0.2603571476546441
5620 3.8204558119026557
5758 3.666305132075397
6049 2.035665011990694
6133 4.359452312635343
6433 0.5154022907934025
6468 3.1483620405405426
6620 3.5994882462923616
6872 1.3047775034479017
6908 0.33537694625979814
7019 2.130975191795019
7123 4.513602992462601
7668 5.052599493195288
7799 4.108137884354437
7959 4.00277736869661
8061 8.33059259638877
8690 2.7938170228596353
8710 0.551203779709388
8739 3.8204558119026557
8751 3.8630154263214513
8784 10.73239689165492
9709 1.082307579643166
9794 4.600614369452231
10393 1.9746291214043248
10447 0.6099482367049713
10672 3.414990703794491
10699 2.298029276458185
10914 2.727440078162703
10994 5.8998973535824915
11023 1.2880826248757316
11057 2.555858385760285
11110 0.8102455191680114
11140 2.15432255579201
11299 -2.6059138093296896
11305 2.0640357091199095
11693 4.695924549256556
11825 2.9041650800285006
11881 2.70805020110221
11984 2.4237986637472186
12033 2.5211728277723946
12056 5.8998973535824915
12060 3.044092180638181
12377 1.3460204619819507
12561 5.389071729816501
12594 4.513602992462601
13216 3.6312138122641273
13438 2.555858385760285
13801 7.262427624528255
13891 0.6065925288579992
14710 5.612215281130711
15089 3.3349479961209547
15332 -3.1046234602912404
15471 0.6940608398286201
15651 2.2754468375694707
15735 2.938066631704182
15771 0.023095714794649395
