214
194 0.7699986386594181
241 3.3804838896987928
313 5.206750173022546
344 2.7790019370744945
486 5.41610040220442
496 2.2800107709555064
702 3.7796338173824005
775 3.7796338173824005
927 2.0785287164224764
949 5.389071729816501
1060 0.3108345320827577
1274 5.8998973535824915
1379 1.6111243976906509
1487 4.22592092001082
1505 5.389071729816501
1871 3.5645224377654547
1909 2.8876357780772897
1922 1.6952047341915255
1925 4.00277736869661
2166 2.6418008155610093
2247 2.219386149139072
2252 9.83813620114153
2258 2.87137525720551
2309 3.7796338173824005
2351 1.5647876386963615
2353 4.108137884354437
2421 3.0863770537857995
2450 -0.6108568957036107
2574 3.666305132075397
2577 3.5327737394508745
2580 4.600614369452231
2597 2.1157077196642304
2611 3.260840023967233
2679 6.829981407588982
2935 0.6320391945191633
3354 3.2373095265570386
3449 0.9823524825522477
3787 5.8998973535824915
3840 1.2980660688599148
4021 1.5054481989100525
4070 1.1068654304248302
4210 5.389071729816501
4333 7.325600767615406
4335 2.938066631704182
4381 2.0149030205422647
4416 4.091160117244055
4441 4.05407066308416
4475 5.612215281130711
4481 2.146479378330984
4502 2.8088549002241754
4522 0.7810714429639324
4527 5.052599493195288
4529 4.22592092001082
4537 1.0196238773494795
4625 1.8452180477528222
4909 1.4690805547391779
5154 2.4446327506500602
5384 4.05407066308416
5484 0.9464204733261844
5518 1.5868635903955612
5593 5.8998973535824915
5620 3.8204558119026557
5655 5.389071729816501
5758 3.666305132075397
5822 4.8012850649143815
5964 3.1273086313427103
6049 2.035665011990694
6133 4.359452312635343
6169 2.4033897921160112
6223 2.8088549002241754
6228 1.2947271675944
6433 0.5154022907934025
6468 3.1483620405405426
6614 3.009525595686327
6620 9.598635323446297
6853 3.260840023967233
6872 2.6095550068958033
6908 0.6707538925195963
7019 2.130975191795019
7025 1.0095482253607377
7053 3.9074671888922854
7104 -1.3269758333025843
7123 4.513602992462601
7185 5.612215281130711
7344 1.6325336272287498
7497 0.7014003223166658
7505 3.740413104229119
7557 3.3349479961209547
7569 1.0170954309961207
7622 2.764403137653342
7637 4.600614369452231
7668 5.052599493195288
7770 4.165296298194385
7799 4.108137884354437
7837 4.359452312635343
7885 3.9539872045271784
7892 1.5517722705842913
7904 2.211017899468555
7935 2.335070548138534
7959 4.00277736869661
7981 2.0426825846493406
8061 8.33059259638877
8168 3.9492582428086496
8169 5.443687046469091
8242 2.035665011990694
8439 0.4690908039883759
8672 2.8876357780772897
8690 2.7938170228596353
8710 0.551203779709388
8712 3.3349479961209547
8723 3.052477937158253
8736 1.1933746733341126
8739 3.8204558119026557
8751 3.8630154263214513
8784 10.73239689165492
8837 3.1698682457615064
8854 4.165296298194385
9170 0.6116303228879563
9213 3.7026727762462723
9264 4.513602992462601
9698 1.9878743481543455
9709 4.329230318572664
9729 4.479534318954715
9794 4.600614369452231
9818 3.21432000833234
9970 0.4837969513780714
10326 0.5230769255465112
10329 -0.4201813914191953
10393 1.9746291214043248
10447 1.2198964734099427
10672 3.414990703794491
10699 2.298029276458185
10788 4.108137884354437
10793 4.919068100570765
10868 -0.18536107281185138
10872 1.6048820958982397
10906 2.035665011990694
10914 6.818600195406757
10920 6.60815728996158
10994 5.8998973535824915
11023 1.2880826248757316
11057 2.555858385760285
11110 1.6204910383360227
11140 6.462967667376029
11212 3.9539872045271784
11218 1.144042369585821
11235 3.740413104229119
11299 -2.6059138093296896
11305 2.0640357091199095
11419 3.1273086313427103
11693 4.695924549256556
11796 7.640911623805311
11825 2.9041650800285006
11881 2.70805020110221
11952 1.5958322603783217
11959 2.2449194511442365
11984 2.4237986637472186
12033 2.5211728277723946
12042 2.6418008155610093
12047 1.4416815805510634
12056 5.8998973535824915
12057 2.10066984229969
12060 6.088184361276362
12122 1.1963912668735384
12148 4.513602992462601
12375 3.260840023967233
12377 2.6920409239639014
12561 5.389071729816501
12578 2.4237986637472186
12594 4.513602992462601
12717 0.5999147077153936
12797 2.7218435232345457
12833 0.9630282097258448
12870 4.919068100570765
12890 5.389071729816501
12944 4.695924549256556
13001 1.4730567031188173
13035 4.600614369452231
13048 5.206750173022546
13216 3.6312138122641273
13273 3.3096301881366648
13399 3.086486636822455
13438 2.555858385760285
13443 3.502002080784121
13473 4.00277736869661
13508 1.7255100836868542
13565 1.9878743481543455
13572 1.8745456628473423
13613 1.8111238364098463
13683 3.0666840095262753
13761 2.6040604875781623
13781 3.8204558119026557
13801 7.262427624528255
13891 1.2131850577159984
14136 1.4810567457858934
14357 2.476721065201561
14463 1.67063347346102
14612 2.1863252868781835
14672 9.83813620114153
14710 5.612215281130711
15080 5.389071729816501
15089 3.3349479961209547
15197 3.5327737394508745
15259 1.3320829541381691
15279 3.21432000833234
15332 -12.418493841164961
15341 0.7959741250626788
15457 4.359452312635343
15471 0.6940608398286201
15650 2.130975191795019
15651 2.2754468375694707
15728 3.009525595686327
15735 2.938066631704182
15771 0.04619142958929879
