373
60 4.8012850649143815
194 0.7699986386594181
241 5.070725834548189
313 5.206750173022546
344 2.7790019370744945
486 5.41610040220442
496 2.2800107709555064
583 2.9041650800285006
702 3.7796338173824005
775 3.7796338173824005
888 4.05407066308416
927 2.0785287164224764
949 5.389071729816501
978 2.298029276458185
1060 0.3730014384993092
1274 5.8998973535824915
1379 1.6111243976906509
1458 6.305362461690656
1487 4.22592092001082
1505 5.389071729816501
1750 3.320596291274491
1871 3.5645224377654547
1884 1.9486536350010641
1896 1.7835738846416156
1909 2.8876357780772897
1922 1.6952047341915255
1925 4.00277736869661
2064 1.5647876386963615
2166 2.6418008155610093
2172 4.359452312635343
2217 2.4876501357337513
2218 3.740413104229119
2247 2.219386149139072
2252 9.83813620114153
2258 2.87137525720551
2309 3.7796338173824005
2351 3.129575277392723
2353 4.108137884354437
2421 3.0863770537857995
2446 5.065203047192035
2450 -1.2217137914072214
2513 1.8280256472124494
2538 1.422560539104285
2574 3.666305132075397
2577 3.5327737394508745
2580 4.600614369452231
2597 2.1157077196642304
2601 3.1066893441399746
2611 6.521680047934466
2675 3.6312138122641273
2679 6.829981407588982
2780 3.9539872045271784
2820 2.4446327506500602
2935 1.2640783890383267
2964 0.900435360084361
3046 2.9911764570181303
3296 3.597312260588446
3354 3.2373095265570386
3449 0.9823524825522477
3578 1.8047399611033645
3598 1.1666271649670843
3787 5.8998973535824915
3840 1.2980660688599148
3862 3.0666840095262753
3896 1.403798262648762
3970 4.05407066308416
3995 1.751485570090115
4021 1.5054481989100525
4070 1.1068654304248302
4082 3.9074671888922854
4210 5.389071729816501
4259 3.8630154263214513
4302 1.8000126109847754
4309 2.681021528714291
4333 11.720961228184649
4335 8.814199895112546
4337 6.305362461690656
4381 4.029806041084529
4382 10.413500346045092
4416 4.091160117244055
4417 3.1918471524802814
4419 4.359452312635343
4441 4.05407066308416
4475 5.612215281130711
4481 2.146479378330984
4502 2.8088549002241754
4522 1.0414285906185765
4527 5.052599493195288
4529 4.22592092001082
4537 1.0196238773494795
4586 3.009525595686327
4591 4.22592092001082
4616 1.8925641683500207
4625 3.6904360955056443
4660 3.9074671888922854
4750 0.33155284982139466
4837 6.305362461690656
4846 2.021775899830027
4852 1.258716730071367
4909 1.4690805547391779
4964 1.127926246926296
5154 4.8892655013001205
5166 4.695924549256556
5200 3.3096301881366648
5252 5.389071729816501
5263 4.22592092001082
5384 4.05407066308416
5443 2.9041650800285006
5484 1.8928409466523688
5517 1.6232312345664361
5518 1.5868635903955612
5593 5.8998973535824915
5620 3.8204558119026557
5630 0.4766153511606481
5655 5.389071729816501
5687 2.0785287164224764
5758 3.666305132075397
5767 4.919068100570765
5770 3.4431615807611875
5822 4.8012850649143815
5925 4.433560284789064
5964 3.1273086313427103
6011 5.8998973535824915
6043 1.5913378707904824
6049 2.035665011990694
6064 2.138697237888929
6133 4.359452312635343
6169 2.4033897921160112
6178 5.389071729816501
6186 5.8998973535824915
6223 2.8088549002241754
6228 1.2947271675944
6300 3.7026727762462723
6393 4.22592092001082
6402 1.4112609838503516
6433 0.5154022907934025
6447 1.2880826248757316
6468 3.1483620405405426
6530 3.3609234825242154
6539 2.434161450782765
6614 3.009525595686327
6618 2.0568672196412967
6620 13.798038277454053
6633 2.8088549002241754
6853 3.260840023967233
6872 2.6095550068958033
6908 0.6707538925195963
7019 4.261950383590038
7025 1.0095482253607377
7053 3.9074671888922854
7104 -1.9904637499538764
7123 4.513602992462601
7185 5.612215281130711
7344 1.6325336272287498
7397 2.87137525720551
7424 3.3609234825242154
7497 0.7014003223166658
7505 3.740413104229119
7557 3.3349479961209547
7569 1.0170954309961207
7578 0.5215372793609184
7591 2.0426825846493406
7598 6.305362461690656
7622 2.764403137653342
7637 4.600614369452231
7668 5.052599493195288
7713 3.1066893441399746
7715 4.513602992462601
7731 2.001297368486486
7770 4.165296298194385
7799 4.108137884354437
7837 4.359452312635343
7885 3.9539872045271784
7892 1.5517722705842913
7904 2.211017899468555
7935 2.335070548138534
7941 3.740413104229119
7959 4.00277736869661
7965 1.886521853894058
7981 2.0426825846493406
7991 1.3149298749119196
8011 5.052599493195288
8032 0.5108256237659907
8061 8.33059259638877
8064 4.165296298194385
8096 1.4533321977710387
8168 3.9492582428086496
8169 5.443687046469091
8242 2.035665011990694
8315 2.764403137653342
8439 0.4690908039883759
8672 5.775271556154579
8673 3.740413104229119
8690 11.175268091438541
8708 2.962113491571787
8710 1.102407559418776
8712 3.3349479961209547
8723 3.052477937158253
8736 2.3867493466682252
8739 3.8204558119026557
8749 3.0666840095262753
8751 3.8630154263214513
8784 10.73239689165492
8837 3.1698682457615064
8850 3.430611827025225
8854 4.165296298194385
8856 2.3163784151263815
9076 4.290459441148391
9106 1.0850066366123312
9169 3.4431615807611875
9170 0.6116303228879563
9192 4.00277736869661
9213 3.7026727762462723
9243 10.16277518881913
9264 4.513602992462601
9280 3.502002080784121
9345 2.66777630196427
9365 2.9945028634117485
9524 6.305362461690656
9554 1.271661894663404
9680 3.597312260588446
9698 1.9878743481543455
9709 7.576153057502163
9729 14.931781063182383
9733 1.0850066366123312
9765 1.7835738846416156
9794 4.600614369452231
9817 1.3183370332335338
9818 3.21432000833234
9954 4.22592092001082
9970 0.4837969513780714
10058 2.6040604875781623
10287 3.009525595686327
10306 2.15432255579201
10326 1.5692307766395337
10329 -0.4201813914191953
10370 4.919068100570765
10393 1.9746291214043248
10447 4.879585893639771
10672 3.414990703794491
10691 3.414990703794491
10699 9.19211710583274
10788 4.108137884354437
10793 4.919068100570765
10810 5.052599493195288
10868 -0.18536107281185138
10872 1.6048820958982397
10906 4.071330023981388
10914 13.637200390813515
10920 6.60815728996158
10994 5.8998973535824915
11023 1.2880826248757316
11032 1.087712998210074
11057 2.555858385760285
11110 2.430736557504034
11140 6.462967667376029
11168 1.2781978656431896
11170 2.5676928434072877
11212 3.9539872045271784
11218 1.144042369585821
11235 3.740413104229119
11299 -7.296558666123131
11305 2.0640357091199095
11402 4.433560284789064
11419 6.254617262685421
11461 2.146479378330984
11520 3.1066893441399746
11570 1.1933746733341126
11646 2.3541187431092285
11652 6.305362461690656
11671 2.2535775138873513
11693 4.695924549256556
11704 3.1483620405405426
11730 5.612215281130711
11778 2.8553749158590684
11796 7.640911623805311
11825 2.9041650800285006
11881 2.70805020110221
11926 6.9985096422506015
11939 5.362043057428582
11952 3.1916645207566434
11959 2.2449194511442365
11984 2.4237986637472186
12022 0.40409618250082274
12033 2.5211728277723946
12042 2.6418008155610093
12047 1.4416815805510634
12056 5.8998973535824915
12057 2.10066984229969
12060 16.742506993509995
12122 3.589173800620615
12148 4.513602992462601
12171 4.165296298194385
12375 3.260840023967233
12377 4.038061385945852
12383 2.5046129034208957
12455 -0.2152586658680402
12561 5.389071729816501
12578 4.847597327494437
12594 4.513602992462601
12717 0.5999147077153936
12797 5.443687046469091
12826 1.2619373447714093
12833 0.9630282097258448
12870 4.919068100570765
12890 5.389071729816501
12944 4.695924549256556
13001 1.4730567031188173
13035 4.600614369452231
13048 5.206750173022546
13080 0.8123010183501074
13140 4.919068100570765
13216 3.6312138122641273
13273 3.3096301881366648
13390 2.236335707452845
13399 6.17297327364491
13438 2.555858385760285
13443 3.502002080784121
13473 4.00277736869661
13475 3.8204558119026557
13495 3.9539872045271784
13508 1.7255100836868542
13560 5.206750173022546
13565 1.9878743481543455
13572 1.8745456628473423
13613 3.6222476728196926
13683 3.0666840095262753
13761 2.6040604875781623
13781 3.8204558119026557
13801 7.262427624528255
13825 2.7218435232345457
13867 2.175425996420148
13891 1.2131850577159984
14136 1.4810567457858934
14174 1.7945029551738059
14237 -2.09174504491248
14340 4.108137884354437
14357 2.476721065201561
14381 0.2288676653980985
14431 1.034930298632155
14432 8.216275768708874
14463 3.34126694692204
14482 4.22592092001082
14516 2.1782280766455644
14522 3.8630154263214513
14546 2.8876357780772897
14588 2.0785287164224764
14601 4.433560284789064
14612 4.372650573756367
14654 10.693567313296365
14656 1.1405764877671418
14672 9.83813620114153
14710 5.612215281130711
14978 4.513602992462601
15080 5.389071729816501
15089 3.3349479961209547
15181 10.50891342054069
15197 7.065547478901749
15256 3.3349479961209547
15259 1.3320829541381691
15279 3.21432000833234
15306 0.7199882180847567
15332 -18.627740761747443
15341 2.3879223751880367
15457 4.359452312635343
15471 1.3881216796572402
15595 1.3320829541381691
15626 4.22592092001082
15650 2.130975191795019
15651 3.4131702563542063
15728 3.009525595686327
15735 2.938066631704182
15771 0.06928714438394819
