38
888 4.05407066308416
1902 2.0149030205422647
1922 1.6952047341915255
2064 1.5647876386963615
2166 2.6418008155610093
2247 2.219386149139072
3354 3.2373095265570386
4333 2.9302403070461622
4481 2.146479378330984
4593 3.9074671888922854
4663 3.8630154263214513
6620 2.3996588308615743
6908 0.33537694625979814
7052 5.612215281130711
7885 3.9539872045271784
7981 2.0426825846493406
8351 6.9985096422506015
8784 2.146479378330984
9384 1.3355491621146554
9481 1.7727629685373998
9651 3.3875917296063767
9818 3.21432000833234
10749 1.1754637467675824
10914 2.727440078162703
10920 4.40543819330772
11299 -0.5211827618659379
11870 3.5645224377654547
12060 3.044092180638181
12377 1.3460204619819507
12387 6.9985096422506015
12455 -0.2152586658680402
12578 2.4237986637472186
14153 2.4876501357337513
14416 0.7739512129752414
14463 1.67063347346102
15306 0.7199882180847567
15332 -1.5523117301456202
15771 0.023095714794649395
