202
486 2.70805020110221
491 3.1066893441399746
1893 1.7567626271909589
1988 4.695924549256556
2166 5.283601631122019
2172 4.359452312635343
2217 2.4876501357337513
2240 1.65617539028579
2247 4.438772298278144
2269 1.8686109273275278
2271 0.34178311807220957
2334 0.7939518796819108
2351 3.129575277392723
2421 1.5431885268928998
2538 2.84512107820857
2593 4.433560284789064
2610 6.9985096422506015
2679 3.414990703794491
2919 2.1944885975173447
2920 2.0386245855125003
2935 0.6320391945191633
2956 5.8998973535824915
2964 2.701306080253083
3259 6.383694304960563
3354 3.2373095265570386
3449 0.9823524825522477
3578 1.2031599740689096
3614 1.4378280112350734
3736 3.086486636822455
3857 4.695924549256556
3859 4.600614369452231
4070 2.2137308608496604
4110 2.764403137653342
4163 4.919068100570765
4199 3.8630154263214513
4326 3.9539872045271784
4358 3.5645224377654547
4381 4.029806041084529
4405 1.3460204619819507
4500 2.8396265588909295
4522 0.2603571476546441
4846 2.021775899830027
4876 2.2449194511442365
4878 2.7345957208584712
4882 2.130975191795019
4912 1.9296054400303697
4940 4.513602992462601
4964 1.127926246926296
5182 4.919068100570765
5203 5.052599493195288
5213 4.513602992462601
5518 1.5868635903955612
5554 2.1081605140288473
5569 4.22592092001082
5630 0.4766153511606481
5782 4.919068100570765
6133 4.359452312635343
6282 4.919068100570765
6300 3.7026727762462723
6433 0.5154022907934025
6620 7.798891200300116
6657 2.138697237888929
6828 7.726030852642903
6872 1.3047775034479017
6908 1.0061308387793944
6957 5.052599493195288
6970 4.372650573756367
6972 3.9539872045271784
7025 1.0095482253607377
7052 5.612215281130711
7104 -4.644415416559045
7123 9.027205984925201
7215 9.378197168372312
7534 1.242767428663689
7578 0.5215372793609184
7591 2.0426825846493406
7731 4.002594736972972
7768 3.3096301881366648
7827 3.414990703794491
7837 4.359452312635343
7889 4.919068100570765
8017 5.389071729816501
8060 3.9539872045271784
8168 3.9492582428086496
8169 2.7218435232345457
8199 6.019051191372654
8344 5.612215281130711
8391 2.555858385760285
8620 5.8998973535824915
8664 2.7938170228596353
8667 7.726030852642903
8695 1.9550845253313545
8710 0.551203779709388
8816 1.7255100836868542
8837 3.1698682457615064
8925 3.5327737394508745
8928 2.6710983242293107
8959 6.305362461690656
9106 1.0850066366123312
9151 2.517433460142734
9170 0.6116303228879563
9254 5.8998973535824915
9264 4.513602992462601
9298 6.305362461690656
9365 1.4972514317058743
9698 5.963623044463036
9733 3.2550199098369936
9970 0.4837969513780714
10074 5.612215281130711
10227 5.206750173022546
10325 1.8925641683500207
10329 -0.21009069570959765
10428 6.9985096422506015
10447 1.829844710114914
10475 5.206750173022546
10614 6.9985096422506015
10645 4.600614369452231
10734 2.735829765209286
10749 1.1754637467675824
10788 8.216275768708874
10825 2.0149030205422647
10868 -0.18536107281185138
10902 5.8998973535824915
10914 6.818600195406757
10920 11.0135954832693
11110 3.2409820766720454
11114 3.047265923669174
11140 2.15432255579201
11165 2.1863252868781835
11218 0.5720211847929105
11299 -1.5635482855978138
11304 1.2054960338664575
11318 3.8630154263214513
11353 2.8088549002241754
11358 4.290459441148391
11591 5.443687046469091
11785 1.9680717208581657
11841 2.8396265588909295
11905 3.2849375755462935
11969 1.5164675941596633
12022 0.40409618250082274
12028 2.591790394986348
12047 2.883363161102127
12057 2.10066984229969
12060 4.566138270957271
12111 1.994563336305142
12122 2.3927825337470767
12377 1.3460204619819507
12383 1.2523064517104479
12455 -0.6457759976041206
12578 2.4237986637472186
12773 0.8826175167675673
12823 1.034930298632155
12944 4.695924549256556
13080 0.8123010183501074
13108 4.560021541911013
13183 3.502002080784121
13299 6.9985096422506015
13310 3.666305132075397
13314 4.0573926853492015
13494 3.21432000833234
13527 2.049749751872433
13613 1.8111238364098463
13672 1.5262389685791264
13750 2.162227735299123
13825 2.7218435232345457
13838 2.3163784151263815
13891 0.6065925288579992
13913 5.679253117781859
14031 4.695924549256556
14044 1.4611753752320646
14074 3.7796338173824005
14153 4.9753002714675025
14174 3.5890059103476117
14267 -0.7647387866270302
14381 0.2288676653980985
14416 3.0958048519009655
14430 3.3096301881366648
14432 4.108137884354437
14453 3.414990703794491
14546 2.8876357780772897
14681 4.22592092001082
14789 3.7026727762462723
14851 6.9985096422506015
14986 6.9985096422506015
15192 2.978242611245248
15195 3.0282177286984795
15259 1.3320829541381691
15332 -7.761558650728101
15338 4.290459441148391
15341 0.7959741250626788
15373 0.814360751313118
15413 1.2781978656431896
15418 4.246624638098899
15484 2.9911764570181303
15551 1.1578679848772029
15595 1.3320829541381691
15604 2.1233123190494494
15685 2.6149213744092488
15708 2.9911764570181303
15728 3.009525595686327
15771 0.11547857397324697
