330
194 0.7699986386594181
241 1.6902419448493964
313 5.206750173022546
344 2.7790019370744945
486 2.70805020110221
491 3.1066893441399746
498 3.3349479961209547
775 3.7796338173824005
888 4.05407066308416
927 2.0785287164224764
949 5.389071729816501
978 2.298029276458185
1060 0.24866762566620615
1211 6.305362461690656
1226 10.413500346045092
1274 5.8998973535824915
1339 6.9985096422506015
1379 1.0740829317937672
1380 6.9985096422506015
1401 6.9985096422506015
1436 4.108137884354437
1487 4.22592092001082
1505 5.389071729816501
1533 4.108137884354437
1871 3.5645224377654547
1909 5.775271556154579
1922 1.6952047341915255
1929 4.216321028057695
1964 3.260840023967233
1997 3.009525595686327
2087 2.8876357780772897
2103 2.4446327506500602
2166 2.6418008155610093
2172 4.359452312635343
2196 5.389071729816501
2224 3.962459610871354
2247 2.219386149139072
2252 9.83813620114153
2258 2.87137525720551
2309 3.7796338173824005
2328 2.9911764570181303
2334 0.7939518796819108
2351 4.6943629160890845
2353 4.108137884354437
2421 3.0863770537857995
2446 5.065203047192035
2580 4.600614369452231
2595 2.5211728277723946
2597 2.1157077196642304
2611 3.260840023967233
2675 3.6312138122641273
2679 3.414990703794491
2697 5.206750173022546
2705 1.6657908489852322
2862 1.4690805547391779
2893 2.5098732725184614
2924 2.0286963426746007
2935 0.6320391945191633
3007 6.305362461690656
3296 3.597312260588446
3354 3.2373095265570386
3374 1.9680717208581657
3407 2.085854756514549
3449 1.9647049651044954
3506 0.8205655282000008
3578 1.2031599740689096
3736 3.086486636822455
3738 4.05407066308416
3827 3.2849375755462935
3840 2.5961321377198296
3896 1.403798262648762
3932 4.05407066308416
4070 2.2137308608496604
4210 5.389071729816501
4214 2.465910149097345
4226 3.3609234825242154
4258 3.3096301881366648
4309 5.362043057428582
4333 13.18608138170773
4335 2.938066631704182
4381 6.0447090616267936
4416 6.818600195406757
4441 4.05407066308416
4475 5.612215281130711
4481 4.292958756661968
4502 2.8088549002241754
4522 0.2603571476546441
4527 5.052599493195288
4529 4.22592092001082
4537 1.0196238773494795
4593 3.9074671888922854
4621 2.7218435232345457
4625 1.8452180477528222
4660 3.9074671888922854
4711 1.9296054400303697
4866 2.5211728277723946
4872 6.305362461690656
4878 1.3672978604292356
4909 1.4690805547391779
4912 1.9296054400303697
4923 5.206750173022546
4940 4.513602992462601
4963 4.786678912525019
4964 1.127926246926296
5119 2.3933394562625097
5127 4.8012850649143815
5154 2.4446327506500602
5249 3.3096301881366648
5384 4.05407066308416
5396 4.05407066308416
5418 4.00277736869661
5484 0.9464204733261844
5518 4.760590771186684
5554 2.1081605140288473
5587 2.5326015235960173
5620 3.8204558119026557
5630 0.5957691889508101
5655 5.389071729816501
5822 9.602570129828763
5874 2.579669034454003
5955 2.434161450782765
6049 2.035665011990694
6133 4.359452312635343
6223 2.8088549002241754
6300 3.7026727762462723
6402 1.4112609838503516
6433 0.5154022907934025
6468 9.445086121621628
6542 5.8998973535824915
6620 13.198123569738659
6776 1.942263836902293
6887 1.152070867192877
6908 1.0061308387793944
7019 2.130975191795019
7042 3.8630154263214513
7044 1.880515829833846
7053 3.9074671888922854
7058 7.405345552492545
7104 -0.6634879166512921
7274 3.0666840095262753
7334 5.612215281130711
7344 1.6325336272287498
7356 5.206750173022546
7406 5.052599493195288
7497 1.4028006446333317
7505 3.740413104229119
7557 3.3349479961209547
7569 2.0341908619922413
7622 2.764403137653342
7731 2.001297368486486
7734 3.3096301881366648
7799 4.108137884354437
7837 4.359452312635343
7885 3.9539872045271784
7892 1.5517722705842913
7904 4.42203579893711
7949 2.5441623459970937
7959 8.00555473739322
7960 6.9985096422506015
7986 3.597312260588446
7991 2.629859749823839
8064 4.165296298194385
8168 5.923887364212974
8169 5.443687046469091
8315 2.764403137653342
8439 0.4690908039883759
8609 5.8998973535824915
8660 1.675499663112193
8672 2.8876357780772897
8690 2.7938170228596353
8710 0.551203779709388
8712 3.3349479961209547
8723 1.5262389685791264
8731 2.0286963426746007
8739 3.8204558119026557
8751 3.8630154263214513
8784 15.02535564831689
8837 6.339736491523013
8850 3.430611827025225
8854 4.165296298194385
9106 1.0850066366123312
9110 2.035665011990694
9192 4.00277736869661
9213 3.7026727762462723
9243 13.550366918425507
9264 9.027205984925201
9366 6.9985096422506015
9674 3.6312138122641273
9680 3.597312260588446
9698 1.9878743481543455
9709 5.41153789821583
9729 4.479534318954715
9733 1.0850066366123312
9794 4.600614369452231
9817 2.6366740664670676
9818 3.21432000833234
9970 0.9675939027561428
10008 2.0568672196412967
10287 3.009525595686327
10326 1.0461538510930224
10329 -0.4201813914191953
10393 1.9746291214043248
10447 3.0497411835248567
10448 10.413500346045092
10475 5.206750173022546
10699 6.894087829374555
10751 0.7939518796819108
10788 4.108137884354437
10868 -0.18536107281185138
10872 1.6048820958982397
10906 4.071330023981388
10914 5.454880156325406
10920 11.0135954832693
10930 3.502002080784121
11023 1.2880826248757316
11057 2.555858385760285
11089 1.1549652252192415
11110 4.861473115008068
11140 6.462967667376029
11168 1.2781978656431896
11170 2.5676928434072877
11212 3.9539872045271784
11218 2.8601059239645528
11296 2.764403137653342
11299 -4.690644856793441
11304 1.2054960338664575
11305 2.0640357091199095
11343 4.290459441148391
11379 2.0426825846493406
11386 4.231415439328461
11419 3.1273086313427103
11524 1.5178707189086098
11696 3.2373095265570386
11796 7.640911623805311
11881 2.70805020110221
11907 2.434161450782765
11952 1.5958322603783217
11984 2.4237986637472186
12014 5.982352914036261
12033 2.5211728277723946
12034 0.9324015521468534
12042 2.6418008155610093
12047 1.4416815805510634
12057 2.10066984229969
12060 15.220460903190904
12070 2.87137525720551
12148 4.513602992462601
12171 4.165296298194385
12218 2.6547042203969173
12302 5.206750173022546
12338 6.9985096422506015
12400 2.9209721983448818
12455 -0.4305173317360804
12578 4.847597327494437
12594 4.513602992462601
12639 4.165296298194385
12708 1.5958322603783217
12717 0.5999147077153936
12736 3.414990703794491
12797 2.7218435232345457
12832 3.3096301881366648
12833 1.9260564194516896
12870 4.919068100570765
12890 5.389071729816501
12944 4.695924549256556
12978 2.383389125409342
13001 1.4730567031188173
13003 4.433560284789064
13035 4.600614369452231
13080 0.8123010183501074
13267 5.052599493195288
13273 3.3096301881366648
13303 5.206750173022546
13316 3.047265923669174
13319 1.8055527913603908
13384 2.0568672196412967
13390 4.47267141490569
13438 2.555858385760285
13443 3.502002080784121
13473 4.00277736869661
13494 3.21432000833234
13508 1.7255100836868542
13553 -0.37046075994419203
13565 1.9878743481543455
13572 1.8745456628473423
13582 6.305362461690656
13613 7.244495345639385
13683 3.0666840095262753
13751 4.108137884354437
13761 2.6040604875781623
13775 3.2849375755462935
13801 3.6312138122641273
13825 2.7218435232345457
13891 2.4263701154319968
14136 1.4810567457858934
14174 3.5890059103476117
14237 -0.6972483483041599
14267 -0.3823693933135151
14357 2.476721065201561
14381 0.457735330796197
14432 4.108137884354437
14463 1.67063347346102
14490 3.3096301881366648
14546 5.775271556154579
14563 2.6418008155610093
14612 2.1863252868781835
14656 1.1405764877671418
14672 9.83813620114153
14710 5.612215281130711
14754 3.8204558119026557
14933 7.405345552492545
15024 3.2373095265570386
15080 5.389071729816501
15090 6.9985096422506015
15181 3.50297114018023
15197 3.5327737394508745
15250 3.7796338173824005
15279 3.21432000833234
15306 1.4399764361695133
15332 -10.866182111019342
15341 0.7959741250626788
15457 4.359452312635343
15471 2.08218251948586
15518 1.880515829833846
15604 2.1233123190494494
15651 2.2754468375694707
15721 5.389071729816501
15728 3.009525595686327
15735 5.876133263408364
15771 0.023095714794649395
