266
55 4.695924549256556
60 4.8012850649143815
194 0.7699986386594181
473 3.1273086313427103
486 10.83220080440884
491 3.1066893441399746
495 2.8396265588909295
520 5.052599493195288
764 3.502002080784121
889 4.513602992462601
927 2.0785287164224764
1060 0.06216690641655154
1107 5.206750173022546
1320 5.206750173022546
1356 2.363780654020965
1367 4.433560284789064
1379 1.0740829317937672
1387 6.305362461690656
1686 2.309930450438483
1896 3.567147769283231
1909 2.8876357780772897
1924 2.288979440938267
2166 2.6418008155610093
2217 4.9753002714675025
2240 1.65617539028579
2291 3.5327737394508745
2309 3.7796338173824005
2315 5.206750173022546
2334 1.5879037593638217
2424 2.219386149139072
2446 2.5326015235960173
2538 1.422560539104285
2591 3.8630154263214513
2597 2.1157077196642304
2674 2.054495604920277
2675 3.6312138122641273
2780 3.9539872045271784
2874 3.047265923669174
2919 2.1944885975173447
2924 2.0286963426746007
2935 0.6320391945191633
2964 0.900435360084361
2989 4.433560284789064
3007 6.305362461690656
3215 0.589980851191103
3271 4.00277736869661
3407 2.085854756514549
3566 4.695924549256556
3598 1.1666271649670843
3610 3.2849375755462935
3635 1.5779746429783155
3647 2.1081605140288473
3759 4.8067795842320225
3807 2.3256808077886952
3827 6.569875151092587
3838 5.389071729816501
3862 3.0666840095262753
3896 1.403798262648762
4070 3.320596291274491
4128 5.8998973535824915
4205 3.666305132075397
4226 3.3609234825242154
4333 4.395360460569243
4381 2.0149030205422647
4412 3.086486636822455
4481 10.73239689165492
4487 6.213378688279949
4497 5.052599493195288
4522 0.7810714429639324
4537 1.0196238773494795
4616 1.8925641683500207
4621 2.7218435232345457
4751 3.414990703794491
4815 2.7218435232345457
4834 3.7026727762462723
4903 5.389071729816501
4909 4.407241664217533
4963 4.786678912525019
5039 2.735829765209286
5104 5.8998973535824915
5110 1.8452180477528222
5200 3.3096301881366648
5252 5.389071729816501
5261 4.433560284789064
5331 3.2373095265570386
5339 1.1784267118982394
5517 1.6232312345664361
5554 4.216321028057695
5556 4.433560284789064
5589 10.413500346045092
5630 0.23830767558032406
5635 2.20271909665386
5636 2.973157951515452
5704 5.612215281130711
5706 4.919068100570765
5709 4.290459441148391
5822 4.8012850649143815
5834 1.65617539028579
5966 6.886323161522375
6043 1.5913378707904824
6140 2.211017899468555
6150 4.05407066308416
6228 1.2947271675944
6300 3.7026727762462723
6335 2.476721065201561
6411 2.434161450782765
6447 1.2880826248757316
6539 2.434161450782765
6583 0.8629447511688624
6595 2.4237986637472186
6604 5.052599493195288
6620 10.198550031161691
6652 6.305362461690656
6687 6.305362461690656
6802 3.47214911763444
6848 4.05407066308416
6853 3.260840023967233
6908 1.6768847312989907
6943 5.612215281130711
6959 4.165296298194385
6970 2.1863252868781835
6972 3.9539872045271784
7053 3.9074671888922854
7104 -0.6634879166512921
7378 5.8998973535824915
7415 6.305362461690656
7505 3.740413104229119
7520 5.389071729816501
7534 1.242767428663689
7633 1.8745456628473423
7698 5.612215281130711
7734 3.3096301881366648
7770 4.165296298194385
7828 4.05407066308416
7842 2.37353682896633
7865 5.389071729816501
7885 3.9539872045271784
7911 5.8998973535824915
7959 8.00555473739322
7987 3.666305132075397
7991 1.3149298749119196
8007 3.809518882887678
8037 4.22592092001082
8064 4.165296298194385
8107 5.206750173022546
8168 1.9746291214043248
8169 2.7218435232345457
8242 2.035665011990694
8262 2.0712559570933964
8318 3.9074671888922854
8337 1.9550845253313545
8673 3.740413104229119
8723 1.5262389685791264
8736 1.1933746733341126
8739 11.461367435707967
8784 2.146479378330984
8837 3.1698682457615064
8854 4.165296298194385
8856 2.3163784151263815
8886 1.3081501879265407
8893 5.8998973535824915
9013 6.305362461690656
9076 4.290459441148391
9106 2.1700132732246624
9122 1.3744921360632627
9170 1.2232606457759125
9225 4.8012850649143815
9287 5.8998973535824915
9487 5.052599493195288
9554 2.543323789326808
9709 2.164615159286332
9711 1.8686109273275278
9729 4.479534318954715
9817 2.6366740664670676
10120 6.305362461690656
10232 6.305362461690656
10325 1.8925641683500207
10326 0.5230769255465112
10393 1.9746291214043248
10448 5.206750173022546
10561 1.6003469407328483
10672 3.414990703794491
10685 4.359452312635343
10751 0.7939518796819108
10837 5.612215281130711
10872 1.6048820958982397
10914 4.091160117244055
10920 15.41903367657702
10973 2.7938170228596353
11057 2.555858385760285
11071 5.206750173022546
11110 2.430736557504034
11125 5.612215281130711
11132 3.7796338173824005
11140 2.15432255579201
11212 7.907974409054357
11218 2.8601059239645528
11299 -0.5211827618659379
11327 3.5645224377654547
11398 6.019051191372654
11453 1.3637200390813515
11524 3.0357414378172196
11580 2.5441623459970937
11646 2.3541187431092285
11693 4.695924549256556
11731 5.389071729816501
11737 4.919068100570765
11754 9.575541457440844
11785 1.9680717208581657
11796 3.8204558119026557
11809 4.165296298194385
11975 2.9209721983448818
12060 3.044092180638181
12130 4.695924549256556
12383 1.2523064517104479
12397 4.433560284789064
12561 5.389071729816501
12571 4.00277736869661
12578 2.4237986637472186
12632 4.919068100570765
12736 3.414990703794491
12978 2.383389125409342
13001 1.4730567031188173
13010 5.612215281130711
13191 4.513602992462601
13312 2.955458374416051
13319 1.8055527913603908
13341 5.8998973535824915
13343 2.973157951515452
13384 2.0568672196412967
13471 2.6040604875781623
13473 4.00277736869661
13508 1.7255100836868542
13509 5.8998973535824915
13781 7.640911623805311
13890 2.681021528714291
13891 1.8197775865739976
13965 4.359452312635343
13971 5.389071729816501
13976 4.108137884354437
14031 4.695924549256556
14115 2.973157951515452
14174 3.5890059103476117
14381 0.2288676653980985
14463 1.67063347346102
14490 3.3096301881366648
14547 3.740413104229119
14612 2.1863252868781835
14859 5.8998973535824915
14865 5.612215281130711
14883 6.305362461690656
14908 2.476721065201561
15109 5.8998973535824915
15241 1.7462362142039713
15259 1.3320829541381691
15279 3.21432000833234
15332 -7.761558650728101
15338 4.290459441148391
15373 0.814360751313118
15446 3.5327737394508745
15471 0.6940608398286201
15595 1.3320829541381691
15672 0.7275212103923018
15694 2.938066631704182
15728 3.009525595686327
15771 0.023095714794649395
