279
252 4.513602992462601
486 2.70805020110221
491 3.1066893441399746
888 4.05407066308416
1902 2.0149030205422647
1906 3.597312260588446
1909 2.8876357780772897
1924 4.577958881876534
1947 12.610724923381312
1988 4.695924549256556
2038 1.880515829833846
2064 1.5647876386963615
2166 2.6418008155610093
2224 1.981229805435677
2315 5.206750173022546
2334 1.5879037593638217
2351 4.6943629160890845
2405 4.600614369452231
2444 3.666305132075397
2450 -0.6108568957036107
2484 1.3149298749119196
2574 3.666305132075397
2592 2.938066631704182
2611 3.260840023967233
2631 0.21292199724267172
2674 2.054495604920277
2679 6.829981407588982
2823 5.206750173022546
2838 6.9985096422506015
2862 1.4690805547391779
2919 2.1944885975173447
2920 0.6795415285041667
2924 4.0573926853492015
2932 5.206750173022546
2940 4.883614842368815
2964 1.800870720168722
3057 4.47267141490569
3090 3.047265923669174
3115 12.610724923381312
3166 4.600614369452231
3240 3.5645224377654547
3259 3.1918471524802814
3288 11.224430562261421
3296 3.597312260588446
3355 4.695924549256556
3380 2.3541187431092285
3578 0.6015799870344548
3646 2.5676928434072877
3788 2.750014400201242
3820 1.7890234894091803
3896 4.211394787946286
3906 2.973157951515452
3913 12.610724923381312
3923 3.1273086313427103
4021 1.5054481989100525
4076 3.4431615807611875
4198 7.559267634764801
4222 2.3256808077886952
4230 2.0149030205422647
4286 2.130975191795019
4301 3.597312260588446
4317 6.9985096422506015
4333 5.8604806140923245
4376 4.433560284789064
4381 2.0149030205422647
4416 1.3637200390813515
4417 6.383694304960563
4522 1.0414285906185765
4528 4.919068100570765
4537 1.0196238773494795
4562 3.3096301881366648
4586 3.009525595686327
4591 4.22592092001082
4625 3.6904360955056443
4663 3.8630154263214513
4711 1.9296054400303697
4750 0.33155284982139466
4765 1.4150133334689021
4878 5.4691914417169425
4956 2.413542163580029
4963 2.3933394562625097
4964 1.127926246926296
4976 2.288979440938267
5000 5.052599493195288
5033 2.1233123190494494
5035 5.612215281130711
5103 10.244972111383474
5105 4.600614369452231
5176 6.9985096422506015
5194 6.305362461690656
5213 4.513602992462601
5249 3.3096301881366648
5261 4.433560284789064
5316 2.236335707452845
5348 12.610724923381312
5484 0.9464204733261844
5554 2.1081605140288473
5555 2.4033897921160112
5590 1.4533321977710387
5615 4.099499503744866
5630 0.3574615133704861
5717 5.612215281130711
5999 2.5098732725184614
6060 3.7796338173824005
6064 4.277394475777858
6114 3.8630154263214513
6169 2.4033897921160112
6250 1.7727629685373998
6300 3.7026727762462723
6433 1.030804581586805
6620 13.198123569738659
6675 5.019746545036923
6754 2.4049037829704587
6819 1.7153059135126125
6872 1.3047775034479017
6908 1.0061308387793944
6972 3.9539872045271784
7025 1.0095482253607377
7028 5.528806275306684
7030 4.695924549256556
7052 5.612215281130711
7104 -2.6539516666051686
7170 1.6186122887101415
7207 6.9985096422506015
7215 2.344549292093078
7265 4.108137884354437
7397 2.87137525720551
7482 1.8055527913603908
7527 2.681021528714291
7534 1.242767428663689
7548 6.9985096422506015
7591 2.0426825846493406
7622 2.764403137653342
7734 3.3096301881366648
7772 4.165296298194385
7799 4.108137884354437
7826 3.1273086313427103
7828 4.05407066308416
7848 4.8012850649143815
7885 3.9539872045271784
7900 5.612215281130711
7949 2.5441623459970937
7959 4.00277736869661
7965 7.546087415576232
7991 1.3149298749119196
8007 1.904759441443839
8043 1.730651483187273
8064 4.165296298194385
8168 3.9492582428086496
8169 8.165530569703638
8315 2.764403137653342
8444 1.7890234894091803
8708 4.4431702373576805
8710 1.102407559418776
8723 1.5262389685791264
8736 1.1933746733341126
8739 3.8204558119026557
8784 2.146479378330984
8837 9.50960473728452
8946 2.7218435232345457
9106 2.1700132732246624
9151 3.7761501902141013
9154 2.465910149097345
9169 3.4431615807611875
9175 7.194624521176892
9192 4.00277736869661
9287 5.8998973535824915
9438 4.290459441148391
9464 5.206750173022546
9709 1.082307579643166
9729 7.465890531591191
9752 3.5327737394508745
9817 1.3183370332335338
9970 1.4513908541342142
10258 1.8000126109847754
10294 5.41610040220442
10304 4.433560284789064
10307 2.5676928434072877
10326 0.5230769255465112
10382 5.612215281130711
10447 2.4397929468198853
10646 3.9539872045271784
10691 3.414990703794491
10709 3.666305132075397
10906 4.071330023981388
10914 4.091160117244055
10920 6.60815728996158
11110 6.481964153344091
11218 1.7160635543787315
11296 2.764403137653342
11299 -1.5635482855978138
11305 2.0640357091199095
11453 1.3637200390813515
11481 1.6186122887101415
11591 5.443687046469091
11693 4.695924549256556
11754 3.1918471524802814
11846 6.9985096422506015
11889 2.7790019370744945
11935 6.305362461690656
11969 1.5164675941596633
12022 0.40409618250082274
12060 10.654322632233633
12063 3.9074671888922854
12089 2.8088549002241754
12122 3.589173800620615
12133 5.389071729816501
12139 4.00277736869661
12140 4.108137884354437
12228 3.047265923669174
12283 5.208120975156325
12377 1.3460204619819507
12383 2.5046129034208957
12455 -0.4305173317360804
12484 10.413500346045092
12502 6.9985096422506015
12531 6.9985096422506015
12550 4.290459441148391
12578 2.4237986637472186
12629 3.3096301881366648
12717 1.1998294154307871
12723 2.288979440938267
12785 5.617709800448351
12797 2.7218435232345457
12823 1.034930298632155
12826 3.785812034314228
12833 0.9630282097258448
12870 4.919068100570765
12978 2.383389125409342
13029 1.6609715625492831
13035 4.600614369452231
13279 8.718904625270685
13314 2.0286963426746007
13338 2.5211728277723946
13372 5.206750173022546
13399 3.086486636822455
13444 4.22592092001082
13471 5.208120975156325
13505 3.0666840095262753
13565 1.9878743481543455
13629 5.8998973535824915
13681 2.498699971920336
13719 3.9074671888922854
13775 3.2849375755462935
13823 4.433560284789064
13825 5.443687046469091
13828 3.3349479961209547
13891 0.6065925288579992
13893 4.05407066308416
13913 2.8396265588909295
13984 6.9985096422506015
14103 4.05407066308416
14152 4.695924549256556
14174 7.1780118206952235
14195 3.5563076343445528
14196 0.8373023205555247
14237 -0.6972483483041599
14267 -0.3823693933135151
14381 0.2288676653980985
14612 2.1863252868781835
14644 3.597312260588446
14822 8.580918882296782
14908 2.476721065201561
14914 6.6192603762733295
15021 5.389071729816501
15222 5.612215281130711
15259 1.3320829541381691
15279 3.21432000833234
15283 4.47267141490569
15306 0.7199882180847567
15332 -9.313870380873722
15341 1.5919482501253577
15447 4.919068100570765
15471 0.6940608398286201
15538 3.8204558119026557
15651 2.2754468375694707
15669 2.162227735299123
15728 3.009525595686327
15771 0.06928714438394819
