161
241 1.6902419448493964
1922 1.6952047341915255
1923 2.211017899468555
1997 3.009525595686327
2166 2.6418008155610093
2224 1.981229805435677
2271 0.34178311807220957
2351 1.5647876386963615
2446 2.5326015235960173
2450 -1.832570687110832
2554 6.9985096422506015
2595 2.5211728277723946
2597 2.1157077196642304
2601 3.1066893441399746
2674 1.0272478024601386
2679 3.414990703794491
2919 2.1944885975173447
2920 1.3590830570083334
2964 0.900435360084361
3057 4.47267141490569
3296 3.597312260588446
3355 4.695924549256556
3374 1.9680717208581657
3578 0.6015799870344548
3923 3.1273086313427103
3939 4.359452312635343
4021 1.5054481989100525
4333 2.9302403070461622
4381 2.0149030205422647
4502 2.8088549002241754
4522 0.2603571476546441
4621 5.443687046469091
4660 3.9074671888922854
4750 0.33155284982139466
4878 2.7345957208584712
4940 13.540808977387801
4956 2.413542163580029
4964 0.563963123463148
5033 2.1233123190494494
5055 2.2278250177849364
5067 2.2278250177849364
5208 2.5676928434072877
5630 1.0723845401114582
5770 3.4431615807611875
5923 4.919068100570765
5983 1.9878743481543455
6068 3.1273086313427103
6300 3.7026727762462723
6402 1.4112609838503516
6433 0.5154022907934025
6548 4.157057432844953
6620 4.7993176617231486
6657 2.138697237888929
6872 1.3047775034479017
6908 1.0061308387793944
7104 -0.6634879166512921
7286 4.2337829515510546
7482 1.8055527913603908
7591 2.0426825846493406
7813 1.0145733615634107
7887 2.973157951515452
7949 2.5441623459970937
7950 5.8998973535824915
7975 6.9985096422506015
8064 4.165296298194385
8168 1.9746291214043248
8315 2.764403137653342
8578 3.1066893441399746
8660 1.675499663112193
8664 2.7938170228596353
8667 3.8630154263214513
8690 2.7938170228596353
8710 2.75601889854694
8736 1.1933746733341126
8752 8.867120569578129
8837 9.50960473728452
8928 2.6710983242293107
9106 1.0850066366123312
9170 0.6116303228879563
9192 4.00277736869661
9243 13.550366918425507
9365 1.4972514317058743
9384 1.3355491621146554
9428 2.498699971920336
9709 4.329230318572664
9817 2.6366740664670676
9970 1.4513908541342142
10069 3.4431615807611875
10326 0.5230769255465112
10329 -0.21009069570959765
10447 1.829844710114914
10487 1.981229805435677
10532 2.9209721983448818
10697 11.799794707164983
10751 0.7939518796819108
10810 5.052599493195288
10868 -0.18536107281185138
10914 9.54604027356946
10920 8.81087638661544
10930 3.502002080784121
11027 1.2781978656431896
11032 1.087712998210074
11110 5.671718634176079
11168 1.2781978656431896
11218 1.144042369585821
11287 2.0286963426746007
11299 -3.6482793330615655
11386 2.1157077196642304
11407 3.1483620405405426
11481 1.6186122887101415
11570 1.1933746733341126
11671 2.2535775138873513
11889 5.558003874148989
12014 5.982352914036261
12022 1.2122885475024683
12043 2.498699971920336
12060 6.088184361276362
12064 3.3349479961209547
12171 4.165296298194385
12283 5.208120975156325
12302 10.413500346045092
12377 1.3460204619819507
12578 2.4237986637472186
12598 2.5098732725184614
12708 1.5958322603783217
12717 0.5999147077153936
12797 2.7218435232345457
13052 3.260840023967233
13080 0.8123010183501074
13108 2.2800107709555064
13385 4.00277736869661
13553 -0.37046075994419203
13613 3.6222476728196926
13720 3.666305132075397
13891 1.2131850577159984
14174 1.7945029551738059
14237 -0.6972483483041599
14267 -1.1471081799405454
14381 0.457735330796197
14431 3.104790895896465
14463 1.67063347346102
14515 6.133368019052551
14544 3.666305132075397
14546 5.775271556154579
14553 4.359452312635343
14612 2.1863252868781835
14822 4.290459441148391
15078 5.8998973535824915
15089 3.3349479961209547
15132 6.9985096422506015
15181 5.254456710270345
15259 1.3320829541381691
15283 4.47267141490569
15306 0.7199882180847567
15332 -4.656935190436861
15341 1.5919482501253577
15351 3.5645224377654547
15413 1.2781978656431896
15471 1.3881216796572402
15472 2.735829765209286
15771 0.04619142958929879
