81
174 1.6232312345664361
194 0.7699986386594181
209 3.400384551405129
810 2.8396265588909295
2421 1.5431885268928998
2450 -1.2217137914072214
2624 4.695924549256556
2631 0.21292199724267172
2935 0.6320391945191633
2959 2.3747372985478017
3350 5.8998973535824915
3578 0.6015799870344548
3820 1.7890234894091803
3824 4.00277736869661
4230 2.0149030205422647
4508 4.108137884354437
4750 0.33155284982139466
4964 0.563963123463148
5067 2.2278250177849364
5312 2.8553749158590684
5409 3.502002080784121
5431 4.22592092001082
5539 1.7153059135126125
5630 0.11915383779016203
7025 1.0095482253607377
7104 -1.3269758333025843
7311 2.236335707452845
7328 6.9985096422506015
7572 6.9985096422506015
7764 1.7052048175261088
7828 4.05407066308416
8230 9.49414731586532
8290 5.612215281130711
8523 0.7256326357044336
8660 5.026498989336579
9057 8.10814132616832
9106 4.340026546449325
9110 2.035665011990694
9403 6.9985096422506015
9559 -0.16639788770994784
9817 1.3183370332335338
9936 6.9985096422506015
10001 4.128071418239819
10742 1.7890234894091803
10749 1.1754637467675824
10868 -0.18536107281185138
11032 1.087712998210074
11140 2.15432255579201
11218 1.144042369585821
11299 -0.5211827618659379
11576 3.3096301881366648
12143 4.165296298194385
12145 3.1918471524802814
12377 1.3460204619819507
12595 2.344549292093078
12801 1.9109133070182172
12803 1.3637200390813515
13001 1.4730567031188173
13189 1.8745456628473423
13314 2.0286963426746007
13718 4.0275534942922455
13775 3.2849375755462935
14136 1.4810567457858934
14153 2.4876501357337513
14237 -0.6972483483041599
14267 -0.3823693933135151
14309 1.5137127087599462
14416 0.7739512129752414
14439 6.254617262685421
14440 4.433560284789064
14455 3.274434953082352
14456 5.8998973535824915
14544 3.666305132075397
14626 2.750014400201242
14692 2.8396265588909295
14887 6.9985096422506015
15012 4.108137884354437
15125 6.9985096422506015
15155 1.380822401482141
15292 2.211017899468555
15828 2.1862955883920616
