286
160 4.919068100570765
241 1.6902419448493964
569 3.0282177286984795
583 2.9041650800285006
631 4.00277736869661
888 4.05407066308416
978 2.298029276458185
1060 0.43516834491586076
1310 3.7796338173824005
1379 2.1481658635875345
1436 4.108137884354437
1487 4.22592092001082
1514 5.206750173022546
1533 4.108137884354437
1542 5.8998973535824915
1686 1.1549652252192415
1695 6.9985096422506015
1884 5.845960905003192
1893 1.7567626271909589
1896 1.7835738846416156
1922 1.6952047341915255
1997 6.019051191372654
2166 2.6418008155610093
2172 4.359452312635343
2196 5.389071729816501
2217 4.9753002714675025
2218 3.740413104229119
2224 1.981229805435677
2258 2.87137525720551
2309 3.7796338173824005
2334 0.7939518796819108
2351 1.5647876386963615
2421 3.0863770537857995
2432 4.108137884354437
2446 5.065203047192035
2450 -0.6108568957036107
2492 3.047265923669174
2513 1.8280256472124494
2577 3.5327737394508745
2595 2.5211728277723946
2611 3.260840023967233
2675 3.6312138122641273
2679 3.414990703794491
2682 4.108137884354437
2820 2.4446327506500602
2862 1.4690805547391779
2924 2.0286963426746007
3094 4.00277736869661
3259 3.1918471524802814
3354 3.2373095265570386
3405 5.206750173022546
3407 2.085854756514549
3449 0.9823524825522477
3578 0.6015799870344548
3736 3.086486636822455
3743 6.9985096422506015
3759 2.4033897921160112
3827 3.2849375755462935
3901 2.363780654020965
3938 4.433560284789064
3985 2.5098732725184614
3987 4.359452312635343
4070 1.1068654304248302
4141 6.305362461690656
4167 2.0712559570933964
4297 3.3096301881366648
4309 2.681021528714291
4319 2.049749751872433
4333 8.790720921138487
4335 2.938066631704182
4341 2.6547042203969173
4381 4.029806041084529
4416 1.3637200390813515
4427 3.597312260588446
4481 4.292958756661968
4522 0.2603571476546441
4750 0.33155284982139466
4846 2.021775899830027
4872 6.305362461690656
4878 2.7345957208584712
4884 6.9985096422506015
4940 4.513602992462601
4964 0.563963123463148
4976 2.288979440938267
5105 4.600614369452231
5127 9.602570129828763
5213 4.513602992462601
5326 3.1483620405405426
5339 1.1784267118982394
5418 4.00277736869661
5484 0.9464204733261844
5554 2.1081605140288473
5630 0.4766153511606481
5687 2.0785287164224764
5767 4.919068100570765
5822 4.8012850649143815
5973 2.9540974487767095
6080 6.305362461690656
6130 3.0666840095262753
6191 5.206750173022546
6235 1.2270685191205855
6300 3.7026727762462723
6393 4.22592092001082
6402 1.4112609838503516
6447 1.2880826248757316
6468 6.296724081081085
6492 6.9985096422506015
6530 3.3609234825242154
6539 2.434161450782765
6620 8.998720615730903
6675 2.5098732725184614
6908 0.6707538925195963
7019 2.130975191795019
7104 -2.6539516666051686
7189 3.8630154263214513
7334 5.612215281130711
7356 5.206750173022546
7406 5.052599493195288
7453 5.389071729816501
7487 1.8167260919585162
7497 0.7014003223166658
7505 3.740413104229119
7563 2.335070548138534
7569 1.0170954309961207
7734 6.6192603762733295
7767 3.414990703794491
7789 4.8012850649143815
7799 4.108137884354437
7813 1.0145733615634107
7935 2.335070548138534
7949 2.5441623459970937
7959 4.00277736869661
7981 4.085365169298681
7986 10.791936781765338
8064 4.165296298194385
8068 6.9985096422506015
8168 9.873145607021623
8169 10.887374092938183
8299 4.433560284789064
8315 5.528806275306684
8471 2.7938170228596353
8673 3.740413104229119
8690 5.587634045719271
8695 1.9550845253313545
8710 1.102407559418776
8714 4.22592092001082
8731 2.0286963426746007
8739 3.8204558119026557
8751 3.8630154263214513
8784 2.146479378330984
8850 5.145917740537838
8854 4.165296298194385
8880 1.67063347346102
8886 1.3081501879265407
8928 2.6710983242293107
9106 1.0850066366123312
9110 2.035665011990694
9170 1.2232606457759125
9192 4.00277736869661
9243 3.3875917296063767
9353 2.476721065201561
9478 5.612215281130711
9554 1.271661894663404
9590 3.3096301881366648
9680 3.597312260588446
9709 4.329230318572664
9711 1.8686109273275278
9729 7.465890531591191
9949 6.9985096422506015
9954 4.22592092001082
9983 3.1066893441399746
10058 2.6040604875781623
10069 3.4431615807611875
10114 1.3014161557451966
10221 2.434161450782765
10306 2.15432255579201
10326 1.0461538510930224
10422 0.7087940713416041
10431 1.4437323058179135
10447 3.0497411835248567
10448 5.206750173022546
10475 5.206750173022546
10699 6.894087829374555
10734 2.735829765209286
10751 0.7939518796819108
10753 2.7790019370744945
10868 -0.37072214562370276
10906 2.035665011990694
10914 5.454880156325406
10915 5.612215281130711
10920 6.60815728996158
10921 6.9985096422506015
10930 3.502002080784121
11032 1.087712998210074
11110 1.6204910383360227
11140 2.15432255579201
11212 3.9539872045271784
11295 3.2373095265570386
11296 2.764403137653342
11299 -5.211827618659379
11304 2.410992067732915
11308 2.5098732725184614
11386 4.231415439328461
11419 3.1273086313427103
11453 1.3637200390813515
11481 3.237224577420283
11570 1.1933746733341126
11671 2.2535775138873513
11790 2.2449194511442365
11881 2.70805020110221
11939 2.681021528714291
11969 0.7582337970798316
11984 2.4237986637472186
12033 2.5211728277723946
12041 5.612215281130711
12060 16.742506993509995
12070 2.87137525720551
12102 3.9539872045271784
12171 4.165296298194385
12302 5.206750173022546
12377 2.6920409239639014
12383 1.2523064517104479
12455 -0.4305173317360804
12578 7.271395991241656
12708 1.5958322603783217
12723 2.288979440938267
12823 1.034930298632155
12832 3.3096301881366648
12853 2.304141734385754
13045 1.886521853894058
13102 2.735829765209286
13267 5.052599493195288
13311 10.413500346045092
13319 3.6111055827207816
13390 2.236335707452845
13473 4.00277736869661
13508 5.176530251060562
13553 -0.7409215198883841
13565 1.9878743481543455
13613 3.6222476728196926
13661 3.7026727762462723
13775 3.2849375755462935
13789 5.052599493195288
13801 7.262427624528255
13822 3.740413104229119
13825 2.7218435232345457
13827 4.695924549256556
13828 3.3349479961209547
13838 2.3163784151263815
13891 0.6065925288579992
13918 2.8396265588909295
13936 3.3349479961209547
13986 3.47214911763444
14044 1.4611753752320646
14174 3.5890059103476117
14237 -1.3944966966083199
14267 -0.7647387866270302
14357 2.476721065201561
14381 0.915470661592394
14430 9.928890564409993
14431 1.034930298632155
14432 4.108137884354437
14522 3.8630154263214513
14546 8.66290733423187
14563 5.283601631122019
14573 3.260840023967233
14618 4.22592092001082
14654 10.693567313296365
14656 5.702882438835709
14682 1.5431885268928998
15024 3.2373095265570386
15089 3.3349479961209547
15116 3.8630154263214513
15181 3.50297114018023
15197 3.5327737394508745
15279 3.21432000833234
15306 5.039917526593297
15332 -12.418493841164961
15334 12.610724923381312
15341 2.3879223751880367
15457 4.359452312635343
15471 0.6940608398286201
15518 1.880515829833846
15651 1.1377234187847354
15735 2.938066631704182
15771 0.04619142958929879
