187
1864 6.094531847338348
1883 6.305362461690656
1884 1.9486536350010641
1893 1.7567626271909589
1923 2.211017899468555
2166 5.283601631122019
2219 6.9985096422506015
2247 2.219386149139072
2269 1.8686109273275278
2271 0.34178311807220957
2325 17.699692060747473
2421 3.0863770537857995
2450 -2.4434275828144427
2611 9.782520071901699
2696 4.359452312635343
2874 9.141797771007521
2919 4.388977195034689
2920 1.3590830570083334
2924 4.0573926853492015
2935 0.6320391945191633
3105 5.389071729816501
3354 3.2373095265570386
3578 0.6015799870344548
3657 2.6164830075767194
3723 4.22592092001082
3736 3.086486636822455
3820 1.7890234894091803
3850 3.9074671888922854
3896 1.403798262648762
3938 4.433560284789064
3985 10.039493090073845
4021 3.010896397820105
4333 2.9302403070461622
4335 2.938066631704182
4366 1.9878743481543455
4378 4.695924549256556
4381 2.0149030205422647
4522 1.5621428859278648
4586 3.009525595686327
4655 5.8998973535824915
4765 1.4150133334689021
4857 4.142511914186793
4909 1.4690805547391779
5039 2.735829765209286
5151 5.11171677152057
5189 4.433560284789064
5203 5.052599493195288
5312 2.8553749158590684
5319 3.086486636822455
5339 4.713706847592958
5554 2.1081605140288473
5570 7.262427624528255
5643 3.9074671888922854
5653 5.052599493195288
5850 3.047265923669174
5861 2.750014400201242
5889 2.4033897921160112
5899 4.695924549256556
5982 4.919068100570765
6016 8.718904625270685
6049 6.106995035972082
6156 3.6000252219695508
6216 2.3933394562625097
6219 2.298029276458185
6235 1.2270685191205855
6275 5.8998973535824915
6468 3.1483620405405426
6618 4.113734439282593
6620 8.39880590801551
6754 1.2024518914852294
6908 0.33537694625979814
7104 -5.971391249861629
7170 4.855836866130424
7197 1.730651483187273
7286 1.4112609838503516
7397 2.87137525720551
7439 5.389071729816501
7578 0.5215372793609184
7848 9.602570129828763
7885 3.9539872045271784
7968 3.047265923669174
8032 0.5108256237659907
8060 3.9539872045271784
8096 1.4533321977710387
8168 15.797032971234598
8369 12.610724923381312
8429 4.359452312635343
8667 3.8630154263214513
8736 1.1933746733341126
8744 6.9985096422506015
8837 6.339736491523013
8870 3.7026727762462723
8946 2.7218435232345457
8979 1.7890234894091803
9081 4.433560284789064
9151 1.258716730071367
9428 2.498699971920336
9698 1.9878743481543455
9731 12.610724923381312
9752 3.5327737394508745
9786 3.1483620405405426
9791 2.344549292093078
10076 2.750014400201242
10302 2.6290617897835795
10456 2.8553749158590684
10473 1.7781538171722764
10477 12.16221198925248
10556 3.9539872045271784
10749 1.1754637467675824
10751 0.7939518796819108
10776 4.513602992462601
10777 6.9985096422506015
10868 -0.18536107281185138
10901 4.290459441148391
10914 9.54604027356946
10917 6.305362461690656
10920 8.81087638661544
10947 11.224430562261421
10973 2.7938170228596353
11027 1.2781978656431896
11089 1.1549652252192415
11104 4.290459441148391
11106 2.021775899830027
11110 0.8102455191680114
11139 2.87137525720551
11194 6.9985096422506015
11263 4.695924549256556
11299 -2.6059138093296896
11379 2.0426825846493406
11384 3.3609234825242154
11393 3.2849375755462935
11524 1.5178707189086098
11570 1.1933746733341126
11790 2.2449194511442365
11945 1.9550845253313545
11947 3.0282177286984795
11982 3.9074671888922854
12022 0.40409618250082274
12033 2.5211728277723946
12060 7.610230451595452
12078 1.3637200390813515
12377 1.3460204619819507
12455 -0.4305173317360804
12578 2.4237986637472186
12723 4.577958881876534
12742 12.610724923381312
12837 3.4431615807611875
12960 3.1918471524802814
12992 2.3256808077886952
13108 9.120043083822026
13109 6.9985096422506015
13314 2.0286963426746007
13338 12.605864138861973
13380 8.10814132616832
13384 2.0568672196412967
13471 2.6040604875781623
13553 -0.37046075994419203
13565 3.975748696308691
13576 3.9074671888922854
13704 9.391849098513111
13828 3.3349479961209547
13835 8.00555473739322
13843 2.1782280766455644
13936 3.3349479961209547
14153 2.4876501357337513
14188 3.597312260588446
14237 -2.09174504491248
14267 -4.206063326448666
14416 2.3218536389257243
14431 1.034930298632155
14486 2.6164830075767194
14581 4.8012850649143815
14588 2.0785287164224764
14692 2.8396265588909295
15077 4.600614369452231
15121 1.5868635903955612
15155 4.832878405187493
15195 3.0282177286984795
15197 3.5327737394508745
15253 4.919068100570765
15278 2.465910149097345
15332 -10.866182111019342
15476 9.201228738904462
15538 3.8204558119026557
15551 2.3157359697544058
15769 3.3349479961209547
15771 0.023095714794649395
