44
2166 2.6418008155610093
2302 3.009525595686327
2418 3.7796338173824005
2424 2.219386149139072
2450 -0.6108568957036107
2920 0.6795415285041667
3737 1.8055527913603908
4319 2.049749751872433
4326 3.9539872045271784
4333 2.9302403070461622
4857 2.0712559570933964
4878 1.3672978604292356
4882 2.130975191795019
6156 3.6000252219695508
6620 1.7997441231461808
7170 1.6186122887101415
7848 4.8012850649143815
7971 3.414990703794491
7986 3.597312260588446
8168 1.9746291214043248
8169 2.7218435232345457
8784 2.146479378330984
9151 1.258716730071367
9384 1.3355491621146554
9680 3.597312260588446
10491 3.086486636822455
10699 2.298029276458185
10914 4.091160117244055
10920 4.40543819330772
11139 2.87137525720551
11299 -1.0423655237318759
12033 2.5211728277723946
12060 4.566138270957271
12455 -0.2152586658680402
13336 5.8998973535824915
13385 4.00277736869661
13527 2.049749751872433
13822 3.740413104229119
14430 3.3096301881366648
14780 4.513602992462601
15089 3.3349479961209547
15155 0.6904112007410705
15472 2.735829765209286
15570 2.7218435232345457
