320
270 6.9985096422506015
532 3.4431615807611875
631 4.00277736869661
895 5.389071729816501
1060 0.12433381283310307
1310 3.7796338173824005
1356 7.091341962062895
1436 4.108137884354437
1487 4.22592092001082
1515 3.740413104229119
1692 2.1944885975173447
1884 7.794614540004257
1891 4.600614369452231
1902 2.0149030205422647
1922 1.6952047341915255
1956 4.695924549256556
1957 1.8223599096767722
2017 3.3875917296063767
2166 2.6418008155610093
2224 5.943689416307031
2240 1.65617539028579
2269 1.8686109273275278
2315 5.206750173022546
2331 3.6312138122641273
2407 2.236335707452845
2446 5.065203047192035
2469 6.305362461690656
2575 4.22592092001082
2601 3.1066893441399746
2611 3.260840023967233
2631 0.21292199724267172
2638 2.130975191795019
2675 7.262427624528255
2783 4.600614369452231
2816 5.052599493195288
2920 0.6795415285041667
2924 2.0286963426746007
3006 5.612215281130711
3046 2.9911764570181303
3238 5.612215281130711
3354 3.2373095265570386
3386 7.887185369350739
3392 2.20271909665386
3414 3.7026727762462723
3419 4.22592092001082
3449 0.9823524825522477
3462 5.052599493195288
3545 3.009525595686327
3578 0.6015799870344548
3598 1.1666271649670843
3664 5.389071729816501
3722 6.9985096422506015
3758 6.305362461690656
3759 2.4033897921160112
3776 6.9985096422506015
3781 9.83813620114153
3808 4.108137884354437
3896 1.403798262648762
3991 2.8088549002241754
4021 1.5054481989100525
4110 2.764403137653342
4170 4.22592092001082
4253 4.22592092001082
4333 10.255841074661568
4334 15.849341228807532
4359 4.8012850649143815
4381 2.0149030205422647
4443 6.9985096422506015
4481 4.292958756661968
4522 0.7810714429639324
4531 5.362043057428582
4537 1.0196238773494795
4616 3.7851283367000415
4625 1.8452180477528222
4660 3.9074671888922854
4750 1.6577642491069733
4785 3.9074671888922854
4846 2.021775899830027
4852 1.258716730071367
4857 6.213767871280189
4866 2.5211728277723946
4882 2.130975191795019
4909 1.4690805547391779
4964 0.563963123463148
4991 3.9539872045271784
5093 4.8012850649143815
5166 4.695924549256556
5443 2.9041650800285006
5484 1.8928409466523688
5518 1.5868635903955612
5559 9.027205984925201
5615 2.049749751872433
5630 0.4766153511606481
5642 5.389071729816501
5652 3.3096301881366648
5687 4.157057432844953
5700 3.1483620405405426
5770 3.4431615807611875
5807 4.00277736869661
5808 6.9985096422506015
5828 2.5676928434072877
5850 3.047265923669174
5853 6.9985096422506015
5859 5.052599493195288
5973 4.4311461731650645
5982 4.919068100570765
5986 3.3609234825242154
6130 3.0666840095262753
6133 4.359452312635343
6250 1.7727629685373998
6300 3.7026727762462723
6335 4.953442130403122
6364 3.260840023967233
6438 6.305362461690656
6467 2.2535775138873513
6468 6.296724081081085
6517 6.305362461690656
6530 3.3609234825242154
6539 2.434161450782765
6620 9.598635323446297
6622 2.579669034454003
6730 6.9985096422506015
6819 1.7153059135126125
6908 1.0061308387793944
6935 14.757204301712296
6941 2.1782280766455644
7025 1.0095482253607377
7028 2.764403137653342
7086 6.9985096422506015
7104 -1.9904637499538764
7295 3.7026727762462723
7366 5.206750173022546
7423 5.612215281130711
7460 5.052599493195288
7482 1.8055527913603908
7569 1.0170954309961207
7614 2.5676928434072877
7759 4.359452312635343
7797 6.094531847338348
7799 4.108137884354437
7965 1.886521853894058
7981 2.0426825846493406
7991 1.3149298749119196
8032 0.5108256237659907
8043 1.730651483187273
8168 1.9746291214043248
8311 6.9985096422506015
8315 2.764403137653342
8416 6.305362461690656
8439 0.4690908039883759
8643 2.001297368486486
8673 3.740413104229119
8710 2.75601889854694
8731 2.0286963426746007
8736 2.3867493466682252
8743 4.433560284789064
8749 9.200052028578826
8784 2.146479378330984
8850 3.430611827025225
8928 1.3355491621146554
9103 6.9985096422506015
9106 1.0850066366123312
9151 1.258716730071367
9154 2.465910149097345
9169 3.4431615807611875
9170 1.8348909686638688
9175 3.597312260588446
9187 9.602570129828763
9229 4.786678912525019
9243 3.3875917296063767
9266 6.9985096422506015
9365 1.4972514317058743
9384 4.006647486343966
9537 0.6546292081242703
9709 1.082307579643166
9711 1.8686109273275278
9729 8.95906863790943
9733 7.595046456286319
9752 3.5327737394508745
9765 1.7835738846416156
9817 1.3183370332335338
10022 6.9985096422506015
10029 2.4237986637472186
10076 2.750014400201242
10114 2.6028323114903933
10223 4.05407066308416
10287 3.009525595686327
10305 5.8998973535824915
10326 0.5230769255465112
10393 1.9746291214043248
10422 2.1263822140248125
10431 0.7218661529089567
10445 3.3875917296063767
10447 1.829844710114914
10641 6.9985096422506015
10691 3.414990703794491
10699 18.38423421166548
10751 5.5576631577733755
10808 4.919068100570765
10825 2.0149030205422647
10880 3.6312138122641273
10914 10.909760312650812
10920 2.20271909665386
11023 1.2880826248757316
11110 4.861473115008068
11114 3.047265923669174
11134 5.612215281130711
11141 6.9985096422506015
11144 6.9985096422506015
11168 1.2781978656431896
11170 2.5676928434072877
11218 0.5720211847929105
11287 2.0286963426746007
11299 -5.733010380525317
11304 3.616488101599373
11385 3.8630154263214513
11415 3.7796338173824005
11419 3.1273086313427103
11443 3.260840023967233
11591 2.7218435232345457
11769 1.6466515087745348
11778 2.8553749158590684
11798 5.052599493195288
11825 2.9041650800285006
11840 1.6902419448493964
11969 1.5164675941596633
11975 2.9209721983448818
11984 2.4237986637472186
12014 2.9911764570181303
12022 0.40409618250082274
12034 0.9324015521468534
12060 10.654322632233633
12070 2.87137525720551
12122 3.589173800620615
12131 4.433560284789064
12137 2.498699971920336
12171 4.165296298194385
12216 2.87137525720551
12241 2.579669034454003
12340 6.9985096422506015
12377 1.3460204619819507
12383 2.5046129034208957
12578 4.847597327494437
12610 2.4237986637472186
12723 2.288979440938267
12818 3.1483620405405426
12823 2.06986059726431
12833 1.9260564194516896
12955 4.290459441148391
13001 1.4730567031188173
13045 1.886521853894058
13046 3.47214911763444
13058 4.00277736869661
13208 1.3115342859107813
13280 6.305362461690656
13318 6.9985096422506015
13354 1.8280256472124494
13384 2.0568672196412967
13399 3.086486636822455
13401 2.465910149097345
13452 4.359452312635343
13475 3.8204558119026557
13510 5.8998973535824915
13527 2.049749751872433
13553 -0.37046075994419203
13588 3.5327737394508745
13676 5.612215281130711
13801 3.6312138122641273
13822 7.480826208458238
13825 2.7218435232345457
13834 4.00277736869661
13846 3.3096301881366648
13859 2.955458374416051
13893 4.05407066308416
13921 2.1782280766455644
13978 4.00277736869661
13986 3.47214911763444
14008 2.001297368486486
14031 4.695924549256556
14074 3.7796338173824005
14136 1.4810567457858934
14161 5.206750173022546
14174 3.5890059103476117
14196 1.6746046411110493
14267 -0.3823693933135151
14331 6.305362461690656
14365 3.8630154263214513
14381 1.1443383269904925
14416 0.7739512129752414
14422 2.1233123190494494
14430 6.6192603762733295
14431 2.06986059726431
14482 4.22592092001082
14546 2.8876357780772897
14563 2.6418008155610093
14601 4.433560284789064
14654 7.1290448755309095
14656 7.984035414369993
14675 5.612215281130711
14901 2.5326015235960173
14918 3.5327737394508745
14941 4.919068100570765
14978 4.513602992462601
15024 3.2373095265570386
15089 3.3349479961209547
15107 5.8998973535824915
15113 3.7796338173824005
15119 5.8998973535824915
15171 5.052599493195288
15181 5.254456710270345
15197 3.5327737394508745
15224 2.9041650800285006
15279 3.21432000833234
15306 2.8799528723390266
15332 -12.418493841164961
15341 3.1838965002507154
15373 0.814360751313118
15468 1.1549652252192415
15471 1.3881216796572402
15672 0.7275212103923018
