189
60 4.8012850649143815
581 6.9985096422506015
626 4.359452312635343
1060 0.12433381283310307
1861 5.612215281130711
1885 3.009525595686327
1896 1.7835738846416156
1924 2.288979440938267
1957 1.8223599096767722
2064 1.5647876386963615
2166 2.6418008155610093
2217 2.4876501357337513
2446 2.5326015235960173
2450 -0.6108568957036107
2466 6.305362461690656
2595 2.5211728277723946
2601 3.1066893441399746
2603 3.3609234825242154
2674 1.0272478024601386
2684 6.9985096422506015
2705 1.6657908489852322
2820 2.4446327506500602
2919 2.1944885975173447
2920 0.6795415285041667
2964 0.900435360084361
3098 4.695924549256556
3354 3.2373095265570386
3386 2.6290617897835795
3389 5.8998973535824915
3635 3.155949285956631
3664 10.778143459633002
3690 1.4972514317058743
3789 5.612215281130711
3896 1.403798262648762
3964 3.5327737394508745
3974 3.3875917296063767
3986 6.305362461690656
4172 3.414990703794491
4230 2.0149030205422647
4253 4.22592092001082
4302 3.6000252219695508
4333 1.4651201535230811
4400 2.938066631704182
4487 3.1066893441399746
4522 0.2603571476546441
4586 3.009525595686327
4616 1.8925641683500207
4797 6.9985096422506015
4878 1.3672978604292356
4964 0.563963123463148
4991 7.907974409054357
5055 2.2278250177849364
5067 2.2278250177849364
5263 4.22592092001082
5423 5.206750173022546
5443 2.9041650800285006
5554 2.1081605140288473
5555 4.8067795842320225
5572 3.47214911763444
5630 0.3574615133704861
5635 2.20271909665386
5722 3.3609234825242154
5807 4.00277736869661
5812 3.1698682457615064
5826 4.919068100570765
5850 3.047265923669174
5966 3.4431615807611875
6049 2.035665011990694
6053 4.359452312635343
6068 3.1273086313427103
6156 1.8000126109847754
6286 6.9985096422506015
6335 2.476721065201561
6389 3.1273086313427103
6402 1.4112609838503516
6447 1.2880826248757316
6469 4.513602992462601
6519 5.052599493195288
6548 4.157057432844953
6620 4.7993176617231486
6648 6.305362461690656
6908 1.6768847312989907
6953 2.681021528714291
6983 3.414990703794491
7019 2.130975191795019
7104 -0.6634879166512921
7344 1.6325336272287498
7397 2.87137525720551
7557 3.3349479961209547
7827 3.414990703794491
7838 2.1081605140288473
7852 6.9985096422506015
7965 1.886521853894058
7980 6.9985096422506015
7991 1.3149298749119196
8030 3.1918471524802814
8032 0.5108256237659907
8037 4.22592092001082
8168 1.9746291214043248
8307 4.433560284789064
8752 4.433560284789064
8816 1.7255100836868542
8886 1.3081501879265407
8928 1.3355491621146554
8953 5.612215281130711
8978 1.6140145794615122
9342 6.305362461690656
9353 2.476721065201561
9393 1.060973437168175
9554 2.543323789326808
9667 3.7796338173824005
9729 5.972712425272953
9733 1.0850066366123312
9911 4.165296298194385
9970 1.4513908541342142
10231 3.2373095265570386
10286 5.206750173022546
10325 1.8925641683500207
10326 0.5230769255465112
10393 1.9746291214043248
10443 2.4876501357337513
10445 6.775183459212753
10447 0.6099482367049713
10609 3.5327737394508745
10610 3.6312138122641273
10658 2.9041650800285006
10699 2.298029276458185
10751 0.7939518796819108
10868 -0.18536107281185138
10914 9.54604027356946
10920 4.40543819330772
11071 5.206750173022546
11095 5.206750173022546
11110 0.8102455191680114
11114 3.047265923669174
11139 2.87137525720551
11165 2.1863252868781835
11212 3.9539872045271784
11218 0.5720211847929105
11299 -2.0847310474637517
11386 2.1157077196642304
11406 2.6418008155610093
11445 3.740413104229119
11461 2.146479378330984
11520 3.1066893441399746
11725 4.359452312635343
11781 2.591790394986348
11889 2.7790019370744945
11969 0.7582337970798316
12023 3.6312138122641273
12060 1.5220460903190904
12089 5.617709800448351
12093 1.6803896484063847
12102 3.9539872045271784
12598 2.5098732725184614
12785 5.617709800448351
12797 2.7218435232345457
12870 4.919068100570765
13001 1.4730567031188173
13006 5.612215281130711
13271 3.3875917296063767
13485 6.305362461690656
13494 6.42864001666468
13547 3.2006938814656967
13553 -0.37046075994419203
13857 3.9074671888922854
13891 0.6065925288579992
13918 2.8396265588909295
14093 2.973157951515452
14267 -0.7647387866270302
14357 2.476721065201561
14381 0.2288676653980985
14640 4.290459441148391
14906 0.4013639403639497
14935 5.612215281130711
15089 3.3349479961209547
15187 1.994563336305142
15195 3.0282177286984795
15259 1.3320829541381691
15279 3.21432000833234
15332 -3.1046234602912404
15413 2.556395731286379
15468 1.1549652252192415
15471 0.6940608398286201
15484 2.9911764570181303
15542 6.9985096422506015
15617 4.8012850649143815
15641 6.9985096422506015
15805 2.008077055471865
