216
160 4.919068100570765
194 0.7699986386594181
241 3.3804838896987928
312 6.9985096422506015
486 2.70805020110221
495 2.8396265588909295
889 4.513602992462601
893 5.052599493195288
927 2.0785287164224764
1060 0.24866762566620615
1201 6.305362461690656
1310 3.7796338173824005
1379 0.5370414658968836
1487 4.22592092001082
1514 5.206750173022546
1686 4.619860900876966
1750 1.1068654304248302
1896 1.7835738846416156
1906 3.597312260588446
1909 5.775271556154579
1914 5.206750173022546
1924 2.288979440938267
2166 2.6418008155610093
2217 2.4876501357337513
2218 3.740413104229119
2309 3.7796338173824005
2418 3.7796338173824005
2421 1.5431885268928998
2434 2.413542163580029
2513 1.8280256472124494
2631 0.21292199724267172
2679 3.414990703794491
2820 2.4446327506500602
2920 0.6795415285041667
3249 2.750014400201242
3407 6.257564269543647
3461 3.3609234825242154
3578 0.6015799870344548
3606 6.305362461690656
3737 1.8055527913603908
4026 2.8876357780772897
4110 2.764403137653342
4167 2.0712559570933964
4170 4.22592092001082
4222 2.3256808077886952
4230 4.029806041084529
4262 3.1698682457615064
4307 2.824122372354964
4333 8.790720921138487
4334 3.1698682457615064
4335 5.876133263408364
4341 2.6547042203969173
4381 4.029806041084529
4389 5.612215281130711
4394 5.612215281130711
4405 1.3460204619819507
4416 1.3637200390813515
4481 6.439438134992953
4522 1.0414285906185765
4617 6.305362461690656
4846 2.021775899830027
4857 2.0712559570933964
4876 2.2449194511442365
4878 2.7345957208584712
4882 6.392925575385057
4909 1.4690805547391779
4976 2.288979440938267
5164 5.8998973535824915
5213 4.513602992462601
5232 6.6192603762733295
5318 3.1066893441399746
5326 3.1483620405405426
5339 1.1784267118982394
5533 3.7026727762462723
5559 4.513602992462601
5630 0.11915383779016203
5636 2.973157951515452
5652 3.3096301881366648
5687 2.0785287164224764
5704 5.612215281130711
5759 6.305362461690656
5828 2.5676928434072877
5973 2.9540974487767095
6043 1.5913378707904824
6078 2.555858385760285
6095 5.8998973535824915
6228 1.2947271675944
6351 2.8088549002241754
6620 7.798891200300116
6675 2.5098732725184614
6908 0.33537694625979814
7042 3.8630154263214513
7104 -1.9904637499538764
7286 1.4112609838503516
7363 3.2849375755462935
7401 1.886521853894058
7487 1.8167260919585162
7505 3.740413104229119
7563 2.335070548138534
7715 4.513602992462601
7734 3.3096301881366648
7745 3.9074671888922854
7789 4.8012850649143815
7799 8.216275768708874
7813 1.0145733615634107
7885 3.9539872045271784
7935 2.335070548138534
7959 4.00277736869661
8168 5.923887364212974
8169 2.7218435232345457
8471 2.7938170228596353
8673 7.480826208458238
8690 8.381451068578906
8723 1.5262389685791264
8731 2.0286963426746007
8739 3.8204558119026557
8751 3.8630154263214513
8784 4.292958756661968
8795 7.004004161568242
8850 1.7153059135126125
8854 4.165296298194385
8880 1.67063347346102
8928 1.3355491621146554
8978 1.6140145794615122
8993 2.973157951515452
9007 4.108137884354437
9122 1.3744921360632627
9187 4.8012850649143815
9229 2.3933394562625097
9384 1.3355491621146554
9554 1.271661894663404
9680 3.597312260588446
9709 1.082307579643166
9711 3.7372218546550555
9729 2.9863562126364767
9752 10.598321218352623
9954 4.22592092001082
10058 2.6040604875781623
10221 2.434161450782765
10305 5.8998973535824915
10325 1.8925641683500207
10326 1.5692307766395337
10447 2.4397929468198853
10556 3.9539872045271784
10699 6.894087829374555
10825 2.0149030205422647
10836 5.8998973535824915
10872 1.6048820958982397
10911 3.6312138122641273
10914 4.091160117244055
10915 5.612215281130711
10920 2.20271909665386
10960 5.8998973535824915
11032 1.087712998210074
11110 1.6204910383360227
11212 3.9539872045271784
11299 -5.211827618659379
11386 2.1157077196642304
11522 2.555858385760285
11658 4.513602992462601
11881 2.70805020110221
11939 2.681021528714291
12022 0.40409618250082274
12041 5.612215281130711
12060 6.088184361276362
12377 1.3460204619819507
12455 -0.6457759976041206
12578 4.847597327494437
12833 0.9630282097258448
12997 3.502002080784121
13001 1.4730567031188173
13075 3.9539872045271784
13080 0.8123010183501074
13311 5.206750173022546
13312 2.955458374416051
13319 1.8055527913603908
13473 4.00277736869661
13508 3.4510201673737084
13613 1.8111238364098463
13761 2.6040604875781623
13775 3.2849375755462935
13781 3.8204558119026557
13801 3.6312138122641273
13822 7.480826208458238
13825 2.7218435232345457
13827 4.695924549256556
13828 3.3349479961209547
13891 0.6065925288579992
13936 3.3349479961209547
13968 3.3349479961209547
14381 0.6866029961942954
14401 6.305362461690656
14430 6.6192603762733295
14431 1.034930298632155
14522 3.8630154263214513
14563 2.6418008155610093
14656 3.4217294633014257
14681 4.22592092001082
14876 8.33059259638877
15024 3.2373095265570386
15089 3.3349479961209547
15107 5.8998973535824915
15116 3.8630154263214513
15181 1.751485570090115
15224 2.9041650800285006
15250 3.7796338173824005
15279 3.21432000833234
15306 1.4399764361695133
15332 -10.866182111019342
15341 0.7959741250626788
15373 1.628721502626236
15424 1.8111238364098463
15457 4.359452312635343
15471 1.3881216796572402
15595 1.3320829541381691
15771 0.06928714438394819
