217
3 3.0666840095262753
24 6.9985096422506015
108 4.359452312635343
302 1.7153059135126125
646 2.219386149139072
1060 0.06216690641655154
1094 4.670141096277068
1114 7.814934377784571
1263 6.9985096422506015
1335 5.8998973535824915
1356 9.45512261608386
1379 0.5370414658968836
1445 6.9985096422506015
1664 6.9985096422506015
1686 2.309930450438483
1690 2.455214859980597
1750 2.2137308608496604
1839 2.093234863812172
1884 1.9486536350010641
1929 2.1081605140288473
1938 2.66777630196427
1957 1.8223599096767722
2258 14.35687628602755
2357 1.1873686492739008
2443 4.00277736869661
2450 -1.2217137914072214
2452 4.356456153291129
2595 2.5211728277723946
2699 10.105198986390576
2754 3.2849375755462935
2780 3.9539872045271784
2830 17.43780925054137
2841 13.300680854367194
2880 6.9985096422506015
2935 1.2640783890383267
2940 1.6278716141229383
2964 1.800870720168722
3057 2.236335707452845
3062 2.8396265588909295
3110 2.8876357780772897
3215 0.589980851191103
3249 2.750014400201242
3545 3.009525595686327
3559 5.206750173022546
3578 0.6015799870344548
3610 3.2849375755462935
3647 2.1081605140288473
3668 6.9985096422506015
3690 1.4972514317058743
3737 1.8055527913603908
3749 5.052599493195288
3793 6.9985096422506015
3896 1.403798262648762
4021 1.5054481989100525
4053 -0.14952015041821856
4145 38.153464053965436
4158 0.030600440448717042
4222 2.3256808077886952
4261 2.262311193856106
4286 6.392925575385057
4302 1.8000126109847754
4325 3.21432000833234
4356 5.612215281130711
4366 1.9878743481543455
4388 11.461367435707967
4405 2.6920409239639014
4416 1.3637200390813515
4522 0.7810714429639324
4750 0.33155284982139466
4914 2.8679784698558155
5073 4.290459441148391
5155 3.3096301881366648
5518 3.1737271807911225
5539 5.145917740537838
5590 1.4533321977710387
5596 14.258089751061819
5597 12.949238106228155
5598 4.919068100570765
5680 3.182675741580965
5705 4.695924549256556
5735 3.502002080784121
6026 2.66777630196427
6068 3.1273086313427103
6101 4.165296298194385
6114 3.8630154263214513
6345 3.414990703794491
6589 4.513602992462601
6633 2.8088549002241754
6657 2.138697237888929
6754 1.2024518914852294
7072 1.9486536350010641
7104 -5.307903333210337
7197 1.730651483187273
7277 5.206750173022546
7286 1.4112609838503516
7534 3.7283022859910666
7551 4.8012850649143815
7751 6.9985096422506015
7764 1.7052048175261088
7845 2.4237986637472186
7968 3.047265923669174
7991 1.3149298749119196
8007 1.904759441443839
8017 5.389071729816501
8089 13.405107643571455
8090 15.654349952169916
8093 6.9985096422506015
8211 4.600614369452231
8221 4.290459441148391
8414 5.206750173022546
8439 0.9381816079767518
8710 0.551203779709388
8736 1.1933746733341126
8886 2.6163003758530814
9292 2.5441623459970937
9345 2.66777630196427
9365 7.486257158529371
9423 5.775271556154579
9481 5.318288905612199
9537 0.6546292081242703
9554 1.271661894663404
9589 2.6230685718215625
9640 2.8088549002241754
9686 3.6312138122641273
9765 3.567147769283231
9833 15.452061705285805
10029 4.847597327494437
10202 2.591790394986348
10217 2.15432255579201
10230 6.305362461690656
10306 2.15432255579201
10326 0.5230769255465112
10329 -0.21009069570959765
10678 11.444897204691335
10749 1.1754637467675824
10759 3.0666840095262753
10770 2.4876501357337513
10825 14.104321143795852
10867 1.4533321977710387
10889 6.17297327364491
10903 2.476721065201561
11023 1.2880826248757316
11106 2.021775899830027
11165 2.1863252868781835
11168 1.2781978656431896
11256 5.612215281130711
11299 -1.5635482855978138
11334 3.989126672610284
11353 2.8088549002241754
11386 4.231415439328461
11438 3.3349479961209547
11450 2.262311193856106
11461 2.146479378330984
11468 4.22592092001082
11570 1.1933746733341126
11809 4.165296298194385
11908 3.0693556744499824
11969 2.274701391239495
12022 0.40409618250082274
12075 5.876133263408364
12090 5.612215281130711
12093 1.6803896484063847
12122 4.7855650674941534
12210 3.1698682457615064
12455 -0.2152586658680402
12708 1.5958322603783217
12717 1.1998294154307871
12723 2.288979440938267
12746 6.9985096422506015
12833 0.9630282097258448
12838 4.919068100570765
13001 1.4730567031188173
13029 9.965829375295698
13080 0.8123010183501074
13418 5.612215281130711
13440 1.4770487243883548
13460 2.955458374416051
13494 3.21432000833234
13501 2.5211728277723946
13527 2.049749751872433
13553 -2.9636860795535362
13672 10.683672780053886
13750 8.648910941196492
13837 3.666305132075397
13889 6.9985096422506015
13891 2.4263701154319968
14008 2.001297368486486
14012 15.452061705285805
14131 10.105198986390576
14136 1.4810567457858934
14237 -0.6972483483041599
14267 -0.3823693933135151
14381 0.6866029961942954
14431 2.06986059726431
14498 3.0282177286984795
14620 2.15432255579201
14656 1.1405764877671418
14906 3.2109115229115974
14971 5.206750173022546
15057 2.304141734385754
15155 1.380822401482141
15241 19.208598356243684
15317 3.0666840095262753
15332 -6.209246920582481
15397 2.001297368486486
15407 2.2711218235382606
15432 5.612215281130711
15468 3.4648956756577247
15471 0.6940608398286201
15587 1.2947271675944
15595 1.3320829541381691
15672 0.7275212103923018
15685 0.8716404581364162
15694 2.938066631704182
15725 3.5645224377654547
15771 0.04619142958929879
15783 0.48083836933832624
