37
389 1.6419233675785887
2271 0.34178311807220957
2631 0.21292199724267172
2964 0.900435360084361
3186 1.2880826248757316
3215 0.589980851191103
3690 1.4972514317058743
4158 0.061200880897434085
4214 2.465910149097345
4319 2.049749751872433
4657 4.165296298194385
5299 5.389071729816501
5990 2.938066631704182
6136 1.457246097092175
6235 1.2270685191205855
6754 1.2024518914852294
7622 2.764403137653342
7690 3.21432000833234
8439 0.4690908039883759
9393 2.12194687433635
9640 2.8088549002241754
9733 1.0850066366123312
10884 3.502002080784121
11894 1.5178707189086098
11969 0.7582337970798316
12023 3.6312138122641273
12078 2.727440078162703
12104 3.2373095265570386
12455 -0.2152586658680402
12928 6.9985096422506015
13208 1.3115342859107813
14198 3.047265923669174
14237 -0.6972483483041599
15057 1.152070867192877
15332 -1.5523117301456202
15453 2.236335707452845
15783 0.48083836933832624
