324
73 5.389071729816501
209 1.7001922757025645
478 4.22592092001082
495 5.679253117781859
646 2.219386149139072
787 2.035665011990694
804 5.206750173022546
894 5.389071729816501
1001 5.8998973535824915
1060 0.12433381283310307
1093 6.9985096422506015
1404 2.7417770571199283
1417 6.9985096422506015
1487 4.22592092001082
1524 4.290459441148391
1550 6.9985096422506015
1686 2.309930450438483
1690 2.455214859980597
1750 1.1068654304248302
1896 1.7835738846416156
1902 2.0149030205422647
1922 1.6952047341915255
1923 2.211017899468555
1940 5.3888890980928625
1957 1.8223599096767722
2036 1.9486536350010641
2166 2.6418008155610093
2172 4.359452312635343
2186 6.9985096422506015
2224 1.981229805435677
2240 1.65617539028579
2351 1.5647876386963615
2357 1.1873686492739008
2358 3.1273086313427103
2422 9.83813620114153
2428 4.695924549256556
2434 2.413542163580029
2446 5.065203047192035
2450 -1.2217137914072214
2513 1.8280256472124494
2519 1.6902419448493964
2675 3.6312138122641273
2783 4.600614369452231
2795 5.8998973535824915
2917 5.206750173022546
2920 1.3590830570083334
2935 1.2640783890383267
2940 1.6278716141229383
3062 2.8396265588909295
3132 3.2373095265570386
3168 2.824122372354964
3312 6.9985096422506015
3366 4.695924549256556
3483 5.612215281130711
3545 3.009525595686327
3551 6.9985096422506015
3690 1.4972514317058743
3709 2.9041650800285006
3759 2.4033897921160112
3781 4.919068100570765
3785 2.87137525720551
3808 4.108137884354437
3814 2.236335707452845
3825 6.721846965048431
3827 3.2849375755462935
3840 1.2980660688599148
3896 1.403798262648762
3938 4.433560284789064
3939 4.359452312635343
4016 3.9074671888922854
4021 1.5054481989100525
4053 -0.07476007520910928
4070 1.1068654304248302
4110 8.293209412960024
4172 3.414990703794491
4293 6.305362461690656
4333 8.790720921138487
4334 3.1698682457615064
4397 3.666305132075397
4405 1.3460204619819507
4438 3.47214911763444
4481 6.439438134992953
4522 0.7810714429639324
4594 5.612215281130711
4646 1.8686109273275278
4675 8.580918882296782
4711 1.9296054400303697
4750 0.33155284982139466
4834 7.405345552492545
4863 4.05407066308416
4866 5.042345655544789
4876 2.2449194511442365
4909 1.4690805547391779
4922 8.718904625270685
4963 2.3933394562625097
5105 4.600614369452231
5116 1.961557039836972
5119 4.786678912525019
5183 5.206750173022546
5232 3.3096301881366648
5312 2.8553749158590684
5330 12.16221198925248
5339 1.1784267118982394
5388 3.47214911763444
5465 3.3349479961209547
5484 1.8928409466523688
5518 1.5868635903955612
5555 7.210169376348034
5630 0.9532307023212963
5635 2.20271909665386
5685 3.9074671888922854
5728 6.9985096422506015
5731 2.8876357780772897
5777 5.052599493195288
5812 3.1698682457615064
5852 2.4876501357337513
5999 2.5098732725184614
6020 3.9074671888922854
6043 4.774013612371447
6064 2.138697237888929
6130 3.0666840095262753
6133 4.359452312635343
6189 4.919068100570765
6206 4.22592092001082
6244 16.836645843392134
6307 3.2373095265570386
6402 1.4112609838503516
6433 0.5154022907934025
6447 2.576165249751463
6468 3.1483620405405426
6517 6.305362461690656
6530 3.3609234825242154
6539 2.434161450782765
6548 2.0785287164224764
6620 7.198976492584723
6631 4.359452312635343
6908 2.683015570078385
6924 5.206750173022546
6928 6.9985096422506015
7017 11.799794707164983
7077 6.9985096422506015
7104 -5.307903333210337
7181 6.521680047934466
7344 1.6325336272287498
7397 5.74275051441102
7459 2.1944885975173447
7482 5.416658374081172
7549 5.8998973535824915
7731 2.001297368486486
7797 12.189063694676696
7813 1.0145733615634107
7887 2.973157951515452
7889 4.919068100570765
7924 3.2849375755462935
7940 4.359452312635343
7965 5.659565561682174
7981 2.0426825846493406
7986 3.597312260588446
7991 1.3149298749119196
8030 3.1918471524802814
8032 1.0216512475319814
8168 1.9746291214043248
8173 5.052599493195288
8306 3.7026727762462723
8337 1.9550845253313545
8454 4.919068100570765
8683 1.6803896484063847
8708 4.4431702373576805
8710 1.102407559418776
8736 2.3867493466682252
8749 9.200052028578826
8837 3.1698682457615064
8850 1.7153059135126125
8880 1.67063347346102
8886 1.3081501879265407
8899 5.8998973535824915
8928 2.6710983242293107
8978 1.6140145794615122
9106 1.0850066366123312
9151 1.258716730071367
9170 0.6116303228879563
9393 1.060973437168175
9428 2.498699971920336
9537 0.6546292081242703
9589 2.6230685718215625
9682 5.052599493195288
9713 5.206750173022546
9729 8.95906863790943
9733 6.510039819673987
9765 3.567147769283231
10215 4.695924549256556
10272 4.108137884354437
10326 2.092307702186045
10329 -0.8403627828383906
10422 3.5439703567080203
10431 0.7218661529089567
10447 1.829844710114914
10449 6.9985096422506015
10473 3.5563076343445528
10487 1.981229805435677
10594 11.224430562261421
10609 3.5327737394508745
10647 3.5327737394508745
10672 10.244972111383474
10699 39.066497699789146
10717 6.305362461690656
10735 4.8012850649143815
10743 5.052599493195288
10751 3.969759398409554
10868 -0.37072214562370276
10872 4.814646287694719
10880 7.262427624528255
10914 9.54604027356946
10920 8.81087638661544
11032 1.087712998210074
11093 6.9985096422506015
11110 0.8102455191680114
11114 3.047265923669174
11140 2.15432255579201
11165 2.1863252868781835
11218 1.7160635543787315
11258 4.00277736869661
11299 -3.1270965711956276
11304 4.82198413546583
11308 2.5098732725184614
11334 1.994563336305142
11353 5.617709800448351
11383 4.8012850649143815
11394 8.33059259638877
11416 2.1782280766455644
11481 1.6186122887101415
11522 2.555858385760285
11713 4.290459441148391
11725 4.359452312635343
11798 10.105198986390576
11831 3.597312260588446
11850 2.455214859980597
11870 3.5645224377654547
11936 6.9985096422506015
11939 2.681021528714291
11969 2.274701391239495
12006 2.955458374416051
12028 2.591790394986348
12060 3.044092180638181
12122 1.1963912668735384
12126 5.612215281130711
12140 4.108137884354437
12210 3.1698682457615064
12216 5.74275051441102
12274 5.612215281130711
12377 1.3460204619819507
12383 2.5046129034208957
12455 -0.6457759976041206
12578 2.4237986637472186
12598 2.5098732725184614
12629 3.3096301881366648
12710 4.108137884354437
12717 0.5999147077153936
12783 1.8986432144264027
12826 1.2619373447714093
12853 3.456212601578631
12869 4.05407066308416
13025 5.389071729816501
13080 1.6246020367002147
13197 3.2849375755462935
13208 5.246137143643125
13385 4.00277736869661
13386 5.206750173022546
13411 5.617709800448351
13508 1.7255100836868542
13519 5.612215281130711
13547 1.6003469407328483
13670 2.6164830075767194
13672 1.5262389685791264
13683 3.0666840095262753
13718 1.3425178314307487
13734 1.942263836902293
13750 2.162227735299123
13754 3.8204558119026557
13761 2.6040604875781623
13801 3.6312138122641273
13823 4.433560284789064
13825 5.443687046469091
13828 3.3349479961209547
13913 2.8396265588909295
13986 3.47214911763444
14031 4.695924549256556
14085 9.50960473728452
14196 0.8373023205555247
14237 -1.3944966966083199
14267 -1.1471081799405454
14308 2.0640357091199095
14352 0.9464204733261844
14381 0.457735330796197
14416 0.7739512129752414
14430 3.3096301881366648
14431 1.034930298632155
14432 4.108137884354437
14450 4.165296298194385
14463 1.67063347346102
14482 4.22592092001082
14490 3.3096301881366648
14544 3.666305132075397
14546 2.8876357780772897
14681 4.22592092001082
14780 4.513602992462601
14876 4.165296298194385
14894 3.740413104229119
14989 6.305362461690656
15089 3.3349479961209547
15113 3.7796338173824005
15117 5.8998973535824915
15173 3.009525595686327
15181 1.751485570090115
15195 3.0282177286984795
15209 5.159338068908006
15279 3.21432000833234
15306 1.4399764361695133
15332 -12.418493841164961
15335 5.206750173022546
15341 1.5919482501253577
15468 4.619860900876966
15471 2.08218251948586
15771 0.023095714794649395
