179
327 2.20271909665386
592 2.4446327506500602
606 4.8012850649143815
716 4.513602992462601
801 5.389071729816501
1840 5.8998973535824915
1884 1.9486536350010641
1964 3.260840023967233
1986 2.4237986637472186
2331 3.6312138122641273
2357 1.1873686492739008
2380 3.7796338173824005
2424 2.219386149139072
2513 1.8280256472124494
2536 1.7835738846416156
2732 5.612215281130711
2796 2.335070548138534
2893 2.5098732725184614
2913 1.720394983020084
2919 2.1944885975173447
2940 3.2557432282458767
2959 4.749474597095603
3022 6.9985096422506015
3143 2.219386149139072
3449 4.911762412761239
3578 1.8047399611033645
3586 3.2849375755462935
3614 1.4378280112350734
3635 1.5779746429783155
3647 2.1081605140288473
3774 3.4510201673737084
3825 3.3609234825242154
3860 8.718904625270685
3995 1.751485570090115
4046 5.612215281130711
4070 1.1068654304248302
4219 1.7567626271909589
4416 1.3637200390813515
4422 4.359452312635343
4500 2.8396265588909295
4522 0.2603571476546441
4646 7.474443709310111
4750 0.33155284982139466
4912 1.9296054400303697
4956 2.413542163580029
4963 2.3933394562625097
4970 9.873145607021623
4984 4.22592092001082
5110 1.8452180477528222
5392 2.130975191795019
5404 5.8998973535824915
5448 5.8998973535824915
5630 0.23830767558032406
5635 4.40543819330772
5668 2.955458374416051
5889 2.4033897921160112
5929 3.3096301881366648
6033 4.695924549256556
6064 2.138697237888929
6151 4.222567985219234
6216 2.3933394562625097
6622 2.579669034454003
6643 5.206750173022546
6660 5.587634045719271
6721 2.383389125409342
6729 2.1944885975173447
7006 4.05407066308416
7104 -0.6634879166512921
7255 3.9074671888922854
7312 2.3163784151263815
7327 3.5327737394508745
7569 1.0170954309961207
7591 2.0426825846493406
7633 5.623636988542026
7731 2.001297368486486
7838 2.1081605140288473
7935 2.335070548138534
8262 2.0712559570933964
8283 2.8876357780772897
8523 5.079428449931035
8710 0.551203779709388
8866 3.8630154263214513
8975 2.3933394562625097
9106 1.0850066366123312
9204 7.529619817555384
9270 6.213378688279949
9559 -0.6655915508397914
9602 2.2800107709555064
9743 3.8630154263214513
9855 4.8012850649143815
9970 0.4837969513780714
10006 2.6944445490464313
10015 3.5645224377654547
10040 7.262427624528255
10077 6.9985096422506015
10221 2.434161450782765
10325 1.8925641683500207
10443 2.4876501357337513
10447 2.4397929468198853
10559 3.8630154263214513
10561 1.6003469407328483
10742 5.367070468227541
10868 -0.7414442912474055
11089 1.1549652252192415
11102 3.326150070554554
11105 4.22592092001082
11140 2.15432255579201
11209 3.666305132075397
11218 1.144042369585821
11236 3.5645224377654547
11299 -1.0423655237318759
11453 2.727440078162703
11646 2.3541187431092285
11677 1.7255100836868542
11769 1.6466515087745348
11963 4.919068100570765
12022 0.8081923650016455
12052 5.206750173022546
12057 2.10066984229969
12062 3.47214911763444
12093 1.6803896484063847
12104 3.2373095265570386
12129 3.3349479961209547
12145 3.1918471524802814
12210 3.1698682457615064
12263 2.579669034454003
12383 1.2523064517104479
12455 -0.2152586658680402
12797 2.7218435232345457
12805 1.8568460857479414
12833 0.9630282097258448
12853 2.304141734385754
12969 3.7026727762462723
13077 3.047265923669174
13080 0.8123010183501074
13083 5.206750173022546
13183 3.502002080784121
13188 5.389071729816501
13189 7.498182651389369
13216 3.6312138122641273
13294 4.290459441148391
13322 5.8998973535824915
13401 2.465910149097345
13440 1.4770487243883548
13505 3.0666840095262753
13508 1.7255100836868542
13553 -1.111382279832576
13572 7.498182651389369
13672 1.5262389685791264
13683 3.0666840095262753
13718 6.712589157153744
13913 2.8396265588909295
14107 4.847597327494437
14136 2.962113491571787
14139 6.9985096422506015
14242 2.5326015235960173
14267 -1.1471081799405454
14309 4.541138126279838
14416 0.7739512129752414
14507 1.8510151654371483
14588 2.0785287164224764
14637 3.3349479961209547
14682 3.0863770537857995
15292 6.633053698405666
15306 0.7199882180847567
15317 3.0666840095262753
15332 -3.1046234602912404
15338 4.290459441148391
15358 2.579669034454003
15373 0.814360751313118
15570 2.7218435232345457
15595 1.3320829541381691
15626 4.22592092001082
15651 2.2754468375694707
15685 2.6149213744092488
15771 0.023095714794649395
15827 1.9109133070182172
15828 1.0931477941960308
15865 6.9985096422506015
