140
302 1.7153059135126125
389 1.6419233675785887
422 2.66777630196427
496 2.2800107709555064
775 3.7796338173824005
800 2.434161450782765
810 2.8396265588909295
1563 5.8998973535824915
1755 3.47214911763444
1942 0.845776947546497
2056 8.45184184002164
2070 1.4730567031188173
2176 7.150167376228025
2271 1.3671324722888383
2357 1.1873686492739008
2458 8.648910941196492
2484 2.629859749823839
2538 1.422560539104285
2631 0.42584399448534344
2964 0.900435360084361
3120 1.6048820958982397
3132 3.2373095265570386
3215 1.179961702382206
3239 5.612215281130711
3362 3.8204558119026557
3380 9.416474972436914
3516 2.0785287164224764
3635 1.5779746429783155
3647 6.3244815420865415
3690 1.4972514317058743
3737 1.8055527913603908
3951 3.9539872045271784
3985 5.019746545036923
4158 0.030600440448717042
4241 2.4033897921160112
4262 3.1698682457615064
4302 1.8000126109847754
4319 2.049749751872433
4447 4.433560284789064
4751 3.414990703794491
4989 1.3355491621146554
5006 3.086486636822455
5014 2.3541187431092285
5079 4.513602992462601
5083 1.5735596247691985
5156 2.211017899468555
5517 1.6232312345664361
5680 1.5913378707904824
5993 5.113082307490223
6433 1.030804581586805
6447 1.2880826248757316
6583 0.8629447511688624
7072 1.9486536350010641
7104 -0.6634879166512921
7197 1.730651483187273
7299 2.8553749158590684
7312 2.3163784151263815
7421 3.2373095265570386
7462 1.942263836902293
7552 3.8973072700021283
7578 0.5215372793609184
7845 2.4237986637472186
7892 1.5517722705842913
7906 8.603935409567447
7987 3.666305132075397
8096 1.4533321977710387
8158 4.8012850649143815
8425 4.695924549256556
8439 1.4072724119651276
8660 1.675499663112193
8741 3.086486636822455
8788 2.146479378330984
9106 1.0850066366123312
9292 2.5441623459970937
9346 2.498699971920336
9393 1.060973437168175
9537 0.6546292081242703
9589 1.3115342859107813
9667 3.7796338173824005
9765 1.7835738846416156
10031 2.498699971920336
10076 2.750014400201242
10114 1.3014161557451966
10302 5.258123579567159
10306 2.15432255579201
10326 0.5230769255465112
10355 6.9985096422506015
10422 0.7087940713416041
10561 1.6003469407328483
10709 3.666305132075397
10749 1.1754637467675824
10906 2.035665011990694
10909 2.7790019370744945
11102 1.3304600282218215
11110 0.8102455191680114
11148 1.1784267118982394
11322 3.4431615807611875
11336 4.433560284789064
11582 4.359452312635343
11597 6.133368019052551
11908 1.5346778372249912
11945 1.9550845253313545
11977 3.7026727762462723
12022 0.40409618250082274
12057 2.10066984229969
12058 4.513602992462601
12237 16.432551537417748
12281 14.757204301712296
12455 -0.4305173317360804
12460 0.7332084295128914
12554 14.948744062943549
13080 0.8123010183501074
13180 7.332610264150794
13208 2.6230685718215625
13392 2.764403137653342
13399 3.086486636822455
13440 1.4770487243883548
13495 3.9539872045271784
13547 1.6003469407328483
13718 1.3425178314307487
13918 2.8396265588909295
14237 -0.6972483483041599
14352 0.9464204733261844
14431 1.034930298632155
14473 3.2849375755462935
14506 3.740413104229119
14633 2.6547042203969173
14836 6.9985096422506015
14891 4.22592092001082
15057 1.152070867192877
15332 -7.761558650728101
15468 4.619860900876966
15471 0.6940608398286201
15472 2.735829765209286
15578 1.7945029551738059
15648 2.5676928434072877
15672 1.4550424207846036
15677 3.155949285956631
15771 0.023095714794649395
15783 0.48083836933832624
