253
241 1.6902419448493964
252 4.513602992462601
482 4.695924549256556
495 2.8396265588909295
751 4.22592092001082
895 10.778143459633002
978 2.298029276458185
988 6.305362461690656
1226 10.413500346045092
1542 5.8998973535824915
1686 2.309930450438483
1750 1.1068654304248302
1770 4.919068100570765
1820 3.3875917296063767
1884 3.8973072700021283
1957 1.8223599096767722
1986 2.4237986637472186
2064 1.5647876386963615
2166 2.6418008155610093
2217 4.9753002714675025
2302 6.019051191372654
2334 0.7939518796819108
2351 1.5647876386963615
2421 1.5431885268928998
2434 2.413542163580029
2446 2.5326015235960173
2477 5.052599493195288
2674 1.0272478024601386
2679 3.414990703794491
2701 2.7218435232345457
2755 3.260840023967233
2874 6.094531847338348
2935 0.6320391945191633
3046 2.9911764570181303
3077 5.612215281130711
3094 4.00277736869661
3354 3.2373095265570386
3359 3.8630154263214513
3394 3.047265923669174
3450 5.389071729816501
3545 3.009525595686327
3578 0.6015799870344548
3632 3.47214911763444
3658 2.938066631704182
3750 4.695924549256556
3781 4.919068100570765
3807 4.6513616155773905
3896 1.403798262648762
3970 4.05407066308416
3991 2.8088549002241754
4230 2.0149030205422647
4333 2.9302403070461622
4335 5.876133263408364
4359 4.8012850649143815
4481 4.292958756661968
4522 1.0414285906185765
4591 4.22592092001082
4592 6.056435457396959
4621 2.7218435232345457
4675 21.452297205741957
4811 5.206750173022546
4834 18.513363881231363
4866 2.5211728277723946
4882 2.130975191795019
4899 6.133368019052551
4901 6.305362461690656
4947 3.414990703794491
4963 2.3933394562625097
4964 1.127926246926296
5105 4.600614369452231
5151 5.11171677152057
5213 4.513602992462601
5232 6.6192603762733295
5268 5.206750173022546
5283 3.2849375755462935
5318 3.1066893441399746
5350 2.955458374416051
5396 4.05407066308416
5421 3.8630154263214513
5554 2.1081605140288473
5630 0.4766153511606481
5813 4.600614369452231
6068 3.1273086313427103
6235 1.2270685191205855
6300 3.7026727762462723
6335 4.953442130403122
6525 3.1483620405405426
6539 2.434161450782765
6548 2.0785287164224764
6583 0.8629447511688624
6620 5.3992323694385425
6657 2.138697237888929
6754 1.2024518914852294
6872 1.3047775034479017
6908 1.0061308387793944
6972 3.9539872045271784
6993 4.05407066308416
7006 4.05407066308416
7104 -2.6539516666051686
7304 4.22592092001082
7397 2.87137525720551
7409 5.8998973535824915
7460 5.052599493195288
7497 0.7014003223166658
7519 8.10814132616832
7534 1.242767428663689
7569 1.0170954309961207
7720 6.305362461690656
7734 3.3096301881366648
7746 6.305362461690656
7837 4.359452312635343
7838 2.1081605140288473
7887 5.946315903030904
7949 2.5441623459970937
7981 2.0426825846493406
7985 5.8998973535824915
7986 3.597312260588446
7991 1.3149298749119196
7992 5.8998973535824915
8007 1.904759441443839
8032 0.5108256237659907
8043 1.730651483187273
8052 6.305362461690656
8060 3.9539872045271784
8168 3.9492582428086496
8169 2.7218435232345457
8173 5.052599493195288
8246 6.305362461690656
8315 2.764403137653342
8578 3.1066893441399746
8660 1.675499663112193
8668 5.612215281130711
8673 3.740413104229119
8690 5.587634045719271
8710 1.102407559418776
8723 1.5262389685791264
8736 2.3867493466682252
8758 4.433560284789064
8784 2.146479378330984
8880 1.67063347346102
8886 1.3081501879265407
8978 1.6140145794615122
9007 4.108137884354437
9008 4.695924549256556
9024 8.718904625270685
9106 1.0850066366123312
9161 9.201228738904462
9170 0.6116303228879563
9192 4.00277736869661
9589 2.6230685718215625
9709 1.082307579643166
9711 1.8686109273275278
9729 4.479534318954715
9752 3.5327737394508745
9807 3.1698682457615064
9954 4.22592092001082
10029 2.4237986637472186
10058 2.6040604875781623
10114 1.3014161557451966
10272 4.108137884354437
10325 1.8925641683500207
10326 1.0461538510930224
10431 0.7218661529089567
10447 1.2198964734099427
10452 5.389071729816501
10454 5.612215281130711
10523 4.8012850649143815
10561 1.6003469407328483
10699 18.38423421166548
10751 1.5879037593638217
10838 4.600614369452231
10868 -0.18536107281185138
10880 18.156069061320636
10886 2.87137525720551
10889 3.086486636822455
10906 2.035665011990694
10914 8.18232023448811
10920 4.40543819330772
10941 6.305362461690656
11032 1.087712998210074
11072 4.290459441148391
11110 4.051227595840057
11114 3.047265923669174
11165 2.1863252868781835
11168 1.2781978656431896
11218 1.144042369585821
11299 -1.5635482855978138
11304 1.2054960338664575
11334 3.989126672610284
11358 4.290459441148391
11397 4.22592092001082
11419 3.1273086313427103
11646 2.3541187431092285
11738 5.612215281130711
11836 2.37353682896633
11900 2.049749751872433
12014 2.9911764570181303
12060 3.044092180638181
12078 1.3637200390813515
12089 2.8088549002241754
12255 6.305362461690656
12316 4.695924549256556
12377 1.3460204619819507
12435 3.8204558119026557
12455 -0.6457759976041206
12479 5.8998973535824915
12578 9.695194654988875
12710 4.108137884354437
12717 0.5999147077153936
12785 2.8088549002241754
12797 2.7218435232345457
12832 3.3096301881366648
13108 2.2800107709555064
13208 1.3115342859107813
13319 3.6111055827207816
13471 2.6040604875781623
13508 1.7255100836868542
13613 1.8111238364098463
13723 3.597312260588446
13801 3.6312138122641273
13986 3.47214911763444
14008 2.001297368486486
14073 4.8012850649143815
14075 6.305362461690656
14085 3.1698682457615064
14089 5.612215281130711
14104 1.710242611556066
14141 6.305362461690656
14174 1.7945029551738059
14237 -0.6972483483041599
14267 -0.3823693933135151
14463 1.67063347346102
14486 2.6164830075767194
14522 3.8630154263214513
14546 2.8876357780772897
14656 1.1405764877671418
14682 1.5431885268928998
14852 5.8998973535824915
14876 4.165296298194385
15089 3.3349479961209547
15119 5.8998973535824915
15171 5.052599493195288
15197 3.5327737394508745
15222 5.612215281130711
15279 3.21432000833234
15332 -7.761558650728101
15373 0.814360751313118
15468 2.309930450438483
15471 0.6940608398286201
15651 1.1377234187847354
15672 1.4550424207846036
15709 2.1863252868781835
15771 0.06928714438394819
