109
302 1.7153059135126125
389 1.6419233675785887
500 2.1701959049483
578 3.740413104229119
710 2.8553749158590684
1942 1.691553895092994
2009 2.413542163580029
2019 4.689098584186156
2038 1.880515829833846
2235 3.2849375755462935
2240 1.65617539028579
2328 2.9911764570181303
2356 2.681021528714291
2458 2.162227735299123
2459 2.938066631704182
2631 0.42584399448534344
2639 2.6040604875781623
2674 1.0272478024601386
2910 3.740413104229119
2964 0.900435360084361
3068 1.3460204619819507
3186 1.2880826248757316
3215 2.949904255955515
3223 7.563518483317184
3407 2.085854756514549
3657 2.6164830075767194
3690 1.4972514317058743
3700 1.2947271675944
4070 1.1068654304248302
4158 0.12240176179486817
4214 2.465910149097345
4268 5.612215281130711
4302 1.8000126109847754
4341 5.309408440793835
4533 3.086486636822455
4750 0.33155284982139466
4791 5.389071729816501
4886 3.009525595686327
5058 3.5327737394508745
5518 1.5868635903955612
5521 4.919068100570765
5539 3.430611827025225
5680 3.182675741580965
5736 2.8088549002241754
5831 5.389071729816501
5839 2.579669034454003
5964 3.1273086313427103
5993 1.7043607691634077
6021 3.7796338173824005
6033 4.695924549256556
6390 3.047265923669174
6402 1.4112609838503516
6971 3.597312260588446
7906 1.4339892349279078
7997 3.8204558119026557
8032 3.0649537425959443
8405 6.6192603762733295
8439 0.9381816079767518
8582 2.7562175530669024
8683 1.6803896484063847
8856 4.632756830252763
9110 2.035665011990694
9151 1.258716730071367
9282 1.4533321977710387
9537 0.6546292081242703
9557 4.290459441148391
9733 2.1700132732246624
9895 2.288979440938267
9935 5.052599493195288
10258 1.8000126109847754
10306 2.15432255579201
10329 -0.4201813914191953
10473 1.7781538171722764
10503 2.413542163580029
10859 3.086486636822455
10868 -0.18536107281185138
11032 1.087712998210074
11148 1.1784267118982394
11295 3.2373095265570386
11305 2.0640357091199095
11570 2.3867493466682252
11894 1.5178707189086098
12022 0.40409618250082274
12052 5.206750173022546
12292 2.5211728277723946
12455 -0.4305173317360804
12460 0.7332084295128914
12466 5.612215281130711
12554 3.3219431250985663
12783 1.8986432144264027
12946 0.5932811842197597
13080 0.8123010183501074
13134 4.359452312635343
13208 1.3115342859107813
13353 5.884671119510916
13438 2.555858385760285
13553 -0.7409215198883841
13845 6.003892105459458
13930 2.7203099458337108
14072 6.721846965048431
14237 -0.6972483483041599
14311 5.612215281130711
14352 0.9464204733261844
14906 0.8027278807278994
15057 1.152070867192877
15173 3.009525595686327
15332 -3.1046234602912404
15373 0.814360751313118
15786 3.5927627609221484
