146
829 3.5645224377654547
1356 2.363780654020965
1885 3.009525595686327
1902 4.029806041084529
2026 2.681021528714291
2217 2.4876501357337513
2240 1.65617539028579
2271 0.34178311807220957
2407 2.236335707452845
2432 4.108137884354437
2446 2.5326015235960173
2536 5.350721653924847
2605 10.082770447572646
2645 2.591790394986348
2674 2.054495604920277
2844 11.224430562261421
2920 0.6795415285041667
2935 0.6320391945191633
3230 2.8876357780772897
3329 1.981229805435677
3374 1.9680717208581657
3520 2.87137525720551
3556 5.389071729816501
3578 0.6015799870344548
3613 2.8553749158590684
3700 1.2947271675944
3786 4.8012850649143815
4010 9.575541457440844
4073 5.052599493195288
4174 3.3875917296063767
4219 1.7567626271909589
4241 2.4033897921160112
4295 2.9209721983448818
4387 11.224430562261421
4537 1.0196238773494795
4542 5.052599493195288
4711 1.9296054400303697
4785 3.9074671888922854
4805 5.612215281130711
4914 5.735956939711631
5312 5.710749831718137
5573 3.3875917296063767
5590 1.4533321977710387
5603 6.9985096422506015
5680 1.5913378707904824
5735 3.502002080784121
5809 2.363780654020965
5842 6.17297327364491
6049 2.035665011990694
6064 2.138697237888929
6088 1.2146844599208637
6140 2.211017899468555
6447 1.2880826248757316
6491 4.600614369452231
6908 0.6707538925195963
7104 -2.6539516666051686
7286 1.4112609838503516
7306 2.4876501357337513
7311 2.236335707452845
7414 3.7026727762462723
7490 3.414990703794491
7713 3.1066893441399746
7759 4.359452312635343
7846 2.7218435232345457
7991 1.3149298749119196
8301 4.827084327160058
8391 2.555858385760285
8437 12.610724923381312
8570 4.513602992462601
8734 4.22592092001082
9106 1.0850066366123312
9227 4.165296298194385
9229 2.3933394562625097
9365 1.4972514317058743
9735 6.9985096422506015
9743 3.8630154263214513
9765 3.567147769283231
9779 5.501171004981262
9794 4.600614369452231
9990 0.5671785603171224
10131 5.389071729816501
10221 2.434161450782765
10287 3.009525595686327
10298 4.05407066308416
10326 1.5692307766395337
10329 -0.4201813914191953
10422 0.7087940713416041
10642 4.05407066308416
10749 1.1754637467675824
10811 4.433560284789064
10863 3.4431615807611875
11032 3.263138994630222
11137 9.75746533022715
11218 0.5720211847929105
11347 0.8373023205555247
11506 3.8630154263214513
11570 1.1933746733341126
11811 4.919068100570765
11816 1.9296054400303697
11900 2.049749751872433
11939 2.681021528714291
11945 1.9550845253313545
11952 3.1916645207566434
11979 4.433560284789064
11984 2.4237986637472186
12051 7.1290448755309095
12111 1.994563336305142
12122 2.3927825337470767
12404 1.485080896085619
12407 1.67038967643192
12455 -0.6457759976041206
12707 2.2278250177849364
12723 4.577958881876534
12978 2.383389125409342
13001 1.4730567031188173
13080 0.8123010183501074
13208 1.3115342859107813
13288 4.05407066308416
13390 2.236335707452845
13412 2.5098732725184614
13553 -0.7409215198883841
13565 1.9878743481543455
13769 3.1273086313427103
13891 0.6065925288579992
13930 1.3601549729168554
14008 2.001297368486486
14115 2.973157951515452
14200 3.47214911763444
14202 3.666305132075397
14227 6.305362461690656
14332 4.22592092001082
14343 3.7796338173824005
14352 1.8928409466523688
14477 2.5211728277723946
14590 3.6674473366541744
14679 3.7796338173824005
14682 1.5431885268928998
14908 2.476721065201561
15037 2.3163784151263815
15192 1.489121305622624
15301 6.9985096422506015
15332 -13.970805571310581
15415 2.824122372354964
15468 1.1549652252192415
15515 3.666305132075397
15622 4.72756130804193
