161
289 3.086486636822455
302 1.7153059135126125
1060 0.12433381283310307
1690 2.455214859980597
1842 4.0573926853492015
1886 3.1273086313427103
1954 5.500028800402484
2247 2.219386149139072
2334 0.7939518796819108
2357 1.1873686492739008
2484 1.3149298749119196
2536 1.7835738846416156
2657 3.3609234825242154
2768 4.8012850649143815
2804 12.610724923381312
2839 6.296724081081085
2862 1.4690805547391779
2920 0.6795415285041667
2964 0.900435360084361
3186 1.2880826248757316
3275 3.666305132075397
3379 3.1918471524802814
3721 4.513602992462601
3737 10.833316748162344
3896 1.403798262648762
4010 3.1918471524802814
4156 3.086486636822455
4177 5.052599493195288
4179 17.074953518972457
4199 3.8630154263214513
4219 1.7567626271909589
4247 2.3163784151263815
4309 2.681021528714291
4361 3.8630154263214513
4366 1.9878743481543455
4522 0.2603571476546441
4576 4.171709513029098
4619 3.2849375755462935
4765 2.8300266669378042
4862 3.047265923669174
4976 4.577958881876534
4986 6.305362461690656
5006 3.086486636822455
5014 2.3541187431092285
5055 2.2278250177849364
5181 6.866938322814802
5232 3.3096301881366648
5484 0.9464204733261844
5579 6.9985096422506015
5697 6.9985096422506015
5959 3.47214911763444
5983 1.9878743481543455
5987 4.433560284789064
5990 5.876133263408364
5993 2.5565411537451115
6007 4.290459441148391
6055 3.7796338173824005
6140 2.211017899468555
6151 1.4075226617397445
6235 1.2270685191205855
6250 1.7727629685373998
6338 2.413542163580029
6447 1.2880826248757316
6614 3.009525595686327
6908 0.6707538925195963
6970 2.1863252868781835
7104 -1.9904637499538764
7255 3.9074671888922854
7620 2.1863252868781835
7701 3.6312138122641273
7702 5.389071729816501
7721 4.8012850649143815
7813 1.0145733615634107
7892 1.5517722705842913
7935 2.335070548138534
7991 2.629859749823839
8043 1.730651483187273
8439 0.4690908039883759
8463 8.580918882296782
8500 6.9985096422506015
8556 7.289439638707089
8731 2.0286963426746007
8736 1.1933746733341126
8823 3.1066893441399746
8864 6.305362461690656
9026 5.8998973535824915
9136 4.433560284789064
9276 2.6944445490464313
9353 2.476721065201561
9393 1.060973437168175
9589 1.3115342859107813
9597 3.1273086313427103
9719 4.290459441148391
9786 3.1483620405405426
9986 2.0568672196412967
9990 1.7015356809513673
10076 2.750014400201242
10202 2.591790394986348
10250 2.9209721983448818
10261 3.9539872045271784
10278 3.2849375755462935
10326 2.092307702186045
10329 -0.4201813914191953
10422 0.7087940713416041
10437 1.3672978604292356
10478 4.513602992462601
10487 1.981229805435677
10536 4.359452312635343
10667 3.9539872045271784
11138 5.206750173022546
11168 1.2781978656431896
11242 6.9985096422506015
11334 1.994563336305142
11375 2.681021528714291
11441 4.919068100570765
11809 4.165296298194385
12006 2.955458374416051
12010 3.6312138122641273
12022 0.8081923650016455
12111 5.983690008915426
12213 3.047265923669174
12407 4.1759741910798
12455 -0.6457759976041206
12460 0.7332084295128914
12527 9.259459910467365
12660 4.071330023981388
12662 4.8012850649143815
12674 1.5779746429783155
12717 0.5999147077153936
12826 2.5238746895428186
12853 1.152070867192877
12946 0.5932811842197597
12991 3.1066893441399746
13046 3.47214911763444
13094 6.383694304960563
13446 5.8998973535824915
13518 6.305362461690656
13553 -0.37046075994419203
13557 6.305362461690656
13795 9.233544768638653
13843 6.534684229936693
14008 4.002594736972972
14198 3.047265923669174
14237 -2.7889933932166397
14252 3.502002080784121
14267 -0.3823693933135151
14352 0.9464204733261844
14477 7.563518483317184
14525 4.22592092001082
14606 3.6312138122641273
14906 0.4013639403639497
14974 4.8012850649143815
15169 11.67535274069267
15330 5.612215281130711
15332 -7.761558650728101
15373 2.443082253939354
15453 4.47267141490569
15471 0.6940608398286201
15518 1.880515829833846
15685 1.7432809162728324
15708 5.982352914036261
