162
241 1.6902419448493964
435 6.9985096422506015
496 2.2800107709555064
1923 2.211017899468555
1957 1.8223599096767722
2049 2.37353682896633
2064 1.5647876386963615
2166 5.283601631122019
2308 5.8998973535824915
2351 1.5647876386963615
2402 4.513602992462601
2538 1.422560539104285
2611 3.260840023967233
2674 1.0272478024601386
2679 3.414990703794491
2901 6.669895992241909
2919 2.1944885975173447
2920 2.0386245855125003
3084 4.8012850649143815
3414 3.7026727762462723
3737 1.8055527913603908
3788 2.750014400201242
3844 7.405345552492545
3985 2.5098732725184614
3987 4.359452312635343
4070 2.2137308608496604
4366 1.9878743481543455
4481 2.146479378330984
4522 0.2603571476546441
4675 4.290459441148391
4750 0.33155284982139466
4811 5.206750173022546
4834 3.7026727762462723
4857 2.0712559570933964
4863 4.05407066308416
4878 2.7345957208584712
5119 2.3933394562625097
5316 2.236335707452845
5535 4.433560284789064
5554 2.1081605140288473
5590 1.4533321977710387
5630 0.23830767558032406
5678 4.695924549256556
5680 4.774013612371447
5782 4.919068100570765
5813 4.600614369452231
6003 3.3609234825242154
6020 3.9074671888922854
6043 1.5913378707904824
6089 3.8630154263214513
6156 3.6000252219695508
6335 2.476721065201561
6402 1.4112609838503516
6583 0.8629447511688624
6586 2.288979440938267
6620 5.3992323694385425
6754 1.2024518914852294
6908 0.6707538925195963
6953 2.681021528714291
6961 5.389071729816501
7052 5.612215281130711
7104 -3.980927499907753
7312 2.3163784151263815
7444 5.206750173022546
7555 3.740413104229119
7563 2.335070548138534
7734 3.3096301881366648
7837 4.359452312635343
7971 3.414990703794491
8082 3.47214911763444
8168 17.771662092638923
8169 21.774748185876366
8173 5.052599493195288
8565 6.305362461690656
8681 6.305362461690656
8710 0.551203779709388
8736 1.1933746733341126
8837 6.339736491523013
8856 2.3163784151263815
8898 3.3875917296063767
8942 4.919068100570765
8946 2.7218435232345457
9106 1.0850066366123312
9115 3.047265923669174
9353 2.476721065201561
9365 1.4972514317058743
9589 1.3115342859107813
9667 3.7796338173824005
9807 3.1698682457615064
9817 1.3183370332335338
9818 3.21432000833234
9983 3.1066893441399746
10029 2.4237986637472186
10323 4.108137884354437
10326 0.5230769255465112
10329 -0.630272087128793
10393 1.9746291214043248
10422 0.7087940713416041
10477 4.05407066308416
10633 4.433560284789064
10699 2.298029276458185
10734 2.735829765209286
10868 -0.18536107281185138
10880 3.6312138122641273
10914 5.454880156325406
10920 4.40543819330772
11032 2.175425996420148
11089 1.1549652252192415
11110 0.8102455191680114
11165 2.1863252868781835
11299 -2.0847310474637517
11334 1.994563336305142
11375 2.681021528714291
11465 5.052599493195288
11524 1.5178707189086098
11790 6.73475835343271
11911 3.414990703794491
11969 1.5164675941596633
12022 1.2122885475024683
12042 2.6418008155610093
12057 2.10066984229969
12060 1.5220460903190904
12078 1.3637200390813515
12377 1.3460204619819507
12455 -0.8610346634721608
12578 2.4237986637472186
12580 12.610724923381312
12708 1.5958322603783217
12717 0.5999147077153936
12786 6.9985096422506015
12837 3.4431615807611875
13035 4.600614369452231
13080 0.8123010183501074
13314 2.0286963426746007
13359 2.6290617897835795
13411 2.8088549002241754
13508 12.078570585807979
13676 5.612215281130711
13859 2.955458374416051
14085 3.1698682457615064
14153 2.4876501357337513
14237 -2.09174504491248
14267 -0.7647387866270302
14357 2.476721065201561
14370 3.666305132075397
14381 0.2288676653980985
14430 9.928890564409993
14431 1.034930298632155
14612 2.1863252868781835
14637 6.669895992241909
14789 3.7026727762462723
14830 5.558003874148989
15089 3.3349479961209547
15121 1.5868635903955612
15155 0.6904112007410705
15332 -4.656935190436861
15417 6.9985096422506015
15471 1.3881216796572402
15472 2.735829765209286
15602 5.052599493195288
15769 3.3349479961209547
15771 0.06928714438394819
