129
194 0.7699986386594181
451 4.22592092001082
461 4.05407066308416
493 3.1698682457615064
848 3.7796338173824005
1865 4.8012850649143815
1896 1.7835738846416156
1923 2.211017899468555
1938 2.66777630196427
2051 2.66777630196427
2068 3.3609234825242154
2269 1.8686109273275278
2271 1.0253493542166288
2337 4.600614369452231
2450 -0.6108568957036107
2471 5.389071729816501
2484 1.3149298749119196
2828 5.389071729816501
2862 1.4690805547391779
3057 2.236335707452845
3366 4.695924549256556
3449 0.9823524825522477
3732 5.052599493195288
4053 -0.4485604512546557
4232 4.6513616155773905
4254 3.740413104229119
4522 0.2603571476546441
4992 6.521680047934466
5067 2.2278250177849364
5083 1.5735596247691985
5116 1.961557039836972
5151 2.555858385760285
5484 0.9464204733261844
5517 1.6232312345664361
5555 2.4033897921160112
5572 3.47214911763444
5590 1.4533321977710387
5676 3.502002080784121
5685 3.9074671888922854
5789 5.389071729816501
5850 3.047265923669174
5970 4.165296298194385
5973 1.4770487243883548
5999 2.5098732725184614
6005 3.666305132075397
6038 6.9985096422506015
6488 3.0666840095262753
6555 2.9911764570181303
6657 4.277394475777858
6754 1.2024518914852294
6908 0.33537694625979814
6971 7.194624521176892
7029 4.108137884354437
7104 -2.6539516666051686
7344 1.6325336272287498
7622 2.764403137653342
7781 2.6040604875781623
7813 1.0145733615634107
7919 5.389071729816501
7981 2.0426825846493406
8096 1.4533321977710387
8241 5.612215281130711
8343 6.9985096422506015
8439 0.4690908039883759
8592 3.740413104229119
8799 3.502002080784121
8822 2.2800107709555064
8869 4.356456153291129
9151 1.258716730071367
9170 0.6116303228879563
9230 3.3096301881366648
9371 6.9985096422506015
9423 2.8876357780772897
10196 2.5211728277723946
10199 2.3256808077886952
10431 2.16559845872687
10751 0.7939518796819108
10759 3.0666840095262753
10868 -0.37072214562370276
11089 1.1549652252192415
11106 2.021775899830027
11202 2.9209721983448818
11296 2.764403137653342
11299 -2.0847310474637517
11320 2.764403137653342
11339 4.00277736869661
11347 0.8373023205555247
11407 9.445086121621628
11446 3.597312260588446
11456 5.389071729816501
11459 3.047265923669174
11825 2.9041650800285006
11945 5.865253575994063
12028 2.591790394986348
12070 2.87137525720551
12093 1.6803896484063847
12297 4.8012850649143815
12708 1.5958322603783217
12797 2.7218435232345457
12896 3.2373095265570386
13045 1.886521853894058
13354 1.8280256472124494
13403 3.502002080784121
13513 3.7026727762462723
13553 -0.37046075994419203
13613 1.8111238364098463
13825 5.443687046469091
14044 1.4611753752320646
14241 5.052599493195288
14267 -0.3823693933135151
14416 0.7739512129752414
14422 2.1233123190494494
14516 6.534684229936693
14744 3.4431615807611875
14906 0.4013639403639497
14978 4.513602992462601
15045 12.610724923381312
15097 3.6312138122641273
15112 4.8012850649143815
15202 9.862886779643114
15207 1.9486536350010641
15209 2.579669034454003
15259 2.6641659082763383
15288 3.21432000833234
15332 -1.5523117301456202
15373 1.628721502626236
15431 6.9985096422506015
15570 2.7218435232345457
15771 0.04619142958929879
