43
389 1.6419233675785887
710 2.8553749158590684
1902 2.0149030205422647
1942 0.845776947546497
2458 4.324455470598246
2631 0.21292199724267172
3068 2.6920409239639014
3186 1.2880826248757316
3215 1.179961702382206
3249 2.750014400201242
3279 4.600614369452231
4097 2.955458374416051
4158 0.061200880897434085
5993 0.8521803845817039
6088 1.2146844599208637
7497 0.7014003223166658
7906 1.4339892349279078
8439 0.4690908039883759
8582 2.7562175530669024
9106 1.0850066366123312
9384 1.3355491621146554
9589 1.3115342859107813
9733 1.0850066366123312
10329 -0.21009069570959765
10473 1.7781538171722764
10503 2.413542163580029
11148 1.1784267118982394
11299 -0.5211827618659379
11334 1.994563336305142
11423 4.600614369452231
11463 3.47214911763444
12455 -0.4305173317360804
12460 0.7332084295128914
12554 3.3219431250985663
13930 2.7203099458337108
14196 0.8373023205555247
14237 -1.3944966966083199
14431 1.034930298632155
15057 1.152070867192877
15332 -1.5523117301456202
15783 0.48083836933832624
15786 2.694572070691611
15794 2.5676928434072877
