215
15 5.389071729816501
252 4.513602992462601
888 4.05407066308416
927 2.0785287164224764
1060 0.24866762566620615
1114 3.9074671888922854
1162 6.9985096422506015
1487 4.22592092001082
1567 4.22592092001082
1871 3.5645224377654547
1884 1.9486536350010641
1896 1.7835738846416156
1902 2.0149030205422647
1997 3.009525595686327
2064 1.5647876386963615
2070 1.4730567031188173
2166 2.6418008155610093
2217 7.462950407201253
2224 3.962459610871354
2310 6.9985096422506015
2334 0.7939518796819108
2356 5.362043057428582
2421 1.5431885268928998
2434 2.413542163580029
2446 2.5326015235960173
2534 3.2373095265570386
2645 5.183580789972696
2674 4.108991209840554
2679 3.414990703794491
2820 2.4446327506500602
2920 0.6795415285041667
2935 0.6320391945191633
3098 4.695924549256556
3293 3.6312138122641273
3354 3.2373095265570386
3482 3.3096301881366648
3569 12.610724923381312
3690 2.9945028634117485
3700 1.2947271675944
3896 1.403798262648762
3990 2.6290617897835795
4070 1.1068654304248302
4241 2.4033897921160112
4259 3.8630154263214513
4302 1.8000126109847754
4309 2.681021528714291
4333 2.9302403070461622
4335 2.938066631704182
4366 1.9878743481543455
4438 3.47214911763444
4481 8.585917513323936
4537 1.0196238773494795
4549 2.6418008155610093
4613 2.211017899468555
4616 3.7851283367000415
4750 0.33155284982139466
4852 1.258716730071367
4947 3.414990703794491
4976 2.288979440938267
5154 2.4446327506500602
5232 3.3096301881366648
5280 4.919068100570765
5312 2.8553749158590684
5384 4.05407066308416
5392 2.130975191795019
5484 1.8928409466523688
5630 0.23830767558032406
5651 4.600614369452231
5763 6.9985096422506015
5779 3.21432000833234
5837 4.433560284789064
5905 3.567147769283231
6015 3.1918471524802814
6043 1.5913378707904824
6153 4.600614369452231
6221 2.8553749158590684
6300 3.7026727762462723
6539 2.434161450782765
6583 2.588834253506587
6595 2.4237986637472186
6608 6.9985096422506015
6620 8.39880590801551
6751 2.5441623459970937
6754 2.4049037829704587
6908 0.33537694625979814
7104 -1.9904637499538764
7286 1.4112609838503516
7482 1.8055527913603908
7638 3.7026727762462723
7648 12.610724923381312
7715 4.513602992462601
7813 1.0145733615634107
7830 5.389071729816501
7837 4.359452312635343
7887 2.973157951515452
7986 3.597312260588446
8032 3.0649537425959443
8061 4.165296298194385
8168 7.898516485617299
8169 5.443687046469091
8275 3.9539872045271784
8306 3.7026727762462723
8315 2.764403137653342
8337 1.9550845253313545
8615 2.6944445490464313
8643 2.001297368486486
8661 6.9985096422506015
8672 2.8876357780772897
8673 3.740413104229119
8695 1.9550845253313545
8710 0.551203779709388
8731 2.0286963426746007
8745 2.5441623459970937
8837 3.1698682457615064
8864 6.305362461690656
9106 2.1700132732246624
9192 4.00277736869661
9345 2.66777630196427
9428 2.498699971920336
9537 1.3092584162485406
9554 1.271661894663404
9590 3.3096301881366648
9709 1.082307579643166
9711 3.7372218546550555
9729 10.452246744227669
9954 4.22592092001082
9970 0.4837969513780714
9978 4.05407066308416
10035 6.9985096422506015
10231 3.2373095265570386
10304 4.433560284789064
10326 1.5692307766395337
10329 -0.4201813914191953
10437 2.7345957208584712
10447 0.6099482367049713
10473 3.5563076343445528
10672 6.829981407588982
10699 2.298029276458185
10753 2.7790019370744945
10838 4.600614369452231
10895 4.290459441148391
10914 2.727440078162703
10922 6.9985096422506015
10966 6.305362461690656
11032 1.087712998210074
11062 3.6312138122641273
11102 1.9956900423327322
11163 3.7796338173824005
11168 2.556395731286379
11296 2.764403137653342
11299 -3.1270965711956276
11304 1.2054960338664575
11402 4.433560284789064
11444 4.86832290156553
11450 2.262311193856106
11481 1.6186122887101415
11520 3.1066893441399746
11661 13.801843108356692
11704 6.296724081081085
11816 3.8592108800607394
11840 1.6902419448493964
11900 2.049749751872433
11929 4.600614369452231
11945 1.9550845253313545
11969 0.7582337970798316
12022 0.8081923650016455
12042 7.925402446683028
12060 3.044092180638181
12066 3.7796338173824005
12186 4.108137884354437
12380 3.2849375755462935
12578 2.4237986637472186
13084 4.919068100570765
13085 6.9985096422506015
13120 6.9985096422506015
13140 4.919068100570765
13384 2.0568672196412967
13390 2.236335707452845
13399 3.086486636822455
13471 2.6040604875781623
13475 3.8204558119026557
13508 3.4510201673737084
13547 1.6003469407328483
13771 6.9985096422506015
13848 5.389071729816501
13918 2.8396265588909295
13986 3.47214911763444
14174 1.7945029551738059
14200 3.47214911763444
14267 -0.3823693933135151
14308 2.0640357091199095
14352 0.9464204733261844
14395 2.7218435232345457
14430 3.3096301881366648
14431 1.034930298632155
14482 4.22592092001082
14507 1.8510151654371483
14522 3.8630154263214513
14544 7.332610264150794
14572 5.052599493195288
14601 4.433560284789064
14656 1.1405764877671418
14740 20.210397972781152
14876 4.165296298194385
15089 3.3349479961209547
15195 3.0282177286984795
15197 3.5327737394508745
15221 6.9985096422506015
15279 3.21432000833234
15332 -7.761558650728101
15341 0.7959741250626788
15468 1.1549652252192415
15471 1.3881216796572402
15570 2.7218435232345457
15651 1.1377234187847354
