213
327 2.20271909665386
1884 1.9486536350010641
1885 3.009525595686327
1893 1.7567626271909589
1923 2.211017899468555
1931 4.8012850649143815
2049 2.37353682896633
2180 11.224430562261421
2271 0.34178311807220957
2331 3.6312138122641273
2334 0.7939518796819108
2450 -9.16285343555416
2484 1.3149298749119196
2487 4.108137884354437
2631 0.6387659917280152
2862 1.4690805547391779
2873 4.22592092001082
2920 0.6795415285041667
2959 2.3747372985478017
2964 0.900435360084361
3143 2.219386149139072
3215 1.179961702382206
3265 3.414990703794491
3354 3.2373095265570386
3452 6.9985096422506015
3475 5.052599493195288
3566 9.391849098513111
3578 0.6015799870344548
3614 1.4378280112350734
3774 6.902040334747417
3820 1.7890234894091803
3932 4.05407066308416
3940 12.610724923381312
4026 2.8876357780772897
4053 -0.14952015041821856
4321 2.8553749158590684
4325 3.21432000833234
4410 5.052599493195288
4522 0.2603571476546441
4536 2.70805020110221
4627 4.359452312635343
4820 6.305362461690656
4831 10.105198986390576
4876 2.2449194511442365
4899 6.133368019052551
4909 1.4690805547391779
4956 2.413542163580029
4963 4.786678912525019
4964 0.563963123463148
5055 2.2278250177849364
5103 3.414990703794491
5116 3.923114079673944
5119 2.3933394562625097
5120 3.8630154263214513
5316 2.236335707452845
5339 2.356853423796479
5484 1.8928409466523688
5518 1.5868635903955612
5534 6.775183459212753
5630 0.11915383779016203
5737 3.740413104229119
5902 4.05407066308416
5929 3.3096301881366648
5934 5.775271556154579
6015 3.1918471524802814
6122 3.502002080784121
6192 6.9985096422506015
6235 1.2270685191205855
6250 1.7727629685373998
6265 4.600614369452231
6402 1.4112609838503516
6558 4.359452312635343
6750 17.699692060747473
6754 1.2024518914852294
6794 3.9074671888922854
6970 2.1863252868781835
7054 3.8630154263214513
7104 -2.6539516666051686
7118 3.1273086313427103
7197 1.730651483187273
7316 3.1273086313427103
7460 5.052599493195288
7534 1.242767428663689
7578 2.0861491174436737
7932 1.8745456628473423
7948 5.389071729816501
8011 5.052599493195288
8063 12.610724923381312
8439 0.9381816079767518
8444 3.5780469788183606
8643 2.001297368486486
8644 5.8998973535824915
8683 1.6803896484063847
8710 1.102407559418776
8816 1.7255100836868542
8823 3.1066893441399746
8886 2.6163003758530814
8928 1.3355491621146554
9066 5.612215281130711
9106 1.0850066366123312
9110 2.035665011990694
9122 2.7489842721265254
9151 1.258716730071367
9270 3.1066893441399746
9353 2.476721065201561
9559 -0.6655915508397914
9573 6.6192603762733295
9681 3.8204558119026557
9698 5.963623044463036
9956 3.47214911763444
9979 4.786678912525019
10048 5.389071729816501
10154 3.3609234825242154
10296 3.2849375755462935
10329 -0.21009069570959765
10443 2.4876501357337513
10446 3.1483620405405426
10447 1.829844710114914
10451 6.9985096422506015
10620 4.695924549256556
10672 3.414990703794491
10673 6.9985096422506015
10742 5.367070468227541
10744 6.9985096422506015
10868 -1.2975275096829597
10901 4.290459441148391
10979 3.1066893441399746
11102 0.6652300141109108
11106 4.043551799660054
11110 1.6204910383360227
11114 6.094531847338348
11168 1.2781978656431896
11218 0.5720211847929105
11232 5.389071729816501
11297 4.600614369452231
11299 -1.5635482855978138
11303 5.8998973535824915
11308 2.5098732725184614
11312 3.3096301881366648
11318 3.8630154263214513
11353 5.617709800448351
11375 2.681021528714291
11453 1.3637200390813515
11481 3.237224577420283
11524 1.5178707189086098
11547 10.105198986390576
11570 2.3867493466682252
11597 3.0666840095262753
11731 10.778143459633002
11785 1.9680717208581657
11790 2.2449194511442365
11907 2.434161450782765
11943 2.455214859980597
11969 0.7582337970798316
11984 2.4237986637472186
12022 0.40409618250082274
12030 9.201228738904462
12057 6.30200952689907
12058 4.513602992462601
12070 2.87137525720551
12122 1.1963912668735384
12131 4.433560284789064
12145 6.383694304960563
12147 6.9985096422506015
12299 5.8998973535824915
12377 1.3460204619819507
12608 9.602570129828763
12679 1.5958322603783217
12705 4.919068100570765
12707 2.2278250177849364
12785 8.426564700672525
12801 7.643653228072869
12803 4.091160117244055
12805 1.8568460857479414
13077 6.094531847338348
13273 3.3096301881366648
13302 4.359452312635343
13384 2.0568672196412967
13447 6.9985096422506015
13475 3.8204558119026557
13683 3.0666840095262753
13710 7.262427624528255
13718 1.3425178314307487
13750 4.324455470598246
13993 6.721846965048431
14237 -10.458725224562398
14267 -1.5294775732540604
14296 9.602570129828763
14340 4.108137884354437
14381 0.6866029961942954
14416 2.3218536389257243
14588 2.0785287164224764
14728 7.480826208458238
14744 3.4431615807611875
14772 6.305362461690656
14886 6.9985096422506015
15097 3.6312138122641273
15155 2.761644802964282
15209 2.579669034454003
15241 5.238708642611914
15332 -1.5523117301456202
15341 1.5919482501253577
15413 2.556395731286379
15551 2.3157359697544058
15578 1.7945029551738059
15592 5.74275051441102
15622 2.363780654020965
15624 3.8630154263214513
15630 4.919068100570765
15651 1.1377234187847354
15663 11.799794707164983
15672 0.7275212103923018
15771 0.023095714794649395
