554
20 5.8998973535824915
194 1.5399972773188362
241 1.6902419448493964
254 2.498699971920336
302 1.7153059135126125
389 1.6419233675785887
422 2.66777630196427
458 4.165296298194385
469 4.8012850649143815
473 6.254617262685421
486 8.12415060330663
491 3.1066893441399746
493 9.50960473728452
496 2.2800107709555064
551 3.9074671888922854
569 3.0282177286984795
646 2.219386149139072
710 2.8553749158590684
756 6.9985096422506015
800 2.434161450782765
854 4.290459441148391
874 3.2849375755462935
1060 0.6838359705820669
1094 4.670141096277068
1155 12.610724923381312
1372 5.389071729816501
1404 2.7417770571199283
1522 5.052599493195288
1778 5.612215281130711
1825 5.8998973535824915
1829 4.600614369452231
1830 6.213378688279949
1864 3.047265923669174
1865 4.8012850649143815
1885 12.038102382745308
1893 3.5135252543819178
1902 2.0149030205422647
1924 2.288979440938267
1929 2.1081605140288473
1942 5.074661685278982
1989 6.305362461690656
2006 42.77426925318546
2009 12.067710817900146
2019 2.344549292093078
2028 4.433560284789064
2038 5.641547489501538
2051 8.00332890589281
2056 4.22592092001082
2057 6.9985096422506015
2059 6.9985096422506015
2064 3.129575277392723
2068 3.3609234825242154
2106 6.9985096422506015
2109 17.699692060747473
2113 6.9985096422506015
2115 12.610724923381312
2118 23.72392322716307
2132 6.9985096422506015
2148 12.610724923381312
2189 5.612215281130711
2190 10.413500346045092
2191 9.259459910467365
2217 2.4876501357337513
2224 9.906149027178385
2240 1.65617539028579
2242 3.9539872045271784
2258 5.74275051441102
2261 4.919068100570765
2271 1.3671324722888383
2300 6.9985096422506015
2334 6.351615037455287
2357 1.1873686492739008
2369 12.32441365306331
2404 12.495888894583157
2406 2.9209721983448818
2434 2.413542163580029
2450 -0.6108568957036107
2452 28.316964996392336
2459 8.814199895112546
2460 6.9985096422506015
2494 3.9074671888922854
2513 3.656051294424899
2519 10.141451669096378
2536 3.567147769283231
2580 4.600614369452231
2585 7.814934377784571
2592 2.938066631704182
2595 2.5211728277723946
2631 1.0646099862133587
2638 2.130975191795019
2647 4.513602992462601
2674 1.0272478024601386
2833 3.666305132075397
2853 3.414990703794491
2862 4.407241664217533
2893 2.5098732725184614
2911 4.05407066308416
2919 2.1944885975173447
2920 1.3590830570083334
2924 2.0286963426746007
2935 1.2640783890383267
2940 1.6278716141229383
2964 1.800870720168722
2980 12.610724923381312
3018 6.305362461690656
3060 6.9985096422506015
3064 4.695924549256556
3068 13.460204619819507
3075 6.9985096422506015
3192 1.0095482253607377
3195 8.718904625270685
3215 9.439693619057648
3223 5.042345655544789
3272 5.389071729816501
3282 4.290459441148391
3374 3.9361434417163315
3380 2.3541187431092285
3404 2.465910149097345
3419 4.22592092001082
3448 3.1273086313427103
3497 5.612215281130711
3520 2.87137525720551
3566 4.695924549256556
3578 1.2031599740689096
3635 4.733923928934947
3661 4.165296298194385
3690 1.4972514317058743
3700 1.2947271675944
3736 3.086486636822455
3737 1.8055527913603908
3782 3.7026727762462723
3820 1.7890234894091803
3840 1.2980660688599148
3982 1.0769312226067855
3990 2.6290617897835795
3991 2.8088549002241754
4033 16.167215189449504
4043 6.9985096422506015
4070 2.2137308608496604
4158 0.3672052853846045
4186 3.8204558119026557
4208 3.044092180638181
4232 6.977042423366086
4261 2.262311193856106
4262 3.1698682457615064
4265 3.5327737394508745
4283 4.8012850649143815
4286 4.261950383590038
4347 12.610724923381312
4356 5.612215281130711
4374 4.8012850649143815
4385 3.1273086313427103
4388 3.8204558119026557
4397 3.666305132075397
4398 3.9539872045271784
4409 5.052599493195288
4410 5.052599493195288
4415 6.9985096422506015
4464 6.9985096422506015
4502 2.8088549002241754
4522 1.0414285906185765
4531 5.362043057428582
4550 6.9985096422506015
4591 4.22592092001082
4641 6.9985096422506015
4677 4.919068100570765
4688 10.778143459633002
4750 0.33155284982139466
4838 1.4730567031188173
4857 2.0712559570933964
4871 2.4876501357337513
4876 2.2449194511442365
4878 2.7345957208584712
4909 1.4690805547391779
4976 6.866938322814802
4977 5.389071729816501
4989 1.3355491621146554
4992 6.521680047934466
4998 4.695924549256556
5014 2.3541187431092285
5017 3.260840023967233
5022 8.45184184002164
5033 2.1233123190494494
5040 1.4378280112350734
5058 7.065547478901749
5079 4.513602992462601
5154 4.8892655013001205
5168 5.612215281130711
5236 5.612215281130711
5284 3.5645224377654547
5312 2.8553749158590684
5392 2.130975191795019
5414 2.8876357780772897
5431 4.22592092001082
5484 1.8928409466523688
5517 4.869693703699308
5539 1.7153059135126125
5569 4.22592092001082
5587 2.5326015235960173
5596 3.5645224377654547
5597 3.2373095265570386
5653 5.052599493195288
5668 2.955458374416051
5715 3.502002080784121
5731 2.8876357780772897
5755 4.513602992462601
5762 6.305362461690656
5773 2.735829765209286
5812 3.1698682457615064
5839 2.579669034454003
5845 6.9985096422506015
5891 3.1273086313427103
5905 3.567147769283231
5906 6.9985096422506015
5934 2.8876357780772897
5955 4.86832290156553
5964 3.1273086313427103
5986 3.3609234825242154
5990 2.938066631704182
5999 2.5098732725184614
6005 3.666305132075397
6043 1.5913378707904824
6064 2.138697237888929
6074 4.513602992462601
6083 3.3349479961209547
6136 18.944199262198275
6198 4.600614369452231
6206 4.22592092001082
6218 4.00277736869661
6219 4.59605855291637
6221 2.8553749158590684
6228 2.5894543351888
6233 3.1918471524802814
6234 2.6290617897835795
6433 0.5154022907934025
6467 4.507155027774703
6488 3.0666840095262753
6548 2.0785287164224764
6729 4.388977195034689
6754 3.607355674455688
6819 1.7153059135126125
6908 5.030654193896972
7025 9.08593402824664
7029 4.108137884354437
7044 1.880515829833846
7058 3.7026727762462723
7072 1.9486536350010641
7104 -8.625342916466797
7170 3.237224577420283
7197 1.730651483187273
7210 1.8568460857479414
7224 4.22592092001082
7274 3.0666840095262753
7286 2.822521967700703
7339 3.5327737394508745
7340 4.600614369452231
7344 1.6325336272287498
7401 1.886521853894058
7406 5.052599493195288
7411 4.8012850649143815
7459 2.1944885975173447
7466 6.9985096422506015
7489 4.108137884354437
7563 2.335070548138534
7614 2.5676928434072877
7622 2.764403137653342
7655 4.433560284789064
7678 6.305362461690656
7693 4.600614369452231
7731 2.001297368486486
7733 6.9985096422506015
7764 1.7052048175261088
7781 2.6040604875781623
7813 5.072866807817054
7889 4.919068100570765
7906 1.4339892349279078
7924 3.2849375755462935
7932 3.7490913256946845
7938 4.695924549256556
7965 5.659565561682174
7997 11.461367435707967
8017 5.389071729816501
8027 5.389071729816501
8032 2.5541281188299534
8043 3.461302966374546
8057 4.165296298194385
8078 23.23097531068361
8080 6.9985096422506015
8096 1.4533321977710387
8142 2.9041650800285006
8151 5.206750173022546
8167 3.6312138122641273
8228 12.610724923381312
8242 2.035665011990694
8262 2.0712559570933964
8271 4.513602992462601
8272 5.612215281130711
8323 3.1698682457615064
8391 5.11171677152057
8425 9.391849098513111
8439 2.3454540199418794
8561 3.8630154263214513
8582 13.781087765334512
8643 4.002594736972972
8660 1.675499663112193
8708 2.962113491571787
8710 2.75601889854694
8788 4.292958756661968
8809 4.919068100570765
8856 9.265513660505526
8886 5.232600751706163
8920 4.433560284789064
8939 10.778143459633002
8950 6.9985096422506015
8960 3.8630154263214513
8978 1.6140145794615122
8979 1.7890234894091803
8998 10.105198986390576
9002 6.9985096422506015
9008 9.391849098513111
9034 6.9985096422506015
9106 2.1700132732246624
9151 3.7761501902141013
9170 1.2232606457759125
9246 4.695924549256556
9272 5.052599493195288
9345 2.66777630196427
9365 1.4972514317058743
9369 6.9985096422506015
9384 1.3355491621146554
9393 7.426814060177224
9408 4.165296298194385
9409 5.8998973535824915
9428 4.997399943840672
9468 6.9985096422506015
9469 6.9985096422506015
9481 1.7727629685373998
9534 22.000115201609937
9535 11.799794707164983
9537 1.3092584162485406
9554 1.271661894663404
9589 3.9346028577323438
9614 5.8998973535824915
9640 2.8088549002241754
9689 11.224430562261421
9711 1.8686109273275278
9733 1.0850066366123312
9785 5.052599493195288
9786 3.1483620405405426
9808 3.009525595686327
9895 6.866938322814802
9963 6.9985096422506015
9983 3.1066893441399746
9990 0.5671785603171224
10008 2.0568672196412967
10029 4.847597327494437
10058 7.812181462734487
10154 3.3609234825242154
10175 4.695924549256556
10185 12.610724923381312
10199 2.3256808077886952
10258 1.8000126109847754
10286 10.413500346045092
10306 2.15432255579201
10308 5.8998973535824915
10326 2.092307702186045
10329 -3.7816325227727576
10393 1.9746291214043248
10411 4.05407066308416
10413 6.9985096422506015
10422 2.1263822140248125
10431 1.4437323058179135
10487 1.981229805435677
10503 2.413542163580029
10539 6.305362461690656
10561 3.2006938814656967
10608 5.206750173022546
10649 4.8012850649143815
10659 3.4431615807611875
10719 5.206750173022546
10749 4.7018549870703295
10753 2.7790019370744945
10758 4.600614369452231
10859 6.17297327364491
10867 2.9066643955420775
10868 -0.18536107281185138
10886 2.87137525720551
10895 4.290459441148391
10903 2.476721065201561
11027 1.2781978656431896
11032 1.087712998210074
11089 1.1549652252192415
11102 1.3304600282218215
11106 6.06532769949008
11110 2.430736557504034
11163 3.7796338173824005
11168 2.556395731286379
11202 2.9209721983448818
11218 2.8601059239645528
11279 5.389071729816501
11299 -2.0847310474637517
11304 3.616488101599373
11313 6.9985096422506015
11318 3.8630154263214513
11320 2.764403137653342
11334 5.983690008915426
11375 2.681021528714291
11377 3.414990703794491
11386 2.1157077196642304
11406 2.6418008155610093
11407 3.1483620405405426
11415 18.898169086912002
11450 4.524622387712212
11468 4.22592092001082
11522 2.555858385760285
11570 3.580124020002338
11671 2.2535775138873513
11769 4.939954526323604
11790 2.2449194511442365
11836 2.37353682896633
11844 12.871378323445173
11881 2.70805020110221
11894 4.55361215672583
11938 4.919068100570765
11944 5.206750173022546
11945 1.9550845253313545
11956 4.695924549256556
11961 3.3096301881366648
11982 7.814934377784571
12022 2.828673277505759
12043 2.498699971920336
12062 3.47214911763444
12093 3.3607792968127694
12102 3.9539872045271784
12122 1.1963912668735384
12126 5.612215281130711
12129 3.3349479961209547
12151 6.339736491523013
12218 2.6547042203969173
12228 3.047265923669174
12341 2.8088549002241754
12378 3.3349479961209547
12383 1.2523064517104479
12439 4.513602992462601
12447 2.8396265588909295
12450 3.1483620405405426
12455 -2.152586658680402
12459 4.108137884354437
12460 0.7332084295128914
12469 6.9985096422506015
12474 4.919068100570765
12477 49.53442130403122
12504 26.156713875812056
12554 8.304857812746416
12610 2.4237986637472186
12691 5.612215281130711
12707 2.2278250177849364
12717 0.5999147077153936
12781 2.498699971920336
12783 5.695929643279208
12785 2.8088549002241754
12793 2.87137525720551
12826 1.2619373447714093
12828 3.597312260588446
12837 6.886323161522375
12853 1.152070867192877
12903 4.359452312635343
12946 1.1865623684395195
12960 3.1918471524802814
12992 2.3256808077886952
13001 1.4730567031188173
13075 3.9539872045271784
13080 0.8123010183501074
13102 2.735829765209286
13108 2.2800107709555064
13137 3.740413104229119
13263 4.695924549256556
13304 6.305362461690656
13306 4.513602992462601
13319 5.416658374081172
13338 2.5211728277723946
13359 5.258123579567159
13365 3.3349479961209547
13384 2.0568672196412967
13527 2.049749751872433
13553 -1.4818430397767681
13613 3.6222476728196926
13646 6.9985096422506015
13750 4.324455470598246
13761 5.208120975156325
13767 2.6547042203969173
13828 3.3349479961209547
13833 6.9985096422506015
13843 8.712912306582258
13845 2.001297368486486
13848 5.389071729816501
13852 5.206750173022546
13890 2.681021528714291
13891 1.8197775865739976
13930 4.080464918750566
13993 3.3609234825242154
14005 4.433560284789064
14008 2.001297368486486
14080 6.305362461690656
14135 2.3541187431092285
14136 1.4810567457858934
14168 5.808330160057001
14170 6.9985096422506015
14172 4.8012850649143815
14196 5.861116243888673
14237 -4.88073843812912
14250 6.305362461690656
14267 -2.2942163598810907
14309 3.0274254175198925
14357 7.430163195604683
14381 0.2288676653980985
14463 1.67063347346102
14506 7.480826208458238
14543 5.206750173022546
14547 3.740413104229119
14563 2.6418008155610093
14590 5.501171004981262
14593 11.589046278964354
14620 8.61729022316804
14626 2.750014400201242
14633 5.309408440793835
14634 5.8998973535824915
14644 3.597312260588446
14675 5.612215281130711
14779 4.290459441148391
14906 0.8027278807278994
14908 2.476721065201561
14954 6.305362461690656
14966 5.206750173022546
15173 3.009525595686327
15213 4.695924549256556
15224 2.9041650800285006
15332 -15.523117301456201
15341 0.7959741250626788
15373 4.07180375656559
15405 5.389071729816501
15407 4.542243647076521
15408 6.9985096422506015
15413 1.2781978656431896
15418 4.246624638098899
15471 2.08218251948586
15518 7.522063319335384
15685 2.6149213744092488
15755 6.9985096422506015
15769 3.3349479961209547
15771 0.06928714438394819
15783 6.731737170736567
15786 20.658385875302354
15788 6.9985096422506015
