28
1902 2.0149030205422647
1940 2.6944445490464313
2959 1.1873686492739008
3329 1.981229805435677
3578 0.6015799870344548
4522 0.2603571476546441
4531 2.681021528714291
4964 0.563963123463148
4984 4.22592092001082
5630 0.11915383779016203
6026 2.66777630196427
6908 0.33537694625979814
8975 2.3933394562625097
9365 1.4972514317058743
9559 -0.16639788770994784
10751 0.7939518796819108
11218 0.5720211847929105
11299 -0.5211827618659379
11481 3.237224577420283
12803 1.3637200390813515
13080 0.8123010183501074
13189 1.8745456628473423
13272 2.7790019370744945
13390 2.236335707452845
14416 0.7739512129752414
14961 4.600614369452231
15517 1.886521853894058
15827 3.8218266140364343
