318
194 1.5399972773188362
196 6.9985096422506015
241 3.3804838896987928
254 2.498699971920336
473 3.1273086313427103
502 2.5676928434072877
512 2.0785287164224764
583 2.9041650800285006
592 4.8892655013001205
657 2.0640357091199095
703 3.7026727762462723
764 3.502002080784121
787 4.071330023981388
800 2.434161450782765
834 5.206750173022546
862 2.344549292093078
937 4.433560284789064
1004 6.9985096422506015
1060 0.1865007192496546
1094 2.335070548138534
1134 5.8998973535824915
1282 5.8998973535824915
1293 6.9985096422506015
1326 6.9985096422506015
1356 7.091341962062895
1367 4.433560284789064
1379 0.5370414658968836
1404 1.3708885285599641
1617 6.9985096422506015
1686 4.619860900876966
1702 3.3609234825242154
1708 6.9985096422506015
1868 6.305362461690656
1876 3.502002080784121
1884 3.8973072700021283
1893 3.5135252543819178
1902 2.0149030205422647
1937 5.8998973535824915
2036 1.9486536350010641
2042 3.7796338173824005
2162 3.1698682457615064
2217 2.4876501357337513
2318 12.610724923381312
2357 1.1873686492739008
2407 2.236335707452845
2429 4.8012850649143815
2450 -0.6108568957036107
2484 1.3149298749119196
2494 3.9074671888922854
2628 4.513602992462601
2631 0.21292199724267172
2639 2.6040604875781623
2705 1.6657908489852322
2920 0.6795415285041667
2935 0.6320391945191633
2991 6.9985096422506015
3052 3.2373095265570386
3180 2.7938170228596353
3253 6.9985096422506015
3374 1.9680717208581657
3449 0.9823524825522477
3454 3.47214911763444
3578 0.6015799870344548
3614 4.313484033705221
3690 1.4972514317058743
3709 2.9041650800285006
3782 3.7026727762462723
3820 1.7890234894091803
3838 5.389071729816501
4021 1.5054481989100525
4070 1.1068654304248302
4102 6.9985096422506015
4202 4.05407066308416
4222 2.3256808077886952
4230 4.029806041084529
4232 2.3256808077886952
4245 3.597312260588446
4314 2.764403137653342
4321 2.8553749158590684
4333 11.720961228184649
4405 1.3460204619819507
4508 4.108137884354437
4522 0.2603571476546441
4531 5.362043057428582
4555 6.305362461690656
4613 4.42203579893711
4625 1.8452180477528222
4750 0.33155284982139466
4865 3.0282177286984795
4871 2.4876501357337513
4909 2.9381611094783557
4912 1.9296054400303697
4919 5.206750173022546
4940 4.513602992462601
4964 0.563963123463148
4984 8.45184184002164
5006 3.086486636822455
5022 4.22592092001082
5033 2.1233123190494494
5039 2.735829765209286
5055 2.2278250177849364
5208 2.5676928434072877
5316 2.236335707452845
5555 2.4033897921160112
5590 1.4533321977710387
5630 0.8340768645311343
5758 3.666305132075397
5773 2.735829765209286
5850 3.047265923669174
5852 2.4876501357337513
5955 2.434161450782765
5965 3.740413104229119
6024 6.9985096422506015
6049 2.035665011990694
6065 4.22592092001082
6078 2.555858385760285
6151 1.4075226617397445
6156 1.8000126109847754
6206 4.22592092001082
6221 2.8553749158590684
6225 4.919068100570765
6433 1.5462068723802074
6447 1.2880826248757316
6577 4.05407066308416
6721 2.383389125409342
6729 2.1944885975173447
6754 1.2024518914852294
6759 5.389071729816501
6793 6.9985096422506015
6819 1.7153059135126125
6908 0.33537694625979814
6972 11.861961613581535
7104 -1.9904637499538764
7118 6.254617262685421
7152 7.640911623805311
7175 6.9985096422506015
7379 4.22592092001082
7534 1.242767428663689
7701 3.6312138122641273
7768 3.3096301881366648
7846 5.443687046469091
7935 2.335070548138534
7981 2.0426825846493406
7991 5.259719499647678
8288 17.699692060747473
8323 3.1698682457615064
8439 0.4690908039883759
8444 1.7890234894091803
8514 8.03230822188746
8523 0.7256326357044336
8660 1.675499663112193
8689 5.206750173022546
8708 2.962113491571787
8710 1.102407559418776
8712 6.669895992241909
8713 4.919068100570765
8731 2.0286963426746007
8736 2.3867493466682252
8749 3.0666840095262753
8795 3.502002080784121
8836 17.699692060747473
8904 2.1863252868781835
8928 2.6710983242293107
8978 1.6140145794615122
9110 2.035665011990694
9151 1.258716730071367
9175 3.597312260588446
9235 4.359452312635343
9308 3.1698682457615064
9353 2.476721065201561
9365 1.4972514317058743
9384 5.342196648458621
9385 5.612215281130711
9559 -1.4143820455345566
9589 1.3115342859107813
9597 3.1273086313427103
9609 4.8012850649143815
9626 6.9985096422506015
9698 1.9878743481543455
9728 3.21432000833234
9733 3.2550199098369936
9795 3.9074671888922854
9817 1.3183370332335338
9970 0.4837969513780714
9979 2.3933394562625097
10126 5.8998973535824915
10161 3.6312138122641273
10283 5.8998973535824915
10306 4.30864511158402
10307 2.5676928434072877
10329 -0.4201813914191953
10422 0.7087940713416041
10431 0.7218661529089567
10441 3.7026727762462723
10447 0.6099482367049713
10561 1.6003469407328483
10749 2.3509274935351647
10751 19.05484511236586
10868 -0.37072214562370276
10872 6.419528383592959
10901 8.580918882296782
10906 2.035665011990694
10909 2.7790019370744945
11023 1.2880826248757316
11027 1.2781978656431896
11106 2.021775899830027
11110 2.430736557504034
11116 1.9109133070182172
11140 6.462967667376029
11218 2.288084739171642
11266 2.9041650800285006
11287 2.0286963426746007
11299 -2.0847310474637517
11304 1.2054960338664575
11317 3.0666840095262753
11438 3.3349479961209547
11450 2.262311193856106
11481 1.6186122887101415
11591 5.443687046469091
11625 1.457246097092175
11696 3.2373095265570386
11707 3.2373095265570386
11725 4.359452312635343
11754 3.1918471524802814
11756 6.305362461690656
11781 2.591790394986348
11784 3.47214911763444
11785 1.9680717208581657
11790 2.2449194511442365
11881 8.12415060330663
11900 2.049749751872433
11952 1.5958322603783217
11969 1.5164675941596633
11972 3.21432000833234
12022 0.40409618250082274
12033 2.5211728277723946
12060 1.5220460903190904
12067 6.305362461690656
12093 1.6803896484063847
12143 4.165296298194385
12198 6.9985096422506015
12218 2.6547042203969173
12228 9.141797771007521
12292 2.5211728277723946
12375 6.521680047934466
12383 1.2523064517104479
12553 5.3579180814009515
12694 6.305362461690656
12708 1.5958322603783217
12717 0.5999147077153936
12752 4.919068100570765
12783 3.7972864288528054
12796 5.8419443966897635
12797 2.7218435232345457
12801 7.643653228072869
12803 12.273480351732164
12805 3.713692171495883
12879 4.433560284789064
13001 1.4730567031188173
13005 3.8630154263214513
13046 3.47214911763444
13080 2.436903055050322
13102 2.735829765209286
13108 2.2800107709555064
13183 3.502002080784121
13189 1.8745456628473423
13272 30.56902130781944
13290 4.8012850649143815
13368 5.8998973535824915
13401 4.93182029819469
13432 3.7796338173824005
13505 3.0666840095262753
13553 -0.37046075994419203
13828 3.3349479961209547
13838 4.632756830252763
13891 0.6065925288579992
13921 2.1782280766455644
13930 1.3601549729168554
13938 4.290459441148391
13968 3.3349479961209547
13978 4.00277736869661
14078 2.5098732725184614
14136 1.4810567457858934
14212 9.602570129828763
14237 -0.6972483483041599
14267 -2.6765857531946056
14315 3.009525595686327
14362 4.290459441148391
14416 0.7739512129752414
14431 1.034930298632155
14463 1.67063347346102
14546 2.8876357780772897
14597 6.569875151092587
14620 2.15432255579201
14847 6.305362461690656
14906 0.4013639403639497
14926 5.389071729816501
15020 6.17297327364491
15037 2.3163784151263815
15155 0.6904112007410705
15241 1.7462362142039713
15242 3.414990703794491
15292 2.211017899468555
15306 1.4399764361695133
15332 -9.313870380873722
15341 0.7959741250626788
15373 3.257443005252472
15471 1.3881216796572402
15578 1.7945029551738059
15595 1.3320829541381691
15626 4.22592092001082
15651 2.2754468375694707
15685 1.7432809162728324
15771 0.06928714438394819
15827 7.643653228072869
15828 2.1862955883920616
15841 5.206750173022546
15862 11.722401566676856
