197
241 1.6902419448493964
486 2.70805020110221
491 3.1066893441399746
1844 5.612215281130711
1871 3.5645224377654547
1893 1.7567626271909589
1896 1.7835738846416156
1957 1.8223599096767722
2166 2.6418008155610093
2261 4.919068100570765
2315 5.206750173022546
2421 3.0863770537857995
2434 2.413542163580029
2446 2.5326015235960173
2450 -0.6108568957036107
2484 1.3149298749119196
2675 3.6312138122641273
2679 3.414990703794491
2705 1.6657908489852322
2920 0.6795415285041667
3057 4.47267141490569
3062 2.8396265588909295
3168 2.824122372354964
3354 3.2373095265570386
3374 1.9680717208581657
3386 2.6290617897835795
3392 2.20271909665386
3407 2.085854756514549
3449 1.9647049651044954
3545 3.009525595686327
3820 3.5780469788183606
3840 1.2980660688599148
3896 1.403798262648762
3928 5.052599493195288
4006 2.6547042203969173
4044 5.8998973535824915
4082 3.9074671888922854
4241 2.4033897921160112
4333 2.9302403070461622
4481 2.146479378330984
4522 0.2603571476546441
4646 1.8686109273275278
4794 3.6312138122641273
4956 2.413542163580029
4964 0.563963123463148
4991 3.9539872045271784
5013 4.8012850649143815
5014 2.3541187431092285
5029 3.2373095265570386
5126 5.389071729816501
5232 3.3096301881366648
5326 3.1483620405405426
5484 1.8928409466523688
5518 1.5868635903955612
5522 3.8630154263214513
5554 4.216321028057695
5555 2.4033897921160112
5630 0.4766153511606481
5717 5.612215281130711
5891 3.1273086313427103
5923 9.83813620114153
5973 1.4770487243883548
6068 3.1273086313427103
6164 2.6290617897835795
6169 2.4033897921160112
6219 2.298029276458185
6223 2.8088549002241754
6260 6.9985096422506015
6300 3.7026727762462723
6539 2.434161450782765
6548 2.0785287164224764
6595 4.847597327494437
6620 5.9991470771539355
6628 3.1918471524802814
6675 2.5098732725184614
6721 2.383389125409342
6908 0.6707538925195963
7104 -1.3269758333025843
7170 1.6186122887101415
7396 5.206750173022546
7423 5.612215281130711
7534 2.485534857327378
7569 1.0170954309961207
7797 6.094531847338348
7842 2.37353682896633
7959 4.00277736869661
7986 14.389249042353784
8064 4.165296298194385
8168 1.9746291214043248
8169 2.7218435232345457
8315 2.764403137653342
8708 1.4810567457858934
8710 0.551203779709388
8736 1.1933746733341126
8739 3.8204558119026557
8784 2.146479378330984
8837 3.1698682457615064
9106 1.0850066366123312
9110 2.035665011990694
9170 1.2232606457759125
9192 4.00277736869661
9204 2.5098732725184614
9464 5.206750173022546
9589 1.3115342859107813
9680 3.597312260588446
9711 1.8686109273275278
9725 9.201228738904462
9733 1.0850066366123312
9786 3.1483620405405426
10025 4.513602992462601
10227 5.206750173022546
10299 4.359452312635343
10326 0.5230769255465112
10424 4.8012850649143815
10431 0.7218661529089567
10447 0.6099482367049713
10487 1.981229805435677
10504 10.105198986390576
10658 2.9041650800285006
10672 3.414990703794491
10699 11.490146382290924
10825 2.0149030205422647
10868 -0.5560832184355542
10914 5.454880156325406
11023 2.576165249751463
11057 2.555858385760285
11102 0.6652300141109108
11110 3.2409820766720454
11114 3.047265923669174
11218 1.7160635543787315
11228 3.3096301881366648
11295 3.2373095265570386
11299 -3.6482793330615655
11304 1.2054960338664575
11322 3.4431615807611875
11453 1.3637200390813515
11454 4.695924549256556
11495 6.9985096422506015
11524 1.5178707189086098
11754 3.1918471524802814
11881 2.70805020110221
11889 5.558003874148989
12022 0.8081923650016455
12060 3.044092180638181
12070 2.87137525720551
12210 3.1698682457615064
12283 5.208120975156325
12287 5.052599493195288
12377 1.3460204619819507
12455 -0.2152586658680402
12476 4.108137884354437
12595 2.344549292093078
12797 2.7218435232345457
12869 8.10814132616832
13001 1.4730567031188173
13077 3.047265923669174
13124 5.8998973535824915
13208 1.3115342859107813
13398 6.9985096422506015
13401 2.465910149097345
13471 2.6040604875781623
13479 3.7796338173824005
13494 3.21432000833234
13553 -0.37046075994419203
13662 4.290459441148391
13714 4.165296298194385
13825 2.7218435232345457
13828 3.3349479961209547
13891 0.6065925288579992
13968 3.3349479961209547
13993 3.3609234825242154
14074 3.7796338173824005
14085 3.1698682457615064
14109 5.612215281130711
14152 4.695924549256556
14174 5.383508865521417
14267 -1.1471081799405454
14606 3.6312138122641273
14682 1.5431885268928998
14822 4.290459441148391
14914 3.3096301881366648
15089 6.669895992241909
15099 3.47214911763444
15195 3.0282177286984795
15209 2.579669034454003
15242 3.414990703794491
15273 6.9985096422506015
15283 4.47267141490569
15306 0.7199882180847567
15332 -12.418493841164961
15351 3.5645224377654547
15418 2.1233123190494494
15468 4.619860900876966
15471 0.6940608398286201
15575 4.108137884354437
15769 3.3349479961209547
15771 0.06928714438394819
