40
389 1.6419233675785887
710 2.8553749158590684
1893 1.7567626271909589
1942 0.845776947546497
2036 1.9486536350010641
2357 1.1873686492739008
2450 -0.6108568957036107
2597 2.1157077196642304
2631 0.21292199724267172
3215 1.179961702382206
3700 1.2947271675944
3840 1.2980660688599148
4158 0.030600440448717042
4375 3.5645224377654547
4425 1.249116656342348
5955 2.434161450782765
5993 0.8521803845817039
7170 1.6186122887101415
7210 1.8568460857479414
7906 1.4339892349279078
7991 1.3149298749119196
8032 1.0216512475319814
8439 0.4690908039883759
9110 2.035665011990694
9733 1.0850066366123312
11305 2.0640357091199095
11444 2.434161450782765
11570 1.1933746733341126
11597 3.0666840095262753
12093 1.6803896484063847
12455 -0.2152586658680402
12460 0.7332084295128914
13353 1.961557039836972
13930 4.080464918750566
14196 0.8373023205555247
14237 -0.6972483483041599
14656 1.1405764877671418
15057 1.152070867192877
15712 4.165296298194385
15786 0.8981906902305371
