125
466 3.8204558119026557
469 4.8012850649143815
540 6.9985096422506015
619 3.666305132075397
842 4.433560284789064
927 2.0785287164224764
1062 2.591790394986348
1122 6.339736491523013
1379 0.5370414658968836
1503 5.389071729816501
1767 6.305362461690656
1916 4.919068100570765
1925 8.00555473739322
1928 2.4876501357337513
2038 3.761031659667692
2271 0.6835662361444191
2433 3.3875917296063767
2597 2.1157077196642304
2862 1.4690805547391779
2935 0.6320391945191633
3609 4.290459441148391
3700 3.8841815027832003
3982 1.0769312226067855
3995 1.751485570090115
4029 8.712495240085502
4053 -0.2990403008364371
4162 4.919068100570765
4223 2.1863252868781835
4358 3.5645224377654547
4405 1.3460204619819507
4425 2.498233312684696
4657 4.165296298194385
4753 7.814934377784571
4785 3.9074671888922854
4914 2.8679784698558155
5033 2.1233123190494494
5103 3.414990703794491
5630 0.11915383779016203
5830 4.05407066308416
5905 5.350721653924847
5933 2.955458374416051
5955 2.434161450782765
6015 3.1918471524802814
6085 5.389071729816501
6136 2.91449219418435
6337 3.2373095265570386
6389 3.1273086313427103
6553 3.8204558119026557
6560 6.305362461690656
6622 2.579669034454003
6819 1.7153059135126125
7104 -1.3269758333025843
7306 2.4876501357337513
7311 2.236335707452845
7519 4.05407066308416
7578 1.5646118380827554
7597 4.372650573756367
7764 1.7052048175261088
7813 1.0145733615634107
7842 7.12061048689899
8007 1.904759441443839
8096 1.4533321977710387
8129 3.9539872045271784
8167 3.6312138122641273
8323 6.339736491523013
8354 5.8998973535824915
8578 3.1066893441399746
8723 1.5262389685791264
8725 6.305362461690656
8769 8.867120569578129
8816 1.7255100836868542
8955 6.9985096422506015
8979 1.7890234894091803
9308 3.1698682457615064
9413 4.433560284789064
9818 3.21432000833234
9876 2.6944445490464313
10192 6.305362461690656
10231 3.2373095265570386
10326 0.5230769255465112
10482 3.666305132075397
10633 4.433560284789064
10748 10.598321218352623
10849 23.504533053633455
10856 4.433560284789064
10861 5.8998973535824915
10868 -0.18536107281185138
11000 4.600614369452231
11299 -1.5635482855978138
11379 2.0426825846493406
11520 3.1066893441399746
11646 2.3541187431092285
11828 2.955458374416051
11952 1.5958322603783217
12042 2.6418008155610093
12054 3.8204558119026557
12137 7.4960999157610075
12189 4.513602992462601
12250 2.498699971920336
12305 4.433560284789064
12455 -0.2152586658680402
12790 3.0191438321878294
12823 1.034930298632155
12971 5.8998973535824915
13029 1.6609715625492831
13104 3.2373095265570386
13354 3.656051294424899
13392 2.764403137653342
13440 1.4770487243883548
13553 -0.37046075994419203
13572 1.8745456628473423
13838 2.3163784151263815
13867 2.175425996420148
13930 2.7203099458337108
14174 3.5890059103476117
14381 0.2288676653980985
14543 5.206750173022546
14906 0.4013639403639497
15155 0.6904112007410705
15332 -3.1046234602912404
15442 6.9985096422506015
15551 3.4736039546316086
15587 1.2947271675944
15771 0.023095714794649395
15805 2.008077055471865
