129
874 3.2849375755462935
1062 2.591790394986348
1446 5.206750173022546
1676 6.9985096422506015
1906 3.597312260588446
1957 5.467079729030317
1997 3.009525595686327
1998 6.9985096422506015
2166 2.6418008155610093
2224 1.981229805435677
2271 0.6835662361444191
2446 2.5326015235960173
2484 1.3149298749119196
2588 4.108137884354437
2595 2.5211728277723946
2935 0.6320391945191633
3482 6.6192603762733295
3545 6.019051191372654
3578 0.6015799870344548
3990 2.6290617897835795
4053 -0.07476007520910928
4122 6.305362461690656
4198 3.7796338173824005
4286 2.130975191795019
4371 4.433560284789064
4481 2.146479378330984
4515 12.610724923381312
4625 1.8452180477528222
4675 4.290459441148391
4681 6.305362461690656
4750 0.33155284982139466
4834 3.7026727762462723
4886 3.009525595686327
4963 2.3933394562625097
4964 1.6918893703894442
4989 4.006647486343966
4991 3.9539872045271784
5443 2.9041650800285006
5590 1.4533321977710387
5630 0.3574615133704861
5635 2.20271909665386
5722 3.3609234825242154
5736 2.8088549002241754
5848 4.108137884354437
5852 2.4876501357337513
6068 3.1273086313427103
6147 4.00277736869661
6374 4.600614369452231
6548 2.0785287164224764
6620 3.5994882462923616
6754 1.2024518914852294
6819 1.7153059135126125
6906 6.9985096422506015
6908 1.3415077850391925
7104 -1.3269758333025843
7286 1.4112609838503516
7356 5.206750173022546
7401 1.886521853894058
7424 3.3609234825242154
7519 4.05407066308416
7595 4.359452312635343
7692 2.2449194511442365
7838 2.1081605140288473
7904 4.42203579893711
7941 3.740413104229119
7986 3.597312260588446
8168 1.9746291214043248
8173 5.052599493195288
8307 4.433560284789064
8323 3.1698682457615064
8667 3.8630154263214513
8712 3.3349479961209547
8731 2.0286963426746007
8837 3.1698682457615064
9062 5.389071729816501
9709 1.082307579643166
10055 3.009525595686327
10217 2.15432255579201
10329 -0.8403627828383906
10487 1.981229805435677
10594 5.612215281130711
10699 11.490146382290924
10872 1.6048820958982397
10880 3.6312138122641273
10914 1.3637200390813515
10930 3.502002080784121
11287 4.0573926853492015
11299 -1.5635482855978138
11304 1.2054960338664575
11344 3.1483620405405426
11386 2.1157077196642304
11418 7.194624521176892
11468 4.22592092001082
11518 3.8630154263214513
11889 5.558003874148989
11900 2.049749751872433
12014 2.9911764570181303
12022 0.40409618250082274
12060 1.5220460903190904
12062 3.47214911763444
12070 2.87137525720551
12302 5.206750173022546
12455 -0.2152586658680402
12578 2.4237986637472186
12708 1.5958322603783217
12783 1.8986432144264027
12833 0.9630282097258448
12853 1.152070867192877
13273 3.3096301881366648
13346 2.9041650800285006
13438 2.555858385760285
13553 -2.222764559665152
13613 1.8111238364098463
13761 2.6040604875781623
13843 2.1782280766455644
13891 0.6065925288579992
14237 -0.6972483483041599
14345 3.9539872045271784
14546 2.8876357780772897
14554 6.305362461690656
14906 0.4013639403639497
14949 3.9074671888922854
15089 3.3349479961209547
15259 1.3320829541381691
15332 -1.5523117301456202
15471 1.3881216796572402
15518 1.880515829833846
15738 4.600614369452231
15771 0.023095714794649395
