285
3 3.0666840095262753
55 4.695924549256556
194 0.7699986386594181
496 2.2800107709555064
787 2.035665011990694
806 6.9985096422506015
810 2.8396265588909295
1060 0.06216690641655154
1094 2.335070548138534
1171 2.9209721983448818
1279 9.391849098513111
1282 5.8998973535824915
1379 2.685207329484418
1381 2.6547042203969173
1390 3.260840023967233
1404 1.3708885285599641
1657 5.612215281130711
1685 3.2373095265570386
1686 3.4648956756577247
1692 2.1944885975173447
1857 6.9985096422506015
1896 1.7835738846416156
1902 4.029806041084529
1929 2.1081605140288473
1952 5.206750173022546
1986 2.4237986637472186
2030 3.3349479961209547
2166 2.6418008155610093
2217 2.4876501357337513
2233 3.260840023967233
2269 1.8686109273275278
2334 0.7939518796819108
2357 1.1873686492739008
2421 1.5431885268928998
2450 -1.2217137914072214
2536 3.567147769283231
2611 6.521680047934466
2638 2.130975191795019
2639 2.6040604875781623
2675 3.6312138122641273
2755 3.260840023967233
2820 2.4446327506500602
2920 1.3590830570083334
2924 6.086089028023802
2935 0.6320391945191633
2940 1.6278716141229383
3018 6.305362461690656
3084 4.8012850649143815
3209 5.8998973535824915
3240 7.1290448755309095
3354 3.2373095265570386
3355 4.695924549256556
3414 3.7026727762462723
3448 3.1273086313427103
3578 0.6015799870344548
3614 1.4378280112350734
3646 2.5676928434072877
3658 2.938066631704182
3726 6.9985096422506015
3737 1.8055527913603908
3814 2.236335707452845
3820 1.7890234894091803
3896 2.807596525297524
3900 5.612215281130711
3985 2.5098732725184614
3995 1.751485570090115
4070 1.1068654304248302
4261 2.262311193856106
4326 7.907974409054357
4333 1.4651201535230811
4400 2.938066631704182
4405 1.3460204619819507
4425 1.249116656342348
4441 4.05407066308416
4481 2.146479378330984
4498 6.305362461690656
4522 0.2603571476546441
4621 2.7218435232345457
4625 1.8452180477528222
4750 0.33155284982139466
4866 2.5211728277723946
4876 2.2449194511442365
4878 16.407574325150826
4879 6.305362461690656
4912 1.9296054400303697
4976 2.288979440938267
4992 3.260840023967233
5014 2.3541187431092285
5033 4.246624638098899
5119 2.3933394562625097
5232 3.3096301881366648
5275 4.8012850649143815
5320 6.9985096422506015
5326 3.1483620405405426
5339 1.1784267118982394
5384 4.05407066308416
5484 1.8928409466523688
5522 3.8630154263214513
5559 9.027205984925201
5587 2.5326015235960173
5615 2.049749751872433
5630 0.23830767558032406
5635 2.20271909665386
5670 4.513602992462601
5680 4.774013612371447
5689 5.052599493195288
5744 4.433560284789064
5748 6.9985096422506015
5752 3.9539872045271784
5898 3.9074671888922854
5912 5.8998973535824915
5964 3.1273086313427103
5981 2.8553749158590684
5986 3.3609234825242154
5999 5.019746545036923
6065 4.22592092001082
6122 3.502002080784121
6126 5.052599493195288
6156 1.8000126109847754
6216 2.3933394562625097
6302 4.165296298194385
6461 4.919068100570765
6548 2.0785287164224764
6558 4.359452312635343
6586 2.288979440938267
6620 8.39880590801551
6657 2.138697237888929
6908 0.33537694625979814
7022 5.8998973535824915
7025 1.0095482253607377
7053 3.9074671888922854
7104 -2.6539516666051686
7197 1.730651483187273
7344 1.6325336272287498
7482 1.8055527913603908
7557 3.3349479961209547
7563 2.335070548138534
7713 3.1066893441399746
7731 2.001297368486486
7740 3.5327737394508745
7808 5.679253117781859
7813 2.0291467231268214
7851 6.9985096422506015
7965 3.773043707788116
7981 4.085365169298681
8007 1.904759441443839
8032 0.5108256237659907
8168 5.923887364212974
8169 10.887374092938183
8265 4.108137884354437
8283 2.8876357780772897
8301 2.413542163580029
8444 1.7890234894091803
8628 3.9074671888922854
8718 2.824122372354964
8739 3.8204558119026557
8749 3.0666840095262753
8816 3.4510201673737084
8979 1.7890234894091803
9106 1.0850066366123312
9151 2.517433460142734
9229 2.3933394562625097
9344 4.359452312635343
9353 2.476721065201561
9365 1.4972514317058743
9384 1.3355491621146554
9554 2.543323789326808
9572 6.9985096422506015
9573 3.3096301881366648
9651 3.3875917296063767
9711 1.8686109273275278
9729 5.972712425272953
9733 1.0850066366123312
9752 3.5327737394508745
9786 3.1483620405405426
9817 2.6366740664670676
9970 0.9675939027561428
10058 2.6040604875781623
10061 6.9985096422506015
10138 6.9985096422506015
10214 5.8998973535824915
10294 2.70805020110221
10325 1.8925641683500207
10447 1.829844710114914
10561 1.6003469407328483
10583 4.433560284789064
10646 3.9539872045271784
10658 2.9041650800285006
10691 3.414990703794491
10734 2.735829765209286
10749 1.1754637467675824
10751 0.7939518796819108
10825 6.0447090616267936
10868 -0.9268053640592568
10889 3.086486636822455
10901 4.290459441148391
10914 10.909760312650812
10920 4.40543819330772
10971 3.502002080784121
11032 3.263138994630222
11074 6.9985096422506015
11110 4.051227595840057
11139 2.87137525720551
11140 2.15432255579201
11163 3.7796338173824005
11196 5.612215281130711
11218 0.5720211847929105
11257 5.8998973535824915
11299 -3.6482793330615655
11353 2.8088549002241754
11379 4.085365169298681
11386 2.1157077196642304
11450 2.262311193856106
11555 3.5327737394508745
11570 1.1933746733341126
11597 3.0666840095262753
11661 4.600614369452231
11769 1.6466515087745348
11905 3.2849375755462935
11914 8.580918882296782
11951 6.9985096422506015
11969 0.7582337970798316
11981 6.305362461690656
12060 6.088184361276362
12122 2.3927825337470767
12203 5.052599493195288
12218 5.309408440793835
12377 1.3460204619819507
12378 3.3349479961209547
12383 1.2523064517104479
12392 6.9985096422506015
12455 -0.8610346634721608
12578 2.4237986637472186
12759 4.22592092001082
12837 3.4431615807611875
12853 1.152070867192877
13108 2.2800107709555064
13169 3.3349479961209547
13194 6.9985096422506015
13237 6.305362461690656
13273 3.3096301881366648
13316 3.047265923669174
13376 8.718904625270685
13508 1.7255100836868542
13513 3.7026727762462723
13553 -0.7409215198883841
13565 1.9878743481543455
13670 2.6164830075767194
13750 4.324455470598246
13805 4.8012850649143815
13825 2.7218435232345457
13828 3.3349479961209547
13843 2.1782280766455644
13846 3.3096301881366648
13859 2.955458374416051
13891 5.459332759721993
13913 11.358506235563718
13921 2.1782280766455644
13978 4.00277736869661
14098 6.305362461690656
14136 1.4810567457858934
14174 3.5890059103476117
14195 1.7781538171722764
14267 -1.1471081799405454
14313 1.6466515087745348
14357 2.476721065201561
14381 0.457735330796197
14422 2.1233123190494494
14430 3.3096301881366648
14460 6.305362461690656
14867 5.612215281130711
14906 0.4013639403639497
14998 3.5645224377654547
15083 5.8998973535824915
15155 0.6904112007410705
15197 3.5327737394508745
15259 1.3320829541381691
15276 6.9985096422506015
15332 -12.418493841164961
15341 1.5919482501253577
15397 2.001297368486486
15457 4.359452312635343
15471 0.6940608398286201
15669 4.324455470598246
15725 7.1290448755309095
