65
1884 5.845960905003192
1902 4.029806041084529
2450 -0.6108568957036107
3290 6.9985096422506015
3520 2.87137525720551
3738 4.05407066308416
4039 16.66118519277754
4366 1.9878743481543455
4537 3.0588716320484384
4914 1.4339892349279078
5067 2.2278250177849364
5312 8.566124747577206
5316 2.236335707452845
5518 1.5868635903955612
5574 3.4431615807611875
5905 7.134295538566462
5969 6.9985096422506015
5983 1.9878743481543455
6049 2.035665011990694
6729 2.1944885975173447
7104 -1.3269758333025843
7591 2.0426825846493406
7892 4.655316811752874
7917 3.414990703794491
7949 2.5441623459970937
8153 5.679253117781859
8650 6.6192603762733295
8664 2.7938170228596353
8695 5.865253575994063
8784 2.146479378330984
9537 0.6546292081242703
9709 1.082307579643166
9779 7.334894673308349
10294 8.12415060330663
10643 6.305362461690656
10896 11.224430562261421
11137 3.548169210991691
11379 2.0426825846493406
11398 3.009525595686327
11423 4.600614369452231
11459 3.047265923669174
12022 0.8081923650016455
12028 2.591790394986348
12404 1.485080896085619
12407 1.67038967643192
12455 -0.6457759976041206
12707 4.455650035569873
12781 2.498699971920336
13471 2.6040604875781623
13505 3.0666840095262753
13750 2.162227735299123
14111 3.7026727762462723
14200 3.47214911763444
14202 3.666305132075397
14267 -0.7647387866270302
14431 1.034930298632155
14465 5.052599493195288
14477 2.5211728277723946
14590 1.8337236683270872
14908 4.953442130403122
15061 6.9985096422506015
15062 12.610724923381312
15283 4.47267141490569
15332 -4.656935190436861
15728 3.009525595686327
