85
495 2.8396265588909295
1884 1.9486536350010641
1988 4.695924549256556
2166 2.6418008155610093
2217 2.4876501357337513
2434 2.413542163580029
2446 5.065203047192035
2601 3.1066893441399746
3110 2.8876357780772897
3545 3.009525595686327
3635 1.5779746429783155
3658 2.938066631704182
3664 5.389071729816501
3780 2.465910149097345
3785 2.87137525720551
3896 1.403798262648762
3996 9.602570129828763
4333 2.9302403070461622
4366 1.9878743481543455
4405 2.6920409239639014
4481 2.146479378330984
4522 0.2603571476546441
4976 2.288979440938267
5007 16.836645843392134
5611 6.9985096422506015
5630 0.3574615133704861
5770 3.4431615807611875
5920 6.9985096422506015
6068 3.1273086313427103
6447 1.2880826248757316
6468 3.1483620405405426
6548 2.0785287164224764
6620 1.7997441231461808
6754 2.4049037829704587
7104 -1.9904637499538764
7106 6.9985096422506015
7275 5.8998973535824915
7482 1.8055527913603908
7742 5.389071729816501
7986 3.597312260588446
8708 1.4810567457858934
8837 9.50960473728452
9250 8.45184184002164
9345 5.33555260392854
9589 3.9346028577323438
9725 4.600614369452231
9733 1.0850066366123312
9752 3.5327737394508745
9970 0.4837969513780714
10522 2.9911764570181303
10699 4.59605855291637
10880 10.893641436792382
10914 6.818600195406757
10920 2.20271909665386
11110 0.8102455191680114
11165 2.1863252868781835
11287 2.0286963426746007
11299 -2.0847310474637517
11334 3.989126672610284
11344 3.1483620405405426
11386 2.1157077196642304
11696 3.2373095265570386
12022 0.8081923650016455
12122 2.3927825337470767
12292 2.5211728277723946
12377 1.3460204619819507
12383 1.2523064517104479
12455 -0.2152586658680402
12598 2.5098732725184614
12708 3.1916645207566434
12741 4.05407066308416
13206 6.9985096422506015
13401 2.465910149097345
13986 3.47214911763444
14267 -0.7647387866270302
14381 0.2288676653980985
14430 3.3096301881366648
14431 1.034930298632155
14553 4.359452312635343
14876 4.165296298194385
14906 0.4013639403639497
15089 6.669895992241909
15277 6.9985096422506015
15283 2.236335707452845
15332 -4.656935190436861
