192
327 2.20271909665386
432 6.305362461690656
549 4.919068100570765
879 3.666305132075397
1864 3.047265923669174
1902 2.0149030205422647
2240 1.65617539028579
2247 2.219386149139072
2334 0.7939518796819108
2407 2.236335707452845
2450 -1.2217137914072214
2519 1.6902419448493964
2674 1.0272478024601386
2755 3.260840023967233
2787 3.1918471524802814
2920 1.3590830570083334
2924 2.0286963426746007
2959 2.3747372985478017
2963 4.05407066308416
3264 12.610724923381312
3273 4.8012850649143815
3296 3.597312260588446
3449 1.9647049651044954
3578 0.6015799870344548
3635 3.155949285956631
3782 3.7026727762462723
3796 6.9985096422506015
3820 1.7890234894091803
3961 49.95217400588801
3985 2.5098732725184614
3991 2.8088549002241754
3995 5.254456710270345
4070 1.1068654304248302
4081 3.1066893441399746
4147 5.8998973535824915
4214 2.465910149097345
4226 3.3609234825242154
4321 2.8553749158590684
4366 1.9878743481543455
4416 2.727440078162703
4745 22.448861124522843
4876 2.2449194511442365
4976 2.288979440938267
5006 3.086486636822455
5029 3.2373095265570386
5067 2.2278250177849364
5232 3.3096301881366648
5284 7.1290448755309095
5316 4.47267141490569
5339 1.1784267118982394
5400 6.9985096422506015
5431 4.22592092001082
5460 6.9985096422506015
5628 5.389071729816501
5630 0.11915383779016203
5680 1.5913378707904824
5731 2.8876357780772897
5834 3.31235078057158
5999 2.5098732725184614
6049 4.071330023981388
6055 7.559267634764801
6235 1.2270685191205855
6315 4.433560284789064
6467 2.2535775138873513
6548 2.0785287164224764
6657 2.138697237888929
6721 2.383389125409342
6819 1.7153059135126125
6828 7.726030852642903
6856 3.2849375755462935
6908 1.0061308387793944
6970 2.1863252868781835
7104 -3.980927499907753
7197 1.730651483187273
7203 3.1066893441399746
7228 4.359452312635343
7435 3.8204558119026557
7458 3.502002080784121
7459 4.388977195034689
7534 1.242767428663689
7543 4.919068100570765
7688 3.086486636822455
7713 3.1066893441399746
7801 6.9985096422506015
7826 3.1273086313427103
7838 14.75712359820193
7892 1.5517722705842913
8007 1.904759441443839
8199 6.019051191372654
8523 0.7256326357044336
8643 2.001297368486486
8816 1.7255100836868542
8904 2.1863252868781835
8978 1.6140145794615122
9106 2.1700132732246624
9151 2.517433460142734
9443 6.9985096422506015
9508 6.9985096422506015
9531 1.67063347346102
9559 -0.41599471927486964
9589 2.6230685718215625
9707 6.9985096422506015
9708 6.9985096422506015
9727 33.32237038555508
9728 45.00048011665276
9733 1.0850066366123312
9743 11.589046278964354
9817 1.3183370332335338
9818 3.21432000833234
10262 6.9985096422506015
10326 1.5692307766395337
10393 1.9746291214043248
10422 1.4175881426832082
10477 4.05407066308416
10500 36.66305132075397
10749 3.526391240302747
10751 1.5879037593638217
10759 3.0666840095262753
10868 -0.37072214562370276
10886 2.87137525720551
11084 10.778143459633002
11089 1.1549652252192415
11168 1.2781978656431896
11252 3.3096301881366648
11304 1.2054960338664575
11318 3.8630154263214513
11331 8.580918882296782
11334 1.994563336305142
11373 4.919068100570765
11423 4.600614369452231
11524 1.5178707189086098
11570 1.1933746733341126
11582 4.359452312635343
11781 2.591790394986348
11796 7.640911623805311
11825 5.808330160057001
11905 3.2849375755462935
11908 4.604033511674974
11961 3.3096301881366648
11962 9.391849098513111
11969 1.5164675941596633
12014 2.9911764570181303
12033 10.084691311089578
12152 12.610724923381312
12377 1.3460204619819507
12383 2.5046129034208957
12455 -2.3678453245484423
12717 0.5999147077153936
12793 5.74275051441102
12801 3.8218266140364343
12803 10.909760312650812
12805 9.284230428739708
12836 6.9985096422506015
12972 2.8553749158590684
13045 1.886521853894058
13075 3.9539872045271784
13102 2.735829765209286
13189 1.8745456628473423
13208 1.3115342859107813
13272 2.7790019370744945
13346 2.9041650800285006
13362 6.305362461690656
13432 7.559267634764801
13440 1.4770487243883548
13553 -0.37046075994419203
13672 1.5262389685791264
13718 1.3425178314307487
13750 2.162227735299123
13936 3.3349479961209547
14044 1.4611753752320646
14174 1.7945029551738059
14237 -4.88073843812912
14267 -0.3823693933135151
14308 2.0640357091199095
14416 0.7739512129752414
14431 1.034930298632155
14490 3.3096301881366648
14507 1.8510151654371483
14588 2.0785287164224764
14681 4.22592092001082
14682 3.0863770537857995
15278 2.465910149097345
15292 2.211017899468555
15306 0.7199882180847567
15332 -13.970805571310581
15341 0.7959741250626788
15418 2.1233123190494494
15448 4.8012850649143815
15651 1.1377234187847354
15685 1.7432809162728324
15771 0.023095714794649395
15828 2.1862955883920616
