278
4 4.8012850649143815
8 6.9985096422506015
23 6.9985096422506015
42 6.9985096422506015
55 9.391849098513111
512 2.0785287164224764
569 3.0282177286984795
810 2.8396265588909295
1060 0.3108345320827577
1379 0.5370414658968836
1686 1.1549652252192415
1770 4.919068100570765
1848 10.778143459633002
1896 5.350721653924847
1922 1.6952047341915255
1929 2.1081605140288473
1986 4.847597327494437
2038 1.880515829833846
2166 2.6418008155610093
2217 2.4876501357337513
2240 1.65617539028579
2247 2.219386149139072
2357 2.3747372985478017
2421 1.5431885268928998
2450 -0.6108568957036107
2513 3.656051294424899
2521 4.165296298194385
2611 3.260840023967233
2645 2.591790394986348
2653 5.389071729816501
2674 1.0272478024601386
2675 3.6312138122641273
2690 3.1483620405405426
2820 7.333898251950181
2885 12.610724923381312
2904 4.165296298194385
2920 0.6795415285041667
2925 3.4431615807611875
2930 5.206750173022546
2935 0.6320391945191633
2961 6.9985096422506015
2964 1.800870720168722
2975 6.9985096422506015
3046 2.9911764570181303
3105 5.389071729816501
3211 6.9985096422506015
3240 3.5645224377654547
3354 3.2373095265570386
3386 7.887185369350739
3521 5.389071729816501
3578 0.6015799870344548
3593 3.666305132075397
3745 5.8998973535824915
3789 5.612215281130711
3896 2.807596525297524
3987 4.359452312635343
4076 3.4431615807611875
4114 1.3890378470656415
4135 6.9985096422506015
4172 3.414990703794491
4219 1.7567626271909589
4259 3.8630154263214513
4261 2.262311193856106
4333 1.4651201535230811
4335 2.938066631704182
4441 4.05407066308416
4481 2.146479378330984
4616 1.8925641683500207
4794 3.6312138122641273
4846 6.06532769949008
4852 1.258716730071367
4866 2.5211728277723946
4882 2.130975191795019
5055 2.2278250177849364
5154 2.4446327506500602
5273 3.21432000833234
5312 2.8553749158590684
5350 2.955458374416051
5384 4.05407066308416
5489 4.359452312635343
5518 1.5868635903955612
5522 3.8630154263214513
5630 0.11915383779016203
5639 6.9985096422506015
5671 5.612215281130711
5689 5.052599493195288
5770 3.4431615807611875
5834 3.31235078057158
5925 8.867120569578129
5950 4.00277736869661
5964 3.1273086313427103
5989 5.206750173022546
6043 3.182675741580965
6064 4.277394475777858
6250 1.7727629685373998
6402 1.4112609838503516
6433 0.5154022907934025
6482 4.22592092001082
6530 3.3609234825242154
6605 10.413500346045092
6618 2.0568672196412967
6620 2.9995735385769677
6633 2.8088549002241754
6698 5.206750173022546
6729 2.1944885975173447
6832 5.206750173022546
6908 0.33537694625979814
7055 4.290459441148391
7104 -4.644415416559045
7264 7.194624521176892
7396 10.413500346045092
7397 8.614125771616528
7401 3.773043707788116
7448 4.695924549256556
7482 1.8055527913603908
7497 0.7014003223166658
7578 3.129223676165511
7699 3.7796338173824005
7722 3.5327737394508745
7830 5.389071729816501
7859 5.206750173022546
7892 1.5517722705842913
7932 1.8745456628473423
7941 3.740413104229119
7954 4.22592092001082
7965 3.773043707788116
8043 1.730651483187273
8082 3.47214911763444
8168 5.923887364212974
8169 2.7218435232345457
8673 7.480826208458238
8708 2.962113491571787
8710 0.551203779709388
8731 4.0573926853492015
8736 1.1933746733341126
8822 2.2800107709555064
8837 3.1698682457615064
8856 4.632756830252763
8886 1.3081501879265407
8899 11.799794707164983
8979 1.7890234894091803
9035 6.9985096422506015
9039 5.8998973535824915
9041 5.389071729816501
9151 1.258716730071367
9170 0.6116303228879563
9278 4.359452312635343
9345 2.66777630196427
9531 1.67063347346102
9537 0.6546292081242703
9554 5.086647578653616
9588 4.359452312635343
9709 1.082307579643166
9711 1.8686109273275278
9729 17.91813727581886
9733 3.2550199098369936
9734 6.9985096422506015
9752 3.5327737394508745
9817 1.3183370332335338
9954 4.22592092001082
10006 2.6944445490464313
10030 2.413542163580029
10114 1.3014161557451966
10325 1.8925641683500207
10326 1.0461538510930224
10329 -0.630272087128793
10393 1.9746291214043248
10460 5.612215281130711
10522 2.9911764570181303
10561 1.6003469407328483
10646 3.9539872045271784
10691 3.414990703794491
10694 6.9985096422506015
10698 7.726030852642903
10717 6.305362461690656
10734 2.735829765209286
10818 4.359452312635343
10868 -0.18536107281185138
10874 4.359452312635343
10897 4.00277736869661
10914 8.18232023448811
10920 4.40543819330772
10962 2.6290617897835795
11001 5.612215281130711
11023 1.2880826248757316
11037 4.05407066308416
11042 4.433560284789064
11102 0.6652300141109108
11114 3.047265923669174
11131 8.867120569578129
11139 2.87137525720551
11151 6.305362461690656
11212 3.9539872045271784
11218 1.144042369585821
11299 -1.5635482855978138
11312 3.3096301881366648
11375 2.681021528714291
11386 2.1157077196642304
11450 2.262311193856106
11661 4.600614369452231
11704 3.1483620405405426
11836 2.37353682896633
11934 4.05407066308416
11969 0.7582337970798316
12016 6.9985096422506015
12023 3.6312138122641273
12040 3.5645224377654547
12060 1.5220460903190904
12066 3.7796338173824005
12122 1.1963912668735384
12129 3.3349479961209547
12341 2.8088549002241754
12377 1.3460204619819507
12380 3.2849375755462935
12404 1.485080896085619
12455 -0.2152586658680402
12474 4.919068100570765
12546 4.359452312635343
12578 2.4237986637472186
12674 1.5779746429783155
12707 6.683475053354809
12752 4.919068100570765
12797 5.443687046469091
12823 1.034930298632155
12833 0.9630282097258448
12870 4.919068100570765
13001 1.4730567031188173
13080 0.8123010183501074
13244 4.919068100570765
13354 1.8280256472124494
13385 4.00277736869661
13412 2.5098732725184614
13460 2.955458374416051
13473 8.00555473739322
13475 3.8204558119026557
13508 1.7255100836868542
13565 1.9878743481543455
13613 1.8111238364098463
13622 6.9985096422506015
13718 2.6850356628614973
13846 3.3096301881366648
13867 1.087712998210074
13976 12.32441365306331
13979 3.666305132075397
14136 1.4810567457858934
14237 -2.7889933932166397
14260 4.165296298194385
14267 -0.3823693933135151
14381 0.457735330796197
14463 1.67063347346102
14482 4.22592092001082
14498 3.0282177286984795
14507 1.8510151654371483
14522 3.8630154263214513
14578 6.9985096422506015
14656 2.2811529755342836
14671 10.413500346045092
14819 4.919068100570765
14876 4.165296298194385
15040 6.305362461690656
15195 3.0282177286984795
15197 3.5327737394508745
15209 2.579669034454003
15279 3.21432000833234
15332 -7.761558650728101
15338 4.290459441148391
15363 2.555858385760285
15461 4.290459441148391
15471 0.6940608398286201
15565 5.612215281130711
15601 6.9985096422506015
15613 4.108137884354437
15655 3.9539872045271784
15685 0.8716404581364162
15728 3.009525595686327
15771 0.023095714794649395
15805 2.008077055471865
15866 6.9985096422506015
