240
389 1.6419233675785887
459 4.8012850649143815
469 4.8012850649143815
583 2.9041650800285006
657 2.0640357091199095
1060 0.1865007192496546
1062 5.183580789972696
1356 2.363780654020965
1390 6.521680047934466
1397 6.9985096422506015
1741 4.919068100570765
1860 5.206750173022546
1876 3.502002080784121
1881 5.612215281130711
1882 16.836645843392134
1883 6.305362461690656
1889 6.829981407588982
1896 1.7835738846416156
1938 2.66777630196427
1945 5.052599493195288
1986 2.4237986637472186
1997 3.009525595686327
1999 3.5327737394508745
2049 2.37353682896633
2064 1.5647876386963615
2293 6.305362461690656
2356 2.681021528714291
2357 1.1873686492739008
2421 1.5431885268928998
2484 1.3149298749119196
2538 1.422560539104285
2594 14.258089751061819
2597 2.1157077196642304
2638 2.130975191795019
2640 2.735829765209286
2652 12.32441365306331
2690 3.1483620405405426
2935 0.6320391945191633
2997 6.094531847338348
3230 2.8876357780772897
3247 13.801843108356692
3578 1.2031599740689096
3696 4.695924549256556
3700 1.2947271675944
3908 4.433560284789064
4021 3.010896397820105
4053 -0.5980806016728742
4056 2.938066631704182
4214 2.465910149097345
4258 3.3096301881366648
4270 3.5327737394508745
4284 3.9074671888922854
4302 1.8000126109847754
4326 3.9539872045271784
4366 1.9878743481543455
4549 2.6418008155610093
4750 0.33155284982139466
4871 2.4876501357337513
4875 6.9985096422506015
4878 1.3672978604292356
4948 6.305362461690656
4989 6.677745810573277
5116 1.961557039836972
5119 2.3933394562625097
5120 3.8630154263214513
5258 5.052599493195288
5316 6.7090071223585355
5331 3.2373095265570386
5396 8.10814132616832
5484 0.9464204733261844
5491 3.597312260588446
5518 3.1737271807911225
5555 2.4033897921160112
5570 3.6312138122641273
5680 4.774013612371447
5768 6.9985096422506015
5839 2.579669034454003
5981 8.566124747577206
6169 2.4033897921160112
6374 4.600614369452231
6402 1.4112609838503516
6447 1.2880826248757316
6548 2.0785287164224764
6567 2.579669034454003
6668 6.9985096422506015
6729 4.388977195034689
6743 6.9985096422506015
6776 1.942263836902293
6786 3.7026727762462723
6898 2.162227735299123
6953 2.681021528714291
7042 3.8630154263214513
7104 -1.3269758333025843
7170 1.6186122887101415
7192 2.1944885975173447
7295 3.7026727762462723
7302 6.9985096422506015
7311 2.236335707452845
7482 1.8055527913603908
7578 1.5646118380827554
7597 2.1863252868781835
7622 5.528806275306684
7692 2.2449194511442365
7764 1.7052048175261088
7826 3.1273086313427103
7892 1.5517722705842913
7949 5.088324691994187
7991 1.3149298749119196
7995 22.568014962313004
8603 47.1950538526323
8643 2.001297368486486
8683 1.6803896484063847
8708 1.4810567457858934
8712 3.3349479961209547
8723 1.5262389685791264
8788 2.146479378330984
8870 3.7026727762462723
8920 4.433560284789064
8978 1.6140145794615122
9170 0.6116303228879563
9285 3.047265923669174
9481 1.7727629685373998
9498 5.206750173022546
9602 4.560021541911013
9733 1.0850066366123312
9779 1.8337236683270872
9970 0.9675939027561428
9978 4.05407066308416
10055 3.009525595686327
10122 6.9985096422506015
10158 6.9985096422506015
10196 2.5211728277723946
10202 2.591790394986348
10217 2.15432255579201
10223 4.05407066308416
10231 3.2373095265570386
10302 2.6290617897835795
10323 4.108137884354437
10325 1.8925641683500207
10329 -1.4706348699671836
10386 6.305362461690656
10422 0.7087940713416041
10473 1.7781538171722764
10726 6.9985096422506015
10868 -0.37072214562370276
11032 1.087712998210074
11069 5.389071729816501
11085 5.8998973535824915
11089 1.1549652252192415
11091 5.612215281130711
11099 5.612215281130711
11101 5.052599493195288
11109 5.8998973535824915
11110 0.8102455191680114
11182 6.9985096422506015
11287 2.0286963426746007
11299 -3.1270965711956276
11305 2.0640357091199095
11322 3.4431615807611875
11353 2.8088549002241754
11379 6.128047753948022
11597 3.0666840095262753
11778 2.8553749158590684
11800 5.052599493195288
11816 1.9296054400303697
11960 4.695924549256556
11961 6.6192603762733295
12014 2.9911764570181303
12022 0.40409618250082274
12078 1.3637200390813515
12081 2.363780654020965
12094 6.9985096422506015
12216 2.87137525720551
12377 1.3460204619819507
12407 0.83519483821596
12455 -0.4305173317360804
12513 3.740413104229119
12670 5.8998973535824915
12714 7.559267634764801
12715 5.206750173022546
12717 0.5999147077153936
12783 1.8986432144264027
12790 1.5095719160939147
12834 5.389071729816501
12862 22.448861124522843
12984 6.305362461690656
13029 1.6609715625492831
13078 4.919068100570765
13080 0.8123010183501074
13107 5.052599493195288
13208 1.3115342859107813
13215 6.9985096422506015
13273 3.3096301881366648
13349 6.9985096422506015
13359 2.6290617897835795
13384 4.113734439282593
13401 14.795460894584071
13403 3.502002080784121
13438 2.555858385760285
13494 3.21432000833234
13501 2.5211728277723946
13553 -2.593225319609344
13632 5.8998973535824915
13681 2.498699971920336
13746 6.9985096422506015
13791 3.047265923669174
13843 2.1782280766455644
14008 4.002594736972972
14044 1.4611753752320646
14085 3.1698682457615064
14135 2.3541187431092285
14212 14.403855194743144
14226 11.799794707164983
14267 -1.1471081799405454
14315 3.009525595686327
14345 3.9539872045271784
14381 0.457735330796197
14463 1.67063347346102
14516 4.356456153291129
14543 5.206750173022546
14547 22.44247862537471
14548 6.9985096422506015
14877 6.9985096422506015
14906 0.4013639403639497
14908 2.476721065201561
14928 5.389071729816501
15164 4.00277736869661
15202 3.287628926547705
15207 1.9486536350010641
15250 3.7796338173824005
15327 6.9985096422506015
15332 -20.18005249189306
15348 2.10066984229969
15406 6.9985096422506015
15551 3.4736039546316086
15672 0.7275212103923018
15681 6.9985096422506015
15700 8.45184184002164
15731 2.9911764570181303
15771 0.04619142958929879
