66
29 6.305362461690656
421 6.305362461690656
528 4.513602992462601
1902 4.029806041084529
1923 2.211017899468555
2240 1.65617539028579
2494 7.814934377784571
2645 5.183580789972696
2690 3.1483620405405426
2940 1.6278716141229383
3520 2.87137525720551
4070 2.2137308608496604
4537 3.0588716320484384
4765 1.4150133334689021
4914 4.301967704783723
4947 3.414990703794491
5046 2.236335707452845
5574 6.886323161522375
6228 1.2947271675944
6583 0.8629447511688624
6908 0.33537694625979814
7104 -2.6539516666051686
7238 4.695924549256556
7767 3.414990703794491
7864 3.502002080784121
7892 3.1035445411685827
7917 3.414990703794491
8153 5.679253117781859
8650 6.6192603762733295
8695 1.9550845253313545
9306 3.8630154263214513
9537 0.6546292081242703
9554 1.271661894663404
9779 3.6674473366541744
10294 2.70805020110221
10307 2.5676928434072877
10658 2.9041650800285006
11137 4.435211513739613
11211 6.9985096422506015
11296 5.528806275306684
11305 2.0640357091199095
11347 0.8373023205555247
11443 9.782520071901699
11481 1.6186122887101415
11484 3.6312138122641273
12022 0.40409618250082274
12051 3.5645224377654547
12407 2.5055845146478797
12455 -0.6457759976041206
12707 4.455650035569873
12790 1.5095719160939147
13080 0.8123010183501074
13288 4.05407066308416
13439 3.7796338173824005
13471 2.6040604875781623
13588 3.5327737394508745
13891 0.6065925288579992
14463 1.67063347346102
14477 2.5211728277723946
14590 3.6674473366541744
15060 12.610724923381312
15153 3.1483620405405426
15283 2.236335707452845
15332 -3.1046234602912404
15468 1.1549652252192415
15471 0.6940608398286201
