122
1012 5.052599493195288
1884 1.9486536350010641
1957 1.8223599096767722
1988 4.695924549256556
2166 2.6418008155610093
2269 1.8686109273275278
2334 0.7939518796819108
2351 1.5647876386963615
2446 5.065203047192035
3394 3.047265923669174
3664 5.389071729816501
3939 4.359452312635343
3989 5.389071729816501
4222 2.3256808077886952
4333 1.4651201535230811
4334 3.1698682457615064
4381 2.0149030205422647
4481 2.146479378330984
4507 2.298029276458185
4964 1.127926246926296
5000 5.052599493195288
5007 5.612215281130711
5093 4.8012850649143815
5112 5.206750173022546
5116 1.961557039836972
5316 4.47267141490569
5555 2.4033897921160112
5572 3.47214911763444
5630 0.23830767558032406
5635 2.20271909665386
5918 5.052599493195288
5983 1.9878743481543455
5999 5.019746545036923
6068 6.254617262685421
6548 4.157057432844953
6555 2.9911764570181303
6620 2.3996588308615743
6702 3.0282177286984795
6754 1.2024518914852294
6908 1.3415077850391925
7006 4.05407066308416
7019 2.130975191795019
7104 -2.6539516666051686
7275 11.799794707164983
7286 2.822521967700703
7397 2.87137525720551
7622 5.528806275306684
7799 4.108137884354437
7845 2.4237986637472186
7854 3.3609234825242154
7949 2.5441623459970937
7965 1.886521853894058
7986 3.597312260588446
8032 0.5108256237659907
8043 1.730651483187273
8096 1.4533321977710387
8168 1.9746291214043248
8306 3.7026727762462723
8307 4.433560284789064
8337 1.9550845253313545
8690 2.7938170228596353
8708 1.4810567457858934
8710 0.551203779709388
8712 3.3349479961209547
9161 4.600614369452231
9170 0.6116303228879563
9384 1.3355491621146554
9589 3.9346028577323438
9725 9.201228738904462
9752 3.5327737394508745
9970 1.4513908541342142
10307 2.5676928434072877
10447 0.6099482367049713
10699 13.78817565874911
10751 0.7939518796819108
10754 3.1698682457615064
10868 -0.18536107281185138
10880 3.6312138122641273
10914 6.818600195406757
10920 2.20271909665386
11089 1.1549652252192415
11106 2.021775899830027
11218 0.5720211847929105
11296 2.764403137653342
11299 -4.169462094927503
11304 1.2054960338664575
11334 1.994563336305142
11386 2.1157077196642304
11444 2.434161450782765
11481 1.6186122887101415
11831 3.597312260588446
11889 8.337005811223484
12014 2.9911764570181303
12060 1.5220460903190904
12070 5.74275051441102
12578 2.4237986637472186
12708 1.5958322603783217
12717 0.5999147077153936
12741 4.05407066308416
12823 1.034930298632155
12826 2.5238746895428186
13001 1.4730567031188173
13064 6.9985096422506015
13390 2.236335707452845
13553 -1.111382279832576
13613 1.8111238364098463
13722 3.5327737394508745
13891 1.8197775865739976
14237 -1.3944966966083199
14906 1.6054557614557987
15079 3.666305132075397
15089 3.3349479961209547
15112 4.8012850649143815
15209 2.579669034454003
15279 3.21432000833234
15288 3.21432000833234
15306 0.7199882180847567
15317 3.0666840095262753
15332 -6.209246920582481
15570 2.7218435232345457
15672 1.4550424207846036
15771 0.023095714794649395
