203
194 0.7699986386594181
344 2.7790019370744945
583 2.9041650800285006
646 2.219386149139072
1117 6.305362461690656
1356 2.363780654020965
1379 0.5370414658968836
1507 3.8630154263214513
1757 3.9539872045271784
1782 2.7218435232345457
1839 2.093234863812172
1896 1.7835738846416156
1929 2.1081605140288473
2166 2.6418008155610093
2201 2.035665011990694
2224 1.981229805435677
2271 0.34178311807220957
2351 1.5647876386963615
2421 1.5431885268928998
2446 2.5326015235960173
2513 1.8280256472124494
2519 1.6902419448493964
2534 3.2373095265570386
2538 1.422560539104285
2577 3.5327737394508745
2611 6.521680047934466
2675 3.6312138122641273
2837 3.086486636822455
2935 0.6320391945191633
2964 0.900435360084361
3046 5.982352914036261
3354 3.2373095265570386
3386 2.6290617897835795
3394 3.047265923669174
3446 5.052599493195288
3545 6.019051191372654
3578 0.6015799870344548
3614 1.4378280112350734
3690 2.9945028634117485
3896 7.018991313243809
3903 4.433560284789064
4208 1.5220460903190904
4223 2.1863252868781835
4333 2.9302403070461622
4334 3.1698682457615064
4335 2.938066631704182
4405 1.3460204619819507
4481 2.146479378330984
4522 0.5207142953092883
4531 8.043064586142872
4750 0.994658549464184
4866 2.5211728277723946
4882 2.130975191795019
4899 3.0666840095262753
4956 2.413542163580029
5003 11.224430562261421
5046 2.236335707452845
5208 2.5676928434072877
5484 0.9464204733261844
5620 3.8204558119026557
5630 0.11915383779016203
5830 4.05407066308416
5856 5.052599493195288
5900 2.8553749158590684
5925 4.433560284789064
5964 3.1273086313427103
5966 3.4431615807611875
6064 4.277394475777858
6078 5.11171677152057
6133 4.359452312635343
6153 4.600614369452231
6164 2.6290617897835795
6235 1.2270685191205855
6402 1.4112609838503516
6433 1.030804581586805
6618 2.0568672196412967
6620 5.9991470771539355
6650 6.9985096422506015
6718 3.9539872045271784
6729 2.1944885975173447
6754 1.2024518914852294
6856 3.2849375755462935
6908 1.6768847312989907
7104 -0.6634879166512921
7299 2.8553749158590684
7397 2.87137525720551
7421 3.2373095265570386
7699 3.7796338173824005
7808 2.8396265588909295
7845 2.4237986637472186
7887 2.973157951515452
7932 1.8745456628473423
7935 2.335070548138534
7953 4.165296298194385
7965 1.886521853894058
7986 3.597312260588446
8003 4.108137884354437
8032 0.5108256237659907
8168 1.9746291214043248
8447 3.9074671888922854
8673 3.740413104229119
8714 4.22592092001082
8736 1.1933746733341126
8788 2.146479378330984
8870 3.7026727762462723
8886 1.3081501879265407
9151 1.258716730071367
9343 3.8630154263214513
9365 1.4972514317058743
9393 1.060973437168175
9478 5.612215281130711
9537 1.3092584162485406
9589 2.6230685718215625
9602 2.2800107709555064
9698 1.9878743481543455
9711 1.8686109273275278
9729 22.397671594773573
9733 1.0850066366123312
9752 3.5327737394508745
9954 4.22592092001082
9970 0.4837969513780714
10302 2.6290617897835795
10306 2.15432255579201
10325 1.8925641683500207
10326 1.0461538510930224
10329 -0.21009069570959765
10422 0.7087940713416041
10447 0.6099482367049713
10456 5.710749831718137
10487 3.962459610871354
10522 2.9911764570181303
10672 10.244972111383474
10691 10.244972111383474
10693 6.9985096422506015
10699 6.894087829374555
10838 4.600614369452231
10911 3.6312138122641273
10914 2.727440078162703
10962 7.887185369350739
11102 0.6652300141109108
11165 2.1863252868781835
11218 1.144042369585821
11299 -2.6059138093296896
11334 3.989126672610284
11419 3.1273086313427103
11450 2.262311193856106
11502 6.9985096422506015
11717 2.938066631704182
11809 8.33059259638877
11881 2.70805020110221
11900 2.049749751872433
12009 3.502002080784121
12014 2.9911764570181303
12017 8.33059259638877
12040 3.5645224377654547
12060 6.088184361276362
12122 2.3927825337470767
12377 1.3460204619819507
12455 -0.2152586658680402
12465 49.64445282204997
12578 2.4237986637472186
12752 4.919068100570765
12796 2.9209721983448818
12824 4.919068100570765
12833 0.9630282097258448
12853 1.152070867192877
12870 4.919068100570765
13046 3.47214911763444
13080 0.8123010183501074
13471 5.208120975156325
13473 4.00277736869661
13508 1.7255100836868542
13553 -0.37046075994419203
13613 3.6222476728196926
13985 5.8998973535824915
13986 3.47214911763444
14073 4.8012850649143815
14135 2.3541187431092285
14200 3.47214911763444
14202 7.332610264150794
14229 6.305362461690656
14267 -0.3823693933135151
14313 1.6466515087745348
14315 3.009525595686327
14381 0.2288676653980985
14486 2.6164830075767194
14522 3.8630154263214513
14612 2.1863252868781835
14830 2.7790019370744945
14876 4.165296298194385
15089 3.3349479961209547
15113 3.7796338173824005
15195 3.0282177286984795
15197 3.5327737394508745
15279 3.21432000833234
15332 -7.761558650728101
15348 2.10066984229969
15397 2.001297368486486
15461 4.290459441148391
15468 1.1549652252192415
15471 2.08218251948586
15472 2.735829765209286
15575 4.108137884354437
