36
12 4.8012850649143815
14 6.305362461690656
27 5.8998973535824915
389 1.6419233675785887
710 2.8553749158590684
2538 1.422560539104285
3215 0.589980851191103
4158 0.061200880897434085
4333 1.4651201535230811
4487 3.1066893441399746
4765 1.4150133334689021
5040 1.4378280112350734
5465 3.3349479961209547
5518 1.5868635903955612
5852 2.4876501357337513
6219 2.298029276458185
6302 4.165296298194385
7104 -0.6634879166512921
7906 1.4339892349279078
8439 0.4690908039883759
8880 1.67063347346102
9554 3.814985683990212
9644 4.359452312635343
9711 1.8686109273275278
9990 1.1343571206342449
10307 2.5676928434072877
11524 1.5178707189086098
12006 5.910916748832102
12139 4.00277736869661
12460 0.7332084295128914
13845 2.001297368486486
14308 2.0640357091199095
15057 1.152070867192877
15332 -3.1046234602912404
15471 0.6940608398286201
15783 0.48083836933832624
