128
209 6.800769102810258
302 1.7153059135126125
327 2.20271909665386
486 2.70805020110221
866 4.40543819330772
867 7.2406264907400875
868 2.0286963426746007
1060 0.06216690641655154
1379 1.6111243976906509
1381 2.6547042203969173
1750 1.1068654304248302
1757 3.9539872045271784
1782 2.7218435232345457
1839 2.093234863812172
2033 8.426518316044069
2240 1.65617539028579
2247 2.219386149139072
2320 2.973157951515452
2450 -1.2217137914072214
2603 3.3609234825242154
2669 1.8223599096767722
2913 10.322369898120504
2940 1.6278716141229383
3048 2.5098732725184614
3788 5.500028800402484
3807 2.3256808077886952
3812 2.2535775138873513
3814 2.236335707452845
4049 6.305362461690656
4208 1.5220460903190904
4255 6.305362461690656
4640 5.389071729816501
4686 8.216275768708874
4866 2.5211728277723946
5119 2.3933394562625097
5243 3.6312138122641273
5331 6.474619053114077
5752 3.9539872045271784
5839 2.579669034454003
5889 2.4033897921160112
5936 6.305362461690656
5973 1.4770487243883548
6043 1.5913378707904824
6147 4.00277736869661
6283 3.5327737394508745
6567 2.579669034454003
6583 0.8629447511688624
6941 2.1782280766455644
7025 1.0095482253607377
7092 4.165296298194385
7104 -0.6634879166512921
7497 0.7014003223166658
7534 1.242767428663689
7772 4.165296298194385
8342 3.1066893441399746
8546 18.513363881231363
8850 1.7153059135126125
8900 4.513602992462601
8975 2.3933394562625097
8977 7.887185369350739
9096 4.359452312635343
9195 3.7026727762462723
9278 8.718904625270685
9282 4.359996593313117
9573 3.3096301881366648
10198 3.8204558119026557
10221 2.434161450782765
10375 3.9539872045271784
10422 0.7087940713416041
10431 1.4437323058179135
10435 11.799794707164983
10770 2.4876501357337513
10929 3.1066893441399746
11023 1.2880826248757316
11027 2.556395731286379
11046 9.573357825050039
11089 2.309930450438483
11165 2.1863252868781835
11320 2.764403137653342
11524 1.5178707189086098
11625 1.457246097092175
11634 3.3096301881366648
11707 6.474619053114077
11769 3.2933030175490696
11784 3.47214911763444
11836 2.37353682896633
11975 2.9209721983448818
12190 5.8998973535824915
12407 0.83519483821596
12451 21.032494318268636
12499 24.98234005892087
12553 2.1431672325603808
12598 2.5098732725184614
12678 6.305362461690656
12723 2.288979440938267
12761 9.027205984925201
12767 7.964112661190752
12797 2.7218435232345457
12833 0.9630282097258448
13080 0.8123010183501074
13125 3.3096301881366648
13153 2.2278250177849364
13216 3.6312138122641273
13314 2.0286963426746007
13538 3.414990703794491
13613 1.8111238364098463
14165 2.8088549002241754
14267 -1.1471081799405454
14403 2.4446327506500602
14450 4.165296298194385
14463 1.67063347346102
14464 6.9985096422506015
14501 8.745301147512734
14618 4.22592092001082
14770 6.9985096422506015
14830 2.7790019370744945
15155 0.6904112007410705
15239 6.9985096422506015
15332 -9.313870380873722
15471 0.6940608398286201
15594 6.305362461690656
15595 6.660414770690846
15604 2.1233123190494494
15651 5.688617093923677
15685 0.8716404581364162
15771 0.06928714438394819
15796 3.666305132075397
15814 2.262311193856106
