34
12 4.8012850649143815
27 5.8998973535824915
2538 1.422560539104285
2631 0.21292199724267172
3223 2.5211728277723946
3690 1.4972514317058743
4158 0.030600440448717042
4487 9.320068032419924
4750 0.33155284982139466
4765 1.4150133334689021
5316 2.236335707452845
5809 2.363780654020965
5852 2.4876501357337513
6697 4.22592092001082
7487 1.8167260919585162
7813 1.0145733615634107
9486 5.8998973535824915
9554 2.543323789326808
9644 4.359452312635343
9986 2.0568672196412967
9990 0.5671785603171224
10329 -0.4201813914191953
10491 3.086486636822455
12006 2.955458374416051
12014 2.9911764570181303
12383 1.2523064517104479
12455 -0.4305173317360804
12598 2.5098732725184614
12946 1.1865623684395195
13845 2.001297368486486
14153 2.4876501357337513
15057 1.152070867192877
15453 2.236335707452845
15783 0.48083836933832624
