171
209 1.7001922757025645
302 1.7153059135126125
389 1.6419233675785887
492 3.3609234825242154
495 2.8396265588909295
500 2.1701959049483
530 2.66777630196427
646 2.219386149139072
810 2.8396265588909295
879 3.666305132075397
1094 2.335070548138534
1390 3.260840023967233
1690 2.455214859980597
1750 1.1068654304248302
1860 5.206750173022546
1902 2.0149030205422647
1922 5.085614202574576
1924 2.288979440938267
2009 2.413542163580029
2019 2.344549292093078
2242 3.9539872045271784
2271 0.34178311807220957
2334 0.7939518796819108
2357 1.1873686492739008
2450 -2.4434275828144427
2484 1.3149298749119196
2631 0.21292199724267172
2674 1.0272478024601386
2920 2.0386245855125003
2935 0.6320391945191633
2964 0.900435360084361
3068 5.384081847927803
3120 1.6048820958982397
3150 3.5327737394508745
3165 3.7796338173824005
3215 2.949904255955515
3578 1.2031599740689096
3635 1.5779746429783155
3700 9.0630901731608
3737 1.8055527913603908
3774 1.7255100836868542
3782 3.7026727762462723
3840 2.5961321377198296
4158 0.030600440448717042
4286 4.261950383590038
4375 3.5645224377654547
4405 1.3460204619819507
4425 1.249116656342348
4537 1.0196238773494795
4586 3.009525595686327
4616 3.7851283367000415
4852 5.034866920285468
4878 1.3672978604292356
4912 5.788816320091109
4914 1.4339892349279078
5040 1.4378280112350734
5119 2.3933394562625097
5120 3.8630154263214513
5273 3.21432000833234
5436 2.8876357780772897
5518 1.5868635903955612
5539 1.7153059135126125
5554 2.1081605140288473
5680 4.774013612371447
5954 14.403855194743144
5973 1.4770487243883548
5993 0.8521803845817039
6003 3.3609234825242154
6043 1.5913378707904824
6049 2.035665011990694
6055 3.7796338173824005
6151 5.630090646958978
6235 1.2270685191205855
6618 2.0568672196412967
6782 6.9985096422506015
6834 3.4431615807611875
6887 1.152070867192877
7025 1.0095482253607377
7028 2.764403137653342
7104 -1.3269758333025843
7230 5.206750173022546
7311 2.236335707452845
7344 1.6325336272287498
7459 2.1944885975173447
7742 5.389071729816501
7813 1.0145733615634107
7845 2.4237986637472186
7846 5.443687046469091
7904 2.211017899468555
7906 1.4339892349279078
8032 1.5324768712979722
8043 12.114560382310911
8155 3.1066893441399746
8242 2.035665011990694
8301 7.2406264907400875
8331 28.019441580876272
8335 26.03375086511273
8439 0.9381816079767518
8582 5.512435106133805
8617 5.206750173022546
8643 8.005189473945943
8648 4.86832290156553
8695 9.775422626656772
8723 1.5262389685791264
8769 4.433560284789064
8886 1.3081501879265407
9122 4.123476408189788
9168 12.495888894583157
9170 1.8348909686638688
9393 1.060973437168175
9733 3.2550199098369936
9970 0.4837969513780714
10008 2.0568672196412967
10258 1.8000126109847754
10287 3.009525595686327
10307 2.5676928434072877
10487 1.981229805435677
10503 2.413542163580029
10753 2.7790019370744945
10854 14.52485524905651
10868 -0.7414442912474055
10886 2.87137525720551
10906 2.035665011990694
10936 3.9074671888922854
10979 3.1066893441399746
11032 1.087712998210074
11062 3.6312138122641273
11131 17.734241139156257
11261 5.8998973535824915
11444 4.86832290156553
11445 11.221239312687356
11481 1.6186122887101415
11570 1.1933746733341126
11790 2.2449194511442365
11967 4.290459441148391
11969 0.7582337970798316
11984 2.4237986637472186
12043 4.997399943840672
12292 2.5211728277723946
12455 -0.6457759976041206
12510 12.16221198925248
12598 2.5098732725184614
12648 12.32441365306331
12723 4.577958881876534
12741 8.10814132616832
12789 4.695924549256556
12823 1.034930298632155
12826 1.2619373447714093
12833 0.9630282097258448
12897 6.9985096422506015
13029 3.3219431250985663
13547 3.2006938814656967
13609 4.22592092001082
13930 2.7203099458337108
14194 3.7026727762462723
14195 10.668922903033659
14237 -0.6972483483041599
14267 -0.3823693933135151
14308 2.0640357091199095
14309 1.5137127087599462
14516 2.1782280766455644
14567 6.9985096422506015
14588 2.0785287164224764
14590 18.337236683270874
14906 0.4013639403639497
15209 5.159338068908006
15332 -4.656935190436861
15685 0.8716404581364162
15771 0.023095714794649395
15783 0.48083836933832624
15805 8.03230822188746
