356
110 6.9985096422506015
157 5.052599493195288
356 2.591790394986348
405 4.8012850649143815
583 5.808330160057001
592 2.4446327506500602
862 2.344549292093078
1037 5.389071729816501
1060 0.24866762566620615
1195 5.8998973535824915
1248 6.9985096422506015
1283 5.8998973535824915
1381 2.6547042203969173
1426 5.8998973535824915
1686 1.1549652252192415
1839 2.093234863812172
1893 1.7567626271909589
1924 2.288979440938267
1960 3.1483620405405426
2051 2.66777630196427
2064 1.5647876386963615
2075 6.9985096422506015
2077 3.3875917296063767
2162 9.50960473728452
2167 2.66777630196427
2174 5.206750173022546
2224 3.962459610871354
2240 1.65617539028579
2302 3.009525595686327
2334 1.5879037593638217
2352 6.9985096422506015
2380 3.7796338173824005
2406 2.9209721983448818
2450 -2.4434275828144427
2513 1.8280256472124494
2519 1.6902419448493964
2603 3.3609234825242154
2639 2.6040604875781623
2670 5.612215281130711
2810 3.597312260588446
2812 3.9539872045271784
2893 2.5098732725184614
2920 2.0386245855125003
2924 2.0286963426746007
2959 2.3747372985478017
2964 0.900435360084361
2983 6.9985096422506015
3048 2.5098732725184614
3090 3.047265923669174
3215 0.589980851191103
3249 5.500028800402484
3267 6.9985096422506015
3329 1.981229805435677
3340 5.8998973535824915
3407 2.085854756514549
3471 4.8012850649143815
3578 1.2031599740689096
3598 2.3332543299341686
3691 3.7026727762462723
3707 6.9985096422506015
3729 6.9985096422506015
3812 2.2535775138873513
3840 1.2980660688599148
4110 16.58641882592005
4172 3.414990703794491
4188 4.359452312635343
4230 2.0149030205422647
4366 1.9878743481543455
4380 5.389071729816501
4416 2.727440078162703
4437 2.4033897921160112
4522 0.2603571476546441
4563 4.695924549256556
4586 3.009525595686327
4620 4.165296298194385
4621 2.7218435232345457
4625 3.6904360955056443
4651 3.8630154263214513
4846 2.021775899830027
4865 6.056435457396959
4871 2.4876501357337513
4906 3.9074671888922854
4912 1.9296054400303697
4938 3.4431615807611875
4956 2.413542163580029
4963 2.3933394562625097
4964 1.6918893703894442
5033 2.1233123190494494
5151 2.555858385760285
5230 4.695924549256556
5274 6.9985096422506015
5280 4.919068100570765
5283 3.2849375755462935
5293 30.98845422685069
5294 6.9985096422506015
5318 3.1066893441399746
5347 4.600614369452231
5407 6.305362461690656
5510 4.108137884354437
5590 1.4533321977710387
5630 0.3574615133704861
5642 5.389071729816501
5666 3.47214911763444
5687 4.157057432844953
5730 4.108137884354437
5731 2.8876357780772897
5781 6.305362461690656
5788 6.305362461690656
5848 4.108137884354437
5872 2.5441623459970937
5874 2.579669034454003
5889 2.4033897921160112
5899 4.695924549256556
5909 6.305362461690656
5965 3.740413104229119
5973 5.908194897553419
5991 5.052599493195288
5993 0.8521803845817039
6016 4.359452312635343
6049 4.071330023981388
6064 2.138697237888929
6078 5.11171677152057
6140 2.211017899468555
6151 4.222567985219234
6218 4.00277736869661
6225 4.919068100570765
6386 6.9985096422506015
6433 2.5770114539670126
6447 2.576165249751463
6468 3.1483620405405426
6587 4.00277736869661
6622 2.579669034454003
6631 4.359452312635343
6675 2.5098732725184614
6688 1.8925641683500207
6908 1.6768847312989907
6983 3.414990703794491
7054 3.8630154263214513
7104 -3.980927499907753
7121 6.9985096422506015
7379 4.22592092001082
7396 5.206750173022546
7459 2.1944885975173447
7462 1.942263836902293
7527 2.681021528714291
7591 4.085365169298681
7718 5.8998973535824915
7772 4.165296298194385
7813 2.0291467231268214
7827 3.414990703794491
7835 5.612215281130711
7838 4.216321028057695
7882 4.359452312635343
7887 2.973157951515452
7969 7.065547478901749
8167 3.6312138122641273
8242 2.035665011990694
8245 6.305362461690656
8252 6.9985096422506015
8283 2.8876357780772897
8439 0.4690908039883759
8514 14.056539388303054
8523 13.787020078384238
8645 3.5327737394508745
8648 4.86832290156553
8682 6.9985096422506015
8710 1.102407559418776
8723 1.5262389685791264
8745 5.088324691994187
8795 3.502002080784121
8816 1.7255100836868542
8850 1.7153059135126125
8869 2.1782280766455644
8880 3.34126694692204
8886 1.3081501879265407
8979 3.5780469788183606
8984 6.9985096422506015
9029 4.165296298194385
9044 3.8630154263214513
9058 6.305362461690656
9069 3.260840023967233
9110 2.035665011990694
9122 1.3744921360632627
9124 6.9985096422506015
9170 0.6116303228879563
9292 2.5441623459970937
9365 1.4972514317058743
9393 1.060973437168175
9534 8.250043200603727
9537 1.3092584162485406
9559 -0.6655915508397914
9573 3.3096301881366648
9589 2.6230685718215625
9698 1.9878743481543455
9728 9.64296002499702
9817 3.9550110997006014
9970 0.9675939027561428
9979 7.180018368787529
9980 6.9985096422506015
10010 6.9985096422506015
10049 4.513602992462601
10069 3.4431615807611875
10196 2.5211728277723946
10258 1.8000126109847754
10306 2.15432255579201
10329 -0.630272087128793
10398 6.9985096422506015
10422 0.7087940713416041
10441 3.7026727762462723
10446 3.1483620405405426
10447 1.2198964734099427
10487 1.981229805435677
10488 6.305362461690656
10604 6.9985096422506015
10676 6.305362461690656
10742 1.7890234894091803
10743 5.052599493195288
10745 6.9985096422506015
10749 2.3509274935351647
10751 3.969759398409554
10795 5.612215281130711
10825 2.0149030205422647
10872 3.2097641917964794
10884 3.502002080784121
11064 6.305362461690656
11102 0.6652300141109108
11105 4.22592092001082
11110 1.6204910383360227
11116 1.9109133070182172
11139 2.87137525720551
11140 2.15432255579201
11157 4.600614369452231
11218 1.144042369585821
11236 3.5645224377654547
11270 4.05407066308416
11298 6.9985096422506015
11299 -2.6059138093296896
11305 2.0640357091199095
11334 1.994563336305142
11378 6.9985096422506015
11379 2.0426825846493406
11380 6.305362461690656
11399 6.9985096422506015
11416 2.1782280766455644
11445 3.740413104229119
11461 2.146479378330984
11463 3.47214911763444
11466 5.8998973535824915
11468 4.22592092001082
11481 1.6186122887101415
11491 1.8745456628473423
11576 9.928890564409993
11580 2.5441623459970937
11582 4.359452312635343
11591 2.7218435232345457
11754 3.1918471524802814
11781 2.591790394986348
11905 13.139750302185174
11907 4.86832290156553
11908 1.5346778372249912
11919 6.9985096422506015
11932 4.919068100570765
11945 3.910169050662709
11969 0.7582337970798316
11990 4.108137884354437
12033 2.5211728277723946
12037 6.9985096422506015
12060 1.5220460903190904
12064 3.3349479961209547
12086 5.8998973535824915
12140 4.108137884354437
12228 3.047265923669174
12381 6.9985096422506015
12383 2.5046129034208957
12455 -0.2152586658680402
12664 4.22592092001082
12679 1.5958322603783217
12707 2.2278250177849364
12708 1.5958322603783217
12717 1.1998294154307871
12783 5.695929643279208
12796 2.9209721983448818
12801 5.732739921054652
12802 5.8998973535824915
12803 17.72836050805757
12805 5.5705382572438245
12880 6.305362461690656
12896 3.2373095265570386
12957 6.9985096422506015
13045 1.886521853894058
13080 0.8123010183501074
13102 2.735829765209286
13138 4.600614369452231
13156 5.612215281130711
13180 3.666305132075397
13189 1.8745456628473423
13272 5.558003874148989
13312 2.955458374416051
13314 2.0286963426746007
13412 2.5098732725184614
13420 6.305362461690656
13432 3.7796338173824005
13490 6.9985096422506015
13505 3.0666840095262753
13538 3.414990703794491
13553 -0.37046075994419203
13699 5.389071729816501
13823 4.433560284789064
13855 6.305362461690656
13891 0.6065925288579992
13945 5.389071729816501
14008 2.001297368486486
14064 3.7026727762462723
14198 6.094531847338348
14237 -2.7889933932166397
14267 -0.3823693933135151
14313 1.6466515087745348
14315 3.009525595686327
14357 2.476721065201561
14375 9.391849098513111
14416 0.7739512129752414
14422 2.1233123190494494
14547 3.740413104229119
14588 2.0785287164224764
14612 2.1863252868781835
14620 2.15432255579201
14682 1.5431885268928998
14822 4.290459441148391
14830 2.7790019370744945
14832 4.600614369452231
14870 5.612215281130711
14906 0.8027278807278994
14932 5.052599493195288
14946 6.305362461690656
14959 6.9985096422506015
15037 2.3163784151263815
15095 5.612215281130711
15155 1.380822401482141
15199 12.610724923381312
15241 1.7462362142039713
15292 2.211017899468555
15306 2.15996465425427
15332 -3.1046234602912404
15373 0.814360751313118
15397 2.001297368486486
15413 1.2781978656431896
15446 3.5327737394508745
15471 1.3881216796572402
15517 9.43260926947029
15518 5.641547489501538
15694 2.938066631704182
15727 4.433560284789064
15771 0.04619142958929879
15828 6.558886765176185
15861 3.597312260588446
15862 3.9074671888922854
