82
2181 4.433560284789064
2351 3.129575277392723
2450 -1.832570687110832
2538 1.422560539104285
2901 3.3349479961209547
2959 1.1873686492739008
3013 5.612215281130711
3319 5.206750173022546
3386 2.6290617897835795
3394 3.047265923669174
3449 0.9823524825522477
3744 5.8998973535824915
3774 1.7255100836868542
3824 4.00277736869661
3982 1.0769312226067855
4021 1.5054481989100525
4082 3.9074671888922854
4416 1.3637200390813515
4646 1.8686109273275278
4750 0.33155284982139466
4882 2.130975191795019
4956 2.413542163580029
4970 3.9492582428086496
5241 4.433560284789064
5518 1.5868635903955612
6151 2.815045323479489
6223 2.8088549002241754
6250 3.5455259370747996
6535 4.919068100570765
6548 4.157057432844953
6660 5.587634045719271
6831 6.305362461690656
7104 -1.3269758333025843
7569 1.0170954309961207
7633 1.8745456628473423
8007 1.904759441443839
8153 2.8396265588909295
8283 2.8876357780772897
8523 1.4512652714088672
8710 1.102407559418776
8925 3.5327737394508745
8975 2.3933394562625097
9110 2.035665011990694
9122 1.3744921360632627
9170 0.6116303228879563
9308 3.1698682457615064
9559 -0.3327957754198957
9627 6.305362461690656
9817 1.3183370332335338
10447 1.2198964734099427
10742 3.5780469788183606
10868 -0.37072214562370276
11023 1.2880826248757316
11102 0.6652300141109108
11138 5.206750173022546
11218 0.5720211847929105
11299 -0.5211827618659379
11454 4.695924549256556
11969 0.7582337970798316
12014 2.9911764570181303
12217 4.600614369452231
12455 -0.2152586658680402
12803 1.3637200390813515
12833 0.9630282097258448
12853 1.152070867192877
13189 3.7490913256946845
13572 1.8745456628473423
13613 1.8111238364098463
13718 1.3425178314307487
14107 4.847597327494437
14136 2.962113491571787
14267 -1.1471081799405454
14309 1.5137127087599462
14381 0.2288676653980985
14416 0.7739512129752414
14447 3.1483620405405426
14789 3.7026727762462723
15292 2.211017899468555
15332 -3.1046234602912404
15538 3.8204558119026557
15669 2.162227735299123
15685 0.8716404581364162
