41
1938 2.66777630196427
2077 3.3875917296063767
2271 0.34178311807220957
2631 0.6387659917280152
3068 1.3460204619819507
4158 0.030600440448717042
4707 3.740413104229119
5040 1.4378280112350734
5154 2.4446327506500602
5539 1.7153059135126125
7072 1.9486536350010641
7104 -0.6634879166512921
7406 5.052599493195288
7428 6.9985096422506015
8032 0.5108256237659907
8141 5.612215281130711
8271 4.513602992462601
8582 1.3781087765334512
8718 2.824122372354964
9481 1.7727629685373998
9534 2.750014400201242
9537 0.6546292081242703
9733 1.0850066366123312
9895 2.288979440938267
9990 0.5671785603171224
10001 4.128071418239819
10503 2.413542163580029
10903 2.476721065201561
11032 2.175425996420148
11334 1.994563336305142
12023 3.6312138122641273
12946 0.5932811842197597
13080 0.8123010183501074
13353 1.961557039836972
13930 1.3601549729168554
14195 1.7781538171722764
14196 0.8373023205555247
14357 2.476721065201561
14431 1.034930298632155
14455 1.637217476541176
15702 2.8553749158590684
