169
29 6.305362461690656
521 1.8986432144264027
601 6.305362461690656
829 3.5645224377654547
1094 2.335070548138534
1356 2.363780654020965
1379 1.0740829317937672
1524 4.290459441148391
1889 3.414990703794491
1902 4.029806041084529
1917 5.8998973535824915
2028 4.433560284789064
2240 1.65617539028579
2446 2.5326015235960173
2494 3.9074671888922854
2536 1.7835738846416156
2538 1.422560539104285
2631 0.21292199724267172
2639 2.6040604875781623
2705 1.6657908489852322
2920 0.6795415285041667
3037 6.9985096422506015
3170 9.027205984925201
3230 2.8876357780772897
3302 5.612215281130711
3520 2.87137525720551
3613 2.8553749158590684
3657 2.6164830075767194
3690 1.4972514317058743
3786 4.8012850649143815
3840 2.5961321377198296
3879 20.01388684348305
4010 3.1918471524802814
4070 1.1068654304248302
4073 5.052599493195288
4241 2.4033897921160112
4302 1.8000126109847754
4397 3.666305132075397
4750 0.6631056996427893
4765 1.4150133334689021
4914 7.169946174639539
4947 3.414990703794491
4956 2.413542163580029
5309 2.5326015235960173
5484 1.8928409466523688
5573 3.3875917296063767
5590 1.4533321977710387
5747 5.612215281130711
5809 2.363780654020965
5842 3.086486636822455
5879 4.359452312635343
5895 2.4033897921160112
5973 1.4770487243883548
5999 2.5098732725184614
6088 3.644053379762591
6140 2.211017899468555
6447 1.2880826248757316
6491 4.600614369452231
6507 2.6290617897835795
6548 2.0785287164224764
6819 1.7153059135126125
7065 2.6040604875781623
7104 -3.980927499907753
7306 2.4876501357337513
7311 2.236335707452845
7414 3.7026727762462723
7534 1.242767428663689
7569 1.0170954309961207
7575 6.9985096422506015
7591 2.0426825846493406
7650 12.648963084173083
7775 4.22592092001082
7838 2.1081605140288473
7864 3.502002080784121
7991 1.3149298749119196
8142 2.9041650800285006
8256 1.6803896484063847
8301 7.2406264907400875
8664 2.7938170228596353
8695 1.9550845253313545
8734 4.22592092001082
8816 1.7255100836868542
8870 3.7026727762462723
9106 1.0850066366123312
9110 2.035665011990694
9151 1.258716730071367
9227 4.165296298194385
9306 7.726030852642903
9355 4.356456153291129
9554 1.271661894663404
9709 1.082307579643166
9733 2.1700132732246624
9779 7.334894673308349
9990 0.5671785603171224
10294 2.70805020110221
10326 0.5230769255465112
10422 1.4175881426832082
10431 0.7218661529089567
10532 2.9209721983448818
10561 1.6003469407328483
10661 3.3349479961209547
10758 4.600614369452231
10818 4.359452312635343
10854 3.6312138122641273
10863 3.4431615807611875
10897 4.00277736869661
10926 6.305362461690656
10934 4.00277736869661
11057 2.555858385760285
11132 3.7796338173824005
11137 11.531549935722996
11168 1.2781978656431896
11347 2.511906961666574
11383 4.8012850649143815
11444 2.434161450782765
11453 1.3637200390813515
11485 3.3875917296063767
11717 2.938066631704182
11774 3.0282177286984795
11811 4.919068100570765
11939 2.681021528714291
11952 1.5958322603783217
11979 4.433560284789064
12001 2.5676928434072877
12009 3.502002080784121
12042 5.283601631122019
12111 1.994563336305142
12122 1.1963912668735384
12404 2.970161792171238
12407 0.83519483821596
12598 2.5098732725184614
12790 3.0191438321878294
12845 5.612215281130711
12900 4.165296298194385
12960 3.1918471524802814
13021 3.6312138122641273
13028 4.8012850649143815
13080 0.8123010183501074
13104 6.474619053114077
13288 4.05407066308416
13353 1.961557039836972
13390 2.236335707452845
13506 5.052599493195288
13527 2.049749751872433
13672 1.5262389685791264
13740 4.359452312635343
13769 3.1273086313427103
13838 4.632756830252763
13891 0.6065925288579992
14115 2.973157951515452
14202 3.666305132075397
14237 -0.6972483483041599
14352 0.9464204733261844
14477 5.042345655544789
14588 2.0785287164224764
14590 9.168618341635437
14656 2.2811529755342836
14682 3.0863770537857995
15037 2.3163784151263815
15063 3.2373095265570386
15153 6.296724081081085
15259 2.6641659082763383
15332 -9.313870380873722
15413 1.2781978656431896
15468 1.1549652252192415
15471 0.6940608398286201
15578 1.7945029551738059
15685 0.8716404581364162
15771 0.023095714794649395
