258
64 5.612215281130711
179 17.699692060747473
241 1.6902419448493964
254 2.498699971920336
281 6.9985096422506015
373 2.750014400201242
646 2.219386149139072
1008 5.8998973535824915
1122 3.1698682457615064
1354 5.8998973535824915
1379 1.0740829317937672
1403 6.305362461690656
1404 1.3708885285599641
1618 6.305362461690656
1624 18.513363881231363
1757 3.9539872045271784
1794 5.612215281130711
1884 1.9486536350010641
1894 6.9985096422506015
1922 1.6952047341915255
1940 2.6944445490464313
2038 1.880515829833846
2049 2.37353682896633
2334 0.7939518796819108
2411 4.359452312635343
2434 4.827084327160058
2443 4.00277736869661
2450 -0.6108568957036107
2567 1.7153059135126125
2594 3.5645224377654547
2639 2.6040604875781623
2640 2.735829765209286
2705 1.6657908489852322
2708 4.05407066308416
2710 6.9985096422506015
2771 4.919068100570765
2913 1.720394983020084
2920 0.6795415285041667
2935 1.2640783890383267
2940 1.6278716141229383
3116 6.305362461690656
3192 1.0095482253607377
3228 3.9074671888922854
3449 0.9823524825522477
3534 5.052599493195288
3631 4.05407066308416
3637 13.043360095868932
3658 2.938066631704182
3678 4.0082302145263204
3774 1.7255100836868542
3788 2.750014400201242
3808 4.108137884354437
3852 5.389071729816501
4008 9.64296002499702
4053 -0.6728406768819836
4138 6.775183459212753
4223 4.372650573756367
4226 3.3609234825242154
4294 5.8998973535824915
4477 6.305362461690656
4482 3.7796338173824005
4537 1.0196238773494795
4573 3.740413104229119
4576 2.085854756514549
4728 6.305362461690656
4736 6.9985096422506015
4740 5.8998973535824915
4750 1.989317098928368
4802 9.027205984925201
4807 6.9985096422506015
4859 5.389071729816501
4876 2.2449194511442365
4877 6.9985096422506015
4964 1.6918893703894442
5046 2.236335707452845
5116 1.961557039836972
5131 6.9985096422506015
5147 9.201228738904462
5339 1.1784267118982394
5457 5.8998973535824915
5462 6.305362461690656
5484 0.9464204733261844
5517 1.6232312345664361
5581 3.0666840095262753
5587 2.5326015235960173
5630 0.23830767558032406
5770 3.4431615807611875
5773 2.735829765209286
5895 2.4033897921160112
5946 4.433560284789064
5999 2.5098732725184614
6043 3.182675741580965
6049 2.035665011990694
6091 5.389071729816501
6233 3.1918471524802814
6316 5.206750173022546
6389 3.1273086313427103
6468 3.1483620405405426
6469 4.513602992462601
6579 14.087773647769666
6580 12.610724923381312
6609 3.1918471524802814
6872 1.3047775034479017
6878 2.8553749158590684
6898 4.324455470598246
6919 1.422560539104285
6970 2.1863252868781835
7104 -2.6539516666051686
7170 1.6186122887101415
7215 4.689098584186156
7344 1.6325336272287498
7430 3.3096301881366648
7431 2.6040604875781623
7459 2.1944885975173447
7460 5.052599493195288
7578 1.5646118380827554
7590 4.22592092001082
7614 2.5676928434072877
7650 2.1081605140288473
7659 10.413500346045092
7732 5.8998973535824915
7764 1.7052048175261088
7813 1.0145733615634107
7817 15.629868755569142
7832 3.047265923669174
7971 3.414990703794491
7981 4.085365169298681
8096 1.4533321977710387
8155 3.1066893441399746
8182 2.681021528714291
8208 3.8630154263214513
8242 4.071330023981388
8256 1.6803896484063847
8262 2.0712559570933964
8267 4.165296298194385
8301 2.413542163580029
8345 5.612215281130711
8439 0.4690908039883759
8456 4.433560284789064
8585 10.416447352903319
8643 2.001297368486486
8710 1.102407559418776
8723 1.5262389685791264
8816 1.7255100836868542
8850 1.7153059135126125
8890 2.2800107709555064
8979 1.7890234894091803
8980 13.540808977387801
9029 4.165296298194385
9030 5.8998973535824915
9081 4.433560284789064
9122 1.3744921360632627
9170 0.6116303228879563
9365 1.4972514317058743
9372 2.3256808077886952
9384 4.006647486343966
9554 1.271661894663404
9557 4.290459441148391
9597 3.1273086313427103
9645 4.043551799660054
9651 3.3875917296063767
9709 1.082307579643166
9817 1.3183370332335338
10228 6.9985096422506015
10302 2.6290617897835795
10306 2.15432255579201
10326 2.092307702186045
10490 10.413500346045092
10611 4.433560284789064
10749 1.1754637467675824
10851 5.612215281130711
10967 7.262427624528255
10968 3.740413104229119
11034 1.5958322603783217
11089 1.1549652252192415
11102 0.6652300141109108
11299 -1.0423655237318759
11400 3.5327737394508745
11481 1.6186122887101415
11520 3.1066893441399746
11613 5.612215281130711
11619 5.8998973535824915
11671 2.2535775138873513
11781 2.591790394986348
11785 3.9361434417163315
11816 1.9296054400303697
11836 4.74707365793266
12014 2.9911764570181303
12022 1.2122885475024683
12034 2.7972046564405604
12254 2.335070548138534
12277 3.1273086313427103
12283 2.6040604875781623
12317 5.206750173022546
12385 6.9985096422506015
12400 2.9209721983448818
12455 -0.4305173317360804
12598 2.5098732725184614
12610 4.847597327494437
12679 1.5958322603783217
12707 4.455650035569873
12717 0.5999147077153936
12725 5.612215281130711
12755 6.9985096422506015
12770 12.610724923381312
12772 9.43260926947029
12773 15.004497785048644
12783 1.8986432144264027
12789 4.695924549256556
12823 1.034930298632155
12826 2.5238746895428186
12832 3.3096301881366648
12978 2.383389125409342
12991 3.1066893441399746
13088 2.7790019370744945
13142 5.052599493195288
13158 5.206750173022546
13220 3.2849375755462935
13346 2.9041650800285006
13412 5.019746545036923
13440 1.4770487243883548
13454 5.052599493195288
13493 9.83813620114153
13500 5.8998973535824915
13759 2.955458374416051
13897 2.7218435232345457
14044 1.4611753752320646
14104 1.710242611556066
14237 -1.3944966966083199
14267 -0.7647387866270302
14338 5.206750173022546
14431 1.034930298632155
14439 3.1273086313427103
14450 4.165296298194385
14498 3.0282177286984795
14527 2.938066631704182
14571 3.2373095265570386
14587 5.052599493195288
14612 2.1863252868781835
14656 2.2811529755342836
14690 6.9985096422506015
14789 3.7026727762462723
14928 5.389071729816501
15076 3.21432000833234
15155 2.0712336022232116
15209 2.579669034454003
15332 -7.761558650728101
15341 0.7959741250626788
15545 6.9985096422506015
15551 1.1578679848772029
15576 3.009525595686327
15592 2.87137525720551
15595 1.3320829541381691
15647 5.389071729816501
15650 2.130975191795019
15672 1.4550424207846036
15708 2.9911764570181303
15771 0.023095714794649395
