139
401 3.1698682457615064
521 1.8986432144264027
585 5.8998973535824915
602 5.389071729816501
1902 2.0149030205422647
1914 10.413500346045092
1977 2.6040604875781623
2306 4.695924549256556
2421 1.5431885268928998
2424 2.219386149139072
2446 5.065203047192035
2536 3.567147769283231
2605 6.721846965048431
2645 2.591790394986348
2736 3.7796338173824005
2829 2.8088549002241754
2846 5.389071729816501
2897 5.052599493195288
2919 2.1944885975173447
2924 2.0286963426746007
2940 1.6278716141229383
2964 0.900435360084361
3230 2.8876357780772897
3520 2.87137525720551
3556 5.389071729816501
3613 2.8553749158590684
3700 1.2947271675944
3879 4.00277736869661
4156 3.086486636822455
4214 2.465910149097345
4254 7.480826208458238
4318 5.206750173022546
4366 1.9878743481543455
4405 1.3460204619819507
4537 1.0196238773494795
4750 0.6631056996427893
4984 4.22592092001082
5185 5.389071729816501
5312 2.8553749158590684
5573 3.3875917296063767
5587 2.5326015235960173
5812 3.1698682457615064
5965 3.740413104229119
5983 1.9878743481543455
6078 2.555858385760285
6088 1.2146844599208637
6221 2.8553749158590684
6467 2.2535775138873513
6729 2.1944885975173447
7104 -1.9904637499538764
7170 3.237224577420283
7215 2.344549292093078
7286 1.4112609838503516
7306 2.4876501357337513
7482 1.8055527913603908
7892 1.5517722705842913
7965 3.773043707788116
8018 4.22592092001082
8301 4.827084327160058
8569 3.7026727762462723
8734 4.22592092001082
8946 2.7218435232345457
9306 7.726030852642903
9487 5.052599493195288
9537 0.6546292081242703
9679 4.433560284789064
9779 3.6674473366541744
9828 4.22592092001082
9986 2.0568672196412967
9990 0.5671785603171224
10131 5.389071729816501
10251 5.612215281130711
10306 2.15432255579201
10326 0.5230769255465112
10811 4.433560284789064
11137 7.096338421983382
11299 -0.5211827618659379
11347 0.8373023205555247
11396 6.305362461690656
11398 3.009525595686327
11453 1.3637200390813515
11481 1.6186122887101415
11526 1.6419233675785887
11717 2.938066631704182
11774 6.056435457396959
11790 4.489838902288473
11952 1.5958322603783217
11979 4.433560284789064
12022 0.40409618250082274
12028 2.591790394986348
12122 1.1963912668735384
12229 4.695924549256556
12269 10.778143459633002
12404 2.970161792171238
12790 3.0191438321878294
12826 1.2619373447714093
12958 4.695924549256556
12968 3.047265923669174
13001 1.4730567031188173
13052 3.260840023967233
13071 3.086486636822455
13365 3.3349479961209547
13471 2.6040604875781623
13517 6.9985096422506015
13553 -1.4818430397767681
13596 3.502002080784121
13670 2.6164830075767194
13795 3.0778482562128846
13881 6.9985096422506015
14111 3.7026727762462723
14115 11.892631806061807
14198 3.047265923669174
14237 -0.6972483483041599
14341 11.799794707164983
14381 0.2288676653980985
14477 15.127036966634368
14516 2.1782280766455644
14540 5.052599493195288
14563 2.6418008155610093
14590 1.8337236683270872
14788 5.612215281130711
14792 6.305362461690656
14840 3.740413104229119
14869 4.433560284789064
14901 2.5326015235960173
14906 1.204091821091849
14908 2.476721065201561
15012 4.108137884354437
15153 6.296724081081085
15278 2.465910149097345
15332 -4.656935190436861
15375 6.9985096422506015
15387 4.600614369452231
15413 1.2781978656431896
15453 2.236335707452845
15468 1.1549652252192415
15518 1.880515829833846
15578 1.7945029551738059
15771 0.04619142958929879
