36
521 1.8986432144264027
831 5.052599493195288
2271 0.34178311807220957
2424 2.219386149139072
2645 2.591790394986348
3230 2.8876357780772897
3448 3.1273086313427103
3520 2.87137525720551
3578 0.6015799870344548
3613 2.8553749158590684
3840 1.2980660688599148
4010 3.1918471524802814
4537 1.0196238773494795
4750 0.33155284982139466
4805 5.612215281130711
5573 3.3875917296063767
5842 3.086486636822455
6467 2.2535775138873513
7065 2.6040604875781623
7104 -1.3269758333025843
7892 1.5517722705842913
9115 3.047265923669174
10329 -0.21009069570959765
11137 2.661126908243768
11323 3.597312260588446
11347 0.8373023205555247
11485 3.3875917296063767
11717 2.938066631704182
11952 1.5958322603783217
12407 1.67038967643192
12790 3.0191438321878294
13288 4.05407066308416
14477 2.5211728277723946
15332 -1.5523117301456202
15578 1.7945029551738059
15771 0.023095714794649395
