55
389 1.6419233675785887
710 2.8553749158590684
1942 0.845776947546497
2450 -0.6108568957036107
2538 1.422560539104285
2631 0.21292199724267172
2932 5.206750173022546
3120 1.6048820958982397
3186 1.2880826248757316
3223 2.5211728277723946
4158 0.09180132134615113
4214 2.465910149097345
4840 2.938066631704182
5067 2.2278250177849364
5905 1.7835738846416156
5973 1.4770487243883548
5993 0.8521803845817039
6136 1.457246097092175
7072 1.9486536350010641
7487 1.8167260919585162
7614 2.5676928434072877
8439 0.4690908039883759
9537 0.6546292081242703
9589 1.3115342859107813
9733 1.0850066366123312
9990 0.5671785603171224
10307 2.5676928434072877
10329 -0.21009069570959765
10796 3.8630154263214513
10867 1.4533321977710387
10868 -0.18536107281185138
10903 2.476721065201561
10909 2.7790019370744945
11102 0.6652300141109108
11148 2.356853423796479
11334 1.994563336305142
11444 2.434161450782765
12455 -0.4305173317360804
12460 0.7332084295128914
12543 3.5645224377654547
12717 0.5999147077153936
12946 0.5932811842197597
13029 1.6609715625492831
13720 3.666305132075397
13845 2.001297368486486
14237 -0.6972483483041599
14588 2.0785287164224764
14590 1.8337236683270872
14682 1.5431885268928998
15057 1.152070867192877
15471 0.6940608398286201
15669 2.162227735299123
15709 2.1863252868781835
15783 0.9616767386766525
15786 0.8981906902305371
