111
4 4.8012850649143815
5 4.513602992462601
174 6.492924938265745
194 1.5399972773188362
236 6.305362461690656
389 1.6419233675785887
626 4.359452312635343
960 37.567396394052444
1842 4.0573926853492015
1928 2.4876501357337513
2001 5.206750173022546
2269 1.8686109273275278
2328 11.964705828072521
2334 0.7939518796819108
2450 -0.6108568957036107
2631 0.21292199724267172
2682 4.108137884354437
3048 2.5098732725184614
3449 0.9823524825522477
3748 17.699692060747473
3898 3.047265923669174
3901 7.091341962062895
4158 0.061200880897434085
4230 2.0149030205422647
4250 4.695924549256556
4522 0.5207142953092883
4668 16.804617412621077
4750 0.994658549464184
4809 2.8088549002241754
4846 2.021775899830027
4912 1.9296054400303697
5014 2.3541187431092285
5083 1.5735596247691985
5110 1.8452180477528222
5112 10.413500346045092
5119 2.3933394562625097
5339 3.5352801356947183
6088 2.4293689198417274
6122 3.502002080784121
6125 6.9985096422506015
6147 4.00277736869661
6156 3.6000252219695508
6169 2.4033897921160112
6228 1.2947271675944
6236 2.9209721983448818
6609 3.1918471524802814
6633 2.8088549002241754
7025 2.0190964507214755
7197 1.730651483187273
7316 3.1273086313427103
7377 10.105198986390576
7534 1.242767428663689
7569 2.0341908619922413
7808 2.8396265588909295
7813 2.0291467231268214
8256 1.6803896484063847
8439 1.8763632159535035
8559 6.9985096422506015
8600 6.305362461690656
8736 1.1933746733341126
8928 1.3355491621146554
8978 4.842043738384536
9050 5.8998973535824915
9051 6.9985096422506015
9170 0.6116303228879563
9393 3.1829203115045246
9791 9.378197168372312
9793 6.9985096422506015
9990 1.1343571206342449
10658 2.9041650800285006
10661 3.3349479961209547
10685 8.718904625270685
10889 3.086486636822455
11089 1.1549652252192415
11345 6.9985096422506015
11393 3.2849375755462935
11518 3.8630154263214513
11671 2.2535775138873513
11781 2.591790394986348
11816 1.9296054400303697
12022 1.2122885475024683
12435 3.8204558119026557
12445 6.9985096422506015
12460 3.666042147564457
12503 4.455650035569873
12517 12.610724923381312
12823 2.06986059726431
13083 5.206750173022546
13104 3.2373095265570386
13273 3.3096301881366648
13314 2.0286963426746007
13322 5.8998973535824915
13347 6.9985096422506015
13610 6.9985096422506015
13730 5.052599493195288
13891 0.6065925288579992
14196 0.8373023205555247
14267 -0.7647387866270302
14308 2.0640357091199095
14403 2.4446327506500602
14599 4.433560284789064
14644 3.597312260588446
14666 4.695924549256556
15057 3.456212601578631
15155 0.6904112007410705
15164 4.00277736869661
15332 -4.656935190436861
15650 6.392925575385057
15709 2.1863252868781835
15725 7.1290448755309095
15735 2.938066631704182
