35
521 1.8986432144264027
2167 2.66777630196427
2271 0.34178311807220957
2424 2.219386149139072
2690 3.1483620405405426
3230 2.8876357780772897
3448 3.1273086313427103
3520 2.87137525720551
3613 2.8553749158590684
4425 2.498233312684696
4522 0.2603571476546441
5573 3.3875917296063767
6447 1.2880826248757316
6467 2.2535775138873513
7019 2.130975191795019
7623 3.3349479961209547
9069 3.260840023967233
9589 1.3115342859107813
10436 4.290459441148391
11032 2.175425996420148
11137 2.661126908243768
11347 0.8373023205555247
11717 2.938066631704182
11952 1.5958322603783217
12407 2.5055845146478797
12455 -0.2152586658680402
12708 1.5958322603783217
12790 1.5095719160939147
13471 2.6040604875781623
13553 -0.37046075994419203
13838 2.3163784151263815
14455 1.637217476541176
14477 2.5211728277723946
15332 -3.1046234602912404
15771 0.023095714794649395
