416
32 5.206750173022546
109 8.718904625270685
117 8.580918882296782
194 0.7699986386594181
440 6.9985096422506015
496 2.2800107709555064
521 1.8986432144264027
525 12.610724923381312
585 5.8998973535824915
603 6.9985096422506015
831 5.052599493195288
915 5.8998973535824915
935 3.740413104229119
1060 0.12433381283310307
1116 6.9985096422506015
1124 6.9985096422506015
1154 6.9985096422506015
1171 2.9209721983448818
1312 6.305362461690656
1328 5.389071729816501
1379 2.1481658635875345
1404 2.7417770571199283
1433 6.9985096422506015
1526 6.9985096422506015
1608 6.305362461690656
1686 2.309930450438483
1692 2.1944885975173447
1702 3.3609234825242154
1706 12.610724923381312
1735 6.9985096422506015
1750 3.320596291274491
1893 7.0270505087638355
1896 1.7835738846416156
1902 2.0149030205422647
1929 4.216321028057695
1957 1.8223599096767722
2017 6.775183459212753
2049 2.37353682896633
2185 6.9985096422506015
2217 4.9753002714675025
2271 1.0253493542166288
2306 4.695924549256556
2424 4.438772298278144
2432 4.108137884354437
2446 5.065203047192035
2450 -1.2217137914072214
2494 11.722401566676856
2536 5.350721653924847
2591 11.589046278964354
2605 16.804617412621077
2608 6.305362461690656
2631 0.21292199724267172
2645 2.591790394986348
2674 1.0272478024601386
2690 3.1483620405405426
2708 4.05407066308416
2736 26.457436721676803
2829 5.617709800448351
2846 16.167215189449504
2862 1.4690805547391779
2897 10.105198986390576
2920 2.0386245855125003
2935 0.6320391945191633
2948 4.695924549256556
3230 2.8876357780772897
3244 6.9985096422506015
3516 4.157057432844953
3520 5.74275051441102
3529 5.389071729816501
3556 5.389071729816501
3578 1.8047399611033645
3613 2.8553749158590684
3635 1.5779746429783155
3657 2.6164830075767194
3690 1.4972514317058743
3700 3.8841815027832003
3709 2.9041650800285006
3807 2.3256808077886952
3837 5.052599493195288
3840 2.5961321377198296
3879 8.00555473739322
3981 3.3609234825242154
3995 1.751485570090115
4002 5.8998973535824915
4010 6.383694304960563
4021 3.010896397820105
4044 5.8998973535824915
4053 -0.14952015041821856
4070 3.320596291274491
4156 3.086486636822455
4170 4.22592092001082
4214 2.465910149097345
4222 2.3256808077886952
4241 2.4033897921160112
4245 3.597312260588446
4286 2.130975191795019
4295 2.9209721983448818
4297 3.3096301881366648
4301 7.194624521176892
4319 2.049749751872433
4335 8.814199895112546
4405 1.3460204619819507
4407 3.414990703794491
4425 1.249116656342348
4427 3.597312260588446
4437 2.4033897921160112
4509 6.9985096422506015
4522 0.2603571476546441
4537 3.0588716320484384
4542 5.052599493195288
4586 3.009525595686327
4593 7.814934377784571
4649 8.45184184002164
4750 0.6631056996427893
4785 3.9074671888922854
4866 2.5211728277723946
4876 2.2449194511442365
4878 4.101893581287706
4882 2.130975191795019
4891 6.305362461690656
4899 3.0666840095262753
4912 1.9296054400303697
4914 2.8679784698558155
4976 4.577958881876534
5020 6.42864001666468
5046 2.236335707452845
5054 4.600614369452231
5067 2.2278250177849364
5111 3.21432000833234
5151 2.555858385760285
5185 5.389071729816501
5208 2.5676928434072877
5232 3.3096301881366648
5270 4.433560284789064
5286 5.612215281130711
5339 1.1784267118982394
5350 2.955458374416051
5396 4.05407066308416
5465 3.3349479961209547
5484 3.7856818933047376
5485 6.9985096422506015
5573 3.3875917296063767
5744 4.433560284789064
5753 6.9985096422506015
5773 2.735829765209286
5812 3.1698682457615064
5842 6.17297327364491
5905 5.350721653924847
5978 5.389071729816501
5981 2.8553749158590684
5999 5.019746545036923
6049 2.035665011990694
6064 2.138697237888929
6088 2.4293689198417274
6122 3.502002080784121
6140 2.211017899468555
6225 4.919068100570765
6228 1.2947271675944
6325 6.9985096422506015
6433 1.030804581586805
6447 2.576165249751463
6467 4.507155027774703
6548 4.157057432844953
6614 6.019051191372654
6622 2.579669034454003
6657 2.138697237888929
6675 2.5098732725184614
6708 5.389071729816501
6729 2.1944885975173447
6751 2.5441623459970937
6762 6.9985096422506015
6872 1.3047775034479017
6876 5.206750173022546
6908 1.0061308387793944
7019 2.130975191795019
7065 2.6040604875781623
7104 -9.28883083311809
7170 3.237224577420283
7181 3.260840023967233
7197 1.730651483187273
7215 7.033647876279234
7274 3.0666840095262753
7286 1.4112609838503516
7306 2.4876501357337513
7316 6.254617262685421
7414 3.7026727762462723
7418 3.1483620405405426
7459 2.1944885975173447
7482 1.8055527913603908
7497 0.7014003223166658
7569 1.0170954309961207
7578 0.5215372793609184
7613 4.290459441148391
7614 2.5676928434072877
7623 3.3349479961209547
7650 4.216321028057695
7731 2.001297368486486
7768 3.3096301881366648
7813 1.0145733615634107
7892 9.310633623505748
7965 1.886521853894058
7992 5.8998973535824915
7997 3.8204558119026557
8007 1.904759441443839
8032 0.5108256237659907
8041 3.597312260588446
8096 2.9066643955420775
8130 5.206750173022546
8256 1.6803896484063847
8301 12.067710817900146
8304 9.201228738904462
8306 3.7026727762462723
8333 6.9985096422506015
8391 2.555858385760285
8438 12.610724923381312
8444 1.7890234894091803
8569 3.7026727762462723
8570 4.513602992462601
8660 1.675499663112193
8683 1.6803896484063847
8695 13.685591677319481
8734 4.22592092001082
8736 1.1933746733341126
8745 2.5441623459970937
8748 6.9985096422506015
8806 3.47214911763444
8850 1.7153059135126125
9081 4.433560284789064
9106 1.0850066366123312
9188 4.359452312635343
9229 2.3933394562625097
9306 3.8630154263214513
9365 1.4972514317058743
9384 1.3355491621146554
9537 1.3092584162485406
9651 3.3875917296063767
9676 5.389071729816501
9733 1.0850066366123312
9779 7.334894673308349
9817 1.3183370332335338
9828 4.22592092001082
9905 6.9985096422506015
9986 4.113734439282593
9990 0.5671785603171224
9995 6.9985096422506015
10114 1.3014161557451966
10131 5.389071729816501
10148 6.9985096422506015
10230 6.305362461690656
10258 1.8000126109847754
10294 2.70805020110221
10325 1.8925641683500207
10326 1.0461538510930224
10329 -0.4201813914191953
10422 0.7087940713416041
10431 0.7218661529089567
10441 3.7026727762462723
10456 11.421499663436274
10472 5.389071729816501
10713 3.5645224377654547
10729 1.0196238773494795
10749 2.3509274935351647
10811 4.433560284789064
10862 5.8998973535824915
10868 -0.37072214562370276
10934 12.008332106089831
11032 1.087712998210074
11052 3.740413104229119
11089 1.1549652252192415
11110 0.8102455191680114
11137 21.289015265950145
11168 1.2781978656431896
11247 6.9985096422506015
11287 2.0286963426746007
11295 3.2373095265570386
11296 5.528806275306684
11299 -2.6059138093296896
11308 5.019746545036923
11343 4.290459441148391
11347 2.511906961666574
11353 2.8088549002241754
11379 8.170730338597362
11384 3.3609234825242154
11385 7.726030852642903
11398 6.019051191372654
11400 3.5327737394508745
11409 3.502002080784121
11410 6.9985096422506015
11443 3.260840023967233
11450 4.524622387712212
11459 3.047265923669174
11461 4.292958756661968
11481 8.093061443550708
11484 3.6312138122641273
11485 3.3875917296063767
11506 3.8630154263214513
11524 1.5178707189086098
11526 9.851540205471533
11570 2.3867493466682252
11618 5.389071729816501
11700 5.8998973535824915
11717 2.938066631704182
11772 4.108137884354437
11774 9.084653186095439
11790 2.2449194511442365
11811 4.919068100570765
11816 1.9296054400303697
11836 2.37353682896633
11850 2.455214859980597
11881 2.70805020110221
11914 12.871378323445173
11917 4.433560284789064
11945 3.910169050662709
11947 3.0282177286984795
11952 3.1916645207566434
11969 0.7582337970798316
11972 3.21432000833234
12010 3.6312138122641273
12017 4.165296298194385
12022 1.2122885475024683
12051 7.1290448755309095
12064 3.3349479961209547
12070 2.87137525720551
12122 2.3927825337470767
12267 13.078356937906028
12269 5.389071729816501
12404 19.306051649113048
12407 5.8463638675117195
12455 -1.076293329340201
12476 4.108137884354437
12571 4.00277736869661
12707 17.82260014227949
12717 1.1998294154307871
12759 4.22592092001082
12783 1.8986432144264027
12790 1.5095719160939147
12826 1.2619373447714093
12833 1.9260564194516896
12845 5.612215281130711
12869 4.05407066308416
12958 9.391849098513111
12968 3.047265923669174
13077 3.047265923669174
13080 2.436903055050322
13220 3.2849375755462935
13308 5.206750173022546
13353 1.961557039836972
13384 4.113734439282593
13412 2.5098732725184614
13415 4.8012850649143815
13439 3.7796338173824005
13440 1.4770487243883548
13471 5.208120975156325
13477 25.26299746597644
13516 6.305362461690656
13553 -3.3341468394977283
13565 9.939371740771728
13596 3.502002080784121
13670 2.6164830075767194
13838 2.3163784151263815
13843 2.1782280766455644
13897 2.7218435232345457
13957 5.8998973535824915
14044 1.4611753752320646
14111 11.108018328738817
14115 5.946315903030904
14136 4.4431702373576805
14200 6.94429823526888
14202 7.332610264150794
14212 4.8012850649143815
14213 6.9985096422506015
14237 -2.09174504491248
14267 -0.3823693933135151
14381 0.2288676653980985
14422 2.1233123190494494
14431 1.034930298632155
14477 5.042345655544789
14493 3.3096301881366648
14540 10.105198986390576
14563 2.6418008155610093
14590 12.83606567828961
14610 14.81069110498509
14656 1.1405764877671418
14702 6.9985096422506015
14788 11.224430562261421
14840 7.480826208458238
14901 2.5326015235960173
14906 0.8027278807278994
14908 7.430163195604683
14910 5.8998973535824915
14911 5.612215281130711
15070 17.699692060747473
15153 40.92870652702705
15155 0.6904112007410705
15156 4.919068100570765
15164 4.00277736869661
15197 3.5327737394508745
15278 2.465910149097345
15332 -34.15085806320364
15373 0.814360751313118
15413 2.556395731286379
15453 2.236335707452845
15468 6.929791351315449
15471 0.6940608398286201
15480 4.359452312635343
15518 1.880515829833846
15551 1.1578679848772029
15578 7.1780118206952235
15622 7.091341962062895
15672 2.1825636311769054
15708 2.9911764570181303
15725 3.5645224377654547
15728 3.009525595686327
15731 2.9911764570181303
15771 0.06928714438394819
15843 6.9985096422506015
