59
521 1.8986432144264027
1902 2.0149030205422647
1923 2.211017899468555
2240 1.65617539028579
2271 0.34178311807220957
2492 3.047265923669174
2690 3.1483620405405426
3170 4.513602992462601
3230 2.8876357780772897
3520 2.87137525720551
3578 1.2031599740689096
3613 2.8553749158590684
3700 1.2947271675944
4425 1.249116656342348
4451 6.305362461690656
4537 2.039247754698959
4984 4.22592092001082
5484 0.9464204733261844
5574 3.4431615807611875
6355 6.305362461690656
6467 2.2535775138873513
7019 2.130975191795019
7104 -0.6634879166512921
7306 2.4876501357337513
7401 1.886521853894058
7578 0.5215372793609184
7713 3.1066893441399746
7892 1.5517722705842913
8695 1.9550845253313545
9106 1.0850066366123312
9733 1.0850066366123312
9779 1.8337236683270872
9986 2.0568672196412967
10247 4.359452312635343
10294 5.41610040220442
10326 0.5230769255465112
10863 3.4431615807611875
11137 2.661126908243768
11347 1.6746046411110493
11481 1.6186122887101415
11717 2.938066631704182
11952 1.5958322603783217
12111 1.994563336305142
12122 1.1963912668735384
12407 1.67038967643192
12455 -0.2152586658680402
12707 2.2278250177849364
12790 1.5095719160939147
13403 3.502002080784121
13471 2.6040604875781623
13838 2.3163784151263815
14477 2.5211728277723946
14911 5.612215281130711
15332 -3.1046234602912404
15413 1.2781978656431896
15551 1.1578679848772029
15578 1.7945029551738059
15731 2.9911764570181303
15771 0.023095714794649395
