318
194 0.7699986386594181
279 2.6418008155610093
500 2.1701959049483
1060 0.3108345320827577
1122 3.1698682457615064
1171 5.8419443966897635
1379 1.6111243976906509
1381 2.6547042203969173
1533 4.108137884354437
1686 3.4648956756577247
1687 2.413542163580029
1692 4.388977195034689
1702 3.3609234825242154
1717 6.305362461690656
1750 2.2137308608496604
1896 1.7835738846416156
1923 2.211017899468555
1957 3.6447198193535444
1974 6.9985096422506015
1986 2.4237986637472186
2026 2.681021528714291
2064 1.5647876386963615
2103 2.4446327506500602
2167 2.66777630196427
2224 1.981229805435677
2271 1.3671324722888383
2334 0.7939518796819108
2351 1.5647876386963615
2407 2.236335707452845
2441 6.9985096422506015
2443 4.00277736869661
2445 4.513602992462601
2450 -2.4434275828144427
2519 1.6902419448493964
2536 1.7835738846416156
2538 1.422560539104285
2577 3.5327737394508745
2603 3.3609234825242154
2638 2.130975191795019
2706 3.6312138122641273
2713 6.305362461690656
2796 2.335070548138534
2920 1.3590830570083334
2924 2.0286963426746007
2954 6.9985096422506015
2959 3.5621059478217028
2964 2.701306080253083
2997 6.094531847338348
3052 3.2373095265570386
3265 6.829981407588982
3274 4.919068100570765
3386 2.6290617897835795
3449 1.9647049651044954
3454 3.47214911763444
3475 5.052599493195288
3506 0.8205655282000008
3578 0.6015799870344548
3597 2.8876357780772897
3598 1.1666271649670843
3614 1.4378280112350734
3632 3.47214911763444
3700 1.2947271675944
3738 4.05407066308416
3759 4.8067795842320225
3774 1.7255100836868542
3780 2.465910149097345
3827 3.2849375755462935
3840 1.2980660688599148
4021 7.5272409945502625
4053 -0.7476007520910928
4070 1.1068654304248302
4208 1.5220460903190904
4214 2.465910149097345
4230 4.029806041084529
4307 2.824122372354964
4359 4.8012850649143815
4522 2.082857181237153
4613 2.211017899468555
4750 0.994658549464184
4816 6.9985096422506015
4878 1.3672978604292356
4924 3.2849375755462935
4963 2.3933394562625097
4964 0.563963123463148
5019 4.290459441148391
5036 4.695924549256556
5067 2.2278250177849364
5103 3.414990703794491
5119 2.3933394562625097
5151 2.555858385760285
5154 2.4446327506500602
5263 4.22592092001082
5316 2.236335707452845
5339 4.713706847592958
5409 3.502002080784121
5478 4.433560284789064
5484 1.8928409466523688
5539 1.7153059135126125
5540 3.1698682457615064
5554 4.216321028057695
5581 3.0666840095262753
5590 1.4533321977710387
5596 3.5645224377654547
5630 0.11915383779016203
5700 3.1483620405405426
5722 6.721846965048431
5812 3.1698682457615064
5872 5.088324691994187
5874 5.159338068908006
5893 6.9985096422506015
5959 3.47214911763444
5989 5.206750173022546
5999 2.5098732725184614
6057 3.8204558119026557
6335 2.476721065201561
6387 2.9911764570181303
6433 2.06160916317361
6447 1.2880826248757316
6468 3.1483620405405426
6500 5.612215281130711
6641 5.8998973535824915
6703 4.433560284789064
6776 1.942263836902293
6887 1.152070867192877
6898 2.162227735299123
6908 0.33537694625979814
7025 1.0095482253607377
7104 -1.9904637499538764
7118 3.1273086313427103
7170 1.6186122887101415
7215 2.344549292093078
7228 4.359452312635343
7274 3.0666840095262753
7312 4.632756830252763
7534 1.242767428663689
7569 1.0170954309961207
7578 2.607686396804592
7722 3.5327737394508745
7724 3.597312260588446
7764 1.7052048175261088
7803 5.389071729816501
7813 1.0145733615634107
7838 2.1081605140288473
7857 4.8012850649143815
7965 1.886521853894058
7987 3.666305132075397
7991 3.944789624735759
8003 8.216275768708874
8005 4.165296298194385
8007 3.809518882887678
8037 4.22592092001082
8096 1.4533321977710387
8261 4.513602992462601
8444 3.5780469788183606
8514 4.01615411094373
8523 1.4512652714088672
8664 2.7938170228596353
8683 1.6803896484063847
8723 1.5262389685791264
8731 2.0286963426746007
8822 4.560021541911013
9069 3.260840023967233
9106 1.0850066366123312
9115 3.047265923669174
9122 1.3744921360632627
9223 3.047265923669174
9250 4.22592092001082
9353 2.476721065201561
9400 3.1273086313427103
9481 1.7727629685373998
9483 3.6312138122641273
9537 3.2731460406213513
9559 -0.8319894385497393
9563 12.610724923381312
9588 4.359452312635343
9589 1.3115342859107813
9590 3.3096301881366648
9711 3.7372218546550555
9733 1.0850066366123312
9817 1.3183370332335338
9970 0.4837969513780714
9986 2.0568672196412967
10006 2.6944445490464313
10030 2.413542163580029
10056 4.359452312635343
10163 7.814934377784571
10217 2.15432255579201
10325 5.677692505050063
10326 1.0461538510930224
10329 -1.6807255656767812
10393 1.9746291214043248
10422 0.7087940713416041
10431 0.7218661529089567
10441 3.7026727762462723
10443 2.4876501357337513
10522 2.9911764570181303
10561 1.6003469407328483
10629 3.7026727762462723
10719 5.206750173022546
10742 1.7890234894091803
10749 1.1754637467675824
10751 0.7939518796819108
10753 2.7790019370744945
10760 5.389071729816501
10825 4.029806041084529
10827 7.480826208458238
10868 -1.2975275096829597
10897 4.00277736869661
11023 1.2880826248757316
11034 1.5958322603783217
11089 2.309930450438483
11102 0.6652300141109108
11110 0.8102455191680114
11140 4.30864511158402
11168 1.2781978656431896
11210 3.21432000833234
11218 1.144042369585821
11228 3.3096301881366648
11261 5.8998973535824915
11295 3.2373095265570386
11299 -2.6059138093296896
11304 2.410992067732915
11308 2.5098732725184614
11337 11.799794707164983
11344 3.1483620405405426
11375 2.681021528714291
11383 4.8012850649143815
11386 2.1157077196642304
11416 2.1782280766455644
11453 4.091160117244055
11524 3.0357414378172196
11580 2.5441623459970937
11584 4.433560284789064
11769 1.6466515087745348
11804 3.7796338173824005
11825 2.9041650800285006
11834 6.305362461690656
11895 5.052599493195288
11908 1.5346778372249912
12034 0.9324015521468534
12078 1.3637200390813515
12117 4.290459441148391
12216 2.87137525720551
12218 2.6547042203969173
12293 3.7026727762462723
12321 3.4431615807611875
12377 1.3460204619819507
12404 1.485080896085619
12447 2.8396265588909295
12455 -0.2152586658680402
12457 3.2373095265570386
12508 4.524622387712212
12513 3.740413104229119
12660 2.035665011990694
12708 1.5958322603783217
12717 1.7997441231461808
12723 2.288979440938267
12736 3.414990703794491
12783 5.695929643279208
12798 6.305362461690656
12802 5.8998973535824915
12803 8.18232023448811
12853 1.152070867192877
12904 3.4431615807611875
13025 5.389071729816501
13189 1.8745456628473423
13384 2.0568672196412967
13390 2.236335707452845
13401 2.465910149097345
13403 3.502002080784121
13439 11.338901452147201
13527 4.099499503744866
13553 -1.111382279832576
13613 3.6222476728196926
13718 2.6850356628614973
13720 3.666305132075397
13844 6.9985096422506015
13891 1.8197775865739976
14044 1.4611753752320646
14135 2.3541187431092285
14136 2.962113491571787
14152 4.695924549256556
14237 -6.972483483041599
14267 -0.7647387866270302
14352 7.571363786609475
14381 0.2288676653980985
14527 2.938066631704182
14546 2.8876357780772897
14597 3.2849375755462935
14620 2.15432255579201
14666 4.695924549256556
14682 1.5431885268928998
14878 4.513602992462601
14906 0.8027278807278994
14908 2.476721065201561
15020 6.17297327364491
15154 5.052599493195288
15181 1.751485570090115
15241 3.4924724284079427
15242 6.829981407588982
15288 3.21432000833234
15292 2.211017899468555
15306 0.7199882180847567
15313 1.917105277266138
15332 -15.523117301456201
15341 1.5919482501253577
15373 0.814360751313118
15397 2.001297368486486
15413 1.2781978656431896
15418 2.1233123190494494
15484 2.9911764570181303
15551 5.789339924386015
15604 2.1233123190494494
15672 1.4550424207846036
15685 0.8716404581364162
15771 0.04619142958929879
15827 1.9109133070182172
15828 4.372591176784123
