204
521 1.8986432144264027
927 2.0785287164224764
1885 3.009525595686327
1893 1.7567626271909589
1902 2.0149030205422647
1922 1.6952047341915255
1928 9.950600542935005
2016 22.448861124522843
2167 2.66777630196427
2181 4.433560284789064
2224 1.981229805435677
2240 1.65617539028579
2271 0.6835662361444191
2334 1.5879037593638217
2357 1.1873686492739008
2407 2.236335707452845
2421 1.5431885268928998
2424 4.438772298278144
2450 -4.8868551656288854
2638 2.130975191795019
2690 3.1483620405405426
2705 1.6657908489852322
2920 1.3590830570083334
2940 1.6278716141229383
3048 2.5098732725184614
3170 4.513602992462601
3230 5.775271556154579
3407 6.257564269543647
3516 2.0785287164224764
3520 2.87137525720551
3613 5.710749831718137
3700 2.5894543351888
3723 4.22592092001082
3788 8.250043200603727
3820 3.5780469788183606
3840 3.8941982065797447
3860 4.359452312635343
3932 4.05407066308416
3995 3.50297114018023
4029 2.9041650800285006
4053 -0.22428022562732786
4070 1.1068654304248302
4172 3.414990703794491
4214 2.465910149097345
4258 3.3096301881366648
4259 3.8630154263214513
4366 1.9878743481543455
4368 4.22592092001082
4425 2.498233312684696
4474 5.389071729816501
4537 3.0588716320484384
4693 4.8012850649143815
4750 0.33155284982139466
4781 6.9985096422506015
4845 6.9985096422506015
4976 2.288979440938267
4989 2.6710983242293107
5046 2.236335707452845
5309 7.5978045707880515
5339 2.356853423796479
5350 2.955458374416051
5510 4.108137884354437
5515 5.052599493195288
5574 10.329484742283562
5842 3.086486636822455
5898 3.9074671888922854
5933 2.955458374416051
5934 2.8876357780772897
5960 3.6312138122641273
5973 1.4770487243883548
6156 1.8000126109847754
6164 2.6290617897835795
6447 1.2880826248757316
6587 4.00277736869661
6611 14.757204301712296
6628 3.1918471524802814
6754 1.2024518914852294
6794 3.9074671888922854
6872 1.3047775034479017
7019 2.130975191795019
7065 2.6040604875781623
7104 -9.28883083311809
7170 6.474449154840566
7286 1.4112609838503516
7306 9.950600542935005
7312 2.3163784151263815
7344 1.6325336272287498
7401 1.886521853894058
7414 3.7026727762462723
7623 3.3349479961209547
7834 7.065547478901749
7892 1.5517722705842913
7904 2.211017899468555
7917 3.414990703794491
7971 3.414990703794491
8032 0.5108256237659907
8085 4.108137884354437
8096 2.9066643955420775
8102 4.359452312635343
8142 2.9041650800285006
8242 4.071330023981388
8306 3.7026727762462723
8307 4.433560284789064
8444 1.7890234894091803
8683 1.6803896484063847
8695 1.9550845253313545
8734 8.45184184002164
8745 5.088324691994187
8833 5.8998973535824915
8979 1.7890234894091803
9069 3.260840023967233
9106 2.1700132732246624
9306 3.8630154263214513
9400 3.1273086313427103
9428 2.498699971920336
9537 0.6546292081242703
9590 3.3096301881366648
9743 3.8630154263214513
9779 7.334894673308349
9986 2.0568672196412967
10040 10.893641436792382
10098 4.695924549256556
10258 1.8000126109847754
10325 1.8925641683500207
10326 1.0461538510930224
10393 3.9492582428086496
10431 0.7218661529089567
10456 2.8553749158590684
10472 5.389071729816501
10561 1.6003469407328483
10729 2.039247754698959
10731 6.9985096422506015
11032 2.175425996420148
11050 3.9539872045271784
11137 11.531549935722996
11168 7.669187193859138
11218 0.5720211847929105
11258 8.00555473739322
11299 -2.6059138093296896
11304 1.2054960338664575
11347 1.6746046411110493
11386 4.231415439328461
11406 2.6418008155610093
11443 3.260840023967233
11450 2.262311193856106
11459 3.047265923669174
11506 7.726030852642903
11518 3.8630154263214513
11526 8.209616837892943
11696 6.474619053114077
11717 2.938066631704182
11772 4.108137884354437
11790 2.2449194511442365
11952 1.5958322603783217
11998 6.9985096422506015
12162 6.305362461690656
12383 2.5046129034208957
12404 4.455242688256857
12407 6.68155870572768
12455 -0.8610346634721608
12689 5.389071729816501
12707 6.683475053354809
12708 1.5958322603783217
12717 1.7997441231461808
12790 9.057431496563488
12826 2.5238746895428186
12853 1.152070867192877
13001 2.9461134062376346
13077 6.094531847338348
13080 0.8123010183501074
13314 2.0286963426746007
13338 5.042345655544789
13403 3.502002080784121
13415 4.8012850649143815
13439 3.7796338173824005
13462 3.3096301881366648
13547 1.6003469407328483
13553 -1.8523037997209602
13750 4.324455470598246
13838 2.3163784151263815
13891 0.6065925288579992
14237 -5.5779867864332795
14267 -1.5294775732540604
14381 0.915470661592394
14416 2.3218536389257243
14428 6.305362461690656
14465 5.052599493195288
14477 5.042345655544789
14586 8.10814132616832
14590 5.501171004981262
14881 5.8998973535824915
14906 0.8027278807278994
15019 4.8012850649143815
15024 3.2373095265570386
15155 4.142467204446423
15278 7.3977304472920355
15332 -13.970805571310581
15341 1.5919482501253577
15484 2.9911764570181303
15517 3.773043707788116
15578 1.7945029551738059
15685 1.7432809162728324
15769 3.3349479961209547
15771 0.023095714794649395
