52
521 3.7972864288528054
978 2.298029276458185
2240 1.65617539028579
2271 0.6835662361444191
2829 2.8088549002241754
2901 3.3349479961209547
3170 4.513602992462601
3230 2.8876357780772897
3520 5.74275051441102
3613 2.8553749158590684
3700 1.2947271675944
4010 3.1918471524802814
4053 -0.07476007520910928
4537 2.039247754698959
5574 6.886323161522375
6043 1.5913378707904824
6467 2.2535775138873513
6553 3.8204558119026557
7019 2.130975191795019
7065 5.208120975156325
7104 -1.3269758333025843
7306 2.4876501357337513
7892 1.5517722705842913
8003 4.108137884354437
8142 2.9041650800285006
9537 0.6546292081242703
9733 1.0850066366123312
9779 3.6674473366541744
9986 2.0568672196412967
10294 5.41610040220442
10326 0.5230769255465112
10906 2.035665011990694
11137 2.661126908243768
11299 -0.5211827618659379
11347 0.8373023205555247
11717 2.938066631704182
12022 0.40409618250082274
12322 6.721846965048431
12407 3.34077935286384
12790 1.5095719160939147
13412 2.5098732725184614
13471 5.208120975156325
13553 -0.37046075994419203
13630 8.580918882296782
13838 2.3163784151263815
14115 2.973157951515452
14465 5.052599493195288
14477 2.5211728277723946
14486 2.6164830075767194
14906 0.4013639403639497
15332 -1.5523117301456202
15771 0.04619142958929879
