246
184 5.612215281130711
401 3.1698682457615064
521 1.8986432144264027
799 5.206750173022546
831 5.052599493195288
1060 0.12433381283310307
1062 2.591790394986348
1120 4.695924549256556
1127 5.8998973535824915
1367 4.433560284789064
1686 1.1549652252192415
1687 2.413542163580029
1690 2.455214859980597
1702 3.3609234825242154
1725 5.8998973535824915
1750 2.2137308608496604
1804 6.305362461690656
1885 3.009525595686327
1902 2.0149030205422647
1957 1.8223599096767722
1984 4.513602992462601
2009 2.413542163580029
2037 4.359452312635343
2167 5.33555260392854
2269 1.8686109273275278
2271 0.6835662361444191
2511 6.305362461690656
2513 1.8280256472124494
2674 1.0272478024601386
2690 3.1483620405405426
2862 1.4690805547391779
2874 3.047265923669174
2895 5.612215281130711
2920 0.6795415285041667
2958 5.052599493195288
2964 0.900435360084361
3068 1.3460204619819507
3170 4.513602992462601
3230 5.775271556154579
3277 9.201228738904462
3282 4.290459441148391
3332 6.305362461690656
3520 2.87137525720551
3613 5.710749831718137
3637 3.260840023967233
3657 5.232966015153439
3700 1.2947271675944
3709 2.9041650800285006
3840 3.8941982065797447
3981 3.3609234825242154
4010 3.1918471524802814
4053 -0.22428022562732786
4165 6.305362461690656
4174 3.3875917296063767
4217 3.3096301881366648
4222 2.3256808077886952
4250 4.695924549256556
4286 4.261950383590038
4333 1.4651201535230811
4391 3.260840023967233
4397 3.666305132075397
4405 1.3460204619819507
4416 1.3637200390813515
4425 2.498233312684696
4522 0.5207142953092883
4537 1.0196238773494795
4613 2.211017899468555
4625 5.5356541432584665
4699 6.305362461690656
4878 2.7345957208584712
4940 4.513602992462601
4956 7.2406264907400875
4989 6.677745810573277
5054 4.600614369452231
5110 1.8452180477528222
5151 2.555858385760285
5191 4.433560284789064
5369 3.047265923669174
5436 2.8876357780772897
5465 3.3349479961209547
5573 3.3875917296063767
5773 2.735829765209286
5809 2.363780654020965
5905 1.7835738846416156
5958 6.305362461690656
5999 2.5098732725184614
6088 1.2146844599208637
6433 0.5154022907934025
6447 1.2880826248757316
6455 4.8012850649143815
6467 4.507155027774703
6548 2.0785287164224764
6583 0.8629447511688624
6675 2.5098732725184614
6779 4.8012850649143815
6780 6.305362461690656
6819 1.7153059135126125
6886 4.919068100570765
6898 2.162227735299123
6908 0.33537694625979814
6984 3.7796338173824005
7019 4.261950383590038
7025 1.0095482253607377
7104 -1.9904637499538764
7157 3.8630154263214513
7170 1.6186122887101415
7255 3.9074671888922854
7306 4.9753002714675025
7323 6.305362461690656
7414 3.7026727762462723
7430 3.3096301881366648
7578 1.0430745587218369
7597 2.1863252868781835
7623 6.669895992241909
7700 3.7026727762462723
7713 3.1066893441399746
7764 1.7052048175261088
7872 6.305362461690656
7917 6.829981407588982
7935 4.670141096277068
7977 5.8998973535824915
7981 2.0426825846493406
8050 8.33059259638877
8097 5.8998973535824915
8117 10.004843988362865
8148 3.7796338173824005
8337 1.9550845253313545
8578 3.1066893441399746
8582 1.3781087765334512
8630 6.305362461690656
8745 2.5441623459970937
8784 2.146479378330984
8788 2.146479378330984
8840 3.1698682457615064
8942 4.919068100570765
9069 3.260840023967233
9151 1.258716730071367
9355 4.356456153291129
9365 1.4972514317058743
9384 1.3355491621146554
9589 1.3115342859107813
9733 2.1700132732246624
9779 3.6674473366541744
9858 6.305362461690656
9990 0.5671785603171224
10015 3.5645224377654547
10055 3.009525595686327
10258 1.8000126109847754
10294 2.70805020110221
10306 2.15432255579201
10326 0.5230769255465112
10329 -0.21009069570959765
10422 0.7087940713416041
10503 2.413542163580029
10642 4.05407066308416
10957 4.433560284789064
10972 5.389071729816501
11032 1.087712998210074
11057 5.11171677152057
11137 11.531549935722996
11168 1.2781978656431896
11299 -1.5635482855978138
11305 2.0640357091199095
11347 3.3492092822220987
11420 5.612215281130711
11430 8.718904625270685
11450 2.262311193856106
11481 1.6186122887101415
11485 3.3875917296063767
11520 6.213378688279949
11526 3.2838467351571774
11617 11.224430562261421
11618 10.778143459633002
11717 5.876133263408364
11816 1.9296054400303697
11825 2.9041650800285006
11849 5.389071729816501
11874 4.513602992462601
11908 1.5346778372249912
11945 3.910169050662709
11947 6.056435457396959
11952 6.383329041513287
12001 5.135385686814575
12040 3.5645224377654547
12057 2.10066984229969
12078 1.3637200390813515
12095 3.502002080784121
12111 1.994563336305142
12122 2.3927825337470767
12135 3.740413104229119
12175 2.955458374416051
12377 1.3460204619819507
12404 7.425404480428095
12407 6.68155870572768
12447 2.8396265588909295
12476 12.32441365306331
12586 5.206750173022546
12707 2.2278250177849364
12708 1.5958322603783217
12772 3.773043707788116
12790 3.0191438321878294
12823 1.034930298632155
12869 4.05407066308416
13039 16.0716000416617
13045 1.886521853894058
13080 0.8123010183501074
13107 5.052599493195288
13205 5.206750173022546
13222 3.414990703794491
13288 4.05407066308416
13397 10.778143459633002
13440 4.4311461731650645
13553 -3.7046075994419203
13708 3.9539872045271784
13722 3.5327737394508745
13838 2.3163784151263815
14043 3.7796338173824005
14064 3.7026727762462723
14115 2.973157951515452
14135 2.3541187431092285
14180 8.33059259638877
14195 1.7781538171722764
14237 -0.6972483483041599
14267 -1.5294775732540604
14371 4.600614369452231
14381 0.2288676653980985
14477 5.042345655544789
14566 6.305362461690656
14590 3.6674473366541744
14656 1.1405764877671418
14906 0.8027278807278994
15037 6.949135245379145
15153 3.1483620405405426
15155 0.6904112007410705
15253 4.919068100570765
15256 3.3349479961209547
15278 2.465910149097345
15332 -9.313870380873722
15356 6.305362461690656
15468 1.1549652252192415
15471 2.08218251948586
15487 6.305362461690656
15551 2.3157359697544058
15731 2.9911764570181303
15735 2.938066631704182
15771 0.023095714794649395
