86
486 2.70805020110221
800 2.434161450782765
1884 1.9486536350010641
2049 2.37353682896633
2513 1.8280256472124494
2787 6.383694304960563
2820 2.4446327506500602
2829 2.8088549002241754
2959 1.1873686492739008
3189 7.1290448755309095
3419 4.22592092001082
3526 5.612215281130711
4047 3.8630154263214513
4091 6.305362461690656
4222 2.3256808077886952
4232 2.3256808077886952
4241 2.4033897921160112
4321 2.8553749158590684
4382 5.206750173022546
4586 3.009525595686327
4871 2.4876501357337513
4909 1.4690805547391779
4970 1.9746291214043248
5522 3.8630154263214513
5569 4.22592092001082
5590 1.4533321977710387
5630 0.4766153511606481
6043 1.5913378707904824
6151 1.4075226617397445
6548 2.0785287164224764
6660 2.7938170228596353
6826 12.610724923381312
7286 1.4112609838503516
7295 7.405345552492545
7991 1.3149298749119196
8115 5.612215281130711
8523 1.4512652714088672
8581 5.389071729816501
8710 1.102407559418776
9122 1.3744921360632627
9170 0.6116303228879563
9276 2.6944445490464313
9399 4.22592092001082
9401 6.9985096422506015
9559 -0.41599471927486964
10103 5.389071729816501
10307 2.5676928434072877
10447 0.6099482367049713
10522 2.9911764570181303
10734 2.735829765209286
10742 1.7890234894091803
10868 -0.18536107281185138
11110 1.6204910383360227
11140 2.15432255579201
11218 1.144042369585821
11299 -2.6059138093296896
11304 1.2054960338664575
11524 1.5178707189086098
11900 2.049749751872433
12033 2.5211728277723946
12093 1.6803896484063847
12216 5.74275051441102
12404 1.485080896085619
12801 3.8218266140364343
12802 5.8998973535824915
12803 1.3637200390813515
12805 3.713692171495883
12823 1.034930298632155
12834 5.389071729816501
13189 3.7490913256946845
13399 3.086486636822455
13452 4.359452312635343
13520 5.612215281130711
13559 3.5645224377654547
13613 1.8111238364098463
13845 2.001297368486486
14114 6.9985096422506015
14174 1.7945029551738059
14267 -0.3823693933135151
14416 0.7739512129752414
14768 6.9985096422506015
14786 4.359452312635343
15292 2.211017899468555
15332 -3.1046234602912404
15771 0.04619142958929879
15828 3.2794433825880924
