190
108 4.359452312635343
451 4.22592092001082
521 1.8986432144264027
646 2.219386149139072
829 3.5645224377654547
1060 0.06216690641655154
1122 3.1698682457615064
1281 4.695924549256556
1379 1.0740829317937672
1507 3.8630154263214513
1533 4.108137884354437
2240 3.31235078057158
2258 2.87137525720551
2424 4.438772298278144
2446 2.5326015235960173
2536 1.7835738846416156
2597 2.1157077196642304
2605 10.082770447572646
2920 1.3590830570083334
3040 4.919068100570765
3150 3.5327737394508745
3170 4.513602992462601
3230 2.8876357780772897
3520 5.74275051441102
3578 0.6015799870344548
3613 2.8553749158590684
3700 1.2947271675944
3786 4.8012850649143815
3814 2.236335707452845
3840 1.2980660688599148
3879 12.008332106089831
3923 6.254617262685421
3985 2.5098732725184614
4010 3.1918471524802814
4029 5.808330160057001
4053 -0.07476007520910928
4174 3.3875917296063767
4178 6.305362461690656
4219 3.5135252543819178
4241 2.4033897921160112
4284 3.9074671888922854
4366 1.9878743481543455
4425 6.24558328171174
4537 1.0196238773494795
4625 1.8452180477528222
4668 6.721846965048431
4750 0.994658549464184
5065 2.735829765209286
5119 2.3933394562625097
5150 4.695924549256556
5208 2.5676928434072877
5339 2.356853423796479
5484 0.9464204733261844
5518 3.1737271807911225
5561 4.513602992462601
5573 3.3875917296063767
5590 1.4533321977710387
5680 1.5913378707904824
5744 4.433560284789064
5809 2.363780654020965
5842 6.17297327364491
5944 3.8204558119026557
6088 4.858737839683455
6140 2.211017899468555
6447 1.2880826248757316
6467 2.2535775138873513
6472 6.9985096422506015
6491 4.600614369452231
6528 4.919068100570765
6553 3.8204558119026557
6555 5.982352914036261
6583 0.8629447511688624
6704 4.695924549256556
7104 -2.6539516666051686
7306 2.4876501357337513
7311 2.236335707452845
7401 1.886521853894058
7414 3.7026727762462723
7571 6.305362461690656
7650 6.3244815420865415
7713 3.1066893441399746
7917 3.414990703794491
7935 2.335070548138534
7991 2.629859749823839
8153 2.8396265588909295
8306 3.7026727762462723
8683 1.6803896484063847
8695 1.9550845253313545
8710 0.551203779709388
8723 1.5262389685791264
9106 1.0850066366123312
9115 3.047265923669174
9227 4.165296298194385
9307 4.108137884354437
9365 2.9945028634117485
9384 1.3355491621146554
9696 5.389071729816501
9765 1.7835738846416156
9779 3.6674473366541744
9990 0.5671785603171224
10217 2.15432255579201
10294 2.70805020110221
10325 1.8925641683500207
10326 0.5230769255465112
10329 -0.21009069570959765
10431 0.7218661529089567
10642 4.05407066308416
10729 3.0588716320484384
10811 4.433560284789064
10863 3.4431615807611875
10936 3.9074671888922854
10997 3.1483620405405426
11032 1.087712998210074
11110 0.8102455191680114
11132 3.7796338173824005
11137 11.531549935722996
11218 0.5720211847929105
11228 3.3096301881366648
11287 2.0286963426746007
11299 -2.0847310474637517
11304 1.2054960338664575
11305 6.192107127359728
11308 2.5098732725184614
11339 4.00277736869661
11347 1.6746046411110493
11485 3.3875917296063767
11522 2.555858385760285
11526 6.567693470314355
11717 2.938066631704182
11785 1.9680717208581657
11952 1.5958322603783217
11979 4.433560284789064
12010 3.6312138122641273
12042 10.567203262244037
12111 1.994563336305142
12122 1.1963912668735384
12404 4.455242688256857
12407 0.83519483821596
12455 -0.2152586658680402
12707 2.2278250177849364
12790 1.5095719160939147
12826 2.5238746895428186
12833 0.9630282097258448
12958 4.695924549256556
12992 2.3256808077886952
13080 1.6246020367002147
13288 4.05407066308416
13312 2.955458374416051
13353 1.961557039836972
13365 3.3349479961209547
13390 2.236335707452845
13412 2.5098732725184614
13471 2.6040604875781623
13553 -0.7409215198883841
13613 1.8111238364098463
13672 1.5262389685791264
13769 3.1273086313427103
13838 4.632756830252763
13843 2.1782280766455644
13891 0.6065925288579992
14008 2.001297368486486
14044 4.383526125696194
14115 2.973157951515452
14237 -0.6972483483041599
14267 -1.1471081799405454
14352 1.8928409466523688
14422 2.1233123190494494
14431 2.06986059726431
14477 2.5211728277723946
14547 3.740413104229119
14563 2.6418008155610093
14626 2.750014400201242
14682 1.5431885268928998
14737 6.305362461690656
14830 2.7790019370744945
14840 3.740413104229119
14906 0.4013639403639497
15153 6.296724081081085
15155 1.380822401482141
15278 2.465910149097345
15332 -10.866182111019342
15413 1.2781978656431896
15468 1.1549652252192415
15471 0.6940608398286201
15570 2.7218435232345457
15578 1.7945029551738059
15595 1.3320829541381691
15708 2.9911764570181303
15725 3.5645224377654547
15771 0.04619142958929879
