138
1881 5.612215281130711
1979 3.9539872045271784
2019 2.344549292093078
2167 8.00332890589281
2269 1.8686109273275278
2321 7.726030852642903
2322 6.9985096422506015
2357 1.1873686492739008
2389 4.600614369452231
2450 -0.6108568957036107
2459 2.938066631704182
2585 3.9074671888922854
2631 0.42584399448534344
2682 4.108137884354437
2755 3.260840023967233
2920 1.3590830570083334
2924 2.0286963426746007
2935 0.6320391945191633
3048 2.5098732725184614
3057 2.236335707452845
3068 2.6920409239639014
3090 3.047265923669174
3215 0.589980851191103
3506 1.6411310564000017
3964 7.065547478901749
4145 2.008077055471865
4158 0.030600440448717042
4163 4.919068100570765
4286 2.130975191795019
4333 1.4651201535230811
4366 1.9878743481543455
4400 2.938066631704182
4487 3.1066893441399746
4549 2.6418008155610093
4625 1.8452180477528222
4783 2.1782280766455644
4840 2.938066631704182
4876 2.2449194511442365
4914 1.4339892349279078
5033 2.1233123190494494
5119 2.3933394562625097
5156 2.211017899468555
5173 3.7026727762462723
5236 5.612215281130711
5326 3.1483620405405426
5339 1.1784267118982394
5539 1.7153059135126125
5630 0.11915383779016203
5680 1.5913378707904824
5794 4.8012850649143815
5950 4.00277736869661
5983 1.9878743481543455
6049 4.071330023981388
6155 4.359452312635343
6187 5.389071729816501
6368 2.5098732725184614
6776 3.884527673804586
7028 2.764403137653342
7418 3.1483620405405426
7497 0.7014003223166658
7578 0.5215372793609184
7808 2.8396265588909295
7892 1.5517722705842913
7965 1.886521853894058
8024 6.305362461690656
8090 2.236335707452845
8582 2.7562175530669024
8723 4.578716905737379
8788 2.146479378330984
8869 2.1782280766455644
8874 4.513602992462601
8880 1.67063347346102
9069 6.521680047934466
9106 1.0850066366123312
9122 1.3744921360632627
9177 4.359452312635343
9481 1.7727629685373998
9554 1.271661894663404
9661 8.45184184002164
9733 3.2550199098369936
9970 0.9675939027561428
9979 2.3933394562625097
10001 4.128071418239819
10161 3.6312138122641273
10325 1.8925641683500207
10326 1.5692307766395337
10329 -1.4706348699671836
10393 1.9746291214043248
10503 4.827084327160058
10581 6.305362461690656
10678 2.288979440938267
10868 -0.18536107281185138
11168 1.2781978656431896
11217 4.513602992462601
11254 4.695924549256556
11450 4.524622387712212
11524 1.5178707189086098
11658 4.513602992462601
12078 1.3637200390813515
12339 11.799794707164983
12455 -1.2915519952082413
12554 1.6609715625492831
12708 4.787496781134966
12717 1.7997441231461808
12785 2.8088549002241754
13314 2.0286963426746007
13316 3.047265923669174
13392 2.764403137653342
13411 2.8088549002241754
13547 3.2006938814656967
13553 -0.7409215198883841
13791 3.047265923669174
14078 5.019746545036923
14162 6.305362461690656
14196 2.511906961666574
14267 -1.1471081799405454
14313 16.46651508774535
14381 0.457735330796197
14416 0.7739512129752414
14439 3.1273086313427103
14440 4.433560284789064
14455 8.18608738270588
14463 5.01190042038306
14612 2.1863252868781835
15057 1.152070867192877
15155 0.6904112007410705
15241 1.7462362142039713
15326 6.474619053114077
15332 -1.5523117301456202
15397 4.002594736972972
15413 1.2781978656431896
15450 4.290459441148391
15551 1.1578679848772029
15651 1.1377234187847354
15685 0.8716404581364162
15771 0.04619142958929879
15794 2.5676928434072877
15828 1.0931477941960308
