66
528 4.513602992462601
1922 1.6952047341915255
2240 1.65617539028579
2446 2.5326015235960173
2536 1.7835738846416156
3230 2.8876357780772897
3520 2.87137525720551
3613 2.8553749158590684
3840 1.2980660688599148
4010 3.1918471524802814
4029 2.9041650800285006
4219 7.0270505087638355
4425 1.249116656342348
4537 1.0196238773494795
5498 4.108137884354437
5574 6.886323161522375
5973 1.4770487243883548
6055 3.7796338173824005
6123 2.288979440938267
6467 2.2535775138873513
7065 2.6040604875781623
7215 2.344549292093078
7286 2.822521967700703
7414 3.7026727762462723
7534 1.242767428663689
7623 3.3349479961209547
7713 3.1066893441399746
7892 3.1035445411685827
7917 3.414990703794491
8569 3.7026727762462723
8784 2.146479378330984
9115 3.047265923669174
9355 2.1782280766455644
9779 3.6674473366541744
10294 2.70805020110221
10610 3.6312138122641273
10654 11.799794707164983
10729 4.078495509397918
11137 3.548169210991691
11299 -1.0423655237318759
11304 2.410992067732915
11506 3.8630154263214513
11526 3.2838467351571774
11580 2.5441623459970937
11717 2.938066631704182
11828 8.866375123248154
12122 1.1963912668735384
12404 1.485080896085619
12407 1.67038967643192
12455 -0.6457759976041206
12707 2.2278250177849364
12790 1.5095719160939147
13288 4.05407066308416
13324 11.224430562261421
13471 2.6040604875781623
13553 -0.37046075994419203
13681 2.498699971920336
13838 2.3163784151263815
14477 2.5211728277723946
14573 3.260840023967233
14590 1.8337236683270872
14840 3.740413104229119
14906 0.4013639403639497
15283 2.236335707452845
15332 -3.1046234602912404
15468 1.1549652252192415
