46
521 1.8986432144264027
2218 3.740413104229119
2271 0.34178311807220957
2920 0.6795415285041667
3230 2.8876357780772897
3448 3.1273086313427103
3613 2.8553749158590684
3700 1.2947271675944
3840 1.2980660688599148
4219 5.270287881572877
4425 1.249116656342348
4537 1.0196238773494795
5574 3.4431615807611875
5973 1.4770487243883548
6467 2.2535775138873513
6548 2.0785287164224764
7286 1.4112609838503516
7414 3.7026727762462723
7892 1.5517722705842913
7917 3.414990703794491
9106 1.0850066366123312
9115 3.047265923669174
9779 3.6674473366541744
10729 2.039247754698959
11137 4.435211513739613
11299 -0.5211827618659379
11304 2.410992067732915
11347 0.8373023205555247
11526 1.6419233675785887
11717 2.938066631704182
11828 2.955458374416051
11952 1.5958322603783217
12022 0.40409618250082274
12404 2.970161792171238
12407 0.83519483821596
12455 -0.6457759976041206
12707 2.2278250177849364
12790 1.5095719160939147
13471 2.6040604875781623
13680 2.2449194511442365
13795 1.5389241281064423
13838 2.3163784151263815
14447 3.1483620405405426
15278 2.465910149097345
15771 0.023095714794649395
15794 2.5676928434072877
