209
452 5.612215281130711
521 1.8986432144264027
716 4.513602992462601
730 2.298029276458185
1928 4.9753002714675025
1957 3.6447198193535444
1999 3.5327737394508745
2167 2.66777630196427
2217 2.4876501357337513
2240 1.65617539028579
2271 1.3671324722888383
2303 5.389071729816501
2334 3.969759398409554
2351 1.5647876386963615
2424 8.877544596556287
2446 2.5326015235960173
2450 -3.0542844785180536
2487 4.108137884354437
2536 3.567147769283231
2601 6.213378688279949
2788 3.3096301881366648
2920 2.0386245855125003
3170 4.513602992462601
3520 2.87137525720551
3578 0.6015799870344548
3657 2.6164830075767194
3700 5.1789086703776
3788 8.250043200603727
3860 8.718904625270685
3985 2.5098732725184614
4010 3.1918471524802814
4021 1.5054481989100525
4029 2.9041650800285006
4053 -0.14952015041821856
4156 6.17297327364491
4219 12.297338390336712
4241 2.4033897921160112
4314 5.528806275306684
4333 1.4651201535230811
4425 1.249116656342348
4473 6.9985096422506015
4522 0.5207142953092883
4533 3.086486636822455
4537 5.098119386747397
4543 6.9985096422506015
4906 3.9074671888922854
4924 3.2849375755462935
5033 2.1233123190494494
5119 2.3933394562625097
5154 2.4446327506500602
5316 4.47267141490569
5397 4.22592092001082
5465 3.3349479961209547
5554 2.1081605140288473
5574 3.4431615807611875
5590 1.4533321977710387
5679 6.9985096422506015
5798 6.9985096422506015
5809 2.363780654020965
5842 3.086486636822455
5850 3.047265923669174
5889 2.4033897921160112
5934 2.8876357780772897
5978 5.389071729816501
6026 2.66777630196427
6072 4.22592092001082
6117 4.600614369452231
6151 1.4075226617397445
6265 4.600614369452231
6447 2.576165249751463
6468 3.1483620405405426
6535 4.919068100570765
6555 2.9911764570181303
6657 2.138697237888929
6704 9.391849098513111
7054 3.8630154263214513
7064 5.612215281130711
7065 2.6040604875781623
7104 -10.615806666420674
7197 1.730651483187273
7215 2.344549292093078
7286 2.822521967700703
7306 2.4876501357337513
7374 5.389071729816501
7414 3.7026727762462723
7424 3.3609234825242154
7713 3.1066893441399746
7764 1.7052048175261088
7808 2.8396265588909295
7845 2.4237986637472186
7917 3.414990703794491
7949 2.5441623459970937
7951 6.9985096422506015
8018 8.45184184002164
8043 5.191954449561819
8096 1.4533321977710387
8142 5.808330160057001
8242 4.071330023981388
8306 3.7026727762462723
8429 4.359452312635343
8569 3.7026727762462723
8664 2.7938170228596353
8734 4.22592092001082
8745 2.5441623459970937
8979 1.7890234894091803
9069 3.260840023967233
9086 5.8998973535824915
9106 1.0850066366123312
9115 3.047265923669174
9227 4.165296298194385
9365 1.4972514317058743
9400 3.1273086313427103
9733 2.1700132732246624
9779 5.501171004981262
9817 2.6366740664670676
10014 6.305362461690656
10040 18.156069061320636
10258 5.400037832954326
10294 2.70805020110221
10326 0.5230769255465112
10441 3.7026727762462723
10456 2.8553749158590684
10458 6.9985096422506015
10473 1.7781538171722764
10532 2.9209721983448818
10729 5.098119386747397
10770 7.462950407201253
10886 5.74275051441102
11102 0.6652300141109108
11137 5.322253816487536
11218 1.144042369585821
11254 4.695924549256556
11299 -2.6059138093296896
11304 3.616488101599373
11317 3.0666840095262753
11347 0.8373023205555247
11386 2.1157077196642304
11419 3.1273086313427103
11444 2.434161450782765
11481 3.237224577420283
11520 3.1066893441399746
11526 14.777310308207298
11580 2.5441623459970937
11671 2.2535775138873513
11785 3.9361434417163315
11790 2.2449194511442365
11828 2.955458374416051
11943 2.455214859980597
11945 1.9550845253313545
12042 2.6418008155610093
12075 2.938066631704182
12293 3.7026727762462723
12404 7.425404480428095
12407 5.8463638675117195
12455 -0.6457759976041206
12508 4.524622387712212
12571 4.00277736869661
12707 2.2278250177849364
12708 1.5958322603783217
12717 0.5999147077153936
12790 3.0191438321878294
12826 1.2619373447714093
12992 2.3256808077886952
13001 1.4730567031188173
13005 11.589046278964354
13045 1.886521853894058
13077 6.094531847338348
13080 2.436903055050322
13233 4.8012850649143815
13338 2.5211728277723946
13403 3.502002080784121
13415 9.602570129828763
13439 3.7796338173824005
13471 7.812181462734487
13547 1.6003469407328483
13553 -1.111382279832576
13750 2.162227735299123
13897 2.7218435232345457
13930 1.3601549729168554
13950 5.206750173022546
14008 6.003892105459458
14136 1.4810567457858934
14237 -0.6972483483041599
14267 -3.058955146508121
14296 4.8012850649143815
14381 0.6866029961942954
14385 5.052599493195288
14416 2.3218536389257243
14447 3.1483620405405426
14453 6.829981407588982
14477 2.5211728277723946
14590 3.6674473366541744
14682 1.5431885268928998
14779 4.290459441148391
15044 6.305362461690656
15063 3.2373095265570386
15155 2.0712336022232116
15278 7.3977304472920355
15332 -7.761558650728101
15341 3.1838965002507154
15373 1.628721502626236
15484 2.9911764570181303
15518 3.761031659667692
15574 4.8012850649143815
15685 1.7432809162728324
15735 2.938066631704182
15769 6.669895992241909
15771 0.04619142958929879
15794 5.135385686814575
