108
1379 0.5370414658968836
1496 5.8998973535824915
1692 4.388977195034689
2026 2.681021528714291
2036 1.9486536350010641
2042 3.7796338173824005
2070 4.419170109356452
2178 5.612215281130711
2269 1.8686109273275278
2328 2.9911764570181303
2331 3.6312138122641273
2597 2.1157077196642304
2674 1.0272478024601386
2901 6.669895992241909
2908 4.290459441148391
2920 0.6795415285041667
2959 3.5621059478217028
2964 0.900435360084361
3122 5.206750173022546
3482 3.3096301881366648
3517 6.9985096422506015
3546 10.413500346045092
3621 6.305362461690656
3824 8.00555473739322
3828 4.919068100570765
3896 1.403798262648762
4097 8.866375123248154
4314 2.764403137653342
4325 6.42864001666468
4405 1.3460204619819507
4476 3.740413104229119
4551 3.9074671888922854
4631 3.9539872045271784
4646 3.7372218546550555
4711 1.9296054400303697
4947 3.414990703794491
4970 5.923887364212974
4992 3.260840023967233
5409 3.502002080784121
5517 1.6232312345664361
5681 4.8012850649143815
5889 2.4033897921160112
6156 1.8000126109847754
6223 2.8088549002241754
6402 1.4112609838503516
6511 15.157798479585864
6660 2.7938170228596353
6819 1.7153059135126125
7104 -0.6634879166512921
7197 1.730651483187273
8003 4.108137884354437
8230 2.37353682896633
8578 3.1066893441399746
8710 0.551203779709388
8880 1.67063347346102
8886 1.3081501879265407
8900 4.513602992462601
9057 4.05407066308416
9549 5.612215281130711
9559 -0.08319894385497392
9831 10.105198986390576
10001 2.0640357091199095
10058 7.812181462734487
10196 2.5211728277723946
10742 1.7890234894091803
10868 -0.37072214562370276
10979 12.426757376559898
11102 3.9913800846654643
11218 0.5720211847929105
11246 6.9985096422506015
11305 2.0640357091199095
11406 2.6418008155610093
11785 3.9361434417163315
11956 4.695924549256556
12010 3.6312138122641273
12022 2.0204809125041137
12075 2.938066631704182
12117 4.290459441148391
12127 5.8998973535824915
12588 4.05407066308416
12595 2.344549292093078
12785 2.8088549002241754
12805 1.8568460857479414
13189 1.8745456628473423
13314 2.0286963426746007
13442 5.389071729816501
13559 3.5645224377654547
13718 1.3425178314307487
13913 8.518879676672789
13993 3.3609234825242154
14107 2.4237986637472186
14115 2.973157951515452
14136 5.924226983143574
14237 -0.6972483483041599
14308 2.0640357091199095
14332 4.22592092001082
14340 4.108137884354437
14352 2.8392614199785533
14549 6.305362461690656
14682 1.5431885268928998
14692 2.8396265588909295
14949 3.9074671888922854
15020 3.086486636822455
15231 15.620250519067639
15237 6.9985096422506015
15332 -9.313870380873722
15828 1.0931477941960308
15829 3.7796338173824005
