47
521 1.8986432144264027
2247 2.219386149139072
2964 0.900435360084361
3180 2.7938170228596353
3230 2.8876357780772897
3520 2.87137525720551
3613 2.8553749158590684
4010 3.1918471524802814
4029 5.808330160057001
4219 3.5135252543819178
4366 1.9878743481543455
4425 2.498233312684696
4537 1.0196238773494795
5498 4.108137884354437
5574 3.4431615807611875
5842 3.086486636822455
5973 1.4770487243883548
6467 2.2535775138873513
7104 -0.6634879166512921
7286 1.4112609838503516
7622 2.764403137653342
7713 3.1066893441399746
7892 1.5517722705842913
9355 2.1782280766455644
9365 1.4972514317058743
9779 3.6674473366541744
10294 2.70805020110221
10729 3.0588716320484384
11137 2.661126908243768
11299 -0.5211827618659379
11304 2.410992067732915
11347 0.8373023205555247
11526 1.6419233675785887
11717 2.938066631704182
11828 2.955458374416051
12042 2.6418008155610093
12404 2.970161792171238
12407 0.83519483821596
12455 -0.4305173317360804
12790 1.5095719160939147
13838 2.3163784151263815
14416 0.7739512129752414
14477 2.5211728277723946
14573 3.260840023967233
15278 2.465910149097345
15468 1.1549652252192415
15771 0.023095714794649395
