35
521 1.8986432144264027
2901 3.3349479961209547
3520 2.87137525720551
3840 1.2980660688599148
4219 1.7567626271909589
4366 1.9878743481543455
4568 5.8998973535824915
4976 2.288979440938267
5574 3.4431615807611875
5973 1.4770487243883548
6953 2.681021528714291
6986 5.389071729816501
7104 -0.6634879166512921
7215 2.344549292093078
7311 2.236335707452845
8569 3.7026727762462723
9365 1.4972514317058743
10729 3.0588716320484384
11137 0.8870423027479227
11299 -0.5211827618659379
11304 1.2054960338664575
11526 1.6419233675785887
11828 2.955458374416051
11952 1.5958322603783217
12042 5.283601631122019
12404 1.485080896085619
12790 1.5095719160939147
13471 2.6040604875781623
14447 3.1483620405405426
15278 2.465910149097345
15348 2.10066984229969
15685 0.8716404581364162
15728 3.009525595686327
15771 0.023095714794649395
15794 2.5676928434072877
