101
1957 1.8223599096767722
1979 3.9539872045271784
2167 5.33555260392854
2321 3.8630154263214513
2450 -1.832570687110832
2623 6.9985096422506015
2631 0.42584399448534344
2755 3.260840023967233
2935 0.6320391945191633
3048 2.5098732725184614
3057 2.236335707452845
3068 1.3460204619819507
3215 0.589980851191103
3353 5.8998973535824915
3506 1.6411310564000017
4053 -0.07476007520910928
4063 8.867120569578129
4145 2.008077055471865
4158 0.030600440448717042
4163 4.919068100570765
4286 2.130975191795019
4333 1.4651201535230811
4487 3.1066893441399746
4549 2.6418008155610093
4625 1.8452180477528222
4914 1.4339892349279078
5119 2.3933394562625097
5156 2.211017899468555
5173 3.7026727762462723
5339 1.1784267118982394
5539 1.7153059135126125
5680 1.5913378707904824
6049 2.035665011990694
6155 4.359452312635343
6187 5.389071729816501
6776 3.884527673804586
6970 2.1863252868781835
7497 0.7014003223166658
7578 0.5215372793609184
7808 2.8396265588909295
8024 6.305362461690656
8090 2.236335707452845
8582 1.3781087765334512
8718 2.824122372354964
8723 4.578716905737379
8809 4.919068100570765
8869 2.1782280766455644
8979 1.7890234894091803
9070 5.612215281130711
9106 1.0850066366123312
9177 4.359452312635343
9384 1.3355491621146554
9456 5.612215281130711
9481 1.7727629685373998
9733 2.1700132732246624
9970 0.4837969513780714
9979 2.3933394562625097
10161 3.6312138122641273
10325 1.8925641683500207
10326 1.5692307766395337
10329 -0.4201813914191953
10393 1.9746291214043248
10503 2.413542163580029
10581 6.305362461690656
10678 2.288979440938267
10868 -0.18536107281185138
11168 1.2781978656431896
11217 4.513602992462601
11254 4.695924549256556
11450 4.524622387712212
11524 1.5178707189086098
12022 0.40409618250082274
12450 3.1483620405405426
12455 -0.6457759976041206
12708 4.787496781134966
12717 0.5999147077153936
12785 2.8088549002241754
13392 2.764403137653342
13547 3.2006938814656967
13553 -0.7409215198883841
13681 2.498699971920336
13791 3.047265923669174
14078 2.5098732725184614
14158 5.612215281130711
14195 1.7781538171722764
14267 -0.3823693933135151
14313 8.233257543872675
14355 6.9985096422506015
14381 0.457735330796197
14416 0.7739512129752414
14463 5.01190042038306
14612 2.1863252868781835
15241 1.7462362142039713
15326 3.2373095265570386
15332 -1.5523117301456202
15397 4.002594736972972
15551 1.1578679848772029
15651 1.1377234187847354
15771 0.023095714794649395
15794 2.5676928434072877
15828 1.0931477941960308
