245
105 6.9985096422506015
184 5.612215281130711
521 1.8986432144264027
646 2.219386149139072
829 3.5645224377654547
1113 6.9985096422506015
1171 2.9209721983448818
1373 6.305362461690656
1379 1.0740829317937672
1404 1.3708885285599641
1420 5.389071729816501
1561 6.305362461690656
1686 2.309930450438483
1692 2.1944885975173447
1835 4.919068100570765
1922 3.390409468383051
1923 2.211017899468555
1957 1.8223599096767722
2036 1.9486536350010641
2064 1.5647876386963615
2240 1.65617539028579
2306 4.695924549256556
2424 6.6581584474172155
2446 2.5326015235960173
2450 -0.6108568957036107
2536 1.7835738846416156
2605 6.721846965048431
2624 4.695924549256556
2755 3.260840023967233
2862 1.4690805547391779
2920 1.3590830570083334
2935 0.6320391945191633
2939 5.612215281130711
2950 5.8998973535824915
3040 4.919068100570765
3082 4.8012850649143815
3150 3.5327737394508745
3230 5.775271556154579
3613 5.710749831718137
3700 2.5894543351888
3709 2.9041650800285006
3738 4.05407066308416
3786 4.8012850649143815
3843 5.206750173022546
3879 4.00277736869661
3959 5.8998973535824915
3995 1.751485570090115
4010 3.1918471524802814
4174 3.3875917296063767
4219 12.297338390336712
4223 2.1863252868781835
4261 2.262311193856106
4361 3.8630154263214513
4391 3.260840023967233
4425 2.498233312684696
4522 0.2603571476546441
4537 4.078495509397918
4649 4.22592092001082
4750 0.33155284982139466
4751 3.414990703794491
4878 2.7345957208584712
4914 1.4339892349279078
4970 3.9492582428086496
5033 2.1233123190494494
5208 2.5676928434072877
5484 0.9464204733261844
5518 3.1737271807911225
5573 6.775183459212753
5587 2.5326015235960173
5716 4.695924549256556
5809 2.363780654020965
5812 3.1698682457615064
5842 3.086486636822455
5973 1.4770487243883548
6005 3.666305132075397
6043 1.5913378707904824
6064 2.138697237888929
6088 2.4293689198417274
6123 2.288979440938267
6130 3.0666840095262753
6140 2.211017899468555
6151 2.815045323479489
6156 1.8000126109847754
6346 6.9985096422506015
6441 6.9985096422506015
6447 2.576165249751463
6467 2.2535775138873513
6491 4.600614369452231
6519 5.052599493195288
6548 6.235586149267429
6555 2.9911764570181303
6583 3.4517790046754495
6611 4.919068100570765
6802 3.47214911763444
6819 1.7153059135126125
6856 3.2849375755462935
6908 0.33537694625979814
6971 3.597312260588446
7104 -4.644415416559045
7247 4.22592092001082
7286 1.4112609838503516
7306 4.9753002714675025
7327 3.5327737394508745
7401 1.886521853894058
7414 3.7026727762462723
7497 0.7014003223166658
7534 1.242767428663689
7578 0.5215372793609184
7622 5.528806275306684
7623 3.3349479961209547
7650 2.1081605140288473
7713 3.1066893441399746
7781 2.6040604875781623
7917 6.829981407588982
7935 2.335070548138534
7984 4.8012850649143815
7991 1.3149298749119196
8003 4.108137884354437
8005 4.165296298194385
8032 0.5108256237659907
8142 2.9041650800285006
8262 2.0712559570933964
8301 2.413542163580029
8306 7.405345552492545
8536 5.389071729816501
8683 1.6803896484063847
8695 3.910169050662709
8723 1.5262389685791264
8734 4.22592092001082
8780 4.22592092001082
8784 6.439438134992953
8979 1.7890234894091803
9151 1.258716730071367
9219 5.8998973535824915
9227 4.165296298194385
9307 4.108137884354437
9353 2.476721065201561
9355 2.1782280766455644
9384 4.006647486343966
9779 3.6674473366541744
9887 5.612215281130711
9970 0.4837969513780714
9986 2.0568672196412967
10076 2.750014400201242
10217 4.30864511158402
10294 5.41610040220442
10326 0.5230769255465112
10431 1.4437323058179135
10487 1.981229805435677
10561 1.6003469407328483
10642 4.05407066308416
10711 6.9985096422506015
10729 5.098119386747397
10811 4.433560284789064
10863 3.4431615807611875
11032 1.087712998210074
11137 13.305634541218842
11165 2.1863252868781835
11168 1.2781978656431896
11235 3.740413104229119
11299 -2.6059138093296896
11304 1.2054960338664575
11305 2.0640357091199095
11308 5.019746545036923
11347 4.186511602777624
11350 15.620250519067639
11386 2.1157077196642304
11416 2.1782280766455644
11444 2.434161450782765
11453 1.3637200390813515
11459 3.047265923669174
11485 3.3875917296063767
11526 11.493463573050121
11570 1.1933746733341126
11580 2.5441623459970937
11591 2.7218435232345457
11597 6.133368019052551
11717 2.938066631704182
11774 3.0282177286984795
11828 8.866375123248154
11945 1.9550845253313545
11952 1.5958322603783217
11969 1.5164675941596633
11979 4.433560284789064
12064 3.3349479961209547
12122 2.3927825337470767
12404 4.455242688256857
12407 3.34077935286384
12455 -1.076293329340201
12558 2.4446327506500602
12623 4.290459441148391
12707 2.2278250177849364
12717 2.3996588308615743
12729 6.305362461690656
12790 3.0191438321878294
12797 2.7218435232345457
12826 3.785812034314228
12853 1.152070867192877
12869 4.05407066308416
12958 4.695924549256556
13028 4.8012850649143815
13045 1.886521853894058
13080 0.8123010183501074
13273 3.3096301881366648
13288 4.05407066308416
13353 1.961557039836972
13365 3.3349479961209547
13390 2.236335707452845
13440 1.4770487243883548
13471 2.6040604875781623
13526 5.389071729816501
13553 -0.7409215198883841
13667 3.9539872045271784
13769 3.1273086313427103
13838 4.632756830252763
13891 0.6065925288579992
14115 5.946315903030904
14180 4.165296298194385
14237 -0.6972483483041599
14352 1.8928409466523688
14381 0.2288676653980985
14416 0.7739512129752414
14477 2.5211728277723946
14547 3.740413104229119
14563 2.6418008155610093
14590 3.6674473366541744
14759 5.052599493195288
14840 3.740413104229119
14906 0.4013639403639497
15039 4.513602992462601
15063 3.2373095265570386
15153 6.296724081081085
15155 0.6904112007410705
15259 1.3320829541381691
15278 2.465910149097345
15332 -10.866182111019342
15341 0.7959741250626788
15413 1.2781978656431896
15468 1.1549652252192415
15471 0.6940608398286201
15551 1.1578679848772029
15559 6.9985096422506015
15578 1.7945029551738059
15735 2.938066631704182
15771 0.023095714794649395
