48
521 1.8986432144264027
1893 1.7567626271909589
1986 2.4237986637472186
2064 1.5647876386963615
2271 0.34178311807220957
2334 0.7939518796819108
3230 2.8876357780772897
3613 2.8553749158590684
3657 2.6164830075767194
3949 2.7790019370744945
4029 2.9041650800285006
4219 1.7567626271909589
4425 2.498233312684696
4871 2.4876501357337513
5518 1.5868635903955612
5574 3.4431615807611875
5842 3.086486636822455
6467 2.2535775138873513
7019 2.130975191795019
7104 -0.6634879166512921
7497 0.7014003223166658
7591 2.0426825846493406
7623 3.3349479961209547
8096 1.4533321977710387
8683 1.6803896484063847
9355 2.1782280766455644
9779 1.8337236683270872
10729 1.0196238773494795
11137 2.661126908243768
11299 -0.5211827618659379
11304 1.2054960338664575
11347 0.8373023205555247
11526 6.567693470314355
11717 2.938066631704182
11816 1.9296054400303697
11952 1.5958322603783217
12122 1.1963912668735384
12404 1.485080896085619
12407 0.83519483821596
12455 -0.2152586658680402
12790 1.5095719160939147
13471 2.6040604875781623
13838 2.3163784151263815
14463 1.67063347346102
15278 2.465910149097345
15332 -1.5523117301456202
15468 1.1549652252192415
15771 0.023095714794649395
