130
241 1.6902419448493964
521 1.8986432144264027
646 2.219386149139072
831 5.052599493195288
1379 0.5370414658968836
1404 1.3708885285599641
1561 6.305362461690656
1717 6.305362461690656
1725 5.8998973535824915
1750 1.1068654304248302
1893 1.7567626271909589
1922 1.6952047341915255
1957 1.8223599096767722
1986 2.4237986637472186
2036 1.9486536350010641
2271 0.34178311807220957
2306 4.695924549256556
2446 2.5326015235960173
2674 2.054495604920277
2920 0.6795415285041667
2964 0.900435360084361
2997 9.141797771007521
3230 2.8876357780772897
3520 2.87137525720551
3578 0.6015799870344548
3613 2.8553749158590684
3788 2.750014400201242
3837 5.052599493195288
3981 3.3609234825242154
4010 3.1918471524802814
4053 -0.14952015041821856
4174 3.3875917296063767
4219 7.0270505087638355
4368 4.22592092001082
4425 3.7473499690270438
4537 1.0196238773494795
4649 4.22592092001082
4750 0.33155284982139466
4878 1.3672978604292356
5054 4.600614369452231
5518 3.1737271807911225
5573 6.775183459212753
5666 3.47214911763444
5722 3.3609234825242154
5842 6.17297327364491
5895 2.4033897921160112
5959 3.47214911763444
6064 2.138697237888929
6447 1.2880826248757316
6548 2.0785287164224764
6553 3.8204558119026557
6583 1.7258895023377248
7019 4.261950383590038
7104 -1.9904637499538764
7286 1.4112609838503516
7306 4.9753002714675025
7414 3.7026727762462723
7534 3.7283022859910666
7578 1.5646118380827554
7623 6.669895992241909
7713 3.1066893441399746
7984 4.8012850649143815
8142 2.9041650800285006
8148 3.7796338173824005
8385 6.9985096422506015
8788 2.146479378330984
8979 1.7890234894091803
9151 1.258716730071367
9307 4.108137884354437
9602 2.2800107709555064
9779 1.8337236683270872
9970 0.9675939027561428
9990 0.5671785603171224
10011 6.9985096422506015
10013 10.778143459633002
10221 2.434161450782765
10294 2.70805020110221
10326 0.5230769255465112
10393 1.9746291214043248
10628 4.165296298194385
10642 4.05407066308416
10729 2.039247754698959
10962 2.6290617897835795
11032 1.087712998210074
11106 2.021775899830027
11137 7.983380724731305
11165 2.1863252868781835
11299 -3.1270965711956276
11304 1.2054960338664575
11305 2.0640357091199095
11347 0.8373023205555247
11350 5.206750173022546
11526 11.493463573050121
11828 8.866375123248154
11849 5.389071729816501
11952 4.787496781134966
11969 0.7582337970798316
12022 0.40409618250082274
12078 1.3637200390813515
12404 1.485080896085619
12407 3.34077935286384
12513 7.480826208458238
12708 1.5958322603783217
12717 1.1998294154307871
12790 1.5095719160939147
13028 9.602570129828763
13039 6.42864001666468
13080 0.8123010183501074
13401 2.465910149097345
13438 2.555858385760285
13440 1.4770487243883548
13553 -0.37046075994419203
13838 2.3163784151263815
14267 -0.3823693933135151
14352 0.9464204733261844
14431 1.034930298632155
14477 2.5211728277723946
14840 3.740413104229119
14908 2.476721065201561
15037 2.3163784151263815
15278 2.465910149097345
15332 -1.5523117301456202
15468 1.1549652252192415
15471 0.6940608398286201
15484 2.9911764570181303
15551 3.4736039546316086
15578 1.7945029551738059
15672 0.7275212103923018
15731 2.9911764570181303
15771 0.023095714794649395
