48
521 1.8986432144264027
3520 2.87137525720551
3840 1.2980660688599148
3949 2.7790019370744945
4010 3.1918471524802814
4053 -0.07476007520910928
4219 1.7567626271909589
4425 2.498233312684696
5518 1.5868635903955612
5574 6.886323161522375
6908 0.33537694625979814
7019 2.130975191795019
7104 -0.6634879166512921
7497 0.7014003223166658
7578 0.5215372793609184
7623 3.3349479961209547
7713 3.1066893441399746
7892 1.5517722705842913
7965 1.886521853894058
8710 0.551203779709388
9986 2.0568672196412967
10294 2.70805020110221
10326 0.5230769255465112
10329 -0.21009069570959765
10473 1.7781538171722764
10729 1.0196238773494795
11137 1.7740846054958455
11299 -1.0423655237318759
11347 0.8373023205555247
11526 1.6419233675785887
11828 2.955458374416051
11952 3.1916645207566434
12407 3.34077935286384
12455 -0.2152586658680402
12783 1.8986432144264027
12790 1.5095719160939147
13438 2.555858385760285
13440 1.4770487243883548
13471 2.6040604875781623
14135 2.3541187431092285
14416 0.7739512129752414
14477 2.5211728277723946
15037 2.3163784151263815
15278 2.465910149097345
15332 -1.5523117301456202
15468 1.1549652252192415
15551 1.1578679848772029
15771 0.023095714794649395
