199
21 4.695924549256556
302 1.7153059135126125
389 1.6419233675785887
817 4.695924549256556
861 3.5645224377654547
1062 2.591790394986348
1686 2.309930450438483
1687 2.413542163580029
1829 4.600614369452231
1842 2.0286963426746007
1896 3.567147769283231
1924 2.288979440938267
1942 1.691553895092994
1954 8.250043200603727
2064 1.5647876386963615
2118 3.9539872045271784
2334 0.7939518796819108
2356 2.681021528714291
2406 2.9209721983448818
2444 3.666305132075397
2450 -0.6108568957036107
2538 1.422560539104285
2621 8.216275768708874
2631 0.6387659917280152
2697 5.206750173022546
2701 2.7218435232345457
2766 3.0666840095262753
2935 0.6320391945191633
2968 3.4431615807611875
3120 1.6048820958982397
3168 2.824122372354964
3186 1.2880826248757316
3215 0.589980851191103
3643 3.21432000833234
3658 2.938066631704182
3820 1.7890234894091803
3896 4.211394787946286
3910 5.612215281130711
4004 4.8892655013001205
4096 3.3609234825242154
4097 2.955458374416051
4158 0.27540396403845335
4159 5.206750173022546
4208 4.566138270957271
4214 2.465910149097345
4261 2.262311193856106
4297 6.6192603762733295
4302 1.8000126109847754
4341 2.6547042203969173
4405 1.3460204619819507
4593 3.9074671888922854
4608 5.630090646958978
4619 3.2849375755462935
4636 2.955458374416051
4750 0.33155284982139466
4765 1.4150133334689021
4788 4.8012850649143815
4914 2.8679784698558155
5040 1.4378280112350734
5046 2.236335707452845
5055 4.455650035569873
5058 3.5327737394508745
5110 1.8452180477528222
5208 2.5676928434072877
5416 4.108137884354437
5465 3.3349479961209547
5517 1.6232312345664361
5758 3.666305132075397
5852 2.4876501357337513
5901 2.455214859980597
5993 1.7043607691634077
6065 4.22592092001082
6136 1.457246097092175
6228 1.2947271675944
6338 2.413542163580029
6390 3.047265923669174
6402 1.4112609838503516
6583 2.588834253506587
6622 2.579669034454003
6628 3.1918471524802814
7104 -1.3269758333025843
7210 3.713692171495883
7299 5.710749831718137
7329 4.8012850649143815
7344 1.6325336272287498
7419 6.9985096422506015
7424 3.3609234825242154
7462 1.942263836902293
7482 1.8055527913603908
7487 1.8167260919585162
7591 2.0426825846493406
7595 4.359452312635343
7597 2.1863252868781835
7620 2.1863252868781835
7757 16.90368368004328
7764 1.7052048175261088
7892 1.5517722705842913
7896 5.8998973535824915
7991 1.3149298749119196
8032 4.086604990127926
8304 9.201228738904462
8439 0.4690908039883759
8452 4.165296298194385
8478 3.502002080784121
8664 2.7938170228596353
8718 2.824122372354964
8863 6.383694304960563
8882 5.052599493195288
8896 2.938066631704182
9164 3.597312260588446
9238 3.47214911763444
9292 2.5441623459970937
9346 4.997399943840672
9393 1.060973437168175
9518 6.9985096422506015
9554 1.271661894663404
9589 1.3115342859107813
9733 1.0850066366123312
9982 3.7796338173824005
9986 2.0568672196412967
9990 6.238964163488347
10008 2.0568672196412967
10055 3.009525595686327
10058 2.6040604875781623
10194 2.455214859980597
10304 4.433560284789064
10306 2.15432255579201
10329 -1.0504534785479882
10437 2.7345957208584712
10532 2.9209721983448818
10763 5.206750173022546
10867 2.9066643955420775
10986 6.9985096422506015
11032 5.43856499105037
11170 2.5676928434072877
11218 0.5720211847929105
11252 3.3096301881366648
11277 3.7796338173824005
11305 2.0640357091199095
11323 3.597312260588446
11334 1.994563336305142
11377 3.414990703794491
11473 5.206750173022546
11481 1.6186122887101415
11597 3.0666840095262753
11788 3.3096301881366648
11894 1.5178707189086098
11905 6.569875151092587
12006 2.955458374416051
12022 1.616384730003291
12070 2.87137525720551
12129 3.3349479961209547
12175 2.955458374416051
12213 3.047265923669174
12254 2.335070548138534
12400 2.9209721983448818
12455 -0.2152586658680402
12460 0.7332084295128914
12558 2.4446327506500602
12708 1.5958322603783217
12717 3.5994882462923616
12756 10.778143459633002
12783 1.8986432144264027
12793 2.87137525720551
12823 1.034930298632155
12946 2.373124736879039
12949 4.919068100570765
13071 3.086486636822455
13080 0.8123010183501074
13094 3.1918471524802814
13106 2.335070548138534
13143 5.052599493195288
13208 1.3115342859107813
13408 4.8012850649143815
13617 4.919068100570765
13722 3.5327737394508745
13791 3.047265923669174
13930 1.3601549729168554
14107 2.4237986637472186
14196 1.6746046411110493
14237 -1.3944966966083199
14267 -0.7647387866270302
14315 3.009525595686327
14381 0.2288676653980985
14550 6.9985096422506015
14590 1.8337236683270872
14817 4.919068100570765
14925 5.612215281130711
15057 1.152070867192877
15076 3.21432000833234
15158 3.8204558119026557
15332 -7.761558650728101
15461 4.290459441148391
15468 2.309930450438483
15471 2.08218251948586
15728 3.009525595686327
15783 0.9616767386766525
15786 0.8981906902305371
15805 2.008077055471865
