200
332 4.433560284789064
502 2.5676928434072877
1188 6.9985096422506015
1302 6.305362461690656
1379 1.6111243976906509
1390 3.260840023967233
1404 4.112665585679892
1502 6.9985096422506015
1533 4.108137884354437
1672 6.9985096422506015
1686 2.309930450438483
1692 4.388977195034689
1707 6.9985096422506015
1745 6.9985096422506015
1750 1.1068654304248302
1782 2.7218435232345457
1884 1.9486536350010641
1922 1.6952047341915255
1929 2.1081605140288473
1999 3.5327737394508745
2049 2.37353682896633
2103 2.4446327506500602
2224 1.981229805435677
2247 2.219386149139072
2331 3.6312138122641273
2357 1.1873686492739008
2431 5.8998973535824915
2595 2.5211728277723946
2652 4.108137884354437
2746 5.389071729816501
2796 2.335070548138534
2920 2.718166114016667
2959 2.3747372985478017
2964 0.900435360084361
2998 4.8012850649143815
3293 3.6312138122641273
3506 7.385089753800008
3578 1.8047399611033645
3614 4.313484033705221
3877 6.339736491523013
4021 3.010896397820105
4053 -0.07476007520910928
4070 1.1068654304248302
4214 2.465910149097345
4230 2.0149030205422647
4325 3.21432000833234
4416 1.3637200390813515
4522 0.5207142953092883
4636 2.955458374416051
4857 4.142511914186793
4878 2.7345957208584712
4909 1.4690805547391779
4914 1.4339892349279078
4963 7.180018368787529
4964 0.563963123463148
4976 2.288979440938267
5033 2.1233123190494494
5035 5.612215281130711
5061 5.612215281130711
5069 6.9985096422506015
5101 3.414990703794491
5249 6.6192603762733295
5316 2.236335707452845
5484 1.8928409466523688
5581 3.0666840095262753
5630 0.11915383779016203
5635 2.20271909665386
5872 2.5441623459970937
5999 5.019746545036923
6156 1.8000126109847754
6169 2.4033897921160112
6238 4.513602992462601
6555 2.9911764570181303
6609 3.1918471524802814
6776 1.942263836902293
6872 1.3047775034479017
6887 13.824850406314525
6941 2.1782280766455644
7104 -1.9904637499538764
7170 1.6186122887101415
7311 2.236335707452845
7333 4.8012850649143815
7534 1.242767428663689
7764 1.7052048175261088
7813 1.0145733615634107
7892 1.5517722705842913
7981 4.085365169298681
7991 1.3149298749119196
8041 7.194624521176892
8043 3.461302966374546
8261 4.513602992462601
8276 3.21432000833234
8289 6.9985096422506015
8404 5.206750173022546
8444 1.7890234894091803
8514 2.008077055471865
8723 7.631194842895632
8810 3.502002080784121
9284 7.814934377784571
9292 2.5441623459970937
9354 3.8204558119026557
9453 4.8012850649143815
9458 3.6312138122641273
9538 4.8012850649143815
9559 -1.1647852139696349
9698 3.975748696308691
9779 3.6674473366541744
9970 0.9675939027561428
9979 4.786678912525019
10114 1.3014161557451966
10217 2.15432255579201
10296 3.2849375755462935
10326 1.5692307766395337
10742 1.7890234894091803
10868 -1.482888582494811
10911 3.6312138122641273
11023 1.2880826248757316
11027 1.2781978656431896
11110 0.8102455191680114
11218 2.288084739171642
11299 -3.6482793330615655
11304 3.616488101599373
11308 2.5098732725184614
11453 5.454880156325406
11481 1.6186122887101415
11526 3.2838467351571774
11571 5.612215281130711
11576 3.3096301881366648
11712 4.600614369452231
11825 2.9041650800285006
11972 3.21432000833234
12034 0.9324015521468534
12064 3.3349479961209547
12093 3.3607792968127694
12143 4.165296298194385
12148 4.513602992462601
12216 2.87137525720551
12228 3.047265923669174
12292 5.042345655544789
12377 1.3460204619819507
12383 2.5046129034208957
12404 2.970161792171238
12407 4.1759741910798
12610 4.847597327494437
12708 1.5958322603783217
12736 3.414990703794491
12748 5.389071729816501
12803 4.091160117244055
12832 3.3096301881366648
13043 3.4431615807611875
13108 4.560021541911013
13189 1.8745456628473423
13401 2.465910149097345
13439 7.559267634764801
13505 3.0666840095262753
13527 2.049749751872433
13553 -0.37046075994419203
13565 1.9878743481543455
13613 1.8111238364098463
13718 1.3425178314307487
13750 2.162227735299123
13843 2.1782280766455644
13891 1.8197775865739976
13996 6.305362461690656
14044 1.4611753752320646
14145 5.612215281130711
14237 -1.3944966966083199
14242 2.5326015235960173
14267 -0.7647387866270302
14308 2.0640357091199095
14352 3.7856818933047376
14381 0.457735330796197
14431 1.034930298632155
14618 4.22592092001082
14620 2.15432255579201
14626 2.750014400201242
14656 1.1405764877671418
14734 6.9985096422506015
14785 5.612215281130711
14906 0.4013639403639497
15004 5.8998973535824915
15121 1.5868635903955612
15181 5.254456710270345
15242 3.414990703794491
15265 8.33059259638877
15278 2.465910149097345
15306 0.7199882180847567
15332 -9.313870380873722
15341 2.3879223751880367
15363 2.555858385760285
15566 5.389071729816501
15614 3.8630154263214513
15651 1.1377234187847354
15669 2.162227735299123
15672 1.4550424207846036
15685 1.7432809162728324
15694 2.938066631704182
15798 4.695924549256556
15827 3.8218266140364343
15828 3.2794433825880924
