55
521 1.8986432144264027
1957 1.8223599096767722
2064 1.5647876386963615
2271 0.34178311807220957
2424 2.219386149139072
2446 2.5326015235960173
2690 3.1483620405405426
3230 2.8876357780772897
3520 2.87137525720551
3613 2.8553749158590684
3840 3.8941982065797447
4029 2.9041650800285006
4053 -0.07476007520910928
4241 2.4033897921160112
4425 1.249116656342348
4537 1.0196238773494795
4878 1.3672978604292356
4976 2.288979440938267
5573 3.3875917296063767
5842 3.086486636822455
6558 4.359452312635343
7104 -1.3269758333025843
7414 3.7026727762462723
7892 1.5517722705842913
7935 2.335070548138534
8142 2.9041650800285006
9151 1.258716730071367
9355 2.1782280766455644
10294 2.70805020110221
10729 1.0196238773494795
10863 3.4431615807611875
11032 2.175425996420148
11137 4.435211513739613
11236 3.5645224377654547
11299 -0.5211827618659379
11347 0.8373023205555247
11526 3.2838467351571774
11717 2.938066631704182
11952 3.1916645207566434
12383 1.2523064517104479
12404 1.485080896085619
12407 1.67038967643192
12455 -0.4305173317360804
12707 2.2278250177849364
12790 1.5095719160939147
13080 0.8123010183501074
13838 2.3163784151263815
14115 2.973157951515452
14477 2.5211728277723946
14588 2.0785287164224764
14728 3.740413104229119
15039 4.513602992462601
15278 2.465910149097345
15468 1.1549652252192415
15771 0.023095714794649395
