49
569 3.0282177286984795
2042 3.7796338173824005
2506 3.1483620405405426
2597 2.1157077196642304
3598 1.1666271649670843
3840 1.2980660688599148
4053 -0.22428022562732786
4241 2.4033897921160112
4341 2.6547042203969173
4366 1.9878743481543455
4425 1.249116656342348
5067 2.2278250177849364
5372 4.600614369452231
6168 4.290459441148391
6219 2.298029276458185
6233 3.1918471524802814
6234 2.6290617897835795
6539 4.86832290156553
7065 2.6040604875781623
7104 -0.6634879166512921
7555 3.740413104229119
7578 0.5215372793609184
7813 1.0145733615634107
8032 0.5108256237659907
8672 2.8876357780772897
8869 2.1782280766455644
9106 1.0850066366123312
9454 3.1698682457615064
9547 5.283601631122019
9733 1.0850066366123312
10329 -0.21009069570959765
10709 3.666305132075397
10729 3.0588716320484384
10868 -0.18536107281185138
11051 2.9209721983448818
11299 -0.5211827618659379
11816 3.8592108800607394
12022 0.40409618250082274
12455 -0.2152586658680402
12717 0.5999147077153936
12823 1.034930298632155
13926 3.260840023967233
14381 0.457735330796197
15332 -1.5523117301456202
15364 6.9985096422506015
15499 6.305362461690656
15551 1.1578679848772029
15553 6.6192603762733295
15805 2.008077055471865
