315
32 5.206750173022546
194 0.7699986386594181
375 6.305362461690656
461 4.05407066308416
521 1.8986432144264027
1060 0.12433381283310307
1122 3.1698682457615064
1379 0.5370414658968836
1390 3.260840023967233
1498 3.7796338173824005
1598 5.8998973535824915
1651 6.305362461690656
1685 3.2373095265570386
1686 1.1549652252192415
1739 5.206750173022546
1839 2.093234863812172
1864 3.047265923669174
1877 5.206750173022546
1884 1.9486536350010641
1922 3.390409468383051
1984 4.513602992462601
2037 4.359452312635343
2217 4.9753002714675025
2271 0.6835662361444191
2306 9.391849098513111
2334 1.5879037593638217
2424 2.219386149139072
2437 4.108137884354437
2446 2.5326015235960173
2450 -0.6108568957036107
2492 3.047265923669174
2494 3.9074671888922854
2513 1.8280256472124494
2529 5.612215281130711
2536 3.567147769283231
2545 4.8012850649143815
2591 3.8630154263214513
2597 4.231415439328461
2603 3.3609234825242154
2605 6.721846965048431
2631 0.21292199724267172
2690 6.296724081081085
2736 15.118535269529602
2897 5.052599493195288
2910 3.740413104229119
3180 2.7938170228596353
3230 2.8876357780772897
3339 4.22592092001082
3362 3.8204558119026557
3613 2.8553749158590684
3657 2.6164830075767194
3700 10.3578173407552
3774 1.7255100836868542
3804 2.750014400201242
3820 1.7890234894091803
3840 1.2980660688599148
3879 4.00277736869661
3949 2.7790019370744945
3959 5.8998973535824915
3973 4.919068100570765
3982 1.0769312226067855
4010 3.1918471524802814
4029 5.808330160057001
4053 -0.22428022562732786
4070 1.1068654304248302
4156 3.086486636822455
4214 4.93182029819469
4219 10.540575763145753
4275 4.165296298194385
4285 4.919068100570765
4302 1.8000126109847754
4333 1.4651201535230811
4395 6.305362461690656
4401 4.695924549256556
4416 1.3637200390813515
4425 2.498233312684696
4514 5.8998973535824915
4522 0.2603571476546441
4540 5.612215281130711
4616 1.8925641683500207
4625 1.8452180477528222
4656 5.8998973535824915
4671 4.00277736869661
4846 8.087103599320107
4878 2.7345957208584712
4933 5.612215281130711
4938 3.4431615807611875
4984 4.22592092001082
4989 1.3355491621146554
5047 3.3349479961209547
5051 8.867120569578129
5116 1.961557039836972
5156 2.211017899468555
5208 2.5676928434072877
5309 2.5326015235960173
5316 2.236335707452845
5330 4.05407066308416
5431 4.22592092001082
5484 1.8928409466523688
5517 1.6232312345664361
5573 3.3875917296063767
5739 2.8876357780772897
5839 2.579669034454003
5842 9.259459910467365
5905 1.7835738846416156
5973 1.4770487243883548
5986 3.3609234825242154
5999 2.5098732725184614
6043 1.5913378707904824
6091 5.389071729816501
6123 2.288979440938267
6228 2.5894543351888
6402 1.4112609838503516
6433 0.5154022907934025
6467 2.2535775138873513
6548 4.157057432844953
6583 3.4517790046754495
6754 1.2024518914852294
6953 2.681021528714291
6970 2.1863252868781835
7019 4.261950383590038
7104 -2.6539516666051686
7170 1.6186122887101415
7209 5.206750173022546
7210 1.8568460857479414
7286 1.4112609838503516
7316 3.1273086313427103
7333 4.8012850649143815
7414 3.7026727762462723
7458 3.502002080784121
7534 2.485534857327378
7591 4.085365169298681
7614 2.5676928434072877
7623 6.669895992241909
7650 2.1081605140288473
7731 2.001297368486486
7764 3.4104096350522175
7767 3.414990703794491
7813 1.0145733615634107
7892 7.758861352921457
7904 4.42203579893711
7964 5.389071729816501
7965 1.886521853894058
7991 1.3149298749119196
8032 0.5108256237659907
8043 3.461302966374546
8301 2.413542163580029
8444 1.7890234894091803
8653 6.305362461690656
8660 1.675499663112193
8683 1.6803896484063847
8695 9.775422626656772
8708 2.962113491571787
8710 0.551203779709388
8731 2.0286963426746007
8745 5.088324691994187
8746 5.389071729816501
8765 6.305362461690656
8942 4.919068100570765
9086 5.8998973535824915
9091 6.305362461690656
9171 10.778143459633002
9219 5.8998973535824915
9229 4.786678912525019
9230 3.3096301881366648
9285 6.094531847338348
9292 2.5441623459970937
9306 3.8630154263214513
9355 2.1782280766455644
9384 5.342196648458621
9433 6.305362461690656
9779 11.002342009962524
9808 3.009525595686327
9817 1.3183370332335338
9986 2.0568672196412967
10114 1.3014161557451966
10258 1.8000126109847754
10278 3.2849375755462935
10302 2.6290617897835795
10325 3.7851283367000415
10326 0.5230769255465112
10329 -0.21009069570959765
10431 0.7218661529089567
10441 3.7026727762462723
10452 5.389071729816501
10453 6.305362461690656
10487 1.981229805435677
10729 8.156991018795836
10811 4.433560284789064
10856 4.433560284789064
10863 3.4431615807611875
10868 -0.37072214562370276
10971 3.502002080784121
11048 6.305362461690656
11089 1.1549652252192415
11096 4.919068100570765
11137 20.401972963202223
11165 2.1863252868781835
11218 0.5720211847929105
11287 2.0286963426746007
11299 -1.5635482855978138
11304 2.410992067732915
11305 2.0640357091199095
11350 5.206750173022546
11375 2.681021528714291
11385 3.8630154263214513
11441 4.919068100570765
11444 2.434161450782765
11453 1.3637200390813515
11459 3.047265923669174
11461 2.146479378330984
11481 1.6186122887101415
11484 3.6312138122641273
11526 14.777310308207298
11570 2.3867493466682252
11664 5.206750173022546
11671 2.2535775138873513
11717 2.938066631704182
11790 2.2449194511442365
11811 4.919068100570765
11815 5.052599493195288
11816 1.9296054400303697
11828 8.866375123248154
11945 5.865253575994063
11952 4.787496781134966
11969 0.7582337970798316
11972 3.21432000833234
12022 0.40409618250082274
12028 2.591790394986348
12042 2.6418008155610093
12043 2.498699971920336
12122 1.1963912668735384
12267 4.359452312635343
12327 6.305362461690656
12404 4.455242688256857
12407 5.8463638675117195
12408 6.305362461690656
12455 -0.2152586658680402
12457 3.2373095265570386
12476 4.108137884354437
12553 2.1431672325603808
12598 2.5098732725184614
12621 4.290459441148391
12622 5.389071729816501
12623 4.290459441148391
12707 6.683475053354809
12717 0.5999147077153936
12723 2.288979440938267
12790 3.0191438321878294
12826 1.2619373447714093
12833 0.9630282097258448
12845 5.612215281130711
12958 9.391849098513111
13001 1.4730567031188173
13080 1.6246020367002147
13273 3.3096301881366648
13353 1.961557039836972
13365 3.3349479961209547
13366 5.389071729816501
13369 3.9074671888922854
13439 3.7796338173824005
13471 5.208120975156325
13477 5.052599493195288
13553 -1.111382279832576
13572 1.8745456628473423
13613 1.8111238364098463
13810 5.206750173022546
13838 4.632756830252763
13843 2.1782280766455644
13920 4.05407066308416
14008 6.003892105459458
14104 3.420485223112132
14111 3.7026727762462723
14115 5.946315903030904
14136 1.4810567457858934
14180 4.165296298194385
14200 3.47214911763444
14202 3.666305132075397
14233 5.389071729816501
14352 1.8928409466523688
14381 0.6866029961942954
14416 0.7739512129752414
14477 2.5211728277723946
14544 3.666305132075397
14590 9.168618341635437
14759 5.052599493195288
14822 4.290459441148391
14830 2.7790019370744945
14840 3.740413104229119
14867 5.612215281130711
14906 0.4013639403639497
14908 4.953442130403122
15033 6.305362461690656
15037 2.3163784151263815
15097 3.6312138122641273
15153 3.1483620405405426
15155 0.6904112007410705
15212 3.7796338173824005
15259 2.6641659082763383
15278 2.465910149097345
15306 0.7199882180847567
15332 -20.18005249189306
15373 0.814360751313118
15397 2.001297368486486
15413 2.556395731286379
15468 1.1549652252192415
15471 1.3881216796572402
15501 4.513602992462601
15578 1.7945029551738059
15622 2.363780654020965
15685 1.7432809162728324
15699 5.389071729816501
15727 8.867120569578129
15735 2.938066631704182
15771 0.023095714794649395
