23
521 1.8986432144264027
730 2.298029276458185
2271 0.34178311807220957
4053 -0.07476007520910928
4425 1.249116656342348
5573 3.3875917296063767
5842 3.086486636822455
9817 1.3183370332335338
10729 1.0196238773494795
11137 1.7740846054958455
11236 3.5645224377654547
11299 -1.0423655237318759
11347 0.8373023205555247
11526 3.2838467351571774
12404 1.485080896085619
12407 1.67038967643192
12455 -0.2152586658680402
12790 1.5095719160939147
14416 0.7739512129752414
15278 2.465910149097345
15332 -1.5523117301456202
15471 0.6940608398286201
15771 0.04619142958929879
