34
389 1.6419233675785887
2334 0.7939518796819108
2450 -0.6108568957036107
2631 0.21292199724267172
2674 1.0272478024601386
3068 1.3460204619819507
3215 1.179961702382206
4158 0.030600440448717042
4381 2.0149030205422647
4522 0.2603571476546441
6015 3.1918471524802814
8043 1.730651483187273
8439 0.4690908039883759
8582 1.3781087765334512
9280 3.502002080784121
9733 1.0850066366123312
10307 2.5676928434072877
10503 2.413542163580029
11032 1.087712998210074
11170 2.5676928434072877
11299 -0.5211827618659379
12455 -0.2152586658680402
12460 0.7332084295128914
12674 1.5779746429783155
13399 3.086486636822455
13845 2.001297368486486
13930 5.4406198916674215
14196 0.8373023205555247
15057 1.152070867192877
15332 -1.5523117301456202
15413 1.2781978656431896
15651 1.1377234187847354
15708 2.9911764570181303
15783 0.9616767386766525
