124
844 6.9985096422506015
1771 6.9985096422506015
1860 5.206750173022546
1902 2.0149030205422647
1929 2.1081605140288473
2166 2.6418008155610093
2271 0.34178311807220957
2315 5.206750173022546
2334 1.5879037593638217
2356 2.681021528714291
2450 -1.2217137914072214
2674 1.0272478024601386
3259 12.767388609921126
3355 4.695924549256556
3635 1.5779746429783155
3700 1.2947271675944
3840 1.2980660688599148
3896 1.403798262648762
3985 2.5098732725184614
3987 21.79726156317671
4302 1.8000126109847754
4333 1.4651201535230811
4341 2.6547042203969173
4381 4.029806041084529
4386 4.600614369452231
4410 5.052599493195288
4416 1.3637200390813515
4522 0.7810714429639324
4750 0.33155284982139466
4882 4.261950383590038
4976 2.288979440938267
4999 5.8998973535824915
5000 5.052599493195288
5055 4.455650035569873
5067 2.2278250177849364
5119 2.3933394562625097
5284 3.5645224377654547
5316 2.236335707452845
5443 2.9041650800285006
5466 5.8998973535824915
5983 1.9878743481543455
5988 5.612215281130711
6015 9.575541457440844
6043 1.5913378707904824
6088 1.2146844599208637
6235 1.2270685191205855
6447 1.2880826248757316
6620 5.9991470771539355
6908 1.0061308387793944
7104 -1.9904637499538764
7454 6.9985096422506015
7482 3.6111055827207816
7714 5.389071729816501
7734 3.3096301881366648
7887 2.973157951515452
8032 1.0216512475319814
8082 3.47214911763444
8168 11.847774728425948
8169 16.331061139407275
8173 5.052599493195288
8238 6.9985096422506015
8337 1.9550845253313545
8550 6.9985096422506015
8565 6.305362461690656
8667 3.8630154263214513
8673 3.740413104229119
8683 3.3607792968127694
8904 2.1863252868781835
8928 1.3355491621146554
9292 2.5441623459970937
9343 3.8630154263214513
9476 6.305362461690656
9531 1.67063347346102
9589 1.3115342859107813
9590 9.928890564409993
9709 1.082307579643166
9711 1.8686109273275278
9729 1.4931781063182383
9970 0.9675939027561428
10326 0.5230769255465112
10329 -1.0504534785479882
10411 4.05407066308416
10422 0.7087940713416041
10522 2.9911764570181303
10734 2.735829765209286
10838 4.600614369452231
10897 4.00277736869661
10905 4.695924549256556
10914 6.818600195406757
10920 13.21631457992316
11299 -2.0847310474637517
11334 1.994563336305142
11408 5.052599493195288
11524 1.5178707189086098
11836 2.37353682896633
11911 3.414990703794491
12023 3.6312138122641273
12043 2.498699971920336
12081 2.363780654020965
12122 1.1963912668735384
12129 3.3349479961209547
12142 5.612215281130711
12191 6.9985096422506015
12377 1.3460204619819507
12380 3.2849375755462935
12578 2.4237986637472186
13080 3.2492040734004295
13319 1.8055527913603908
13360 4.05407066308416
13384 2.0568672196412967
13471 2.6040604875781623
13473 4.00277736869661
13508 1.7255100836868542
13918 2.8396265588909295
14315 3.009525595686327
14522 3.8630154263214513
14572 5.052599493195288
14876 4.165296298194385
15093 6.9985096422506015
15279 3.21432000833234
15332 -4.656935190436861
15461 4.290459441148391
15672 0.7275212103923018
15734 4.919068100570765
