61
592 2.4446327506500602
1213 6.9985096422506015
1871 7.1290448755309095
1909 2.8876357780772897
2036 1.9486536350010641
2064 1.5647876386963615
2536 1.7835738846416156
2935 0.6320391945191633
2959 3.5621059478217028
3256 6.9985096422506015
3840 3.8941982065797447
4219 7.0270505087638355
4222 2.3256808077886952
4341 2.6547042203969173
4806 3.6312138122641273
4882 2.130975191795019
5055 2.2278250177849364
5630 0.3574615133704861
5635 2.20271909665386
5722 3.3609234825242154
5905 1.7835738846416156
6064 2.138697237888929
6151 1.4075226617397445
6164 5.258123579567159
6221 5.710749831718137
6235 1.2270685191205855
6402 1.4112609838503516
6433 0.5154022907934025
6539 2.434161450782765
7286 1.4112609838503516
7344 1.6325336272287498
8032 1.0216512475319814
8301 2.413542163580029
8523 2.176897907113301
9122 2.7489842721265254
9384 1.3355491621146554
9559 -0.16639788770994784
10326 0.5230769255465112
10329 -0.21009069570959765
10552 4.22592092001082
10856 4.433560284789064
11218 1.144042369585821
11299 -2.0847310474637517
11444 4.86832290156553
11945 1.9550845253313545
12043 4.997399943840672
12210 3.1698682457615064
12391 3.1918471524802814
12455 -0.2152586658680402
12796 2.9209721983448818
12833 0.9630282097258448
12978 4.766778250818684
13189 1.8745456628473423
13613 1.8111238364098463
13839 4.22592092001082
14063 4.00277736869661
14590 3.6674473366541744
14656 1.1405764877671418
15292 2.211017899468555
15324 6.9985096422506015
15332 -3.1046234602912404
