170
900 6.9985096422506015
1871 3.5645224377654547
1884 1.9486536350010641
1928 2.4876501357337513
1964 3.260840023967233
2049 2.37353682896633
2064 1.5647876386963615
2224 1.981229805435677
2225 4.359452312635343
2240 1.65617539028579
2406 2.9209721983448818
2437 4.108137884354437
2450 -1.832570687110832
2581 6.305362461690656
2630 4.22592092001082
2959 4.749474597095603
2964 0.900435360084361
3048 2.5098732725184614
3215 0.589980851191103
3820 1.7890234894091803
3840 1.2980660688599148
4021 1.5054481989100525
4110 2.764403137653342
4219 3.5135252543819178
4230 2.0149030205422647
4302 3.6000252219695508
4420 4.00277736869661
4437 4.8067795842320225
4440 4.8012850649143815
4487 3.1066893441399746
4522 0.7810714429639324
4536 5.41610040220442
4537 2.039247754698959
4613 2.211017899468555
4909 1.4690805547391779
4956 2.413542163580029
4963 2.3933394562625097
4964 1.127926246926296
5116 3.923114079673944
5119 4.786678912525019
5171 5.612215281130711
5293 3.4431615807611875
5316 2.236335707452845
5517 1.6232312345664361
5535 4.433560284789064
5630 0.9532307023212963
5635 2.20271909665386
5973 1.4770487243883548
6015 3.1918471524802814
6043 3.182675741580965
6130 6.133368019052551
6151 1.4075226617397445
6398 5.8998973535824915
6433 0.5154022907934025
6467 2.2535775138873513
6555 2.9911764570181303
6631 4.359452312635343
6754 2.4049037829704587
6872 1.3047775034479017
6908 1.3415077850391925
7104 -3.3174395832564607
7118 9.38192589402813
7497 0.7014003223166658
7633 1.8745456628473423
7724 3.597312260588446
7826 3.1273086313427103
7853 5.8998973535824915
7871 4.108137884354437
7940 4.359452312635343
7944 5.389071729816501
7991 3.944789624735759
8132 10.105198986390576
8306 3.7026727762462723
8523 5.805061085635469
8664 2.7938170228596353
8886 2.6163003758530814
8928 1.3355491621146554
8946 2.7218435232345457
9017 4.00277736869661
9151 1.258716730071367
9170 0.6116303228879563
9559 -0.41599471927486964
9711 1.8686109273275278
9733 2.1700132732246624
9786 3.1483620405405426
9970 0.4837969513780714
10017 5.8998973535824915
10196 2.5211728277723946
10223 4.05407066308416
10278 3.2849375755462935
10307 2.5676928434072877
10326 0.5230769255465112
10329 -0.21009069570959765
10431 0.7218661529089567
10441 3.7026727762462723
10446 3.1483620405405426
10447 1.2198964734099427
10648 5.612215281130711
10743 5.052599493195288
10751 1.5879037593638217
10868 -0.37072214562370276
11110 0.8102455191680114
11116 1.9109133070182172
11140 2.15432255579201
11218 0.5720211847929105
11299 -2.0847310474637517
11304 1.2054960338664575
11379 2.0426825846493406
11386 2.1157077196642304
11445 3.740413104229119
11481 1.6186122887101415
11485 3.3875917296063767
11591 2.7218435232345457
11889 2.7790019370744945
11907 2.434161450782765
12022 0.40409618250082274
12033 2.5211728277723946
12078 1.3637200390813515
12093 3.3607792968127694
12151 3.1698682457615064
12290 6.9985096422506015
12346 4.8012850649143815
12383 5.009225806841791
12400 2.9209721983448818
12455 -0.6457759976041206
12508 2.262311193856106
12679 1.5958322603783217
12785 2.8088549002241754
12797 5.443687046469091
12801 1.9109133070182172
12803 4.091160117244055
12805 3.713692171495883
12900 4.165296298194385
13080 0.8123010183501074
13116 6.9985096422506015
13189 3.7490913256946845
13271 3.3875917296063767
13314 2.0286963426746007
13432 3.7796338173824005
13508 1.7255100836868542
13527 2.049749751872433
13613 1.8111238364098463
13718 1.3425178314307487
13843 2.1782280766455644
13968 3.3349479961209547
14085 3.1698682457615064
14237 -1.3944966966083199
14267 -1.5294775732540604
14309 1.5137127087599462
14381 0.457735330796197
14416 0.7739512129752414
14597 9.85481272663888
14906 0.4013639403639497
15020 3.086486636822455
15155 2.761644802964282
15256 3.3349479961209547
15291 12.610724923381312
15306 1.4399764361695133
15332 -1.5523117301456202
15373 0.814360751313118
15471 0.6940608398286201
15484 2.9911764570181303
15517 1.886521853894058
15518 3.761031659667692
15595 2.6641659082763383
15685 1.7432809162728324
15708 2.9911764570181303
15771 0.04619142958929879
15828 3.2794433825880924
15862 3.9074671888922854
