396
194 0.7699986386594181
327 2.20271909665386
473 9.38192589402813
485 3.8630154263214513
486 5.41610040220442
488 3.6312138122641273
491 6.213378688279949
495 11.358506235563718
496 2.2800107709555064
498 3.3349479961209547
502 2.5676928434072877
530 2.66777630196427
854 4.290459441148391
883 6.9985096422506015
1060 0.5595021577489638
1228 6.9985096422506015
1247 6.9985096422506015
1342 11.799794707164983
1365 5.389071729816501
1371 6.305362461690656
1495 6.9985096422506015
1503 5.389071729816501
1512 5.8998973535824915
1591 6.9985096422506015
1620 5.8998973535824915
1680 6.9985096422506015
1686 1.1549652252192415
1736 6.9985096422506015
1746 5.8998973535824915
1884 1.9486536350010641
2045 6.9985096422506015
2162 9.50960473728452
2247 6.6581584474172155
2271 0.6835662361444191
2334 0.7939518796819108
2349 4.22592092001082
2406 2.9209721983448818
2424 2.219386149139072
2450 -0.6108568957036107
2484 1.3149298749119196
2513 1.8280256472124494
2519 1.6902419448493964
2597 2.1157077196642304
2638 2.130975191795019
2674 2.054495604920277
2685 5.8998973535824915
2701 2.7218435232345457
2787 3.1918471524802814
2893 2.5098732725184614
2919 4.388977195034689
2924 2.0286963426746007
2935 0.6320391945191633
2959 4.749474597095603
2964 1.800870720168722
2989 4.433560284789064
2998 4.8012850649143815
3048 2.5098732725184614
3070 5.389071729816501
3084 4.8012850649143815
3142 5.052599493195288
3150 3.5327737394508745
3265 17.074953518972457
3269 4.600614369452231
3448 3.1273086313427103
3516 2.0785287164224764
3578 0.6015799870344548
3597 2.8876357780772897
3635 1.5779746429783155
3774 1.7255100836868542
3780 2.465910149097345
3960 5.612215281130711
3976 5.8998973535824915
4021 4.516344596730158
4070 1.1068654304248302
4172 3.414990703794491
4222 2.3256808077886952
4230 2.0149030205422647
4232 2.3256808077886952
4235 6.9985096422506015
4284 3.9074671888922854
4296 6.9985096422506015
4309 2.681021528714291
4321 8.566124747577206
4351 6.9985096422506015
4373 6.305362461690656
4376 4.433560284789064
4418 5.8998973535824915
4425 1.249116656342348
4427 3.597312260588446
4481 2.146479378330984
4494 6.9985096422506015
4522 1.0414285906185765
4554 5.052599493195288
4613 2.211017899468555
4621 2.7218435232345457
4626 5.389071729816501
4627 8.718904625270685
4653 6.9985096422506015
4668 3.3609234825242154
4684 5.389071729816501
4695 2.87137525720551
4765 1.4150133334689021
4826 4.600614369452231
4852 2.517433460142734
4882 2.130975191795019
4914 1.4339892349279078
4970 5.923887364212974
4996 4.290459441148391
5012 4.108137884354437
5022 4.22592092001082
5039 2.735829765209286
5043 3.502002080784121
5046 2.236335707452845
5083 1.5735596247691985
5093 4.8012850649143815
5150 4.695924549256556
5151 2.555858385760285
5224 9.201228738904462
5232 3.3096301881366648
5235 6.305362461690656
5282 4.919068100570765
5283 3.2849375755462935
5316 2.236335707452845
5331 3.2373095265570386
5397 4.22592092001082
5496 4.600614369452231
5517 1.6232312345664361
5522 3.8630154263214513
5534 3.3875917296063767
5554 2.1081605140288473
5555 4.8067795842320225
5587 5.065203047192035
5590 1.4533321977710387
5630 0.11915383779016203
5666 3.47214911763444
5671 5.612215281130711
5731 11.550543112309159
5762 6.305362461690656
5784 5.8998973535824915
5834 1.65617539028579
5854 6.9985096422506015
5872 2.5441623459970937
5874 2.579669034454003
5882 11.224430562261421
5902 4.05407066308416
5905 1.7835738846416156
5909 6.305362461690656
5910 6.9985096422506015
5931 6.9985096422506015
5960 3.6312138122641273
5973 1.4770487243883548
5991 5.052599493195288
6043 1.5913378707904824
6049 4.071330023981388
6078 2.555858385760285
6106 4.919068100570765
6111 5.8998973535824915
6205 5.910916748832102
6219 2.298029276458185
6223 2.8088549002241754
6228 1.2947271675944
6235 1.2270685191205855
6389 3.1273086313427103
6393 4.22592092001082
6433 1.030804581586805
6467 2.2535775138873513
6575 5.8998973535824915
6586 2.288979440938267
6684 6.305362461690656
6759 5.389071729816501
6908 0.33537694625979814
6957 5.052599493195288
7001 4.290459441148391
7104 -1.9904637499538764
7118 3.1273086313427103
7266 6.305362461690656
7395 5.8998973535824915
7401 1.886521853894058
7424 3.3609234825242154
7459 4.388977195034689
7463 6.305362461690656
7497 1.4028006446333317
7591 2.0426825846493406
7628 9.027205984925201
7633 3.7490913256946845
7672 6.9985096422506015
7693 4.600614369452231
7701 3.6312138122641273
7727 6.9985096422506015
7753 6.305362461690656
7789 4.8012850649143815
7813 1.0145733615634107
7827 10.244972111383474
7834 3.5327737394508745
7838 2.1081605140288473
7846 2.7218435232345457
7904 2.211017899468555
7948 5.389071729816501
7971 17.074953518972457
8086 9.928890564409993
8265 8.216275768708874
8470 11.799794707164983
8514 14.056539388303054
8523 1.4512652714088672
8615 2.6944445490464313
8629 6.9985096422506015
8643 2.001297368486486
8660 5.026498989336579
8723 1.5262389685791264
8799 3.502002080784121
8822 2.2800107709555064
8925 3.5327737394508745
8928 10.684393296917243
8946 2.7218435232345457
8975 2.3933394562625097
8978 4.842043738384536
9006 4.108137884354437
9008 4.695924549256556
9106 1.0850066366123312
9151 3.7761501902141013
9164 3.597312260588446
9170 2.446521291551825
9389 5.612215281130711
9399 4.22592092001082
9408 4.165296298194385
9438 4.290459441148391
9537 0.6546292081242703
9559 -1.5807799332445045
9674 3.6312138122641273
9711 1.8686109273275278
9728 3.21432000833234
9733 1.0850066366123312
9804 6.9985096422506015
9864 4.513602992462601
9895 6.866938322814802
9913 16.836645843392134
9915 6.9985096422506015
9970 0.4837969513780714
9974 3.8630154263214513
9979 7.180018368787529
10000 5.8998973535824915
10030 2.413542163580029
10056 4.359452312635343
10058 2.6040604875781623
10221 2.434161450782765
10287 3.009525595686327
10325 1.8925641683500207
10393 1.9746291214043248
10422 1.4175881426832082
10446 3.1483620405405426
10447 0.6099482367049713
10459 6.9985096422506015
10516 10.413500346045092
10542 5.612215281130711
10548 5.8998973535824915
10561 1.6003469407328483
10629 3.7026727762462723
10734 2.735829765209286
10742 1.7890234894091803
10751 0.7939518796819108
10868 -1.1121664368711084
10905 4.695924549256556
10979 3.1066893441399746
11061 6.9985096422506015
11102 1.3304600282218215
11110 1.6204910383360227
11114 3.047265923669174
11132 3.7796338173824005
11157 9.201228738904462
11168 1.2781978656431896
11191 4.600614369452231
11212 3.9539872045271784
11218 2.288084739171642
11257 5.8998973535824915
11304 1.2054960338664575
11379 2.0426825846493406
11426 15.452061705285805
11445 3.740413104229119
11446 3.597312260588446
11459 6.094531847338348
11505 5.052599493195288
11518 3.8630154263214513
11691 5.206750173022546
11726 6.9985096422506015
11778 2.8553749158590684
11783 4.00277736869661
11814 5.612215281130711
11840 1.6902419448493964
11841 2.8396265588909295
11862 6.9985096422506015
11881 5.41610040220442
11887 3.3349479961209547
11933 6.9985096422506015
11972 3.21432000833234
11982 3.9074671888922854
12014 5.982352914036261
12028 2.591790394986348
12061 5.206750173022546
12062 3.47214911763444
12066 3.7796338173824005
12068 4.600614369452231
12102 3.9539872045271784
12247 3.8630154263214513
12375 3.260840023967233
12377 6.7301023099097534
12378 3.3349479961209547
12383 1.2523064517104479
12398 6.9985096422506015
12413 6.305362461690656
12455 -1.076293329340201
12508 2.262311193856106
12707 2.2278250177849364
12723 2.288979440938267
12725 5.612215281130711
12736 3.414990703794491
12801 21.020046377200387
12803 9.54604027356946
12805 16.711614771731472
13014 5.206750173022546
13156 5.612215281130711
13183 3.502002080784121
13188 5.389071729816501
13189 1.8745456628473423
13191 4.513602992462601
13273 6.6192603762733295
13319 1.8055527913603908
13338 2.5211728277723946
13397 5.389071729816501
13417 5.612215281130711
13489 6.9985096422506015
13516 6.305362461690656
13547 1.6003469407328483
13553 -0.37046075994419203
13561 6.9985096422506015
13637 4.108137884354437
13648 4.359452312635343
13683 3.0666840095262753
13698 6.9985096422506015
13718 2.6850356628614973
13719 3.9074671888922854
13755 4.919068100570765
13793 6.9985096422506015
13823 8.867120569578129
13825 8.165530569703638
13838 2.3163784151263815
13845 2.001297368486486
13860 5.052599493195288
13896 4.359452312635343
13921 4.356456153291129
13938 12.871378323445173
13968 3.3349479961209547
14021 8.216275768708874
14044 1.4611753752320646
14136 2.962113491571787
14159 4.600614369452231
14237 -2.7889933932166397
14242 2.5326015235960173
14267 -0.7647387866270302
14308 2.0640357091199095
14309 4.541138126279838
14352 1.8928409466523688
14364 4.433560284789064
14381 0.2288676653980985
14416 0.7739512129752414
14422 2.1233123190494494
14522 3.8630154263214513
14597 3.2849375755462935
14678 11.799794707164983
14682 7.715942634464499
14744 3.4431615807611875
14758 6.9985096422506015
14778 6.9985096422506015
14816 5.389071729816501
14830 2.7790019370744945
14849 6.9985096422506015
14906 0.4013639403639497
14941 4.919068100570765
15022 6.9985096422506015
15153 3.1483620405405426
15154 5.052599493195288
15241 1.7462362142039713
15242 6.829981407588982
15257 13.078356937906028
15292 2.211017899468555
15306 0.7199882180847567
15332 -23.2846759521843
15338 4.290459441148391
15341 1.5919482501253577
15373 7.329246761818062
15413 1.2781978656431896
15453 2.236335707452845
15518 3.761031659667692
15595 1.3320829541381691
15685 1.7432809162728324
15771 0.11547857397324697
15828 5.465738970980154
