43
27 5.8998973535824915
389 1.6419233675785887
2450 -1.2217137914072214
2538 1.422560539104285
2631 0.21292199724267172
2674 1.0272478024601386
2968 3.4431615807611875
3215 0.589980851191103
3944 5.612215281130711
4158 0.030600440448717042
4341 2.6547042203969173
4487 3.1066893441399746
4765 1.4150133334689021
5040 1.4378280112350734
5465 3.3349479961209547
5973 1.4770487243883548
7497 0.7014003223166658
7991 1.3149298749119196
8032 0.5108256237659907
8439 0.4690908039883759
9554 1.271661894663404
9589 1.3115342859107813
9644 4.359452312635343
9733 1.0850066366123312
9765 1.7835738846416156
10058 2.6040604875781623
10307 2.5676928434072877
10763 5.206750173022546
11334 1.994563336305142
12006 2.955458374416051
12455 -0.2152586658680402
12460 0.7332084295128914
13930 1.3601549729168554
14196 0.8373023205555247
14237 -0.6972483483041599
14267 -0.3823693933135151
14416 0.7739512129752414
14590 1.8337236683270872
15057 1.152070867192877
15332 -1.5523117301456202
15771 0.023095714794649395
15783 0.48083836933832624
15786 1.7963813804610742
