46
12 4.8012850649143815
389 1.6419233675785887
730 4.59605855291637
1842 2.0286963426746007
1942 0.845776947546497
2240 1.65617539028579
2450 -0.6108568957036107
2631 0.21292199724267172
2935 0.6320391945191633
3120 1.6048820958982397
3215 0.589980851191103
3223 2.5211728277723946
3690 1.4972514317058743
3691 3.7026727762462723
4158 0.030600440448717042
4487 3.1066893441399746
4549 2.6418008155610093
4765 1.4150133334689021
5973 1.4770487243883548
6047 3.009525595686327
7104 -0.6634879166512921
7487 1.8167260919585162
7620 4.372650573756367
8439 0.4690908039883759
9554 1.271661894663404
9644 8.718904625270685
9733 1.0850066366123312
10210 2.9911764570181303
10763 5.206750173022546
10784 5.612215281130711
11148 1.1784267118982394
12006 2.955458374416051
12460 0.7332084295128914
12946 2.9664059210987985
12949 4.919068100570765
13553 -0.37046075994419203
13845 2.001297368486486
14151 4.359452312635343
14556 2.8876357780772897
14906 0.4013639403639497
14921 4.600614369452231
15057 1.152070867192877
15332 -3.1046234602912404
15485 4.919068100570765
15771 0.023095714794649395
15783 0.48083836933832624
