35
389 1.6419233675785887
608 6.9985096422506015
986 3.9539872045271784
1822 2.383389125409342
2240 1.65617539028579
2538 1.422560539104285
2631 0.21292199724267172
2935 1.2640783890383267
3454 3.47214911763444
3643 3.21432000833234
4158 0.030600440448717042
4608 1.4075226617397445
5083 1.5735596247691985
5116 1.961557039836972
6064 2.138697237888929
7104 -0.6634879166512921
7321 3.3875917296063767
8032 0.5108256237659907
8256 1.6803896484063847
8615 2.6944445490464313
8979 1.7890234894091803
9644 4.359452312635343
11450 2.262311193856106
12022 0.40409618250082274
12459 4.108137884354437
12460 0.7332084295128914
12946 2.373124736879039
12953 4.919068100570765
13613 1.8111238364098463
14455 1.637217476541176
15057 1.152070867192877
15332 -1.5523117301456202
15341 0.7959741250626788
15523 4.165296298194385
15783 0.48083836933832624
