27
2357 1.1873686492739008
2621 4.108137884354437
2757 3.2849375755462935
3215 0.589980851191103
3690 1.4972514317058743
4158 0.030600440448717042
4261 2.262311193856106
4619 3.2849375755462935
4765 1.4150133334689021
5040 2.875656022470147
7104 -0.6634879166512921
8643 2.001297368486486
8928 1.3355491621146554
9640 2.8088549002241754
9733 1.0850066366123312
10304 4.433560284789064
12006 2.955458374416051
12122 1.1963912668735384
12953 4.919068100570765
13359 2.6290617897835795
13553 -0.37046075994419203
14196 0.8373023205555247
14612 2.1863252868781835
14906 0.4013639403639497
15169 2.335070548138534
15468 1.1549652252192415
15783 0.48083836933832624
