67
2009 2.413542163580029
2357 1.1873686492739008
2621 4.108137884354437
2631 0.42584399448534344
2757 3.2849375755462935
3215 0.589980851191103
3454 3.47214911763444
3690 1.4972514317058743
4158 0.09180132134615113
4222 2.3256808077886952
4241 2.4033897921160112
4261 2.262311193856106
4333 1.4651201535230811
4508 4.108137884354437
4619 3.2849375755462935
4765 1.4150133334689021
4989 1.3355491621146554
5040 1.4378280112350734
6140 2.211017899468555
6433 0.5154022907934025
7286 1.4112609838503516
7397 2.87137525720551
7633 1.8745456628473423
8205 4.290459441148391
8439 0.4690908039883759
8645 3.5327737394508745
8736 1.1933746733341126
8878 6.9985096422506015
8880 1.67063347346102
8890 2.2800107709555064
8928 1.3355491621146554
9384 1.3355491621146554
9454 3.1698682457615064
9733 1.0850066366123312
10261 3.9539872045271784
10304 4.433560284789064
10329 -0.21009069570959765
10654 5.8998973535824915
10749 1.1754637467675824
10868 -0.37072214562370276
10906 2.035665011990694
12006 5.910916748832102
12460 0.7332084295128914
12849 4.22592092001082
12917 6.9985096422506015
12946 1.7798435526592793
12953 4.919068100570765
13094 3.1918471524802814
13359 2.6290617897835795
13553 -0.7409215198883841
14008 2.001297368486486
14195 1.7781538171722764
14196 0.8373023205555247
14237 -0.6972483483041599
14267 -0.7647387866270302
14431 1.034930298632155
14463 1.67063347346102
14612 2.1863252868781835
14906 0.4013639403639497
15121 1.5868635903955612
15169 4.670141096277068
15407 2.2711218235382606
15468 2.309930450438483
15672 2.1825636311769054
15678 5.612215281130711
15771 0.023095714794649395
15783 0.9616767386766525
