227
521 1.8986432144264027
607 2.5211728277723946
730 2.298029276458185
1317 6.9985096422506015
1379 1.6111243976906509
1404 2.7417770571199283
1512 5.8998973535824915
1686 1.1549652252192415
1775 6.9985096422506015
1839 6.2797045914365155
1922 1.6952047341915255
1923 2.211017899468555
2036 3.8973072700021283
2087 2.8876357780772897
2240 1.65617539028579
2269 1.8686109273275278
2271 0.6835662361444191
2356 2.681021528714291
2414 9.602570129828763
2424 2.219386149139072
2513 1.8280256472124494
2597 2.1157077196642304
2605 10.082770447572646
2705 1.6657908489852322
2831 5.612215281130711
2920 0.6795415285041667
2935 1.2640783890383267
2968 3.4431615807611875
3040 4.919068100570765
3230 2.8876357780772897
3516 2.0785287164224764
3520 2.87137525720551
3578 0.6015799870344548
3613 2.8553749158590684
3647 4.216321028057695
3690 1.4972514317058743
3700 1.2947271675944
3786 4.8012850649143815
3814 2.236335707452845
3840 2.5961321377198296
3844 3.7026727762462723
3862 3.0666840095262753
3879 4.00277736869661
3968 5.8998973535824915
3981 3.3609234825242154
4021 1.5054481989100525
4029 2.9041650800285006
4093 5.612215281130711
4149 6.305362461690656
4174 3.3875917296063767
4302 5.400037832954326
4325 3.21432000833234
4425 7.4946999380540875
4537 2.039247754698959
4608 1.4075226617397445
4625 1.8452180477528222
4671 4.00277736869661
4750 0.33155284982139466
5054 4.600614369452231
5115 5.8998973535824915
5151 2.555858385760285
5309 2.5326015235960173
5465 3.3349479961209547
5484 0.9464204733261844
5517 1.6232312345664361
5573 6.775183459212753
5654 9.83813620114153
5680 1.5913378707904824
5809 2.363780654020965
5837 4.433560284789064
5842 6.17297327364491
5875 2.750014400201242
5879 4.359452312635343
5933 2.955458374416051
5999 2.5098732725184614
6047 3.009525595686327
6088 1.2146844599208637
6130 3.0666840095262753
6140 6.633053698405666
6151 1.4075226617397445
6447 2.576165249751463
6467 2.2535775138873513
6482 4.22592092001082
6534 9.391849098513111
6609 3.1918471524802814
6614 3.009525595686327
6718 3.9539872045271784
6787 2.288979440938267
6872 2.6095550068958033
6908 0.33537694625979814
6953 2.681021528714291
7019 2.130975191795019
7028 2.764403137653342
7104 -4.644415416559045
7170 1.6186122887101415
7204 5.612215281130711
7286 1.4112609838503516
7306 4.9753002714675025
7327 3.5327737394508745
7344 1.6325336272287498
7401 1.886521853894058
7413 5.206750173022546
7497 2.1042009669499975
7534 1.242767428663689
7543 4.919068100570765
7591 2.0426825846493406
7623 3.3349479961209547
7731 4.002594736972972
7768 3.3096301881366648
7775 8.45184184002164
7845 2.4237986637472186
7917 3.414990703794491
7984 4.8012850649143815
7991 1.3149298749119196
8536 5.389071729816501
8683 1.6803896484063847
8695 1.9550845253313545
8734 4.22592092001082
8784 2.146479378330984
8788 2.146479378330984
8816 3.4510201673737084
8978 1.6140145794615122
9106 1.0850066366123312
9110 2.035665011990694
9227 4.165296298194385
9355 2.1782280766455644
9406 5.052599493195288
9698 1.9878743481543455
9715 6.9985096422506015
9733 1.0850066366123312
9779 7.334894673308349
9791 2.344549292093078
9990 0.5671785603171224
10121 5.206750173022546
10191 4.433560284789064
10287 3.009525595686327
10294 2.70805020110221
10296 3.2849375755462935
10326 0.5230769255465112
10329 -0.21009069570959765
10422 0.7087940713416041
10431 0.7218661529089567
10473 1.7781538171722764
10589 6.9985096422506015
10642 4.05407066308416
10729 5.098119386747397
10759 3.0666840095262753
10770 2.4876501357337513
10811 4.433560284789064
10906 4.071330023981388
10971 3.502002080784121
11023 1.2880826248757316
11032 2.175425996420148
11034 1.5958322603783217
11102 0.6652300141109108
11132 3.7796338173824005
11137 19.5149306604543
11209 3.666305132075397
11218 0.5720211847929105
11297 4.600614369452231
11299 -1.0423655237318759
11304 1.2054960338664575
11305 2.0640357091199095
11347 5.861116243888673
11375 2.681021528714291
11419 3.1273086313427103
11422 5.052599493195288
11443 3.260840023967233
11453 1.3637200390813515
11485 3.3875917296063767
11506 3.8630154263214513
11524 1.5178707189086098
11526 9.851540205471533
11570 2.3867493466682252
11671 2.2535775138873513
11717 2.938066631704182
11945 1.9550845253313545
11952 6.383329041513287
12022 0.8081923650016455
12095 3.502002080784121
12122 1.1963912668735384
12404 4.455242688256857
12407 4.1759741910798
12455 -0.4305173317360804
12707 2.2278250177849364
12717 2.3996588308615743
12790 1.5095719160939147
12826 6.309686723857046
12991 3.1066893441399746
13288 4.05407066308416
13319 1.8055527913603908
13353 1.961557039836972
13384 2.0568672196412967
13390 2.236335707452845
13403 3.502002080784121
13440 1.4770487243883548
13553 -1.4818430397767681
13693 3.666305132075397
13769 3.1273086313427103
13838 2.3163784151263815
13918 2.8396265588909295
14115 5.946315903030904
14127 6.305362461690656
14267 -0.7647387866270302
14352 2.8392614199785533
14357 2.476721065201561
14381 0.2288676653980985
14431 3.104790895896465
14463 1.67063347346102
14465 5.052599493195288
14477 2.5211728277723946
14563 2.6418008155610093
14692 2.8396265588909295
14906 1.204091821091849
15155 0.6904112007410705
15259 1.3320829541381691
15278 2.465910149097345
15332 -9.313870380873722
15341 0.7959741250626788
15348 2.10066984229969
15351 3.5645224377654547
15363 2.555858385760285
15413 2.556395731286379
15471 1.3881216796572402
15578 7.1780118206952235
15613 4.108137884354437
15771 0.04619142958929879
