40
521 1.8986432144264027
2247 2.219386149139072
2271 0.34178311807220957
3230 2.8876357780772897
3520 2.87137525720551
3613 2.8553749158590684
3840 1.2980660688599148
3865 5.8998973535824915
5573 3.3875917296063767
5842 3.086486636822455
6534 4.695924549256556
6787 2.288979440938267
7019 2.130975191795019
7104 -0.6634879166512921
7497 0.7014003223166658
7623 3.3349479961209547
7917 3.414990703794491
9115 3.047265923669174
9355 2.1782280766455644
9779 1.8337236683270872
10729 1.0196238773494795
11137 2.661126908243768
11299 -0.5211827618659379
11347 0.8373023205555247
11526 1.6419233675785887
11816 1.9296054400303697
11952 3.1916645207566434
12404 1.485080896085619
12407 0.83519483821596
12790 1.5095719160939147
13080 0.8123010183501074
13553 -0.37046075994419203
13838 2.3163784151263815
14416 0.7739512129752414
14906 0.4013639403639497
15278 2.465910149097345
15332 -3.1046234602912404
15341 0.7959741250626788
15471 0.6940608398286201
15771 0.023095714794649395
