313
521 1.8986432144264027
607 2.5211728277723946
829 3.5645224377654547
1060 0.12433381283310307
1379 2.685207329484418
1692 2.1944885975173447
1850 3.0666840095262753
1893 3.5135252543819178
1923 2.211017899468555
1957 1.8223599096767722
2036 1.9486536350010641
2066 5.389071729816501
2224 1.981229805435677
2258 2.87137525720551
2271 1.7089155903610478
2306 4.695924549256556
2334 1.5879037593638217
2351 1.5647876386963615
2421 1.5431885268928998
2428 4.695924549256556
2432 4.108137884354437
2446 2.5326015235960173
2492 3.047265923669174
2536 1.7835738846416156
2538 1.422560539104285
2597 4.231415439328461
2674 1.0272478024601386
2708 4.05407066308416
2736 7.559267634764801
2783 4.600614369452231
2897 5.052599493195288
2920 2.0386245855125003
2940 1.6278716141229383
3175 6.305362461690656
3228 3.9074671888922854
3230 2.8876357780772897
3386 2.6290617897835795
3409 4.00277736869661
3506 0.8205655282000008
3516 4.157057432844953
3520 5.74275051441102
3578 0.6015799870344548
3579 12.610724923381312
3593 3.666305132075397
3613 2.8553749158590684
3657 2.6164830075767194
3700 1.2947271675944
3715 4.290459441148391
3737 1.8055527913603908
3763 3.597312260588446
3774 1.7255100836868542
3820 1.7890234894091803
3849 4.8012850649143815
3879 4.00277736869661
3974 3.3875917296063767
4010 6.383694304960563
4026 2.8876357780772897
4053 -0.14952015041821856
4151 5.206750173022546
4156 3.086486636822455
4174 3.3875917296063767
4214 2.465910149097345
4246 4.8012850649143815
4265 3.5327737394508745
4301 3.597312260588446
4318 5.206750173022546
4398 3.9539872045271784
4405 2.6920409239639014
4407 3.414990703794491
4425 1.249116656342348
4502 2.8088549002241754
4522 0.5207142953092883
4537 2.039247754698959
4613 2.211017899468555
4671 4.00277736869661
4695 2.87137525720551
4772 6.305362461690656
4878 2.7345957208584712
4891 6.305362461690656
4923 5.206750173022546
4924 3.2849375755462935
4947 3.414990703794491
4989 1.3355491621146554
5067 2.2278250177849364
5154 2.4446327506500602
5232 3.3096301881366648
5309 2.5326015235960173
5312 2.8553749158590684
5339 2.356853423796479
5419 7.726030852642903
5518 1.5868635903955612
5573 3.3875917296063767
5630 0.23830767558032406
5654 4.919068100570765
5767 4.919068100570765
5839 2.579669034454003
5842 3.086486636822455
5933 2.955458374416051
5973 1.4770487243883548
5984 4.919068100570765
6066 5.206750173022546
6078 2.555858385760285
6123 2.288979440938267
6156 1.8000126109847754
6201 5.389071729816501
6307 3.2373095265570386
6345 6.829981407588982
6351 2.8088549002241754
6376 3.0666840095262753
6411 2.434161450782765
6447 1.2880826248757316
6467 2.2535775138873513
6550 6.9985096422506015
6657 2.138697237888929
6776 1.942263836902293
6787 6.866938322814802
6794 3.9074671888922854
6821 8.867120569578129
6872 1.3047775034479017
6908 0.33537694625979814
6921 5.8998973535824915
6953 8.043064586142872
7065 2.6040604875781623
7104 -0.6634879166512921
7238 4.695924549256556
7286 1.4112609838503516
7306 2.4876501357337513
7325 2.8088549002241754
7384 4.919068100570765
7424 3.3609234825242154
7497 0.7014003223166658
7552 1.9486536350010641
7559 4.108137884354437
7569 1.0170954309961207
7731 2.001297368486486
7770 4.165296298194385
7775 12.67776276003246
7813 1.0145733615634107
7817 3.9074671888922854
7845 2.4237986637472186
7864 3.502002080784121
7892 4.655316811752874
7965 1.886521853894058
7993 4.00277736869661
8007 1.904759441443839
8096 1.4533321977710387
8130 5.206750173022546
8153 2.8396265588909295
8265 4.108137884354437
8283 2.8876357780772897
8570 4.513602992462601
8622 3.2373095265570386
8670 5.206750173022546
8683 1.6803896484063847
8695 3.910169050662709
8700 6.305362461690656
8736 1.1933746733341126
8784 2.146479378330984
8869 2.1782280766455644
8978 1.6140145794615122
9025 6.9985096422506015
9106 1.0850066366123312
9151 1.258716730071367
9170 0.6116303228879563
9177 4.359452312635343
9204 2.5098732725184614
9223 3.047265923669174
9230 3.3096301881366648
9285 3.047265923669174
9355 2.1782280766455644
9357 4.00277736869661
9365 1.4972514317058743
9418 6.305362461690656
9537 0.6546292081242703
9667 3.7796338173824005
9733 2.1700132732246624
9743 7.726030852642903
9779 7.334894673308349
9791 2.344549292093078
9817 1.3183370332335338
9822 6.9985096422506015
9986 6.17060165892389
10114 2.6028323114903933
10217 2.15432255579201
10223 4.05407066308416
10298 4.05407066308416
10299 4.359452312635343
10326 1.5692307766395337
10329 -0.21009069570959765
10393 1.9746291214043248
10600 4.919068100570765
10610 3.6312138122641273
10642 4.05407066308416
10729 7.137367141446356
10742 1.7890234894091803
10749 1.1754637467675824
10770 2.4876501357337513
10863 3.4431615807611875
10868 -0.18536107281185138
10991 6.9985096422506015
11032 1.087712998210074
11034 1.5958322603783217
11106 2.021775899830027
11137 18.62788835770638
11165 2.1863252868781835
11170 2.5676928434072877
11209 3.666305132075397
11296 2.764403137653342
11297 4.600614369452231
11299 -1.5635482855978138
11304 2.410992067732915
11347 2.511906961666574
11379 2.0426825846493406
11395 6.9985096422506015
11409 7.004004161568242
11444 2.434161450782765
11506 3.8630154263214513
11526 9.851540205471533
11570 1.1933746733341126
11597 3.0666840095262753
11646 2.3541187431092285
11717 2.938066631704182
11769 1.6466515087745348
11774 3.0282177286984795
11778 2.8553749158590684
11816 5.788816320091109
11861 6.305362461690656
11908 1.5346778372249912
11943 2.455214859980597
11945 9.775422626656772
11952 3.1916645207566434
12022 2.0204809125041137
12051 3.5645224377654547
12111 3.989126672610284
12268 6.9985096422506015
12269 5.389071729816501
12312 2.7938170228596353
12313 6.9985096422506015
12404 8.910485376513714
12405 6.9985096422506015
12407 8.3519483821596
12435 3.8204558119026557
12455 -0.2152586658680402
12623 4.290459441148391
12707 4.455650035569873
12723 2.288979440938267
12783 1.8986432144264027
12790 1.5095719160939147
12823 1.034930298632155
13001 2.9461134062376346
13005 3.8630154263214513
13045 1.886521853894058
13111 6.9985096422506015
13133 4.433560284789064
13208 2.6230685718215625
13220 3.2849375755462935
13229 6.9985096422506015
13353 3.923114079673944
13365 3.3349479961209547
13390 2.236335707452845
13471 7.812181462734487
13553 -2.9636860795535362
13565 1.9878743481543455
13647 5.612215281130711
13734 1.942263836902293
13769 3.1273086313427103
13838 2.3163784151263815
13957 5.8998973535824915
14111 7.405345552492545
14117 6.305362461690656
14127 6.305362461690656
14135 2.3541187431092285
14136 7.405283728929467
14237 -2.09174504491248
14267 -0.3823693933135151
14281 6.9985096422506015
14316 4.22592092001082
14338 5.206750173022546
14352 4.732102366630922
14381 0.2288676653980985
14435 2.3933394562625097
14477 2.5211728277723946
14529 2.8088549002241754
14547 3.740413104229119
14563 2.6418008155610093
14588 2.0785287164224764
14901 2.5326015235960173
14906 2.0068197018197482
14908 4.953442130403122
14911 5.612215281130711
14914 3.3096301881366648
14984 6.9985096422506015
15154 5.052599493195288
15192 1.489121305622624
15259 1.3320829541381691
15278 4.93182029819469
15332 -27.941611142621163
15341 0.7959741250626788
15373 0.814360751313118
15384 5.612215281130711
15403 4.165296298194385
15435 2.750014400201242
15440 5.206750173022546
15453 2.236335707452845
15468 1.1549652252192415
15517 1.886521853894058
15578 3.5890059103476117
15648 2.5676928434072877
15651 1.1377234187847354
15672 0.7275212103923018
15728 3.009525595686327
15771 0.023095714794649395
15814 2.262311193856106
