63
521 1.8986432144264027
2271 0.34178311807220957
2334 0.7939518796819108
2536 1.7835738846416156
2706 3.6312138122641273
2862 1.4690805547391779
2935 0.6320391945191633
3150 3.5327737394508745
3230 2.8876357780772897
3520 2.87137525720551
3613 5.710749831718137
3774 1.7255100836868542
3840 1.2980660688599148
4425 1.249116656342348
4750 0.33155284982139466
4976 2.288979440938267
5309 2.5326015235960173
5574 3.4431615807611875
5933 2.955458374416051
6376 3.0666840095262753
6467 2.2535775138873513
6555 2.9911764570181303
6787 2.288979440938267
7306 2.4876501357337513
7401 1.886521853894058
7497 0.7014003223166658
8142 2.9041650800285006
9106 1.0850066366123312
9144 6.9985096422506015
9355 2.1782280766455644
9537 0.6546292081242703
9733 1.0850066366123312
10729 1.0196238773494795
11137 4.435211513739613
11299 -0.5211827618659379
11308 2.5098732725184614
11347 0.8373023205555247
11526 1.6419233675785887
11695 3.6312138122641273
11717 2.938066631704182
11790 2.2449194511442365
11979 4.433560284789064
12122 1.1963912668735384
12404 1.485080896085619
12407 2.5055845146478797
12790 1.5095719160939147
12853 1.152070867192877
12938 5.612215281130711
13045 1.886521853894058
13411 2.8088549002241754
13443 3.502002080784121
13471 2.6040604875781623
13838 2.3163784151263815
14088 5.389071729816501
14381 0.2288676653980985
14416 0.7739512129752414
14590 1.8337236683270872
15278 2.465910149097345
15332 -7.761558650728101
15471 0.6940608398286201
15578 1.7945029551738059
15734 4.919068100570765
15771 0.023095714794649395
