183
521 1.8986432144264027
1928 2.4876501357337513
1957 5.467079729030317
1997 6.019051191372654
2037 4.359452312635343
2051 2.66777630196427
2103 2.4446327506500602
2240 1.65617539028579
2271 0.34178311807220957
2424 2.219386149139072
2450 -5.497712061332496
2484 2.629859749823839
2513 1.8280256472124494
2873 4.22592092001082
2874 3.047265923669174
2920 0.6795415285041667
3271 8.00555473739322
3506 4.102827641000005
3516 4.157057432844953
3520 2.87137525720551
3700 1.2947271675944
3788 2.750014400201242
3840 1.2980660688599148
3861 4.8012850649143815
3862 3.0666840095262753
4009 5.206750173022546
4029 2.9041650800285006
4053 -0.07476007520910928
4214 2.465910149097345
4286 2.130975191795019
4331 10.16277518881913
4476 3.740413104229119
4522 0.2603571476546441
4750 0.6631056996427893
4846 4.043551799660054
4847 5.206750173022546
4879 6.305362461690656
4882 2.130975191795019
4914 2.8679784698558155
4964 0.563963123463148
5116 1.961557039836972
5120 3.8630154263214513
5151 2.555858385760285
5208 2.5676928434072877
5484 2.8392614199785533
5574 6.886323161522375
5630 0.11915383779016203
5634 5.389071729816501
5668 5.910916748832102
5842 3.086486636822455
5895 2.4033897921160112
5902 4.05407066308416
5934 2.8876357780772897
5971 10.413500346045092
5986 3.3609234825242154
6150 4.05407066308416
6156 10.800075665908652
6205 2.955458374416051
6548 2.0785287164224764
6776 3.884527673804586
6794 7.814934377784571
6877 11.224430562261421
6887 2.304141734385754
6971 3.597312260588446
7057 3.2849375755462935
7104 -3.980927499907753
7203 3.1066893441399746
7459 2.1944885975173447
7497 0.7014003223166658
7534 3.7283022859910666
7578 0.5215372793609184
7693 4.600614369452231
7731 2.001297368486486
7764 1.7052048175261088
7932 1.8745456628473423
7935 2.335070548138534
7995 4.513602992462601
8007 1.904759441443839
8088 6.9985096422506015
8096 8.719993186626233
8102 4.359452312635343
8142 2.9041650800285006
8389 6.305362461690656
8444 1.7890234894091803
8471 2.7938170228596353
8866 3.8630154263214513
8890 4.560021541911013
8979 1.7890234894091803
9122 4.123476408189788
9151 1.258716730071367
9423 2.8876357780772897
9640 5.617709800448351
9779 12.83606567828961
9794 4.600614369452231
9970 0.9675939027561428
9979 4.786678912525019
10016 4.695924549256556
10040 10.893641436792382
10098 4.695924549256556
10217 4.30864511158402
10326 0.5230769255465112
10329 -0.21009069570959765
10353 4.8012850649143815
10393 1.9746291214043248
10436 4.290459441148391
10437 1.3672978604292356
10532 2.9209721983448818
10729 3.0588716320484384
10751 1.5879037593638217
10828 4.919068100570765
10868 -0.18536107281185138
11027 1.2781978656431896
11089 1.1549652252192415
11106 2.021775899830027
11137 4.435211513739613
11168 1.2781978656431896
11232 5.389071729816501
11245 5.8998973535824915
11270 8.10814132616832
11299 -4.690644856793441
11302 17.3607455881722
11317 3.0666840095262753
11333 6.9985096422506015
11353 2.8088549002241754
11386 2.1157077196642304
11481 1.6186122887101415
11526 9.851540205471533
11769 1.6466515087745348
11774 3.0282177286984795
11783 4.00277736869661
11905 3.2849375755462935
12034 4.662007760734267
12036 6.9985096422506015
12064 3.3349479961209547
12161 5.612215281130711
12183 4.8012850649143815
12292 2.5211728277723946
12404 4.455242688256857
12406 5.8998973535824915
12407 2.5055845146478797
12455 -0.6457759976041206
12689 10.778143459633002
12790 4.528715748281744
12793 2.87137525720551
13045 1.886521853894058
13081 5.389071729816501
13088 2.7790019370744945
13104 3.2373095265570386
13338 10.084691311089578
13384 4.113734439282593
13439 3.7796338173824005
13451 3.4431615807611875
13547 1.6003469407328483
13553 -1.111382279832576
13613 3.6222476728196926
13734 1.942263836902293
13751 4.108137884354437
13891 1.2131850577159984
14167 3.7026727762462723
14237 -7.669731831345759
14242 2.5326015235960173
14259 11.799794707164983
14260 4.165296298194385
14267 -1.5294775732540604
14352 0.9464204733261844
14416 2.3218536389257243
14421 5.8998973535824915
14519 6.17297327364491
14626 2.750014400201242
14906 1.204091821091849
15155 2.0712336022232116
15278 2.465910149097345
15332 -13.970805571310581
15341 0.7959741250626788
15373 0.814360751313118
15413 3.834593596929569
15471 0.6940608398286201
15551 1.1578679848772029
15672 1.4550424207846036
15685 4.358202290682081
15771 0.023095714794649395
15812 5.052599493195288
15828 2.1862955883920616
