323
194 2.3099959159782544
209 1.7001922757025645
241 1.6902419448493964
569 3.0282177286984795
592 2.4446327506500602
607 2.5211728277723946
690 4.22592092001082
702 3.7796338173824005
819 3.8204558119026557
935 3.740413104229119
978 2.298029276458185
986 3.9539872045271784
1060 0.43516834491586076
1134 5.8998973535824915
1219 6.9985096422506015
1256 6.305362461690656
1280 6.9985096422506015
1328 5.389071729816501
1371 6.305362461690656
1426 11.799794707164983
1507 3.8630154263214513
1533 4.108137884354437
1687 2.413542163580029
1731 5.389071729816501
1812 6.9985096422506015
1909 2.8876357780772897
1924 2.288979440938267
2036 3.8973072700021283
2049 2.37353682896633
2068 6.721846965048431
2181 4.433560284789064
2224 3.962459610871354
2357 1.1873686492739008
2380 3.7796338173824005
2450 -1.2217137914072214
2538 1.422560539104285
2674 1.0272478024601386
2701 2.7218435232345457
2705 3.3315816979704644
2731 6.9985096422506015
2825 4.8012850649143815
2959 8.311580544917305
2998 4.8012850649143815
3014 4.22592092001082
3132 3.2373095265570386
3143 2.219386149139072
3144 16.01110947478644
3315 5.206750173022546
3359 3.8630154263214513
3374 1.9680717208581657
3394 3.047265923669174
3449 1.9647049651044954
3547 13.300680854367194
3578 0.6015799870344548
3598 1.1666271649670843
3614 1.4378280112350734
3635 3.155949285956631
3690 1.4972514317058743
3739 4.00277736869661
3780 2.465910149097345
3815 5.389071729816501
3820 1.7890234894091803
3867 3.2373095265570386
3901 2.363780654020965
3917 6.9985096422506015
3918 6.9985096422506015
3982 2.153862445213571
3995 3.50297114018023
4008 3.21432000833234
4026 2.8876357780772897
4070 1.1068654304248302
4108 9.320068032419924
4214 2.465910149097345
4219 1.7567626271909589
4241 2.4033897921160112
4261 2.262311193856106
4282 2.8553749158590684
4321 2.8553749158590684
4331 3.3875917296063767
4358 3.5645224377654547
4377 6.9985096422506015
4405 1.3460204619819507
4429 4.05407066308416
4502 2.8088549002241754
4522 1.0414285906185765
4625 1.8452180477528222
4646 3.7372218546550555
4649 4.22592092001082
4750 0.33155284982139466
4909 1.4690805547391779
4964 0.563963123463148
5095 5.389071729816501
5151 2.555858385760285
5255 4.8012850649143815
5405 4.8012850649143815
5432 3.4431615807611875
5484 0.9464204733261844
5517 1.6232312345664361
5554 2.1081605140288473
5630 0.7149230267409722
5635 2.20271909665386
5636 2.973157951515452
5690 5.389071729816501
5707 5.389071729816501
5722 3.3609234825242154
5725 5.389071729816501
5773 2.735829765209286
5779 3.21432000833234
5833 4.695924549256556
5900 2.8553749158590684
5999 5.019746545036923
6151 1.4075226617397445
6164 2.6290617897835795
6219 2.298029276458185
6242 2.9041650800285006
6375 4.919068100570765
6402 1.4112609838503516
6433 0.5154022907934025
6447 2.576165249751463
6625 6.9985096422506015
6721 4.766778250818684
6784 5.389071729816501
6786 3.7026727762462723
6908 0.33537694625979814
6983 3.414990703794491
7286 1.4112609838503516
7306 2.4876501357337513
7406 5.052599493195288
7427 7.814934377784571
7525 5.612215281130711
7539 4.600614369452231
7591 2.0426825846493406
7633 1.8745456628473423
7700 3.7026727762462723
7706 10.778143459633002
7713 3.1066893441399746
7764 1.7052048175261088
7838 4.216321028057695
7864 3.502002080784121
7935 2.335070548138534
7991 1.3149298749119196
7999 5.612215281130711
8117 3.3349479961209547
8242 6.106995035972082
8262 4.142511914186793
8299 4.433560284789064
8391 5.11171677152057
8496 3.502002080784121
8514 2.008077055471865
8520 6.9985096422506015
8523 2.9025305428177344
8660 3.350999326224386
8683 1.6803896484063847
8710 2.75601889854694
8856 2.3163784151263815
8904 4.372650573756367
8946 2.7218435232345457
9110 4.071330023981388
9122 5.497968544253051
9204 2.5098732725184614
9310 6.886323161522375
9354 3.8204558119026557
9365 2.9945028634117485
9423 2.8876357780772897
9525 4.695924549256556
9531 1.67063347346102
9559 -0.8319894385497393
9561 5.206750173022546
9589 1.3115342859107813
9590 3.3096301881366648
9623 6.9985096422506015
9701 8.718904625270685
9709 5.41153789821583
9779 1.8337236683270872
9817 2.6366740664670676
9970 0.4837969513780714
9977 3.8630154263214513
10030 2.413542163580029
10095 4.433560284789064
10114 1.3014161557451966
10306 2.15432255579201
10325 3.7851283367000415
10326 0.5230769255465112
10329 -0.21009069570959765
10435 5.8998973535824915
10447 5.489534130344742
10532 2.9209721983448818
10561 1.6003469407328483
10645 4.600614369452231
10770 2.4876501357337513
10840 5.8998973535824915
10868 -0.7414442912474055
10872 3.2097641917964794
10905 4.695924549256556
11027 1.2781978656431896
11102 0.6652300141109108
11110 0.8102455191680114
11116 1.9109133070182172
11165 2.1863252868781835
11191 4.600614369452231
11218 1.7160635543787315
11299 -2.6059138093296896
11308 2.5098732725184614
11453 4.091160117244055
11455 17.699692060747473
11481 3.237224577420283
11508 5.206750173022546
11518 3.8630154263214513
11526 4.9257701027357665
11570 1.1933746733341126
11646 2.3541187431092285
11664 5.206750173022546
11671 2.2535775138873513
11677 1.7255100836868542
11737 4.919068100570765
11784 3.47214911763444
11923 6.305362461690656
11939 5.362043057428582
11963 4.919068100570765
12006 2.955458374416051
12009 3.502002080784121
12022 1.2122885475024683
12033 2.5211728277723946
12062 3.47214911763444
12241 5.159338068908006
12298 5.206750173022546
12386 8.45184184002164
12391 3.1918471524802814
12404 1.485080896085619
12407 2.5055845146478797
12450 3.1483620405405426
12455 -0.6457759976041206
12553 3.214750848840571
12610 4.847597327494437
12614 5.206750173022546
12717 0.5999147077153936
12781 4.997399943840672
12783 1.8986432144264027
12796 2.9209721983448818
12803 2.727440078162703
12805 1.8568460857479414
12818 3.1483620405405426
12837 3.4431615807611875
12850 3.502002080784121
12968 3.047265923669174
12978 2.383389125409342
13001 1.4730567031188173
13029 1.6609715625492831
13106 2.335070548138534
13189 1.8745456628473423
13243 12.610724923381312
13314 2.0286963426746007
13343 2.973157951515452
13354 1.8280256472124494
13359 2.6290617897835795
13361 5.206750173022546
13390 2.236335707452845
13438 2.555858385760285
13440 1.4770487243883548
13479 3.7796338173824005
13508 1.7255100836868542
13535 5.206750173022546
13547 1.6003469407328483
13553 -0.7409215198883841
13559 3.5645224377654547
13572 3.7490913256946845
13718 1.3425178314307487
13734 5.8267915107068795
13738 4.22592092001082
13750 2.162227735299123
13751 4.108137884354437
13753 3.7026727762462723
13767 5.309408440793835
13867 5.43856499105037
13890 2.681021528714291
13891 1.8197775865739976
14009 5.8998973535824915
14049 4.290459441148391
14063 4.00277736869661
14135 2.3541187431092285
14150 6.9985096422506015
14237 -2.7889933932166397
14242 2.5326015235960173
14267 -0.3823693933135151
14313 1.6466515087745348
14381 0.457735330796197
14425 5.612215281130711
14431 1.034930298632155
14434 6.9985096422506015
14484 4.290459441148391
14486 2.6164830075767194
14507 7.404060661748593
14511 6.305362461690656
14521 7.332610264150794
14588 2.0785287164224764
14629 6.9985096422506015
14633 7.964112661190752
14635 6.305362461690656
14682 3.0863770537857995
14906 0.4013639403639497
15037 4.632756830252763
15073 6.9985096422506015
15134 6.305362461690656
15192 4.467363916867872
15209 2.579669034454003
15259 1.3320829541381691
15278 4.93182029819469
15292 2.211017899468555
15332 -7.761558650728101
15341 0.7959741250626788
15348 2.10066984229969
15358 7.73900710336201
15397 4.002594736972972
15413 1.2781978656431896
15421 5.389071729816501
15471 0.6940608398286201
15518 3.761031659667692
15548 5.206750173022546
15651 1.1377234187847354
15677 4.733923928934947
15771 0.023095714794649395
15827 3.8218266140364343
15828 4.372591176784123
