311
401 3.1698682457615064
512 2.0785287164224764
592 4.8892655013001205
657 2.0640357091199095
1060 0.06216690641655154
1094 2.335070548138534
1171 2.9209721983448818
1218 6.9985096422506015
1379 0.5370414658968836
1449 6.9985096422506015
1524 4.290459441148391
1598 5.8998973535824915
1619 6.9985096422506015
1686 1.1549652252192415
1836 2.5326015235960173
1847 6.9985096422506015
1896 1.7835738846416156
1902 2.0149030205422647
1922 1.6952047341915255
1929 2.1081605140288473
1940 2.6944445490464313
1949 6.305362461690656
1997 3.009525595686327
2017 3.3875917296063767
2019 2.344549292093078
2021 5.41610040220442
2159 3.502002080784121
2201 2.035665011990694
2258 2.87137525720551
2334 0.7939518796819108
2351 4.6943629160890845
2356 2.681021528714291
2402 4.513602992462601
2450 -1.832570687110832
2488 3.7796338173824005
2519 1.6902419448493964
2536 5.350721653924847
2583 5.612215281130711
2585 3.9074671888922854
2638 2.130975191795019
2760 4.359452312635343
2785 6.9985096422506015
2829 5.617709800448351
2831 5.612215281130711
2862 1.4690805547391779
2920 0.6795415285041667
2977 3.47214911763444
3215 1.179961702382206
3222 6.9985096422506015
3223 2.5211728277723946
3259 3.1918471524802814
3404 4.93182029819469
3423 14.81069110498509
3482 3.3096301881366648
3498 2.87137525720551
3578 0.6015799870344548
3614 1.4378280112350734
3615 4.165296298194385
3649 6.9985096422506015
3978 6.9985096422506015
3990 5.258123579567159
3991 2.8088549002241754
4081 3.1066893441399746
4114 15.279416317722056
4130 4.22592092001082
4138 3.3875917296063767
4286 4.261950383590038
4294 5.8998973535824915
4302 1.8000126109847754
4319 2.049749751872433
4376 4.433560284789064
4397 3.666305132075397
4422 4.359452312635343
4481 2.146479378330984
4508 4.108137884354437
4522 1.3017857382732205
4531 5.362043057428582
4537 1.0196238773494795
4549 2.6418008155610093
4580 4.600614369452231
4691 4.433560284789064
4707 3.740413104229119
4765 1.4150133334689021
4783 2.1782280766455644
4785 3.9074671888922854
4818 3.8204558119026557
4857 2.0712559570933964
4865 3.0282177286984795
4871 2.4876501357337513
4918 5.052599493195288
4964 0.563963123463148
4976 2.288979440938267
4989 2.6710983242293107
4992 3.260840023967233
5006 3.086486636822455
5033 2.1233123190494494
5067 2.2278250177849364
5070 4.108137884354437
5083 1.5735596247691985
5156 2.211017899468555
5170 6.9985096422506015
5331 3.2373095265570386
5339 1.1784267118982394
5378 6.305362461690656
5392 2.130975191795019
5408 4.290459441148391
5484 0.9464204733261844
5555 2.4033897921160112
5630 0.11915383779016203
5651 4.600614369452231
5687 2.0785287164224764
5690 5.389071729816501
5856 5.052599493195288
5895 2.4033897921160112
5949 7.1290448755309095
5973 4.4311461731650645
5990 5.876133263408364
5996 4.00277736869661
6088 1.2146844599208637
6089 3.8630154263214513
6140 2.211017899468555
6223 2.8088549002241754
6234 2.6290617897835795
6262 3.4431615807611875
6335 2.476721065201561
6352 6.9985096422506015
6402 1.4112609838503516
6432 6.305362461690656
6433 0.5154022907934025
6447 2.576165249751463
6489 6.9985096422506015
6583 0.8629447511688624
6586 2.288979440938267
6633 2.8088549002241754
6751 5.088324691994187
6908 0.33537694625979814
6962 3.8630154263214513
7019 2.130975191795019
7028 2.764403137653342
7051 14.53380873566813
7104 -4.644415416559045
7170 3.237224577420283
7183 5.612215281130711
7221 5.389071729816501
7247 4.22592092001082
7421 3.2373095265570386
7497 0.7014003223166658
7633 1.8745456628473423
7634 4.359452312635343
7734 16.548150940683325
7808 2.8396265588909295
7813 1.0145733615634107
7838 2.1081605140288473
7904 2.211017899468555
7935 2.335070548138534
7968 3.047265923669174
7981 2.0426825846493406
7991 2.629859749823839
8123 18.270687188042114
8124 2.973157951515452
8269 3.7026727762462723
8286 6.305362461690656
8327 19.76885660648475
8439 1.4072724119651276
8569 3.7026727762462723
8660 1.675499663112193
8710 2.204815118837552
8723 1.5262389685791264
8752 4.433560284789064
8816 1.7255100836868542
8928 1.3355491621146554
9110 2.035665011990694
9138 10.413500346045092
9151 1.258716730071367
9154 2.465910149097345
9297 5.389071729816501
9345 2.66777630196427
9365 1.4972514317058743
9537 0.6546292081242703
9589 1.3115342859107813
9686 3.6312138122641273
9712 4.433560284789064
9836 3.666305132075397
9895 2.288979440938267
9946 5.389071729816501
9970 0.9675939027561428
10006 2.6944445490464313
10008 2.0568672196412967
10030 2.413542163580029
10031 2.498699971920336
10080 6.9985096422506015
10202 10.367161579945392
10217 4.30864511158402
10221 2.434161450782765
10310 4.695924549256556
10329 -0.4201813914191953
10447 1.2198964734099427
10517 9.313556026001697
10561 3.2006938814656967
10734 13.67914882604643
10749 1.1754637467675824
10751 1.5879037593638217
10868 -0.37072214562370276
10889 3.086486636822455
10957 4.433560284789064
11023 1.2880826248757316
11037 4.05407066308416
11089 1.1549652252192415
11110 3.2409820766720454
11120 5.052599493195288
11203 12.610724923381312
11210 3.21432000833234
11217 9.027205984925201
11218 1.144042369585821
11299 -0.5211827618659379
11304 1.2054960338664575
11332 4.00277736869661
11334 1.994563336305142
11416 4.356456153291129
11510 5.8998973535824915
11576 3.3096301881366648
11677 1.7255100836868542
11816 1.9296054400303697
11874 4.513602992462601
11891 5.8998973535824915
11907 2.434161450782765
12006 2.955458374416051
12022 0.40409618250082274
12032 5.206750173022546
12078 1.3637200390813515
12172 3.9074671888922854
12254 4.670141096277068
12377 1.3460204619819507
12383 5.009225806841791
12432 11.224430562261421
12455 -0.4305173317360804
12486 5.389071729816501
12553 1.0715836162801904
12723 2.288979440938267
12736 3.414990703794491
12781 2.498699971920336
12796 2.9209721983448818
12818 3.1483620405405426
12832 3.3096301881366648
12853 1.152070867192877
12968 3.047265923669174
12969 11.108018328738817
13008 5.389071729816501
13028 4.8012850649143815
13080 1.6246020367002147
13102 2.735829765209286
13108 2.2800107709555064
13141 5.052599493195288
13208 1.3115342859107813
13288 4.05407066308416
13289 8.705071351114098
13296 6.305362461690656
13359 2.6290617897835795
13438 2.555858385760285
13440 1.4770487243883548
13480 6.9985096422506015
13495 3.9539872045271784
13519 5.612215281130711
13527 2.049749751872433
13553 -1.8523037997209602
13572 7.498182651389369
13613 1.8111238364098463
13759 2.955458374416051
13838 2.3163784151263815
13846 3.3096301881366648
13891 1.8197775865739976
13897 2.7218435232345457
13918 2.8396265588909295
13930 2.7203099458337108
13998 4.8012850649143815
14021 4.108137884354437
14078 2.5098732725184614
14136 2.962113491571787
14167 3.7026727762462723
14237 -1.3944966966083199
14267 -0.3823693933135151
14283 5.389071729816501
14308 2.0640357091199095
14309 1.5137127087599462
14313 1.6466515087745348
14352 3.7856818933047376
14365 3.8630154263214513
14394 6.9985096422506015
14431 1.034930298632155
14482 12.67776276003246
14516 2.1782280766455644
14824 4.359452312635343
14894 3.740413104229119
14949 7.814934377784571
15129 2.8876357780772897
15137 6.305362461690656
15187 1.994563336305142
15241 1.7462362142039713
15306 0.7199882180847567
15332 -13.970805571310581
15348 4.20133968459938
15397 4.002594736972972
15468 1.1549652252192415
15472 2.735829765209286
15517 1.886521853894058
15613 4.108137884354437
15622 2.363780654020965
15679 5.206750173022546
15697 3.7796338173824005
15709 2.1863252868781835
15816 3.9539872045271784
