211
194 0.7699986386594181
304 6.9985096422506015
344 2.7790019370744945
508 6.305362461690656
512 2.0785287164224764
521 1.8986432144264027
657 2.0640357091199095
700 5.8998973535824915
717 5.679253117781859
787 2.035665011990694
800 7.302484352348294
807 5.389071729816501
927 2.0785287164224764
989 4.433560284789064
1687 4.827084327160058
1750 1.1068654304248302
1820 3.3875917296063767
1885 3.009525595686327
2041 10.693567313296365
2155 3.9539872045271784
2288 3.7796338173824005
2357 2.3747372985478017
2365 3.7026727762462723
2398 3.740413104229119
2446 2.5326015235960173
2450 -1.2217137914072214
2451 6.9985096422506015
2513 3.656051294424899
2586 9.928890564409993
2587 5.8998973535824915
2674 2.054495604920277
2705 1.6657908489852322
2755 3.260840023967233
2913 1.720394983020084
2940 1.6278716141229383
2964 0.900435360084361
3282 8.580918882296782
3329 1.981229805435677
3487 4.8012850649143815
3635 1.5779746429783155
3734 5.612215281130711
3763 3.597312260588446
3899 5.8998973535824915
3991 2.8088549002241754
4081 3.1066893441399746
4197 4.695924549256556
4230 2.0149030205422647
4340 7.1290448755309095
4425 1.249116656342348
4427 3.597312260588446
4472 3.7026727762462723
4529 4.22592092001082
4608 1.4075226617397445
4616 1.8925641683500207
4750 0.33155284982139466
4785 15.629868755569142
4824 5.612215281130711
4840 5.876133263408364
4989 1.3355491621146554
5029 3.2373095265570386
5265 4.919068100570765
5319 3.086486636822455
5340 3.3349479961209547
5463 5.206750173022546
5484 0.9464204733261844
5711 2.6290617897835795
5736 5.617709800448351
5809 2.363780654020965
5834 4.96852617085737
5835 3.1273086313427103
5858 6.305362461690656
5895 2.4033897921160112
6301 6.9985096422506015
6335 2.476721065201561
6414 3.1483620405405426
6675 2.5098732725184614
6702 3.0282177286984795
6718 7.907974409054357
6776 1.942263836902293
7044 16.924642468504615
7057 3.2849375755462935
7104 -0.6634879166512921
7156 3.8204558119026557
7242 3.6312138122641273
7327 3.5327737394508745
7346 3.5645224377654547
7363 3.2849375755462935
7427 3.9074671888922854
7482 1.8055527913603908
7507 5.612215281130711
7549 5.8998973535824915
7578 0.5215372793609184
7633 3.7490913256946845
7692 2.2449194511442365
7755 5.8998973535824915
7813 1.0145733615634107
7907 2.6418008155610093
7914 6.439438134992953
7941 3.740413104229119
7969 3.5327737394508745
8153 2.8396265588909295
8256 1.6803896484063847
8276 3.21432000833234
8294 7.332610264150794
8323 3.1698682457615064
8337 1.9550845253313545
8391 2.555858385760285
8392 4.600614369452231
8399 7.907974409054357
8432 3.3875917296063767
8473 5.389071729816501
8650 3.3096301881366648
8683 3.3607792968127694
8708 2.962113491571787
8736 3.580124020002338
8816 3.4510201673737084
8904 2.1863252868781835
8908 3.6312138122641273
8928 1.3355491621146554
8975 2.3933394562625097
8979 1.7890234894091803
9097 5.612215281130711
9116 7.332610264150794
9119 5.389071729816501
9169 3.4431615807611875
9306 3.8630154263214513
9393 6.365840623009049
9428 2.498699971920336
9454 3.1698682457615064
9531 5.01190042038306
9876 5.3888890980928625
9877 5.8998973535824915
9884 3.2373095265570386
10006 2.6944445490464313
10064 3.3349479961209547
10221 2.434161450782765
10326 0.5230769255465112
10329 -0.8403627828383906
10431 0.7218661529089567
10603 7.814934377784571
10739 2.37353682896633
10754 3.1698682457615064
10781 6.9985096422506015
10794 2.938066631704182
10868 -0.18536107281185138
10884 3.502002080784121
10976 4.695924549256556
11010 4.919068100570765
11032 1.087712998210074
11168 1.2781978656431896
11347 11.722232487777346
11375 2.681021528714291
11379 2.0426825846493406
11646 2.3541187431092285
11698 5.8998973535824915
11702 3.9539872045271784
11785 1.9680717208581657
11788 3.3096301881366648
12193 4.05407066308416
12227 3.1698682457615064
12242 7.726030852642903
12250 2.498699971920336
12279 3.8630154263214513
12312 2.7938170228596353
12397 4.433560284789064
12503 2.2278250177849364
12674 4.733923928934947
12717 0.5999147077153936
12736 3.414990703794491
12766 6.9985096422506015
12790 7.547859580469574
12823 7.244512090425085
12833 0.9630282097258448
12853 3.456212601578631
12861 4.00277736869661
12993 4.05407066308416
13312 2.955458374416051
13354 3.656051294424899
13440 1.4770487243883548
13492 4.8012850649143815
13553 -0.7409215198883841
13661 7.405345552492545
13662 4.290459441148391
13893 4.05407066308416
13918 2.8396265588909295
14074 3.7796338173824005
14208 3.5621059478217028
14237 -4.18349008982496
14267 -1.1471081799405454
14352 0.9464204733261844
14357 2.476721065201561
14515 3.0666840095262753
14601 4.433560284789064
14633 7.964112661190752
14839 4.8012850649143815
14885 5.612215281130711
15067 5.206750173022546
15121 1.5868635903955612
15155 0.6904112007410705
15332 -7.761558650728101
15341 0.7959741250626788
15355 12.610724923381312
15384 5.612215281130711
15423 17.699692060747473
15453 2.236335707452845
15454 10.413500346045092
15468 3.4648956756577247
15587 1.2947271675944
15672 0.7275212103923018
15677 1.5779746429783155
15771 0.09238285917859758
