173
108 4.359452312635343
521 1.8986432144264027
592 2.4446327506500602
614 6.305362461690656
702 3.7796338173824005
829 3.5645224377654547
862 2.344549292093078
1001 5.8998973535824915
1060 0.12433381283310307
1122 3.1698682457615064
1356 2.363780654020965
1884 1.9486536350010641
2217 2.4876501357337513
2240 1.65617539028579
2538 2.84512107820857
2597 2.1157077196642304
2638 2.130975191795019
2862 1.4690805547391779
2935 0.6320391945191633
2987 6.9985096422506015
3100 2.7938170228596353
3230 2.8876357780772897
3335 5.389071729816501
3506 0.8205655282000008
3520 2.87137525720551
3613 2.8553749158590684
3774 1.7255100836868542
3840 1.2980660688599148
3879 8.00555473739322
4029 2.9041650800285006
4053 -0.07476007520910928
4138 3.3875917296063767
4174 3.3875917296063767
4219 1.7567626271909589
4241 2.4033897921160112
4261 2.262311193856106
4335 2.938066631704182
4425 4.996466625369392
4504 3.6312138122641273
4686 4.108137884354437
4750 0.6631056996427893
4865 3.0282177286984795
4866 2.5211728277723946
4976 4.577958881876534
5054 4.600614369452231
5309 2.5326015235960173
5573 3.3875917296063767
5630 0.11915383779016203
5875 2.750014400201242
5933 2.955458374416051
5983 1.9878743481543455
6130 3.0666840095262753
6402 1.4112609838503516
6467 2.2535775138873513
6534 4.695924549256556
6555 2.9911764570181303
6577 4.05407066308416
6583 0.8629447511688624
6708 5.389071729816501
6776 1.942263836902293
6786 3.7026727762462723
6787 9.155917763753068
6872 6.523887517239508
7019 2.130975191795019
7104 -1.3269758333025843
7286 1.4112609838503516
7306 2.4876501357337513
7309 4.8012850649143815
7413 5.206750173022546
7534 2.485534857327378
7552 5.845960905003192
7569 2.0341908619922413
7623 3.3349479961209547
7650 2.1081605140288473
7713 3.1066893441399746
7731 2.001297368486486
7864 3.502002080784121
7991 1.3149298749119196
8142 2.9041650800285006
8199 3.009525595686327
8256 1.6803896484063847
8622 9.711928579671117
8683 1.6803896484063847
8710 0.551203779709388
8734 4.22592092001082
8784 2.146479378330984
8886 1.3081501879265407
9143 6.9985096422506015
9213 3.7026727762462723
9223 3.047265923669174
9355 6.534684229936693
9357 4.00277736869661
9531 1.67063347346102
9537 0.6546292081242703
9765 1.7835738846416156
9779 1.8337236683270872
9817 2.6366740664670676
9990 0.5671785603171224
10114 2.6028323114903933
10294 2.70805020110221
10329 -0.21009069570959765
10422 0.7087940713416041
10473 1.7781538171722764
10479 4.513602992462601
10642 4.05407066308416
10729 4.078495509397918
10734 2.735829765209286
10863 3.4431615807611875
10934 4.00277736869661
11032 1.087712998210074
11034 1.5958322603783217
11137 13.305634541218842
11297 4.600614369452231
11299 -1.0423655237318759
11302 3.47214911763444
11304 2.410992067732915
11305 2.0640357091199095
11322 3.4431615807611875
11347 2.511906961666574
11478 5.612215281130711
11506 3.8630154263214513
11526 8.209616837892943
11717 2.938066631704182
11828 2.955458374416051
11939 2.681021528714291
11945 3.910169050662709
11952 6.383329041513287
12001 2.5676928434072877
12081 4.72756130804193
12122 1.1963912668735384
12404 2.970161792171238
12407 5.011169029295759
12455 -0.2152586658680402
12707 2.2278250177849364
12790 1.5095719160939147
12853 1.152070867192877
12908 5.052599493195288
13080 0.8123010183501074
13169 3.3349479961209547
13288 4.05407066308416
13360 4.05407066308416
13391 3.740413104229119
13399 3.086486636822455
13411 2.8088549002241754
13423 7.907974409054357
13440 1.4770487243883548
13443 10.506006242352363
13471 5.208120975156325
13553 -0.7409215198883841
13838 2.3163784151263815
14115 2.973157951515452
14117 6.305362461690656
14198 3.047265923669174
14352 3.7856818933047376
14381 0.2288676653980985
14399 3.502002080784121
14431 1.034930298632155
14465 5.052599493195288
14477 2.5211728277723946
14817 4.919068100570765
14838 5.389071729816501
14906 0.4013639403639497
15153 3.1483620405405426
15155 0.6904112007410705
15192 1.489121305622624
15259 2.6641659082763383
15278 2.465910149097345
15332 -10.866182111019342
15413 1.2781978656431896
15471 0.6940608398286201
15484 2.9911764570181303
15578 3.5890059103476117
15771 0.023095714794649395
