68
466 3.8204558119026557
1925 4.00277736869661
2038 7.522063319335384
2271 0.34178311807220957
2424 2.219386149139072
2450 -0.6108568957036107
2935 0.6320391945191633
3180 2.7938170228596353
3972 4.919068100570765
4029 2.9041650800285006
4053 -0.14952015041821856
4425 3.7473499690270438
4537 2.039247754698959
4753 3.9074671888922854
4866 2.5211728277723946
5019 4.290459441148391
5156 2.211017899468555
5254 6.305362461690656
5736 2.8088549002241754
5905 1.7835738846416156
6068 6.254617262685421
6136 2.91449219418435
6151 1.4075226617397445
6236 2.9209721983448818
6557 3.1483620405405426
7025 1.0095482253607377
7104 -0.6634879166512921
7311 2.236335707452845
7578 0.5215372793609184
7622 2.764403137653342
8439 0.9381816079767518
8440 4.00277736869661
8683 1.6803896484063847
8769 4.433560284789064
8784 2.146479378330984
8987 2.211017899468555
9204 2.5098732725184614
9292 2.5441623459970937
9807 3.1698682457615064
9978 4.05407066308416
10729 2.039247754698959
10748 3.5327737394508745
10849 8.814199895112546
10936 3.9074671888922854
11296 5.528806275306684
11299 -0.5211827618659379
11453 1.3637200390813515
11481 1.6186122887101415
11522 2.555858385760285
11717 2.938066631704182
11816 1.9296054400303697
12118 6.305362461690656
12161 5.612215281130711
12455 -0.6457759976041206
13046 3.47214911763444
13354 1.8280256472124494
13438 2.555858385760285
13553 -0.37046075994419203
13897 2.7218435232345457
14237 -0.6972483483041599
14267 -0.3823693933135151
14308 2.0640357091199095
14416 0.7739512129752414
14590 3.6674473366541744
14906 0.4013639403639497
15037 2.3163784151263815
15332 -3.1046234602912404
15551 1.1578679848772029
