46
2333 4.8012850649143815
2334 0.7939518796819108
2935 0.6320391945191633
3230 2.8876357780772897
3520 2.87137525720551
3613 5.710749831718137
3865 5.8998973535824915
4425 1.249116656342348
5003 5.612215281130711
5046 2.236335707452845
5573 3.3875917296063767
5602 6.9985096422506015
5842 3.086486636822455
6004 3.1066893441399746
6787 2.288979440938267
7044 1.880515829833846
7497 0.7014003223166658
7552 1.9486536350010641
9355 2.1782280766455644
9399 4.22592092001082
9537 0.6546292081242703
9779 1.8337236683270872
10325 1.8925641683500207
10729 1.0196238773494795
11137 3.548169210991691
11299 -0.5211827618659379
11347 1.6746046411110493
11526 1.6419233675785887
11849 5.389071729816501
12093 1.6803896484063847
12122 1.1963912668735384
12404 1.485080896085619
12407 0.83519483821596
12455 -0.2152586658680402
13141 5.052599493195288
13384 2.0568672196412967
13508 1.7255100836868542
13838 2.3163784151263815
14198 3.047265923669174
14416 0.7739512129752414
14571 3.2373095265570386
14817 9.83813620114153
15278 2.465910149097345
15332 -3.1046234602912404
15348 2.10066984229969
15794 2.5676928434072877
