136
174 3.2464624691328723
194 0.7699986386594181
466 3.8204558119026557
469 4.8012850649143815
545 6.9985096422506015
607 2.5211728277723946
619 3.666305132075397
1013 2.6547042203969173
1822 4.766778250818684
1871 3.5645224377654547
1909 2.8876357780772897
2038 13.163610808836921
2064 1.5647876386963615
2271 0.34178311807220957
2450 -1.2217137914072214
2553 5.389071729816501
2924 4.0573926853492015
2964 1.800870720168722
3192 1.0095482253607377
3454 3.47214911763444
3598 2.3332543299341686
3700 1.2947271675944
3759 2.4033897921160112
3814 2.236335707452845
4070 1.1068654304248302
4162 9.83813620114153
4279 5.052599493195288
4286 2.130975191795019
4425 1.249116656342348
4452 6.9985096422506015
4753 3.9074671888922854
4806 3.6312138122641273
4812 3.9539872045271784
4912 1.9296054400303697
5055 2.2278250177849364
5243 3.6312138122641273
5339 1.1784267118982394
5342 3.6312138122641273
5737 3.740413104229119
5955 2.434161450782765
5970 4.165296298194385
6049 2.035665011990694
6136 18.944199262198275
6219 2.298029276458185
6523 5.389071729816501
6548 6.235586149267429
6557 3.1483620405405426
6628 3.1918471524802814
7104 -4.644415416559045
7286 1.4112609838503516
7578 1.0430745587218369
7622 2.764403137653342
7633 3.7490913256946845
7842 4.74707365793266
7991 1.3149298749119196
8129 3.9539872045271784
8142 2.9041650800285006
8323 3.1698682457615064
8447 3.9074671888922854
8643 2.001297368486486
8736 1.1933746733341126
8769 8.867120569578129
8901 5.052599493195288
8928 1.3355491621146554
9151 2.517433460142734
9163 6.9985096422506015
9170 0.6116303228879563
9204 12.549366362592307
9391 2.735829765209286
9406 5.052599493195288
9876 8.083333647139295
10036 4.513602992462601
10258 1.8000126109847754
10422 0.7087940713416041
10487 1.981229805435677
10729 1.0196238773494795
10849 26.442599685337637
10868 -0.18536107281185138
10930 3.502002080784121
10936 7.814934377784571
10985 6.9985096422506015
11000 4.600614369452231
11218 1.144042369585821
11299 -2.0847310474637517
11320 2.764403137653342
11327 3.5645224377654547
11347 0.8373023205555247
11481 1.6186122887101415
11704 6.296724081081085
11717 2.938066631704182
11781 2.591790394986348
11865 6.9985096422506015
11942 6.9985096422506015
11952 1.5958322603783217
12054 3.8204558119026557
12189 4.513602992462601
12250 2.498699971920336
12254 2.335070548138534
12303 3.666305132075397
12455 -0.2152586658680402
12595 2.344549292093078
12632 4.919068100570765
12674 1.5779746429783155
12826 1.2619373447714093
12969 3.7026727762462723
12992 4.6513616155773905
13029 1.6609715625492831
13045 1.886521853894058
13057 3.8204558119026557
13080 0.8123010183501074
13354 1.8280256472124494
13527 2.049749751872433
13681 2.498699971920336
13891 0.6065925288579992
13930 1.3601549729168554
14195 1.7781538171722764
14237 -2.7889933932166397
14297 7.262427624528255
14416 2.3218536389257243
14536 6.305362461690656
14584 6.9985096422506015
14647 3.8630154263214513
14830 2.7790019370744945
15332 -9.313870380873722
15413 2.556395731286379
15418 2.1233123190494494
15421 5.389071729816501
15453 2.236335707452845
15551 2.3157359697544058
15570 2.7218435232345457
15587 2.5894543351888
15622 4.72756130804193
15650 2.130975191795019
15672 0.7275212103923018
15694 2.938066631704182
15771 0.023095714794649395
