237
491 3.1066893441399746
492 3.3609234825242154
607 2.5211728277723946
810 2.8396265588909295
1095 6.305362461690656
1316 5.612215281130711
1379 0.5370414658968836
1503 5.389071729816501
1923 2.211017899468555
1924 2.288979440938267
1925 4.00277736869661
2036 1.9486536350010641
2038 26.327221617673843
2271 0.6835662361444191
2328 2.9911764570181303
2357 1.1873686492739008
2376 11.224430562261421
2424 2.219386149139072
2433 6.775183459212753
2444 3.666305132075397
2513 1.8280256472124494
2583 5.612215281130711
2586 3.3096301881366648
2631 0.21292199724267172
2638 2.130975191795019
2646 4.22592092001082
2705 3.3315816979704644
2756 5.8998973535824915
2825 4.8012850649143815
2920 1.3590830570083334
2935 0.6320391945191633
2964 1.800870720168722
3143 2.219386149139072
3313 4.695924549256556
3329 1.981229805435677
3544 6.305362461690656
3647 2.1081605140288473
3700 1.2947271675944
3814 2.236335707452845
3991 2.8088549002241754
4029 11.616660320114002
4053 -0.5233205264637649
4118 4.8012850649143815
4162 4.919068100570765
4237 6.383694304960563
4270 3.5327737394508745
4281 4.695924549256556
4366 1.9878743481543455
4417 6.383694304960563
4425 2.498233312684696
4472 3.7026727762462723
4625 1.8452180477528222
4750 0.33155284982139466
4753 3.9074671888922854
4817 6.305362461690656
4878 1.3672978604292356
4899 3.0666840095262753
4920 6.305362461690656
4970 3.9492582428086496
5156 2.211017899468555
5189 4.433560284789064
5206 5.612215281130711
5209 5.612215281130711
5275 4.8012850649143815
5484 0.9464204733261844
5590 1.4533321977710387
5658 6.305362461690656
5711 7.887185369350739
5724 6.305362461690656
5980 3.8630154263214513
5999 7.529619817555384
6136 11.6579687767374
6156 1.8000126109847754
6205 2.955458374416051
6228 1.2947271675944
6250 3.5455259370747996
6433 0.5154022907934025
6460 4.8012850649143815
6548 2.0785287164224764
6553 3.8204558119026557
6557 12.59344816216217
6576 3.666305132075397
6583 1.7258895023377248
6595 2.4237986637472186
6660 2.7938170228596353
6675 2.5098732725184614
6721 2.383389125409342
6908 1.0061308387793944
6953 2.681021528714291
7083 6.305362461690656
7104 -3.980927499907753
7214 5.8998973535824915
7286 1.4112609838503516
7344 6.530134508914999
7424 3.3609234825242154
7482 1.8055527913603908
7537 6.305362461690656
7578 1.0430745587218369
7633 1.8745456628473423
7687 5.8998973535824915
7731 2.001297368486486
7796 4.8012850649143815
7813 1.0145733615634107
7842 2.37353682896633
7886 4.359452312635343
7887 2.973157951515452
7949 2.5441623459970937
8007 1.904759441443839
8032 0.5108256237659907
8096 1.4533321977710387
8129 3.9539872045271784
8142 2.9041650800285006
8199 3.009525595686327
8262 2.0712559570933964
8439 1.8763632159535035
8695 1.9550845253313545
8723 1.5262389685791264
8763 5.612215281130711
8816 1.7255100836868542
8850 1.7153059135126125
8894 5.8998973535824915
8928 1.3355491621146554
8987 2.211017899468555
9170 1.8348909686638688
9182 3.666305132075397
9204 15.059239635110767
9206 4.919068100570765
9384 1.3355491621146554
9391 2.735829765209286
9393 1.060973437168175
9701 4.359452312635343
9970 0.4837969513780714
9978 4.05407066308416
10233 3.4431615807611875
10258 1.8000126109847754
10294 2.70805020110221
10326 1.0461538510930224
10329 -0.4201813914191953
10422 1.4175881426832082
10437 1.3672978604292356
10473 1.7781538171722764
10723 4.513602992462601
10729 1.0196238773494795
10739 2.37353682896633
10749 1.1754637467675824
10753 2.7790019370744945
10825 2.0149030205422647
10849 29.38066631704182
10868 -0.18536107281185138
10998 4.8012850649143815
11000 9.201228738904462
11102 0.6652300141109108
11140 2.15432255579201
11168 1.2781978656431896
11263 4.695924549256556
11299 -1.0423655237318759
11304 2.410992067732915
11419 3.1273086313427103
11453 8.18232023448811
11584 4.433560284789064
11646 2.3541187431092285
11881 2.70805020110221
11887 3.3349479961209547
11905 6.569875151092587
11982 3.9074671888922854
12042 2.6418008155610093
12053 4.290459441148391
12054 7.640911623805311
12111 1.994563336305142
12189 13.540808977387801
12250 2.498699971920336
12303 3.666305132075397
12360 6.305362461690656
12508 2.262311193856106
12587 5.612215281130711
12674 1.5779746429783155
12783 1.8986432144264027
12790 3.0191438321878294
12793 2.87137525720551
12794 6.305362461690656
12820 3.3349479961209547
12826 1.2619373447714093
12853 5.760354335964385
12960 3.1918471524802814
12969 7.405345552492545
12992 2.3256808077886952
13045 3.773043707788116
13058 4.00277736869661
13152 4.600614369452231
13208 1.3115342859107813
13290 4.8012850649143815
13354 3.656051294424899
13438 2.555858385760285
13440 1.4770487243883548
13508 1.7255100836868542
13528 6.305362461690656
13599 4.290459441148391
13670 2.6164830075767194
13718 1.3425178314307487
13867 1.087712998210074
13891 2.4263701154319968
13926 3.260840023967233
13930 1.3601549729168554
14107 2.4237986637472186
14237 -2.09174504491248
14242 2.5326015235960173
14309 1.5137127087599462
14381 0.2288676653980985
14431 1.034930298632155
14519 3.086486636822455
14590 1.8337236683270872
14703 5.8998973535824915
14728 3.740413104229119
14906 0.4013639403639497
14979 5.8998973535824915
14998 3.5645224377654547
15079 3.666305132075397
15155 0.6904112007410705
15240 3.414990703794491
15332 -6.209246920582481
15358 2.579669034454003
15413 2.556395731286379
15453 2.236335707452845
15471 0.6940608398286201
15551 3.4736039546316086
15570 2.7218435232345457
15577 5.052599493195288
15578 1.7945029551738059
15587 1.2947271675944
15671 3.7796338173824005
15677 1.5779746429783155
15678 5.612215281130711
15709 2.1863252868781835
15735 2.938066631704182
15762 3.9074671888922854
15771 0.04619142958929879
15805 2.008077055471865
