329
20 5.8998973535824915
34 4.513602992462601
209 1.7001922757025645
463 4.919068100570765
502 2.5676928434072877
521 1.8986432144264027
810 2.8396265588909295
831 5.052599493195288
1060 0.24866762566620615
1122 3.1698682457615064
1204 6.9985096422506015
1220 5.8998973535824915
1334 6.9985096422506015
1336 6.305362461690656
1405 6.9985096422506015
1414 6.9985096422506015
1434 6.9985096422506015
1468 6.9985096422506015
1608 6.305362461690656
1628 6.305362461690656
1686 2.309930450438483
1691 4.108137884354437
1722 6.305362461690656
1723 6.9985096422506015
1750 1.1068654304248302
1778 5.612215281130711
1856 6.305362461690656
1899 6.305362461690656
1924 6.866938322814802
1929 4.216321028057695
1938 2.66777630196427
1957 3.6447198193535444
1977 2.6040604875781623
1986 2.4237986637472186
1991 6.305362461690656
2036 1.9486536350010641
2037 4.359452312635343
2051 10.67110520785708
2070 1.4730567031188173
2167 2.66777630196427
2225 4.359452312635343
2233 3.260840023967233
2269 1.8686109273275278
2271 0.34178311807220957
2291 3.5327737394508745
2357 1.1873686492739008
2370 6.9985096422506015
2381 6.9985096422506015
2443 4.00277736869661
2450 -3.0542844785180536
2513 1.8280256472124494
2639 2.6040604875781623
2674 1.0272478024601386
2701 2.7218435232345457
2881 5.206750173022546
2904 4.165296298194385
3062 5.679253117781859
3418 4.919068100570765
3449 0.9823524825522477
3506 1.6411310564000017
3520 2.87137525720551
3578 0.6015799870344548
3598 1.1666271649670843
3635 1.5779746429783155
3700 1.2947271675944
3715 30.033216088038735
3774 1.7255100836868542
3840 1.2980660688599148
3932 4.05407066308416
3965 6.9985096422506015
3974 3.3875917296063767
3981 3.3609234825242154
3991 2.8088549002241754
4016 7.814934377784571
4021 1.5054481989100525
4053 -0.07476007520910928
4156 3.086486636822455
4167 2.0712559570933964
4214 2.465910149097345
4226 3.3609234825242154
4230 2.0149030205422647
4245 3.597312260588446
4261 4.524622387712212
4265 3.5327737394508745
4266 5.389071729816501
4295 5.8419443966897635
4307 2.824122372354964
4309 2.681021528714291
4319 2.049749751872433
4401 4.695924549256556
4405 4.038061385945852
4416 1.3637200390813515
4425 1.249116656342348
4437 4.8067795842320225
4522 0.7810714429639324
4671 44.03055105566271
4672 10.778143459633002
4750 0.33155284982139466
4765 1.4150133334689021
4803 5.612215281130711
4863 12.16221198925248
4866 2.5211728277723946
4878 1.3672978604292356
4906 3.9074671888922854
5014 2.3541187431092285
5116 3.923114079673944
5119 4.786678912525019
5191 4.433560284789064
5208 5.135385686814575
5339 1.1784267118982394
5369 3.047265923669174
5418 4.00277736869661
5484 0.9464204733261844
5544 6.9985096422506015
5554 12.648963084173083
5573 3.3875917296063767
5590 1.4533321977710387
5630 0.11915383779016203
5641 4.359452312635343
5812 3.1698682457615064
5842 3.086486636822455
5852 2.4876501357337513
5861 2.750014400201242
5934 2.8876357780772897
5981 2.8553749158590684
5999 2.5098732725184614
6004 3.1066893441399746
6010 6.305362461690656
6043 1.5913378707904824
6047 6.019051191372654
6201 5.389071729816501
6228 1.2947271675944
6408 5.8998973535824915
6429 5.8998973535824915
6433 1.030804581586805
6447 2.576165249751463
6583 4.314723755844312
6588 9.83813620114153
6657 2.138697237888929
6696 4.513602992462601
6721 2.383389125409342
6776 1.942263836902293
6794 3.9074671888922854
6848 4.05407066308416
6908 0.33537694625979814
6999 5.612215281130711
7065 2.6040604875781623
7104 -1.3269758333025843
7272 17.699692060747473
7384 4.919068100570765
7534 1.242767428663689
7623 3.3349479961209547
7700 3.7026727762462723
7722 3.5327737394508745
7764 1.7052048175261088
7813 1.0145733615634107
7845 12.118993318736093
7886 4.359452312635343
7892 1.5517722705842913
7965 5.659565561682174
7968 6.094531847338348
7978 5.206750173022546
7981 4.085365169298681
7991 1.3149298749119196
8003 4.108137884354437
8005 4.165296298194385
8007 1.904759441443839
8030 6.383694304960563
8096 4.359996593313117
8117 6.669895992241909
8330 6.9985096422506015
8391 2.555858385760285
8444 1.7890234894091803
8514 2.008077055471865
8643 2.001297368486486
8667 3.8630154263214513
8672 2.8876357780772897
8710 2.204815118837552
8736 1.1933746733341126
8762 4.8012850649143815
8890 2.2800107709555064
8946 2.7218435232345457
8978 1.6140145794615122
8991 6.9985096422506015
9041 5.389071729816501
9069 3.260840023967233
9106 1.0850066366123312
9122 1.3744921360632627
9204 2.5098732725184614
9230 3.3096301881366648
9408 4.165296298194385
9422 3.8630154263214513
9537 0.6546292081242703
9538 4.8012850649143815
9554 1.271661894663404
9589 1.3115342859107813
9640 2.8088549002241754
9698 1.9878743481543455
9733 1.0850066366123312
9779 18.337236683270874
9860 6.305362461690656
9956 3.47214911763444
9970 1.4513908541342142
9979 2.3933394562625097
9986 2.0568672196412967
10029 4.847597327494437
10224 6.9985096422506015
10249 6.9985096422506015
10250 5.8419443966897635
10287 3.009525595686327
10326 0.5230769255465112
10329 -0.4201813914191953
10437 1.3672978604292356
10442 6.9985096422506015
10446 6.296724081081085
10473 1.7781538171722764
10538 4.8012850649143815
10561 1.6003469407328483
10729 1.0196238773494795
10798 6.305362461690656
10868 -0.18536107281185138
10895 4.290459441148391
11037 4.05407066308416
11089 2.309930450438483
11106 2.021775899830027
11110 0.8102455191680114
11134 5.612215281130711
11137 0.8870423027479227
11165 2.1863252868781835
11218 1.144042369585821
11287 2.0286963426746007
11299 -0.5211827618659379
11302 6.94429823526888
11305 2.0640357091199095
11339 4.00277736869661
11344 3.1483620405405426
11347 0.8373023205555247
11397 4.22592092001082
11418 3.597312260588446
11450 2.262311193856106
11481 1.6186122887101415
11520 3.1066893441399746
11524 3.0357414378172196
11526 29.554620616414596
11570 3.580124020002338
11591 2.7218435232345457
11752 6.9985096422506015
11760 6.9985096422506015
11790 2.2449194511442365
11825 2.9041650800285006
11840 1.6902419448493964
11881 5.41610040220442
11945 9.775422626656772
11972 6.42864001666468
12022 0.40409618250082274
12059 4.919068100570765
12064 3.3349479961209547
12066 3.7796338173824005
12075 2.938066631704182
12083 6.9985096422506015
12117 4.290459441148391
12229 4.695924549256556
12267 4.359452312635343
12404 5.940323584342476
12407 8.3519483821596
12457 3.2373095265570386
12708 1.5958322603783217
12717 1.7997441231461808
12790 1.5095719160939147
12805 1.8568460857479414
12853 2.304141734385754
12941 4.919068100570765
13045 1.886521853894058
13080 0.8123010183501074
13138 4.600614369452231
13365 10.004843988362865
13366 5.389071729816501
13384 4.113734439282593
13392 2.764403137653342
13412 2.5098732725184614
13414 12.610724923381312
13501 2.5211728277723946
13553 -4.815989879274497
13572 1.8745456628473423
13672 1.5262389685791264
13722 3.5327737394508745
13810 5.206750173022546
13815 6.305362461690656
13918 2.8396265588909295
14044 2.9223507504641293
14085 3.1698682457615064
14112 4.00277736869661
14136 1.4810567457858934
14237 -0.6972483483041599
14241 5.052599493195288
14267 -3.441324539821636
14304 6.9985096422506015
14352 0.9464204733261844
14381 0.2288676653980985
14422 2.1233123190494494
14493 3.3096301881366648
14553 4.359452312635343
14563 7.925402446683028
14572 5.052599493195288
14612 2.1863252868781835
14820 5.8998973535824915
14830 5.558003874148989
14901 2.5326015235960173
14906 3.2109115229115974
14991 6.305362461690656
15108 6.9985096422506015
15153 3.1483620405405426
15209 2.579669034454003
15241 1.7462362142039713
15259 2.6641659082763383
15278 2.465910149097345
15284 6.9985096422506015
15332 -10.866182111019342
15341 1.5919482501253577
15373 0.814360751313118
15413 2.556395731286379
15472 2.735829765209286
15481 6.9985096422506015
15501 4.513602992462601
15624 3.8630154263214513
15672 0.7275212103923018
15685 1.7432809162728324
15731 2.9911764570181303
15771 0.04619142958929879
