118
810 2.8396265588909295
1871 3.5645224377654547
2038 7.522063319335384
2302 3.009525595686327
2334 0.7939518796819108
2358 3.1273086313427103
2450 -1.2217137914072214
2513 1.8280256472124494
2793 6.9985096422506015
3057 2.236335707452845
3462 5.052599493195288
3635 1.5779746429783155
3700 1.2947271675944
3923 3.1273086313427103
3990 2.6290617897835795
3991 2.8088549002241754
4029 2.9041650800285006
4053 -0.22428022562732786
4070 1.1068654304248302
4222 2.3256808077886952
4341 2.6547042203969173
4366 1.9878743481543455
4425 1.249116656342348
4427 3.597312260588446
4472 3.7026727762462723
4612 4.05407066308416
4613 2.211017899468555
4630 6.9985096422506015
4695 2.87137525720551
4750 0.33155284982139466
4970 1.9746291214043248
4989 1.3355491621146554
5243 3.6312138122641273
5339 1.1784267118982394
5715 3.502002080784121
5905 1.7835738846416156
6043 1.5913378707904824
6064 2.138697237888929
6151 1.4075226617397445
6219 2.298029276458185
6462 6.9985096422506015
6590 3.8204558119026557
6677 6.9985096422506015
6754 1.2024518914852294
6908 0.33537694625979814
7104 -1.3269758333025843
7286 1.4112609838503516
7401 1.886521853894058
7403 6.9985096422506015
7410 5.206750173022546
7421 3.2373095265570386
7578 0.5215372793609184
7603 6.9985096422506015
7969 3.5327737394508745
8032 0.5108256237659907
8090 2.236335707452845
8142 2.9041650800285006
8268 4.433560284789064
8337 1.9550845253313545
8401 3.8204558119026557
8439 0.4690908039883759
8615 2.6944445490464313
8642 6.9985096422506015
8723 1.5262389685791264
8766 6.9985096422506015
8979 1.7890234894091803
9115 3.047265923669174
9204 5.019746545036923
9329 6.9985096422506015
9454 3.1698682457615064
9480 4.513602992462601
9546 6.9985096422506015
9984 6.9985096422506015
9990 0.5671785603171224
10146 4.05407066308416
10196 2.5211728277723946
10326 0.5230769255465112
10329 -0.4201813914191953
10447 0.6099482367049713
10556 3.9539872045271784
10729 2.039247754698959
10771 5.052599493195288
10935 6.9985096422506015
11116 1.9109133070182172
11218 0.5720211847929105
11299 -2.6059138093296896
11304 1.2054960338664575
11347 0.8373023205555247
11400 3.5327737394508745
11481 1.6186122887101415
11524 1.5178707189086098
11570 1.1933746733341126
11704 3.1483620405405426
11717 2.938066631704182
11900 2.049749751872433
12054 3.8204558119026557
12111 1.994563336305142
12992 2.3256808077886952
13058 4.00277736869661
13080 0.8123010183501074
13412 2.5098732725184614
13471 2.6040604875781623
13546 6.9985096422506015
13718 2.6850356628614973
13926 3.260840023967233
14174 1.7945029551738059
14237 -2.09174504491248
14381 0.2288676653980985
14493 3.3096301881366648
14518 4.513602992462601
14686 3.414990703794491
15358 2.579669034454003
15363 2.555858385760285
15461 4.290459441148391
15551 1.1578679848772029
15553 3.3096301881366648
15709 4.372650573756367
15771 0.023095714794649395
