271
194 2.3099959159782544
209 1.7001922757025645
254 2.498699971920336
466 7.640911623805311
469 4.8012850649143815
619 3.666305132075397
810 2.8396265588909295
842 4.433560284789064
978 2.298029276458185
1013 2.6547042203969173
1060 0.06216690641655154
1062 2.591790394986348
1298 6.9985096422506015
1503 5.389071729816501
1509 6.305362461690656
1548 6.9985096422506015
1631 6.9985096422506015
1686 1.1549652252192415
1690 4.910429719961194
1750 2.2137308608496604
1884 1.9486536350010641
1922 1.6952047341915255
1924 4.577958881876534
1925 4.00277736869661
2036 1.9486536350010641
2038 28.20773744750769
2271 0.6835662361444191
2334 3.969759398409554
2357 1.1873686492739008
2432 4.108137884354437
2450 -3.665141374221664
2513 1.8280256472124494
2597 2.1157077196642304
2599 5.389071729816501
2645 2.591790394986348
2685 5.8998973535824915
2825 4.8012850649143815
2862 1.4690805547391779
2893 2.5098732725184614
2920 0.6795415285041667
2924 2.0286963426746007
2935 1.2640783890383267
2964 1.800870720168722
3136 5.8998973535824915
3168 2.824122372354964
3192 1.0095482253607377
3240 3.5645224377654547
3460 6.9985096422506015
3598 1.1666271649670843
3609 4.290459441148391
3690 1.4972514317058743
3982 1.0769312226067855
3985 2.5098732725184614
3991 2.8088549002241754
3995 3.50297114018023
4026 2.8876357780772897
4029 11.616660320114002
4053 -0.22428022562732786
4170 4.22592092001082
4214 2.465910149097345
4224 12.610724923381312
4309 2.681021528714291
4358 3.5645224377654547
4425 2.498233312684696
4522 0.2603571476546441
4695 5.74275051441102
4750 0.6631056996427893
4753 3.9074671888922854
4878 2.7345957208584712
4886 3.009525595686327
4914 2.8679784698558155
4963 2.3933394562625097
4970 5.923887364212974
5033 2.1233123190494494
5156 2.211017899468555
5159 6.9985096422506015
5161 3.047265923669174
5174 3.740413104229119
5243 3.6312138122641273
5254 6.305362461690656
5312 2.8553749158590684
5533 3.7026727762462723
5575 6.9985096422506015
5615 2.049749751872433
5657 6.305362461690656
5700 3.1483620405405426
5711 5.258123579567159
5736 2.8088549002241754
5905 1.7835738846416156
5955 2.434161450782765
5999 2.5098732725184614
6015 3.1918471524802814
6049 2.035665011990694
6085 5.389071729816501
6088 1.2146844599208637
6136 16.029707068013924
6151 4.222567985219234
6156 1.8000126109847754
6165 3.3096301881366648
6205 2.955458374416051
6216 2.3933394562625097
6337 3.2373095265570386
6431 6.9985096422506015
6433 0.5154022907934025
6460 4.8012850649143815
6557 3.1483620405405426
6560 6.305362461690656
6583 1.7258895023377248
6595 2.4237986637472186
6721 2.383389125409342
6819 1.7153059135126125
6901 6.9985096422506015
6908 0.33537694625979814
7056 6.9985096422506015
7104 -4.644415416559045
7170 1.6186122887101415
7214 5.8998973535824915
7269 5.052599493195288
7286 1.4112609838503516
7299 5.710749831718137
7578 4.172298234887347
7591 2.0426825846493406
7597 6.5589758606345505
7633 1.8745456628473423
7692 2.2449194511442365
7796 4.8012850649143815
7813 1.0145733615634107
7842 7.12061048689899
7887 2.973157951515452
7906 1.4339892349279078
7917 3.414990703794491
8096 2.9066643955420775
8129 3.9539872045271784
8167 3.6312138122641273
8199 3.009525595686327
8256 1.6803896484063847
8262 2.0712559570933964
8307 4.433560284789064
8323 3.1698682457615064
8337 1.9550845253313545
8354 5.8998973535824915
8439 1.4072724119651276
8492 11.224430562261421
8511 6.9985096422506015
8683 1.6803896484063847
8723 1.5262389685791264
8725 6.305362461690656
8731 2.0286963426746007
8736 1.1933746733341126
8769 8.867120569578129
8816 1.7255100836868542
8850 1.7153059135126125
8894 5.8998973535824915
8904 2.1863252868781835
8958 6.9985096422506015
8987 2.211017899468555
9108 4.359452312635343
9122 1.3744921360632627
9151 3.7761501902141013
9170 0.6116303228879563
9204 10.039493090073845
9384 2.6710983242293107
9391 2.735829765209286
9393 1.060973437168175
9406 10.105198986390576
9504 3.5327737394508745
9913 5.612215281130711
9970 0.4837969513780714
9978 4.05407066308416
10055 3.009525595686327
10192 6.305362461690656
10326 2.092307702186045
10475 5.206750173022546
10482 3.666305132075397
10561 1.6003469407328483
10648 5.612215281130711
10729 2.039247754698959
10748 3.5327737394508745
10765 4.513602992462601
10770 2.4876501357337513
10774 9.027205984925201
10849 35.256799580450185
10856 4.433560284789064
10936 7.814934377784571
10979 3.1066893441399746
11000 4.600614369452231
11032 2.175425996420148
11060 5.8998973535824915
11090 6.9985096422506015
11110 0.8102455191680114
11299 -2.6059138093296896
11304 2.410992067732915
11347 2.511906961666574
11386 2.1157077196642304
11436 5.8998973535824915
11453 6.818600195406757
11503 2.8876357780772897
11524 1.5178707189086098
11704 3.1483620405405426
11769 1.6466515087745348
11774 3.0282177286984795
11828 2.955458374416051
11857 6.9985096422506015
11900 2.049749751872433
11952 1.5958322603783217
12042 5.283601631122019
12054 15.281823247610623
12078 1.3637200390813515
12111 1.994563336305142
12137 2.498699971920336
12168 5.8998973535824915
12189 4.513602992462601
12241 2.579669034454003
12243 6.305362461690656
12250 2.498699971920336
12303 3.666305132075397
12435 3.8204558119026557
12455 -0.2152586658680402
12674 1.5779746429783155
12707 2.2278250177849364
12717 0.5999147077153936
12784 6.9985096422506015
12790 3.0191438321878294
12823 1.034930298632155
12826 1.2619373447714093
12992 2.3256808077886952
12997 3.502002080784121
13029 1.6609715625492831
13045 1.886521853894058
13108 2.2800107709555064
13152 4.600614369452231
13191 4.513602992462601
13222 3.414990703794491
13354 1.8280256472124494
13440 2.9540974487767095
13443 3.502002080784121
13505 3.0666840095262753
13527 2.049749751872433
13553 -0.37046075994419203
13565 1.9878743481543455
13681 2.498699971920336
13718 1.3425178314307487
13750 2.162227735299123
13891 3.032962644289996
13926 3.260840023967233
13930 1.3601549729168554
13981 6.305362461690656
14078 2.5098732725184614
14107 2.4237986637472186
14208 1.1873686492739008
14237 -6.275235134737439
14267 -0.7647387866270302
14381 0.2288676653980985
14463 1.67063347346102
14703 5.8998973535824915
14906 0.4013639403639497
14933 3.7026727762462723
15116 3.8630154263214513
15155 0.6904112007410705
15209 2.579669034454003
15285 5.8998973535824915
15332 -1.5523117301456202
15338 4.290459441148391
15403 4.165296298194385
15413 1.2781978656431896
15456 3.1273086313427103
15551 6.947207909263217
15587 2.5894543351888
15677 1.5779746429783155
15728 3.009525595686327
15806 6.9985096422506015
