493
194 0.7699986386594181
254 2.498699971920336
302 1.7153059135126125
332 4.433560284789064
592 2.4446327506500602
800 2.434161450782765
837 4.919068100570765
899 4.22592092001082
1060 0.3108345320827577
1061 12.610724923381312
1094 2.335070548138534
1114 3.9074671888922854
1140 4.165296298194385
1191 5.052599493195288
1234 6.305362461690656
1301 5.612215281130711
1319 5.389071729816501
1356 2.363780654020965
1379 0.5370414658968836
1404 2.7417770571199283
1420 5.389071729816501
1536 6.305362461690656
1543 5.206750173022546
1549 4.8012850649143815
1568 6.9985096422506015
1675 6.305362461690656
1686 3.4648956756577247
1687 4.827084327160058
1690 2.455214859980597
1726 6.305362461690656
1748 4.359452312635343
1750 2.2137308608496604
1755 3.47214911763444
1784 5.612215281130711
1884 1.9486536350010641
1909 2.8876357780772897
1986 2.4237986637472186
2026 2.681021528714291
2028 4.433560284789064
2036 5.845960905003192
2049 2.37353682896633
2070 1.4730567031188173
2224 3.962459610871354
2229 5.389071729816501
2240 3.31235078057158
2334 0.7939518796819108
2351 1.5647876386963615
2357 1.1873686492739008
2360 5.206750173022546
2380 3.7796338173824005
2421 4.629565580678699
2424 6.6581584474172155
2442 2.7938170228596353
2450 -3.665141374221664
2513 3.656051294424899
2519 6.7609677793975855
2536 5.350721653924847
2624 4.695924549256556
2631 0.42584399448534344
2638 4.261950383590038
2783 4.600614369452231
2853 3.414990703794491
2893 2.5098732725184614
2914 3.4431615807611875
2920 0.6795415285041667
2935 2.5281567780766534
2959 11.873686492739008
2964 0.900435360084361
2968 3.4431615807611875
2997 3.047265923669174
3046 2.9911764570181303
3048 2.5098732725184614
3051 4.919068100570765
3052 3.2373095265570386
3065 8.580918882296782
3102 5.8998973535824915
3108 4.108137884354437
3120 1.6048820958982397
3143 2.219386149139072
3165 3.7796338173824005
3248 6.9985096422506015
3249 2.750014400201242
3315 5.206750173022546
3329 3.962459610871354
3380 2.3541187431092285
3386 2.6290617897835795
3392 6.60815728996158
3394 3.047265923669174
3407 2.085854756514549
3449 7.858819860417982
3457 5.8998973535824915
3461 3.3609234825242154
3497 5.612215281130711
3578 1.2031599740689096
3597 2.8876357780772897
3614 1.4378280112350734
3631 4.05407066308416
3635 4.733923928934947
3690 2.9945028634117485
3700 1.2947271675944
3737 1.8055527913603908
3759 4.8067795842320225
3774 3.4510201673737084
3780 2.465910149097345
3814 2.236335707452845
3824 4.00277736869661
3825 6.721846965048431
3827 6.569875151092587
3840 1.2980660688599148
3896 2.807596525297524
3982 1.0769312226067855
3995 3.50297114018023
4006 7.964112661190752
4047 3.8630154263214513
4050 4.919068100570765
4053 -0.07476007520910928
4076 3.4431615807611875
4082 3.9074671888922854
4086 4.22592092001082
4167 4.142511914186793
4208 1.5220460903190904
4214 2.465910149097345
4215 5.389071729816501
4232 2.3256808077886952
4262 6.339736491523013
4277 3.7026727762462723
4353 6.305362461690656
4381 2.0149030205422647
4405 1.3460204619819507
4416 1.3637200390813515
4429 4.05407066308416
4508 4.108137884354437
4512 15.620250519067639
4522 1.0414285906185765
4529 4.22592092001082
4537 2.039247754698959
4553 5.8998973535824915
4558 5.8998973535824915
4625 3.6904360955056443
4646 13.080276491292695
4765 1.4150133334689021
4818 11.461367435707967
4878 1.3672978604292356
4882 4.261950383590038
4909 1.4690805547391779
4910 5.8998973535824915
4918 5.052599493195288
4956 2.413542163580029
4964 1.6918893703894442
4967 5.389071729816501
4970 9.873145607021623
4976 2.288979440938267
5043 3.502002080784121
5067 2.2278250177849364
5151 2.555858385760285
5156 2.211017899468555
5224 4.600614369452231
5293 6.886323161522375
5312 2.8553749158590684
5316 2.236335707452845
5318 3.1066893441399746
5338 6.9985096422506015
5388 3.47214911763444
5402 4.919068100570765
5439 3.7796338173824005
5449 5.8998973535824915
5484 1.8928409466523688
5517 3.2464624691328723
5518 1.5868635903955612
5540 3.1698682457615064
5545 5.8998973535824915
5550 3.666305132075397
5620 3.8204558119026557
5630 0.3574615133704861
5635 2.20271909665386
5668 2.955458374416051
5730 4.108137884354437
5770 3.4431615807611875
5797 6.305362461690656
5813 4.600614369452231
5830 4.05407066308416
5864 8.580918882296782
5872 2.5441623459970937
5874 2.579669034454003
5900 2.8553749158590684
5901 2.455214859980597
5973 1.4770487243883548
6016 4.359452312635343
6079 3.502002080784121
6106 4.919068100570765
6140 2.211017899468555
6151 2.815045323479489
6164 7.887185369350739
6169 2.4033897921160112
6216 2.3933394562625097
6250 3.5455259370747996
6288 4.600614369452231
6307 6.474619053114077
6309 5.612215281130711
6315 8.867120569578129
6337 3.2373095265570386
6400 4.919068100570765
6402 1.4112609838503516
6433 3.6078160355538174
6447 1.2880826248757316
6525 3.1483620405405426
6567 2.579669034454003
6583 3.4517790046754495
6595 4.847597327494437
6628 3.1918471524802814
6643 10.413500346045092
6647 5.206750173022546
6660 8.381451068578906
6692 3.7026727762462723
6721 4.766778250818684
6751 2.5441623459970937
6754 1.2024518914852294
6819 1.7153059135126125
6908 0.6707538925195963
6913 6.305362461690656
6933 6.305362461690656
6936 5.8998973535824915
6989 4.600614369452231
7104 -1.3269758333025843
7152 3.8204558119026557
7177 4.22592092001082
7299 8.566124747577206
7333 4.8012850649143815
7348 4.600614369452231
7424 3.3609234825242154
7437 11.224430562261421
7459 4.388977195034689
7482 1.8055527913603908
7487 1.8167260919585162
7534 1.242767428663689
7552 1.9486536350010641
7569 1.0170954309961207
7578 0.5215372793609184
7591 2.0426825846493406
7605 5.389071729816501
7614 2.5676928434072877
7633 3.7490913256946845
7692 2.2449194511442365
7764 1.7052048175261088
7767 3.414990703794491
7777 6.305362461690656
7813 1.0145733615634107
7892 1.5517722705842913
7906 2.8679784698558155
7932 5.623636988542026
7949 5.088324691994187
8003 4.108137884354437
8007 1.904759441443839
8013 5.206750173022546
8096 1.4533321977710387
8262 4.142511914186793
8391 2.555858385760285
8429 4.359452312635343
8439 0.9381816079767518
8523 7.981958992748769
8648 2.434161450782765
8660 1.675499663112193
8710 3.3072226782563283
8723 1.5262389685791264
8736 2.3867493466682252
8788 2.146479378330984
8880 3.34126694692204
8890 2.2800107709555064
8928 1.3355491621146554
8946 2.7218435232345457
8964 4.600614369452231
8977 2.6290617897835795
8979 1.7890234894091803
8985 4.8012850649143815
9006 8.216275768708874
9110 2.035665011990694
9122 1.3744921360632627
9170 1.8348909686638688
9353 7.430163195604683
9365 1.4972514317058743
9377 4.8012850649143815
9527 6.305362461690656
9531 1.67063347346102
9537 3.2731460406213513
9559 -1.8303767648094262
9560 5.052599493195288
9561 5.206750173022546
9589 2.6230685718215625
9674 3.6312138122641273
9697 6.9985096422506015
9698 5.963623044463036
9709 1.082307579643166
9817 1.3183370332335338
9893 4.108137884354437
9970 0.9675939027561428
10006 2.6944445490464313
10012 4.290459441148391
10015 3.5645224377654547
10044 5.052599493195288
10076 2.750014400201242
10114 1.3014161557451966
10118 5.8998973535824915
10196 2.5211728277723946
10256 4.8012850649143815
10258 1.8000126109847754
10283 5.8998973535824915
10325 1.8925641683500207
10326 0.5230769255465112
10422 0.7087940713416041
10447 9.759171787279541
10464 4.695924549256556
10500 3.666305132075397
10556 3.9539872045271784
10561 1.6003469407328483
10601 3.740413104229119
10709 3.666305132075397
10742 16.101211404682623
10749 1.1754637467675824
10751 1.5879037593638217
10825 2.0149030205422647
10868 -2.0389718009303652
10889 3.086486636822455
10891 17.699692060747473
10993 4.22592092001082
11032 1.087712998210074
11089 1.1549652252192415
11102 6.652300141109108
11115 4.600614369452231
11158 5.389071729816501
11168 2.556395731286379
11218 1.7160635543787315
11219 5.8998973535824915
11255 5.389071729816501
11299 -2.0847310474637517
11331 4.290459441148391
11334 1.994563336305142
11388 4.22592092001082
11416 2.1782280766455644
11426 3.8630154263214513
11453 8.18232023448811
11481 3.237224577420283
11496 6.9985096422506015
11499 4.513602992462601
11524 1.5178707189086098
11576 3.3096301881366648
11625 1.457246097092175
11677 6.902040334747417
11790 2.2449194511442365
11833 6.305362461690656
11881 5.41610040220442
11907 2.434161450782765
11929 4.600614369452231
11943 2.455214859980597
11945 1.9550845253313545
11950 4.433560284789064
11952 1.5958322603783217
11969 2.274701391239495
12022 0.40409618250082274
12033 5.042345655544789
12039 5.8998973535824915
12062 3.47214911763444
12111 1.994563336305142
12145 3.1918471524802814
12210 6.339736491523013
12245 8.580918882296782
12246 4.290459441148391
12250 2.498699971920336
12263 2.579669034454003
12298 5.206750173022546
12332 5.612215281130711
12377 5.384081847927803
12380 3.2849375755462935
12383 1.2523064517104479
12391 3.1918471524802814
12455 -0.2152586658680402
12457 6.474619053114077
12486 5.389071729816501
12508 6.786933581568317
12513 3.740413104229119
12542 5.8998973535824915
12717 1.7997441231461808
12723 2.288979440938267
12736 3.414990703794491
12783 1.8986432144264027
12796 2.9209721983448818
12803 5.454880156325406
12805 3.713692171495883
12833 0.9630282097258448
12853 2.304141734385754
12885 5.8998973535824915
12904 3.4431615807611875
12941 4.919068100570765
12972 5.710749831718137
12978 2.383389125409342
12991 3.1066893441399746
13001 1.4730567031188173
13021 3.6312138122641273
13045 1.886521853894058
13106 2.335070548138534
13189 1.8745456628473423
13191 4.513602992462601
13209 3.6312138122641273
13216 3.6312138122641273
13227 3.666305132075397
13272 2.7790019370744945
13317 4.290459441148391
13346 2.9041650800285006
13357 3.3875917296063767
13401 4.93182029819469
13403 3.502002080784121
13412 2.5098732725184614
13456 5.206750173022546
13460 2.955458374416051
13479 3.7796338173824005
13501 2.5211728277723946
13505 3.0666840095262753
13508 1.7255100836868542
13553 -4.445529119330304
13559 3.5645224377654547
13565 7.951497392617382
13572 5.623636988542026
13613 1.8111238364098463
13637 4.108137884354437
13661 3.7026727762462723
13683 3.0666840095262753
13715 8.10814132616832
13718 8.055106988584491
13734 3.884527673804586
13775 6.569875151092587
13825 5.443687046469091
13838 2.3163784151263815
13867 1.087712998210074
13891 3.639555173147995
13906 4.108137884354437
13951 4.22592092001082
13965 4.359452312635343
13975 6.305362461690656
13993 6.721846965048431
14044 1.4611753752320646
14063 24.016664212179663
14107 7.271395991241656
14136 8.886340474715361
14153 2.4876501357337513
14195 1.7781538171722764
14237 -4.88073843812912
14267 -1.9118469665675755
14309 7.568563543799732
14352 2.8392614199785533
14381 0.457735330796197
14416 1.5479024259504828
14453 3.414990703794491
14461 3.740413104229119
14470 3.7796338173824005
14484 4.290459441148391
14490 3.3096301881366648
14507 3.7020303308742966
14546 2.8876357780772897
14571 3.2373095265570386
14588 2.0785287164224764
14633 2.6547042203969173
14682 3.0863770537857995
14789 3.7026727762462723
14901 2.5326015235960173
14906 0.4013639403639497
14933 3.7026727762462723
14978 4.513602992462601
15020 3.086486636822455
15098 4.919068100570765
15123 5.389071729816501
15155 0.6904112007410705
15192 2.978242611245248
15241 1.7462362142039713
15292 2.211017899468555
15306 0.7199882180847567
15323 5.389071729816501
15332 -23.2846759521843
15358 2.579669034454003
15363 2.555858385760285
15370 4.290459441148391
15435 8.250043200603727
15468 1.1549652252192415
15551 1.1578679848772029
15578 1.7945029551738059
15600 9.02857678705898
15604 2.1233123190494494
15651 1.1377234187847354
15671 3.7796338173824005
15685 0.8716404581364162
15771 0.023095714794649395
15814 2.262311193856106
15827 13.37639314912752
15828 3.2794433825880924
15862 3.9074671888922854
