86
730 2.298029276458185
1336 6.305362461690656
1379 0.5370414658968836
1404 1.3708885285599641
1686 2.309930450438483
1750 1.1068654304248302
1923 2.211017899468555
1924 2.288979440938267
1957 3.6447198193535444
2038 1.880515829833846
2271 0.34178311807220957
3055 9.201228738904462
3506 1.6411310564000017
3520 2.87137525720551
3700 2.5894543351888
4026 2.8876357780772897
4425 2.498233312684696
4514 5.8998973535824915
4537 2.039247754698959
4671 4.00277736869661
4765 2.8300266669378042
4906 3.9074671888922854
4912 1.9296054400303697
4976 2.288979440938267
5067 2.2278250177849364
5369 3.047265923669174
5484 0.9464204733261844
5573 3.3875917296063767
5839 2.579669034454003
6068 3.1273086313427103
6376 3.0666840095262753
6583 0.8629447511688624
6776 1.942263836902293
6787 2.288979440938267
6794 7.814934377784571
6877 5.612215281130711
7028 2.764403137653342
7064 5.612215281130711
7104 -1.3269758333025843
7164 4.290459441148391
7534 2.485534857327378
7817 3.9074671888922854
7965 1.886521853894058
8016 6.9985096422506015
8418 5.206750173022546
9122 1.3744921360632627
9898 5.8998973535824915
9970 0.4837969513780714
10473 1.7781538171722764
10729 1.0196238773494795
11137 5.322253816487536
11218 1.144042369585821
11258 4.00277736869661
11299 -0.5211827618659379
11302 6.94429823526888
11397 4.22592092001082
11526 9.851540205471533
11570 1.1933746733341126
11591 2.7218435232345457
11671 2.2535775138873513
11945 9.775422626656772
11952 3.1916645207566434
12022 0.40409618250082274
12404 7.425404480428095
12407 0.83519483821596
12569 5.612215281130711
12717 1.1998294154307871
12790 1.5095719160939147
12826 3.785812034314228
13001 1.4730567031188173
13005 3.8630154263214513
13471 5.208120975156325
13553 -1.4818430397767681
13918 2.8396265588909295
14104 3.420485223112132
14352 0.9464204733261844
14357 2.476721065201561
14431 1.034930298632155
14906 1.204091821091849
15153 3.1483620405405426
15259 1.3320829541381691
15278 2.465910149097345
15332 -4.656935190436861
15484 2.9911764570181303
15708 2.9911764570181303
15771 0.023095714794649395
