677
125 6.305362461690656
170 3.7796338173824005
194 0.7699986386594181
209 3.400384551405129
241 1.6902419448493964
254 2.498699971920336
302 1.7153059135126125
356 2.591790394986348
378 4.8012850649143815
401 3.1698682457615064
437 6.305362461690656
472 5.612215281130711
473 3.1273086313427103
496 4.560021541911013
498 3.3349479961209547
550 6.9985096422506015
646 2.219386149139072
657 2.0640357091199095
680 4.433560284789064
744 6.775183459212753
787 2.035665011990694
800 2.434161450782765
813 6.305362461690656
899 4.22592092001082
935 7.480826208458238
985 6.305362461690656
1060 1.2433381283310307
1118 4.8012850649143815
1164 6.9985096422506015
1206 6.9985096422506015
1264 6.305362461690656
1390 3.260840023967233
1533 4.108137884354437
1551 6.305362461690656
1602 6.9985096422506015
1625 6.9985096422506015
1686 3.4648956756577247
1687 2.413542163580029
1690 2.455214859980597
1750 3.320596291274491
1770 4.919068100570765
1825 5.8998973535824915
1830 3.1066893441399746
1850 3.0666840095262753
1865 4.8012850649143815
1885 3.009525595686327
1887 5.8998973535824915
1889 3.414990703794491
1899 6.305362461690656
1909 5.775271556154579
1914 5.206750173022546
1922 1.6952047341915255
1929 2.1081605140288473
1942 1.691553895092994
1968 4.165296298194385
1981 6.305362461690656
1985 5.206750173022546
2009 12.067710817900146
2036 1.9486536350010641
2038 1.880515829833846
2051 2.66777630196427
2067 6.9985096422506015
2070 1.4730567031188173
2103 17.11242925455042
2114 6.9985096422506015
2146 6.9985096422506015
2164 5.612215281130711
2189 11.224430562261421
2191 6.17297327364491
2218 3.740413104229119
2223 11.224430562261421
2224 3.962459610871354
2225 4.359452312635343
2240 1.65617539028579
2247 2.219386149139072
2269 7.474443709310111
2271 1.3671324722888383
2308 5.8998973535824915
2309 3.7796338173824005
2328 2.9911764570181303
2332 5.612215281130711
2334 3.1758075187276433
2351 1.5647876386963615
2357 1.1873686492739008
2363 6.305362461690656
2391 10.413500346045092
2408 6.9985096422506015
2414 4.8012850649143815
2421 1.5431885268928998
2437 4.108137884354437
2450 -6.108568957036107
2452 8.712912306582258
2454 5.8998973535824915
2456 6.9985096422506015
2457 17.699692060747473
2458 21.62227735299123
2459 8.814199895112546
2468 6.9985096422506015
2484 1.3149298749119196
2513 9.140128236062248
2538 2.84512107820857
2585 3.9074671888922854
2603 3.3609234825242154
2617 6.9985096422506015
2631 0.6387659917280152
2649 6.9985096422506015
2656 6.9985096422506015
2666 6.305362461690656
2674 1.0272478024601386
2705 3.3315816979704644
2714 5.612215281130711
2718 6.9985096422506015
2719 6.9985096422506015
2829 2.8088549002241754
2837 3.086486636822455
2842 6.9985096422506015
2862 2.9381611094783557
2900 6.9985096422506015
2902 6.9985096422506015
2919 4.388977195034689
2920 0.6795415285041667
2924 4.0573926853492015
2929 6.9985096422506015
2935 3.1601959725958166
2940 1.6278716141229383
2963 12.16221198925248
3009 6.9985096422506015
3052 3.2373095265570386
3065 4.290459441148391
3068 40.38061385945852
3094 4.00277736869661
3100 2.7938170228596353
3157 4.919068100570765
3174 6.305362461690656
3205 6.254617262685421
3215 2.949904255955515
3249 11.000057600804968
3279 4.600614369452231
3314 5.206750173022546
3342 5.389071729816501
3379 3.1918471524802814
3380 2.3541187431092285
3382 4.433560284789064
3404 2.465910149097345
3407 2.085854756514549
3408 6.305362461690656
3454 3.47214911763444
3470 6.9985096422506015
3515 6.9985096422506015
3578 2.4063199481378192
3597 5.775271556154579
3619 6.305362461690656
3631 4.05407066308416
3635 3.155949285956631
3709 2.9041650800285006
3774 15.529590753181688
3780 2.465910149097345
3807 4.6513616155773905
3820 1.7890234894091803
3825 3.3609234825242154
3852 5.389071729816501
3861 4.8012850649143815
3896 1.403798262648762
3901 2.363780654020965
3923 3.1273086313427103
3946 6.829981407588982
3952 6.305362461690656
3995 1.751485570090115
3999 6.305362461690656
4008 3.21432000833234
4016 7.814934377784571
4021 1.5054481989100525
4033 5.389071729816501
4070 1.1068654304248302
4148 6.9985096422506015
4158 0.09180132134615113
4208 1.5220460903190904
4241 2.4033897921160112
4243 5.612215281130711
4270 3.5327737394508745
4283 4.8012850649143815
4285 9.83813620114153
4360 6.305362461690656
4383 6.9985096422506015
4385 3.1273086313427103
4416 5.454880156325406
4427 3.597312260588446
4448 4.695924549256556
4480 6.9985096422506015
4481 2.146479378330984
4519 4.433560284789064
4522 0.5207142953092883
4537 1.0196238773494795
4682 4.433560284789064
4696 5.389071729816501
4711 1.9296054400303697
4720 6.9985096422506015
4749 5.8998973535824915
4750 0.33155284982139466
4769 57.636283702257835
4783 4.356456153291129
4791 5.389071729816501
4796 5.8998973535824915
4818 3.8204558119026557
4852 1.258716730071367
4882 2.130975191795019
4897 5.8998973535824915
4899 9.200052028578826
4947 3.414990703794491
4956 2.413542163580029
4957 6.9985096422506015
4963 2.3933394562625097
4976 2.288979440938267
5013 4.8012850649143815
5017 29.347560215705098
5022 4.22592092001082
5040 1.4378280112350734
5083 1.5735596247691985
5116 1.961557039836972
5151 2.555858385760285
5154 7.333898251950181
5188 5.612215281130711
5200 3.3096301881366648
5208 2.5676928434072877
5218 6.9985096422506015
5232 3.3096301881366648
5243 3.6312138122641273
5249 6.6192603762733295
5328 12.610724923381312
5392 4.261950383590038
5419 3.8630154263214513
5431 4.22592092001082
5484 1.8928409466523688
5488 4.05407066308416
5489 4.359452312635343
5517 1.6232312345664361
5518 3.1737271807911225
5539 3.430611827025225
5563 3.1066893441399746
5570 3.6312138122641273
5581 3.0666840095262753
5587 5.065203047192035
5636 2.973157951515452
5668 2.955458374416051
5678 9.391849098513111
5696 17.699692060747473
5713 4.359452312635343
5721 4.22592092001082
5731 5.775271556154579
5732 6.305362461690656
5746 5.8998973535824915
5834 1.65617539028579
5847 5.8998973535824915
5848 4.108137884354437
5874 2.579669034454003
5889 2.4033897921160112
5901 2.455214859980597
5902 4.05407066308416
5905 3.567147769283231
5983 1.9878743481543455
5990 2.938066631704182
6043 3.182675741580965
6060 3.7796338173824005
6074 4.513602992462601
6088 1.2146844599208637
6112 5.052599493195288
6130 3.0666840095262753
6136 4.371738291276525
6140 2.211017899468555
6218 4.00277736869661
6235 1.2270685191205855
6238 9.027205984925201
6251 6.9985096422506015
6282 4.919068100570765
6319 5.8998973535824915
6373 5.8998973535824915
6402 2.822521967700703
6410 6.9985096422506015
6433 0.5154022907934025
6467 9.014310055549405
6476 9.201228738904462
6504 6.9985096422506015
6548 2.0785287164224764
6594 6.9985096422506015
6601 6.9985096422506015
6649 6.305362461690656
6718 7.907974409054357
6772 6.9985096422506015
6841 5.389071729816501
6853 6.521680047934466
6908 3.3537694625979815
6921 5.8998973535824915
6930 5.206750173022546
6970 6.5589758606345505
7005 5.612215281130711
7019 2.130975191795019
7025 1.0095482253607377
7044 7.522063319335384
7076 4.86832290156553
7104 -6.634879166512921
7111 6.9985096422506015
7210 1.8568460857479414
7223 6.9985096422506015
7228 4.359452312635343
7286 1.4112609838503516
7295 3.7026727762462723
7299 2.8553749158590684
7310 4.513602992462601
7312 2.3163784151263815
7316 3.1273086313427103
7325 5.617709800448351
7397 5.74275051441102
7401 5.659565561682174
7411 4.8012850649143815
7459 2.1944885975173447
7489 4.108137884354437
7491 6.305362461690656
7497 2.8056012892666633
7522 6.9985096422506015
7552 1.9486536350010641
7578 0.5215372793609184
7628 4.513602992462601
7633 1.8745456628473423
7692 4.489838902288473
7693 4.600614369452231
7734 3.3096301881366648
7742 5.389071729816501
7758 5.389071729816501
7768 3.3096301881366648
7813 1.0145733615634107
7823 5.8998973535824915
7831 6.9985096422506015
7857 4.8012850649143815
7858 6.9985096422506015
7887 2.973157951515452
7901 6.305362461690656
7904 2.211017899468555
7932 1.8745456628473423
7935 2.335070548138534
7965 1.886521853894058
7981 2.0426825846493406
7991 1.3149298749119196
7997 3.8204558119026557
8007 9.523797207219195
8032 0.5108256237659907
8050 4.165296298194385
8078 30.97463374757815
8090 4.47267141490569
8142 2.9041650800285006
8218 10.105198986390576
8301 2.413542163580029
8315 2.764403137653342
8323 3.1698682457615064
8347 10.105198986390576
8373 6.305362461690656
8439 0.9381816079767518
8444 3.5780469788183606
8483 4.165296298194385
8505 16.836645843392134
8578 3.1066893441399746
8582 31.69650186026938
8615 5.3888890980928625
8643 2.001297368486486
8648 2.434161450782765
8710 3.3072226782563283
8736 1.1933746733341126
8797 5.389071729816501
8804 4.919068100570765
8805 9.602570129828763
8806 3.47214911763444
8816 3.4510201673737084
8821 5.612215281130711
8856 4.632756830252763
8880 3.34126694692204
8888 6.9985096422506015
8925 3.5327737394508745
8927 4.919068100570765
8928 5.342196648458621
8985 4.8012850649143815
9106 1.0850066366123312
9130 5.612215281130711
9131 5.8998973535824915
9151 6.293583650356835
9170 1.2232606457759125
9177 4.359452312635343
9348 6.305362461690656
9365 2.9945028634117485
9393 3.1829203115045246
9394 6.9985096422506015
9400 6.254617262685421
9428 2.498699971920336
9438 4.290459441148391
9481 3.5455259370747996
9531 6.68253389384408
9534 16.500086401207454
9535 5.8998973535824915
9537 0.6546292081242703
9554 2.543323789326808
9573 3.3096301881366648
9602 2.2800107709555064
9641 2.6418008155610093
9681 3.8204558119026557
9733 3.2550199098369936
9743 3.8630154263214513
9781 8.00555473739322
9786 3.1483620405405426
9807 6.339736491523013
9808 6.019051191372654
9817 3.9550110997006014
9818 9.64296002499702
9837 5.8998973535824915
9843 6.9985096422506015
9848 15.157798479585864
9875 54.163235909551204
9893 4.108137884354437
9895 11.444897204691335
9956 3.47214911763444
9958 4.8012850649143815
9970 1.9351878055122855
9983 3.1066893441399746
10006 2.6944445490464313
10008 2.0568672196412967
10058 5.208120975156325
10076 8.250043200603727
10154 3.3609234825242154
10200 4.695924549256556
10202 10.367161579945392
10221 2.434161450782765
10222 6.305362461690656
10261 3.9539872045271784
10301 4.22592092001082
10302 5.258123579567159
10306 2.15432255579201
10325 1.8925641683500207
10329 -0.8403627828383906
10341 6.339736491523013
10363 25.35552552006492
10381 4.8012850649143815
10422 2.1263822140248125
10431 0.7218661529089567
10432 5.052599493195288
10436 4.290459441148391
10437 1.3672978604292356
10495 6.9985096422506015
10503 2.413542163580029
10511 6.9985096422506015
10561 8.001734703664242
10649 4.8012850649143815
10683 5.612215281130711
10686 6.9985096422506015
10749 3.526391240302747
10754 6.339736491523013
10774 4.513602992462601
10776 4.513602992462601
10808 4.919068100570765
10825 4.029806041084529
10857 5.052599493195288
10868 -0.5560832184355542
10906 2.035665011990694
10968 3.740413104229119
10987 5.389071729816501
11002 6.9985096422506015
11023 1.2880826248757316
11031 6.305362461690656
11072 4.290459441148391
11073 6.9985096422506015
11089 2.309930450438483
11132 3.7796338173824005
11152 5.8998973535824915
11165 2.1863252868781835
11168 1.2781978656431896
11202 5.8419443966897635
11218 1.144042369585821
11243 7.726030852642903
11254 4.695924549256556
11287 2.0286963426746007
11295 3.2373095265570386
11299 -0.5211827618659379
11308 2.5098732725184614
11375 2.681021528714291
11383 4.8012850649143815
11389 6.9985096422506015
11425 6.9985096422506015
11434 11.799794707164983
11459 3.047265923669174
11463 3.47214911763444
11481 1.6186122887101415
11485 3.3875917296063767
11508 5.206750173022546
11513 6.9985096422506015
11514 6.9985096422506015
11518 7.726030852642903
11555 3.5327737394508745
11565 17.699692060747473
11570 1.1933746733341126
11584 4.433560284789064
11591 2.7218435232345457
11644 3.5327737394508745
11704 3.1483620405405426
11713 4.290459441148391
11717 5.876133263408364
11769 1.6466515087745348
11832 6.305362461690656
11905 6.569875151092587
11908 4.604033511674974
11917 4.433560284789064
11943 2.455214859980597
11944 5.206750173022546
11961 9.928890564409993
12017 4.165296298194385
12022 1.2122885475024683
12028 2.591790394986348
12053 4.290459441148391
12078 1.3637200390813515
12093 1.6803896484063847
12117 4.290459441148391
12122 2.3927825337470767
12132 6.305362461690656
12135 3.740413104229119
12173 1.981229805435677
12193 4.05407066308416
12216 2.87137525720551
12226 5.8998973535824915
12252 10.778143459633002
12309 3.5645224377654547
12377 1.3460204619819507
12383 1.2523064517104479
12436 12.610724923381312
12450 3.1483620405405426
12455 -3.013621322152563
12457 3.2373095265570386
12468 22.448861124522843
12470 6.9985096422506015
12477 14.860326391209366
12505 12.495888894583157
12509 10.413500346045092
12510 4.05407066308416
12544 6.9985096422506015
12554 18.270687188042114
12608 14.403855194743144
12610 4.847597327494437
12630 6.9985096422506015
12648 4.108137884354437
12707 2.2278250177849364
12717 0.5999147077153936
12723 4.577958881876534
12724 5.8998973535824915
12769 6.9985096422506015
12783 1.8986432144264027
12820 3.3349479961209547
12821 5.389071729816501
12833 2.8890846291775345
12853 1.152070867192877
12877 31.240501038135278
12903 4.359452312635343
12922 73.32610264150794
12968 3.047265923669174
12991 3.1066893441399746
12992 2.3256808077886952
13001 2.9461134062376346
13003 4.433560284789064
13012 6.9985096422506015
13019 5.8998973535824915
13029 1.6609715625492831
13045 3.773043707788116
13073 5.8998973535824915
13080 0.8123010183501074
13180 3.666305132075397
13208 1.3115342859107813
13236 5.8998973535824915
13306 4.513602992462601
13314 2.0286963426746007
13316 6.094531847338348
13317 8.580918882296782
13359 2.6290617897835795
13412 5.019746545036923
13415 9.602570129828763
13438 2.555858385760285
13459 4.919068100570765
13460 2.955458374416051
13462 3.3096301881366648
13479 3.7796338173824005
13508 3.4510201673737084
13553 -2.593225319609344
13596 3.502002080784121
13648 4.359452312635343
13705 10.105198986390576
13723 3.597312260588446
13730 5.052599493195288
13732 6.9985096422506015
13767 18.582929542778423
13769 12.509234525370841
13832 8.580918882296782
13860 10.105198986390576
13862 3.7796338173824005
13919 3.597312260588446
13930 1.3601549729168554
13998 4.8012850649143815
14042 12.610724923381312
14044 1.4611753752320646
14064 3.7026727762462723
14102 18.402457477808923
14104 1.710242611556066
14136 1.4810567457858934
14166 4.108137884354437
14174 1.7945029551738059
14184 6.305362461690656
14196 5.023813923333148
14237 -5.5779867864332795
14250 6.305362461690656
14267 -1.9118469665675755
14308 4.128071418239819
14309 3.0274254175198925
14370 3.666305132075397
14371 4.600614369452231
14374 5.052599493195288
14381 0.915470661592394
14395 2.7218435232345457
14403 4.8892655013001205
14422 2.1233123190494494
14431 1.034930298632155
14433 4.22592092001082
14519 6.17297327364491
14529 11.235419600896702
14563 2.6418008155610093
14571 3.2373095265570386
14577 4.433560284789064
14593 38.630154263214514
14596 6.9985096422506015
14606 7.262427624528255
14647 3.8630154263214513
14678 5.8998973535824915
14682 4.629565580678699
14684 6.9985096422506015
14782 5.206750173022546
14906 2.8095475825476477
15116 3.8630154263214513
15129 5.775271556154579
15164 4.00277736869661
15197 3.5327737394508745
15209 5.159338068908006
15211 6.9985096422506015
15224 8.712495240085502
15250 3.7796338173824005
15259 1.3320829541381691
15261 22.16780142394532
15269 6.9985096422506015
15288 3.21432000833234
15306 0.7199882180847567
15317 6.133368019052551
15332 -20.18005249189306
15340 6.9985096422506015
15341 3.979870625313394
15363 5.11171677152057
15370 4.290459441148391
15373 0.814360751313118
15389 5.206750173022546
15397 2.001297368486486
15411 4.8012850649143815
15418 2.1233123190494494
15435 2.750014400201242
15453 11.181678537264226
15456 3.1273086313427103
15471 1.3881216796572402
15518 13.163610808836921
15539 5.389071729816501
15551 2.3157359697544058
15650 2.130975191795019
15669 2.162227735299123
15672 0.7275212103923018
15685 5.2298427488184975
15724 6.9985096422506015
15771 0.25405286274114336
15783 8.174252278751545
15786 9.880097592535908
15814 2.262311193856106
15844 6.9985096422506015
