394
38 5.612215281130711
58 4.433560284789064
194 1.5399972773188362
204 6.9985096422506015
241 1.6902419448493964
332 4.433560284789064
405 4.8012850649143815
478 4.22592092001082
486 5.41610040220442
512 2.0785287164224764
583 2.9041650800285006
646 2.219386149139072
695 5.982352914036261
787 4.071330023981388
874 6.569875151092587
946 5.052599493195288
978 2.298029276458185
1013 2.6547042203969173
1060 0.3730014384993092
1094 2.335070548138534
1176 5.389071729816501
1249 9.201228738904462
1260 6.9985096422506015
1262 6.9985096422506015
1281 4.695924549256556
1284 5.612215281130711
1310 3.7796338173824005
1404 5.4835541142398565
1489 5.612215281130711
1505 5.389071729816501
1517 5.612215281130711
1606 6.9985096422506015
1639 4.600614369452231
1686 1.1549652252192415
1687 2.413542163580029
1690 2.455214859980597
1750 2.2137308608496604
1794 5.612215281130711
1811 5.612215281130711
1871 3.5645224377654547
1884 1.9486536350010641
1903 6.305362461690656
1922 6.780818936766102
1924 2.288979440938267
1964 3.260840023967233
1985 5.206750173022546
2017 3.3875917296063767
2036 1.9486536350010641
2049 2.37353682896633
2070 1.4730567031188173
2089 5.8998973535824915
2174 5.206750173022546
2224 1.981229805435677
2240 1.65617539028579
2357 1.1873686492739008
2432 4.108137884354437
2434 2.413542163580029
2450 -2.4434275828144427
2492 3.047265923669174
2519 3.3804838896987928
2597 4.231415439328461
2674 3.081743407380416
2675 3.6312138122641273
2701 2.7218435232345457
2712 6.9985096422506015
2755 3.260840023967233
2780 3.9539872045271784
2810 3.597312260588446
2853 3.414990703794491
2914 3.4431615807611875
2919 2.1944885975173447
2920 1.3590830570083334
2924 2.0286963426746007
2935 0.6320391945191633
2964 0.900435360084361
3141 5.612215281130711
3180 2.7938170228596353
3215 0.589980851191103
3240 3.5645224377654547
3250 5.612215281130711
3329 1.981229805435677
3382 4.433560284789064
3386 2.6290617897835795
3407 2.085854756514549
3446 5.052599493195288
3498 5.74275051441102
3578 0.6015799870344548
3586 3.2849375755462935
3594 5.8998973535824915
3619 6.305362461690656
3638 6.9985096422506015
3736 3.086486636822455
3770 6.305362461690656
3771 6.305362461690656
3820 1.7890234894091803
3827 3.2849375755462935
3840 1.2980660688599148
3868 6.305362461690656
3896 1.403798262648762
4016 3.9074671888922854
4097 2.955458374416051
4110 5.528806275306684
4223 2.1863252868781835
4232 2.3256808077886952
4241 2.4033897921160112
4256 5.389071729816501
4275 4.165296298194385
4319 2.049749751872433
4353 6.305362461690656
4366 1.9878743481543455
4371 4.433560284789064
4416 2.727440078162703
4500 2.8396265588909295
4536 2.70805020110221
4549 10.567203262244037
4586 3.009525595686327
4613 2.211017899468555
4621 2.7218435232345457
4651 3.8630154263214513
4660 3.9074671888922854
4695 5.74275051441102
4750 0.6631056996427893
4801 6.9985096422506015
4852 1.258716730071367
4865 3.0282177286984795
4866 2.5211728277723946
4933 5.612215281130711
4964 1.6918893703894442
4969 5.612215281130711
4970 3.9492582428086496
4992 3.260840023967233
5022 4.22592092001082
5033 2.1233123190494494
5110 1.8452180477528222
5141 5.612215281130711
5156 4.42203579893711
5166 4.695924549256556
5199 4.8012850649143815
5268 5.206750173022546
5313 6.9985096422506015
5318 3.1066893441399746
5339 1.1784267118982394
5388 3.47214911763444
5402 4.919068100570765
5431 4.22592092001082
5484 0.9464204733261844
5537 3.597312260588446
5570 29.04971049811302
5590 1.4533321977710387
5630 0.4766153511606481
5668 2.955458374416051
5708 5.052599493195288
5709 4.290459441148391
5711 7.887185369350739
5735 7.004004161568242
5758 3.666305132075397
5770 3.4431615807611875
5839 5.159338068908006
5848 4.108137884354437
5900 2.8553749158590684
5901 4.910429719961194
5912 5.8998973535824915
6043 4.774013612371447
6049 2.035665011990694
6088 1.2146844599208637
6130 3.0666840095262753
6140 2.211017899468555
6155 4.359452312635343
6169 2.4033897921160112
6250 3.5455259370747996
6402 1.4112609838503516
6408 5.8998973535824915
6461 4.919068100570765
6524 5.8998973535824915
6548 2.0785287164224764
6590 3.8204558119026557
6631 4.359452312635343
6657 2.138697237888929
6721 2.383389125409342
6754 2.4049037829704587
6838 6.9985096422506015
6872 1.3047775034479017
6884 6.9985096422506015
6908 1.0061308387793944
7042 3.8630154263214513
7104 -5.307903333210337
7181 3.260840023967233
7184 5.389071729816501
7197 3.461302966374546
7215 2.344549292093078
7239 6.9985096422506015
7268 4.8012850649143815
7286 1.4112609838503516
7459 2.1944885975173447
7519 4.05407066308416
7521 5.389071729816501
7781 2.6040604875781623
7819 6.9985096422506015
7838 6.3244815420865415
7887 2.973157951515452
7904 4.42203579893711
7928 6.9985096422506015
7938 4.695924549256556
7949 2.5441623459970937
7953 8.33059259638877
8007 1.904759441443839
8041 3.597312260588446
8242 4.071330023981388
8283 25.988722002695607
8391 2.555858385760285
8429 4.359452312635343
8444 1.7890234894091803
8504 5.612215281130711
8514 4.01615411094373
8523 1.4512652714088672
8660 1.675499663112193
8710 2.75601889854694
8745 2.5441623459970937
8788 2.146479378330984
8886 1.3081501879265407
8916 6.9985096422506015
8979 1.7890234894091803
9115 3.047265923669174
9151 1.258716730071367
9154 7.3977304472920355
9170 1.8348909686638688
9278 4.359452312635343
9339 6.305362461690656
9344 4.359452312635343
9353 7.430163195604683
9389 5.612215281130711
9501 20.827000692090184
9527 6.305362461690656
9544 6.9985096422506015
9545 12.610724923381312
9559 -0.49919366312984353
9681 3.8204558119026557
9711 1.8686109273275278
9733 1.0850066366123312
9752 7.065547478901749
9816 5.8998973535824915
9817 1.3183370332335338
9970 0.4837969513780714
9979 2.3933394562625097
9983 3.1066893441399746
10006 2.6944445490464313
10008 2.0568672196412967
10030 2.413542163580029
10040 3.6312138122641273
10042 6.9985096422506015
10058 13.020302437890813
10073 4.919068100570765
10076 2.750014400201242
10114 3.9042484672355897
10295 8.867120569578129
10306 4.30864511158402
10393 1.9746291214043248
10431 1.4437323058179135
10447 1.829844710114914
10514 3.8630154263214513
10658 2.9041650800285006
10698 3.8630154263214513
10724 5.8998973535824915
10749 1.1754637467675824
10751 2.3818556390457326
10795 5.612215281130711
10868 -0.7414442912474055
10993 4.22592092001082
11023 1.2880826248757316
11102 1.3304600282218215
11110 5.671718634176079
11115 13.801843108356692
11218 2.288084739171642
11266 2.9041650800285006
11296 2.764403137653342
11299 -0.5211827618659379
11308 12.549366362592307
11315 5.389071729816501
11351 4.8012850649143815
11358 4.290459441148391
11362 4.00277736869661
11379 10.213412923246704
11393 3.2849375755462935
11394 4.165296298194385
11396 6.305362461690656
11406 2.6418008155610093
11411 6.9985096422506015
11415 3.7796338173824005
11461 2.146479378330984
11522 2.555858385760285
11524 3.0357414378172196
11646 4.708237486218457
11696 3.2373095265570386
11717 2.938066631704182
11781 2.591790394986348
11785 1.9680717208581657
11907 4.86832290156553
11917 4.433560284789064
11967 8.580918882296782
11969 2.274701391239495
12000 6.305362461690656
12022 0.40409618250082274
12028 2.591790394986348
12042 2.6418008155610093
12054 3.8204558119026557
12070 2.87137525720551
12078 1.3637200390813515
12122 1.1963912668735384
12131 4.433560284789064
12145 3.1918471524802814
12221 35.368196452367016
12349 48.76916313267971
12375 3.260840023967233
12377 1.3460204619819507
12378 3.3349479961209547
12417 6.9985096422506015
12450 3.1483620405405426
12455 -0.6457759976041206
12457 3.2373095265570386
12474 4.919068100570765
12723 2.288979440938267
12728 5.8998973535824915
12736 3.414990703794491
12741 4.05407066308416
12745 6.9985096422506015
12801 3.8218266140364343
12803 6.818600195406757
12805 3.713692171495883
12823 1.034930298632155
13001 2.9461134062376346
13005 3.8630154263214513
13045 1.886521853894058
13060 6.9985096422506015
13071 3.086486636822455
13108 2.2800107709555064
13165 6.9985096422506015
13183 3.502002080784121
13189 1.8745456628473423
13217 5.8998973535824915
13256 6.9985096422506015
13271 3.3875917296063767
13273 3.3096301881366648
13312 2.955458374416051
13508 3.4510201673737084
13553 -1.4818430397767681
13572 3.7490913256946845
13609 4.22592092001082
13672 1.5262389685791264
13751 4.108137884354437
13769 3.1273086313427103
13770 11.224430562261421
13818 4.600614369452231
13925 31.240501038135278
13993 3.3609234825242154
14044 1.4611753752320646
14078 2.5098732725184614
14102 4.600614369452231
14136 10.367397220501253
14151 8.718904625270685
14198 3.047265923669174
14237 -8.36698017964992
14242 5.065203047192035
14381 0.457735330796197
14406 5.052599493195288
14411 6.9985096422506015
14571 3.2373095265570386
14620 2.15432255579201
14626 2.750014400201242
14637 3.3349479961209547
14806 6.9985096422506015
14853 6.305362461690656
14961 4.600614369452231
14966 5.206750173022546
14987 6.9985096422506015
15037 4.632756830252763
15083 5.8998973535824915
15121 1.5868635903955612
15241 1.7462362142039713
15292 2.211017899468555
15320 6.9985096422506015
15332 -20.18005249189306
15341 3.979870625313394
15373 2.443082253939354
15488 5.8998973535824915
15501 4.513602992462601
15517 1.886521853894058
15669 2.162227735299123
15672 6.547690893530716
15692 3.8204558119026557
15702 2.8553749158590684
15762 3.9074671888922854
15771 0.04619142958929879
15828 2.1862955883920616
15841 5.206750173022546
