152
108 4.359452312635343
521 1.8986432144264027
614 6.305362461690656
730 2.298029276458185
829 3.5645224377654547
862 2.344549292093078
1060 0.06216690641655154
1356 4.72756130804193
1381 2.6547042203969173
1687 2.413542163580029
1690 2.455214859980597
1871 3.5645224377654547
2038 1.880515829833846
2066 5.389071729816501
2070 2.9461134062376346
2271 0.34178311807220957
2334 0.7939518796819108
2446 2.5326015235960173
2536 1.7835738846416156
2862 2.9381611094783557
2920 0.6795415285041667
2935 0.6320391945191633
2998 4.8012850649143815
3114 6.9985096422506015
3230 2.8876357780772897
3516 2.0785287164224764
3520 2.87137525720551
3613 5.710749831718137
3657 5.232966015153439
3786 4.8012850649143815
3840 2.5961321377198296
3879 4.00277736869661
3949 2.7790019370744945
4021 1.5054481989100525
4174 3.3875917296063767
4241 2.4033897921160112
4286 2.130975191795019
4302 1.8000126109847754
4360 6.305362461690656
4425 1.249116656342348
4537 1.0196238773494795
4750 0.33155284982139466
4865 3.0282177286984795
4976 2.288979440938267
4991 3.9539872045271784
5036 4.695924549256556
5115 5.8998973535824915
5188 11.224430562261421
5309 2.5326015235960173
5392 2.130975191795019
5541 4.290459441148391
5573 3.3875917296063767
5782 4.919068100570765
5842 6.17297327364491
6020 3.9074671888922854
6123 4.577958881876534
6277 4.22592092001082
6345 3.414990703794491
6351 2.8088549002241754
6467 2.2535775138873513
6534 4.695924549256556
6583 1.7258895023377248
6787 2.288979440938267
6872 1.3047775034479017
7104 -1.9904637499538764
7203 3.1066893441399746
7286 1.4112609838503516
7306 2.4876501357337513
7344 1.6325336272287498
7413 5.206750173022546
7497 0.7014003223166658
7512 4.22592092001082
7552 5.845960905003192
7563 2.335070548138534
7731 2.001297368486486
7892 3.1035445411685827
7968 3.047265923669174
7991 1.3149298749119196
8142 2.9041650800285006
8578 3.1066893441399746
8622 3.2373095265570386
8723 1.5262389685791264
8734 4.22592092001082
8774 6.9985096422506015
8906 3.047265923669174
9213 3.7026727762462723
9365 1.4972514317058743
9537 0.6546292081242703
9653 5.206750173022546
9709 1.082307579643166
9733 1.0850066366123312
9779 5.501171004981262
9791 2.344549292093078
9990 0.5671785603171224
10294 2.70805020110221
10326 0.5230769255465112
10479 4.513602992462601
10729 1.0196238773494795
10862 5.8998973535824915
10971 3.502002080784121
11110 0.8102455191680114
11137 7.983380724731305
11147 6.9985096422506015
11168 1.2781978656431896
11199 6.9985096422506015
11299 -0.5211827618659379
11347 1.6746046411110493
11485 3.3875917296063767
11526 1.6419233675785887
11695 7.262427624528255
11696 3.2373095265570386
11717 2.938066631704182
11790 2.2449194511442365
11918 4.433560284789064
11950 4.433560284789064
11952 4.787496781134966
12093 1.6803896484063847
12097 5.389071729816501
12111 1.994563336305142
12312 2.7938170228596353
12404 1.485080896085619
12407 2.5055845146478797
12455 -0.2152586658680402
12553 1.0715836162801904
12707 2.2278250177849364
12717 0.5999147077153936
12790 1.5095719160939147
12908 25.26299746597644
13080 0.8123010183501074
13141 5.052599493195288
13350 5.8998973535824915
13443 7.004004161568242
13508 1.7255100836868542
13553 -0.7409215198883841
13683 3.0666840095262753
13838 2.3163784151263815
13867 1.087712998210074
14115 5.946315903030904
14198 9.141797771007521
14237 -0.6972483483041599
14352 0.9464204733261844
14435 2.3933394562625097
14477 2.5211728277723946
14789 3.7026727762462723
14817 4.919068100570765
14906 0.4013639403639497
15155 0.6904112007410705
15267 6.9985096422506015
15278 2.465910149097345
15332 -15.523117301456201
15578 3.5890059103476117
15771 0.04619142958929879
