135
194 0.7699986386594181
302 1.7153059135126125
389 1.6419233675785887
549 4.919068100570765
567 5.8998973535824915
787 2.035665011990694
1379 0.5370414658968836
1400 6.305362461690656
1404 4.112665585679892
1488 5.052599493195288
1691 4.108137884354437
1750 1.1068654304248302
1842 2.0286963426746007
1889 3.414990703794491
1923 2.211017899468555
1940 2.6944445490464313
1957 1.8223599096767722
2025 4.165296298194385
2077 3.3875917296063767
2271 0.34178311807220957
2334 1.5879037593638217
2394 4.05407066308416
2450 -1.2217137914072214
2631 0.21292199724267172
2674 1.0272478024601386
2705 1.6657908489852322
2787 3.1918471524802814
3078 5.612215281130711
3215 0.589980851191103
3308 6.9985096422506015
3506 0.8205655282000008
3690 1.4972514317058743
3691 7.405345552492545
3759 2.4033897921160112
3782 7.405345552492545
3807 2.3256808077886952
3868 6.305362461690656
3874 4.8012850649143815
3949 2.7790019370744945
4070 1.1068654304248302
4114 2.778075694131283
4145 16.06461644377492
4151 5.206750173022546
4158 0.030600440448717042
4325 3.21432000833234
4557 5.8998973535824915
4608 1.4075226617397445
4759 3.21432000833234
4914 4.301967704783723
4998 14.087773647769666
5339 1.1784267118982394
5484 0.9464204733261844
5518 1.5868635903955612
5809 2.363780654020965
5848 4.108137884354437
5872 2.5441623459970937
5960 3.6312138122641273
6012 3.740413104229119
6060 3.7796338173824005
6402 1.4112609838503516
6416 4.600614369452231
6433 1.5462068723802074
6494 5.612215281130711
6507 2.6290617897835795
6776 1.942263836902293
7044 3.761031659667692
7072 1.9486536350010641
7153 6.9985096422506015
7190 5.612215281130711
7490 6.829981407588982
7633 1.8745456628473423
7813 1.0145733615634107
7904 2.211017899468555
7940 4.359452312635343
8103 4.600614369452231
8104 5.389071729816501
8160 4.165296298194385
8242 2.035665011990694
8439 0.4690908039883759
8731 2.0286963426746007
8827 6.305362461690656
8853 5.612215281130711
9537 0.6546292081242703
9733 1.0850066366123312
9990 0.5671785603171224
10251 5.612215281130711
10306 2.15432255579201
10329 -0.21009069570959765
10538 4.8012850649143815
10788 4.108137884354437
10889 3.086486636822455
10903 2.476721065201561
10909 2.7790019370744945
11110 0.8102455191680114
11168 2.556395731286379
11302 3.47214911763444
11445 3.740413104229119
11682 5.612215281130711
11713 4.290459441148391
12151 3.1698682457615064
12460 0.7332084295128914
12553 1.0715836162801904
12677 3.9539872045271784
12708 4.787496781134966
12717 0.5999147077153936
12946 0.5932811842197597
13289 1.7410142702228197
13553 -0.37046075994419203
13613 1.8111238364098463
13672 1.5262389685791264
13938 4.290459441148391
14172 4.8012850649143815
14187 5.206750173022546
14195 1.7781538171722764
14196 1.6746046411110493
14267 -0.3823693933135151
14498 3.0282177286984795
14545 10.105198986390576
14552 6.9985096422506015
14612 2.1863252868781835
14620 4.30864511158402
14641 10.105198986390576
14906 0.4013639403639497
15011 4.695924549256556
15057 2.304141734385754
15155 0.6904112007410705
15169 2.335070548138534
15259 2.6641659082763383
15332 -4.656935190436861
15418 2.1233123190494494
15453 2.236335707452845
15578 1.7945029551738059
15587 1.2947271675944
15771 0.023095714794649395
15783 0.48083836933832624
