322
324 6.9985096422506015
389 1.6419233675785887
439 6.9985096422506015
446 4.513602992462601
463 4.919068100570765
521 1.8986432144264027
764 3.502002080784121
906 4.05407066308416
1060 0.1865007192496546
1122 3.1698682457615064
1140 4.165296298194385
1171 2.9209721983448818
1356 2.363780654020965
1379 3.7592902612781853
1404 1.3708885285599641
1413 6.9985096422506015
1498 3.7796338173824005
1513 4.433560284789064
1571 6.9985096422506015
1637 4.600614369452231
1642 5.8998973535824915
1750 1.1068654304248302
1797 5.8998973535824915
1805 5.206750173022546
1849 6.9985096422506015
1865 4.8012850649143815
1929 4.216321028057695
1957 1.8223599096767722
1986 2.4237986637472186
1999 3.5327737394508745
2064 3.129575277392723
2238 5.8998973535824915
2240 1.65617539028579
2247 2.219386149139072
2298 6.9985096422506015
2450 -2.4434275828144427
2549 9.83813620114153
2567 3.430611827025225
2703 4.513602992462601
2705 1.6657908489852322
2828 5.389071729816501
2919 2.1944885975173447
2925 3.4431615807611875
2935 1.2640783890383267
3094 4.00277736869661
3175 6.305362461690656
3202 12.610724923381312
3240 3.5645224377654547
3259 3.1918471524802814
3310 6.305362461690656
3343 6.9985096422506015
3404 2.465910149097345
3449 0.9823524825522477
3489 1.942263836902293
3490 4.108137884354437
3516 2.0785287164224764
3555 6.9985096422506015
3578 1.2031599740689096
3617 5.8998973535824915
3637 3.260840023967233
3678 22.045266179894764
3685 4.513602992462601
3696 4.695924549256556
3759 2.4033897921160112
3781 4.919068100570765
3807 2.3256808077886952
3820 1.7890234894091803
3898 3.047265923669174
3901 7.091341962062895
3942 3.3875917296063767
3961 2.6290617897835795
3982 1.0769312226067855
4070 1.1068654304248302
4154 6.305362461690656
4170 4.22592092001082
4174 3.3875917296063767
4178 6.305362461690656
4261 2.262311193856106
4302 1.8000126109847754
4314 2.764403137653342
4334 3.1698682457615064
4388 3.8204558119026557
4440 9.602570129828763
4441 4.05407066308416
4533 3.086486636822455
4534 8.867120569578129
4576 6.257564269543647
4612 4.05407066308416
4625 1.8452180477528222
4686 4.108137884354437
4735 5.8998973535824915
4750 0.994658549464184
4809 2.8088549002241754
4838 1.4730567031188173
4852 3.7761501902141013
4865 3.0282177286984795
4876 4.489838902288473
4882 2.130975191795019
4899 3.0666840095262753
4964 1.6918893703894442
5083 4.720678874307596
5110 9.226090238764112
5111 3.21432000833234
5160 6.9985096422506015
5283 3.2849375755462935
5409 3.502002080784121
5484 0.9464204733261844
5487 6.305362461690656
5517 1.6232312345664361
5581 3.0666840095262753
5582 5.206750173022546
5630 0.4766153511606481
5888 5.206750173022546
5895 2.4033897921160112
5981 2.8553749158590684
6049 2.035665011990694
6088 1.2146844599208637
6105 4.8012850649143815
6123 2.288979440938267
6156 3.6000252219695508
6169 2.4033897921160112
6223 5.617709800448351
6342 6.305362461690656
6356 5.8998973535824915
6387 2.9911764570181303
6390 3.047265923669174
6405 6.9985096422506015
6470 4.8012850649143815
6586 2.288979440938267
6657 2.138697237888929
6776 1.942263836902293
6856 3.2849375755462935
6872 1.3047775034479017
6898 2.162227735299123
6919 2.84512107820857
6930 10.413500346045092
6949 5.206750173022546
6997 4.600614369452231
7025 1.0095482253607377
7054 7.726030852642903
7058 3.7026727762462723
7093 5.612215281130711
7104 -0.6634879166512921
7133 6.9985096422506015
7170 3.237224577420283
7197 5.191954449561819
7215 2.344549292093078
7217 6.9985096422506015
7316 3.1273086313427103
7324 6.305362461690656
7344 1.6325336272287498
7401 3.773043707788116
7613 8.580918882296782
7630 6.9985096422506015
7645 5.612215281130711
7650 25.297926168346166
7670 5.206750173022546
7832 3.047265923669174
8007 1.904759441443839
8182 13.405107643571455
8193 3.6312138122641273
8242 2.035665011990694
8256 5.041168945219154
8318 3.9074671888922854
8400 7.194624521176892
8444 1.7890234894091803
8471 5.587634045719271
8609 5.8998973535824915
8695 1.9550845253313545
8741 3.086486636822455
8816 3.4510201673737084
8847 6.9985096422506015
8870 3.7026727762462723
8880 1.67063347346102
8928 2.6710983242293107
8977 7.887185369350739
8979 1.7890234894091803
8987 2.211017899468555
8989 5.206750173022546
9081 4.433560284789064
9110 2.035665011990694
9245 9.83813620114153
9372 11.628404038943476
9428 4.997399943840672
9481 1.7727629685373998
9625 6.9985096422506015
9645 8.087103599320107
9681 3.8204558119026557
9698 1.9878743481543455
9791 4.689098584186156
9817 2.6366740664670676
10062 6.9985096422506015
10114 1.3014161557451966
10223 4.05407066308416
10245 6.9985096422506015
10329 -0.21009069570959765
10364 4.695924549256556
10376 5.8998973535824915
10473 1.7781538171722764
10706 6.9985096422506015
10751 0.7939518796819108
10778 6.9985096422506015
10868 -1.6682496553066624
10979 3.1066893441399746
11018 5.206750173022546
11032 1.087712998210074
11034 6.383329041513287
11042 4.433560284789064
11110 0.8102455191680114
11116 1.9109133070182172
11158 5.389071729816501
11163 3.7796338173824005
11168 1.2781978656431896
11191 4.600614369452231
11192 5.052599493195288
11235 3.740413104229119
11295 3.2373095265570386
11416 2.1782280766455644
11518 3.8630154263214513
11524 3.0357414378172196
11574 6.9985096422506015
11591 2.7218435232345457
11625 2.91449219418435
11702 3.9539872045271784
11754 3.1918471524802814
11774 6.056435457396959
11809 4.165296298194385
11816 1.9296054400303697
11839 3.597312260588446
11875 6.9985096422506015
11958 5.8998973535824915
12034 2.7972046564405604
12122 1.1963912668735384
12254 7.005211644415603
12283 2.6040604875781623
12294 4.8012850649143815
12455 -0.6457759976041206
12543 3.5645224377654547
12610 7.271395991241656
12679 4.787496781134966
12681 6.9985096422506015
12772 1.886521853894058
12773 2.647852550302702
12776 5.206750173022546
12785 2.8088549002241754
12818 3.1483620405405426
12823 1.034930298632155
12833 1.9260564194516896
12853 2.304141734385754
12896 3.2373095265570386
12900 4.165296298194385
12960 3.1918471524802814
12978 2.383389125409342
13040 3.597312260588446
13080 1.6246020367002147
13083 5.206750173022546
13104 3.2373095265570386
13258 4.600614369452231
13291 5.612215281130711
13312 5.910916748832102
13314 4.0573926853492015
13316 3.047265923669174
13319 5.416658374081172
13344 5.612215281130711
13401 2.465910149097345
13454 5.052599493195288
13491 2.288979440938267
13508 3.4510201673737084
13527 2.049749751872433
13547 1.6003469407328483
13553 -0.37046075994419203
13613 1.8111238364098463
13670 2.6164830075767194
13705 5.052599493195288
13722 3.5327737394508745
13734 1.942263836902293
13769 3.1273086313427103
13907 4.513602992462601
13918 2.8396265588909295
13921 2.1782280766455644
13926 3.260840023967233
13962 5.8998973535824915
13964 6.305362461690656
14009 5.8998973535824915
14044 1.4611753752320646
14049 4.290459441148391
14101 4.695924549256556
14136 1.4810567457858934
14237 -0.6972483483041599
14267 -1.1471081799405454
14381 0.6866029961942954
14422 2.1233123190494494
14507 5.553045496311444
14527 2.938066631704182
14644 3.597312260588446
14682 1.5431885268928998
14908 4.953442130403122
15037 2.3163784151263815
15121 1.5868635903955612
15155 1.380822401482141
15306 1.4399764361695133
15332 -20.18005249189306
15341 2.3879223751880367
15348 2.10066984229969
15413 2.556395731286379
15418 2.1233123190494494
15471 0.6940608398286201
15509 6.9985096422506015
15539 5.389071729816501
15547 5.8998973535824915
15560 6.9985096422506015
15576 3.009525595686327
15578 1.7945029551738059
15592 2.87137525720551
15651 1.1377234187847354
15672 1.4550424207846036
15685 0.8716404581364162
15709 2.1863252868781835
15735 5.876133263408364
15771 0.06928714438394819
15814 2.262311193856106
15820 4.165296298194385
