208
302 1.7153059135126125
356 5.183580789972696
389 1.6419233675785887
542 17.699692060747473
1060 0.24866762566620615
1104 6.9985096422506015
1139 6.305362461690656
1181 6.9985096422506015
1222 6.9985096422506015
1330 6.305362461690656
1391 6.9985096422506015
1489 5.612215281130711
1580 6.9985096422506015
1667 6.9985096422506015
1776 5.612215281130711
1877 5.206750173022546
1893 3.5135252543819178
1913 6.9985096422506015
1926 5.612215281130711
1932 5.389071729816501
1942 0.845776947546497
1952 5.206750173022546
1979 3.9539872045271784
1983 11.799794707164983
2036 3.8973072700021283
2235 3.2849375755462935
2302 3.009525595686327
2334 0.7939518796819108
2356 2.681021528714291
2442 8.381451068578906
2532 5.389071729816501
2581 6.305362461690656
2592 5.876133263408364
2612 6.9985096422506015
2631 0.21292199724267172
2640 2.735829765209286
2646 4.22592092001082
2924 4.0573926853492015
3186 1.2880826248757316
3215 0.589980851191103
3482 3.3096301881366648
3506 0.8205655282000008
3780 2.465910149097345
3807 6.977042423366086
3820 1.7890234894091803
3836 4.165296298194385
3838 5.389071729816501
3906 8.919473854546355
3976 5.8998973535824915
4158 0.030600440448717042
4180 6.9985096422506015
4277 7.405345552492545
4295 5.8419443966897635
4403 6.9985096422506015
4405 1.3460204619819507
4412 3.086486636822455
4441 4.05407066308416
4502 2.8088549002241754
4613 2.211017899468555
4625 1.8452180477528222
4914 1.4339892349279078
4989 1.3355491621146554
5040 1.4378280112350734
5058 3.5327737394508745
5067 2.2278250177849364
5154 2.4446327506500602
5330 4.05407066308416
5331 6.474619053114077
5409 3.502002080784121
5414 2.8876357780772897
5443 2.9041650800285006
5554 6.3244815420865415
5569 4.22592092001082
5587 2.5326015235960173
5643 3.9074671888922854
5850 3.047265923669174
5934 2.8876357780772897
5973 1.4770487243883548
5983 5.963623044463036
5991 5.052599493195288
5993 0.8521803845817039
6043 1.5913378707904824
6433 1.030804581586805
6834 3.4431615807611875
7025 1.0095482253607377
7030 4.695924549256556
7170 1.6186122887101415
7416 4.919068100570765
7425 4.513602992462601
7487 1.8167260919585162
7497 0.7014003223166658
7505 3.740413104229119
7614 2.5676928434072877
7813 1.0145733615634107
7826 3.1273086313427103
7827 3.414990703794491
7892 1.5517722705842913
7893 5.8998973535824915
7949 2.5441623459970937
7965 11.319131123364349
7981 2.0426825846493406
7991 1.3149298749119196
8018 4.22592092001082
8439 0.4690908039883759
8444 1.7890234894091803
8643 2.001297368486486
8712 3.3349479961209547
8753 4.513602992462601
8957 5.052599493195288
9000 6.305362461690656
9106 1.0850066366123312
9110 2.035665011990694
9164 3.597312260588446
9537 1.963887624372811
9587 5.8998973535824915
9667 3.7796338173824005
9709 3.246922738929498
9733 1.0850066366123312
9970 1.9351878055122855
10058 5.208120975156325
10167 6.9985096422506015
10187 6.9985096422506015
10306 2.15432255579201
10325 1.8925641683500207
10329 -0.21009069570959765
10422 0.7087940713416041
10437 1.3672978604292356
10456 2.8553749158590684
10487 1.981229805435677
10532 2.9209721983448818
10871 4.513602992462601
10886 2.87137525720551
11110 3.2409820766720454
11163 3.7796338173824005
11170 2.5676928434072877
11202 5.8419443966897635
11266 2.9041650800285006
11297 4.600614369452231
11302 3.47214911763444
11308 5.019746545036923
11353 2.8088549002241754
11379 2.0426825846493406
11412 6.9985096422506015
11485 3.3875917296063767
11825 2.9041650800285006
11870 3.5645224377654547
11889 2.7790019370744945
11894 1.5178707189086098
11907 2.434161450782765
11958 5.8998973535824915
11969 0.7582337970798316
12022 3.232769460006582
12028 2.591790394986348
12051 3.5645224377654547
12068 9.201228738904462
12404 2.970161792171238
12460 0.7332084295128914
12509 5.206750173022546
12571 4.00277736869661
12621 4.290459441148391
12717 2.3996588308615743
12741 4.05407066308416
12946 1.1865623684395195
13208 1.3115342859107813
13271 3.3875917296063767
13553 -1.4818430397767681
13710 3.6312138122641273
13719 3.9074671888922854
13769 6.254617262685421
13883 5.612215281130711
13921 2.1782280766455644
13938 4.290459441148391
13961 4.00277736869661
14008 2.001297368486486
14064 3.7026727762462723
14078 2.5098732725184614
14104 1.710242611556066
14115 2.973157951515452
14194 3.7026727762462723
14196 2.511906961666574
14237 -1.3944966966083199
14267 -1.5294775732540604
14313 6.586606035098139
14315 3.009525595686327
14381 0.457735330796197
14416 1.5479024259504828
14461 3.740413104229119
14473 3.2849375755462935
14519 3.086486636822455
14522 3.8630154263214513
14586 12.16221198925248
14779 4.290459441148391
14835 5.206750173022546
14906 0.8027278807278994
15057 1.152070867192877
15209 2.579669034454003
15332 -4.656935190436861
15373 0.814360751313118
15387 4.600614369452231
15413 1.2781978656431896
15446 7.065547478901749
15453 2.236335707452845
15471 0.6940608398286201
15685 0.8716404581364162
15696 6.9985096422506015
15771 0.04619142958929879
15783 0.48083836933832624
15805 2.008077055471865
