41
389 1.6419233675785887
710 2.8553749158590684
1942 0.845776947546497
2124 6.9985096422506015
2450 -0.6108568957036107
2631 0.42584399448534344
2704 6.305362461690656
3186 1.2880826248757316
3205 3.1273086313427103
3223 2.5211728277723946
4158 0.030600440448717042
5014 2.3541187431092285
5517 1.6232312345664361
7344 1.6325336272287498
7647 3.3096301881366648
7654 6.9985096422506015
8032 0.5108256237659907
8391 2.555858385760285
8439 0.9381816079767518
8672 2.8876357780772897
9733 1.0850066366123312
9970 0.4837969513780714
10307 2.5676928434072877
10329 -0.4201813914191953
10856 4.433560284789064
10967 3.6312138122641273
11148 1.1784267118982394
11168 1.2781978656431896
11952 1.5958322603783217
12446 5.389071729816501
12455 -0.4305173317360804
12460 0.7332084295128914
13547 1.6003469407328483
13845 2.001297368486486
13930 2.7203099458337108
14237 -0.6972483483041599
14590 1.8337236683270872
15057 1.152070867192877
15332 -1.5523117301456202
15783 0.48083836933832624
15786 1.7963813804610742
