49
401 3.1698682457615064
463 9.83813620114153
607 2.5211728277723946
2077 3.3875917296063767
2450 -0.6108568957036107
2519 1.6902419448493964
2631 0.21292199724267172
2901 3.3349479961209547
3015 12.610724923381312
3215 2.949904255955515
3635 1.5779746429783155
3949 5.558003874148989
3982 1.0769312226067855
4021 1.5054481989100525
4053 -0.07476007520910928
4222 2.3256808077886952
4319 2.049749751872433
5121 6.9985096422506015
5208 2.5676928434072877
5273 3.21432000833234
5436 5.775271556154579
5484 2.8392614199785533
6235 1.2270685191205855
7192 6.583465792552034
7325 2.8088549002241754
8096 1.4533321977710387
10146 4.05407066308416
10324 4.00277736869661
10329 -0.4201813914191953
10476 6.9985096422506015
10634 9.391849098513111
10909 2.7790019370744945
11299 -1.0423655237318759
12022 0.40409618250082274
12081 2.363780654020965
12455 -0.4305173317360804
12674 1.5779746429783155
13367 6.9985096422506015
13553 -0.37046075994419203
13817 3.5645224377654547
14237 -1.3944966966083199
14868 8.718904625270685
14906 0.4013639403639497
15202 3.287628926547705
15207 1.9486536350010641
15224 2.9041650800285006
15259 1.3320829541381691
15332 -1.5523117301456202
15771 0.023095714794649395
