206
3 3.0666840095262753
34 4.513602992462601
35 5.052599493195288
194 1.5399972773188362
252 4.513602992462601
428 5.8998973535824915
466 3.8204558119026557
469 4.8012850649143815
473 3.1273086313427103
478 4.22592092001082
492 3.3609234825242154
496 2.2800107709555064
500 2.1701959049483
569 3.0282177286984795
879 3.666305132075397
913 5.8998973535824915
1060 0.06216690641655154
1065 6.305362461690656
1077 6.305362461690656
1081 6.305362461690656
1086 5.8998973535824915
1171 2.9209721983448818
1379 1.0740829317937672
1702 3.3609234825242154
1922 3.390409468383051
1925 4.00277736869661
1929 2.1081605140288473
1957 1.8223599096767722
2038 3.761031659667692
2053 4.165296298194385
2271 0.6835662361444191
2302 3.009525595686327
2407 2.236335707452845
2424 2.219386149139072
2450 -0.6108568957036107
2506 9.445086121621628
2534 3.2373095265570386
2639 2.6040604875781623
2935 0.6320391945191633
2978 6.305362461690656
3062 5.679253117781859
3085 4.919068100570765
3228 3.9074671888922854
3362 3.8204558119026557
3496 5.389071729816501
3516 4.157057432844953
3575 3.260840023967233
3700 2.5894543351888
3829 6.305362461690656
3949 2.7790019370744945
3991 2.8088549002241754
4029 5.808330160057001
4030 6.305362461690656
4032 6.305362461690656
4053 -0.5233205264637649
4110 5.528806275306684
4237 3.1918471524802814
4397 3.666305132075397
4405 1.3460204619819507
4425 11.242049907081132
4438 3.47214911763444
4750 0.33155284982139466
4753 3.9074671888922854
4912 1.9296054400303697
4914 1.4339892349279078
5019 4.290459441148391
5067 2.2278250177849364
5312 2.8553749158590684
5339 1.1784267118982394
5443 8.712495240085502
5518 1.5868635903955612
5841 4.290459441148391
5842 3.086486636822455
5851 8.00555473739322
5905 1.7835738846416156
5955 2.434161450782765
5973 4.4311461731650645
6064 2.138697237888929
6085 5.389071729816501
6136 2.91449219418435
6151 4.222567985219234
6168 4.290459441148391
6234 2.6290617897835795
6235 1.2270685191205855
6236 2.9209721983448818
6411 2.434161450782765
6539 2.434161450782765
6541 5.206750173022546
6586 2.288979440938267
6819 1.7153059135126125
6953 2.681021528714291
7025 1.0095482253607377
7104 -1.3269758333025843
7578 1.0430745587218369
7650 2.1081605140288473
7703 4.8012850649143815
7842 4.74707365793266
7887 2.973157951515452
8005 4.165296298194385
8043 3.461302966374546
8089 2.681021528714291
8090 4.47267141490569
8129 3.9539872045271784
8148 3.7796338173824005
8153 2.8396265588909295
8268 4.433560284789064
8301 4.827084327160058
8323 3.1698682457615064
8326 4.695924549256556
8439 0.9381816079767518
8444 1.7890234894091803
8492 5.612215281130711
8683 3.3607792968127694
8745 2.5441623459970937
8784 2.146479378330984
8816 1.7255100836868542
8869 2.1782280766455644
8898 10.16277518881913
8954 3.5645224377654547
8978 1.6140145794615122
8998 5.052599493195288
9162 4.8012850649143815
9170 0.6116303228879563
9327 10.329484742283562
9504 3.5327737394508745
9547 5.283601631122019
9685 5.389071729816501
9733 1.0850066366123312
9990 0.5671785603171224
10189 8.867120569578129
10323 8.216275768708874
10491 3.086486636822455
10636 3.9539872045271784
10659 3.4431615807611875
10729 2.039247754698959
10748 3.5327737394508745
10751 0.7939518796819108
10759 3.0666840095262753
10818 4.359452312635343
10849 2.938066631704182
11000 4.600614369452231
11023 1.2880826248757316
11106 2.021775899830027
11117 9.391849098513111
11299 -1.5635482855978138
11304 2.410992067732915
11305 2.0640357091199095
11347 2.511906961666574
11377 3.414990703794491
11386 2.1157077196642304
11433 4.513602992462601
11781 5.183580789972696
11816 1.9296054400303697
11945 1.9550845253313545
11952 6.383329041513287
12004 6.305362461690656
12019 5.612215281130711
12042 7.925402446683028
12043 2.498699971920336
12054 3.8204558119026557
12085 5.389071729816501
12137 4.997399943840672
12189 4.513602992462601
12250 2.498699971920336
12293 3.7026727762462723
12303 7.332610264150794
12558 2.4446327506500602
12597 4.05407066308416
12629 3.3096301881366648
12674 1.5779746429783155
12708 3.1916645207566434
12717 0.5999147077153936
12723 2.288979440938267
12785 2.8088549002241754
12790 10.567003412657403
12823 2.06986059726431
12838 4.919068100570765
13039 6.42864001666468
13169 3.3349479961209547
13354 1.8280256472124494
13471 2.6040604875781623
13718 1.3425178314307487
13884 5.206750173022546
13887 4.433560284789064
13930 1.3601549729168554
14153 2.4876501357337513
14174 3.5890059103476117
14244 6.305362461690656
14265 6.305362461690656
14267 -0.3823693933135151
14308 2.0640357091199095
14309 1.5137127087599462
14352 0.9464204733261844
14465 5.052599493195288
14590 1.8337236683270872
14736 9.602570129828763
14910 5.8998973535824915
15146 4.290459441148391
15332 -17.07542903160182
15363 2.555858385760285
15471 0.6940608398286201
15551 2.3157359697544058
15553 6.6192603762733295
15587 1.2947271675944
15708 2.9911764570181303
15771 0.023095714794649395
