154
19 4.165296298194385
180 6.9985096422506015
362 6.305362461690656
592 2.4446327506500602
1379 0.5370414658968836
1381 2.6547042203969173
1750 1.1068654304248302
1922 1.6952047341915255
1997 3.009525595686327
2064 3.129575277392723
2450 -1.832570687110832
2513 1.8280256472124494
2577 3.5327737394508745
2593 4.433560284789064
2705 1.6657908489852322
2810 7.194624521176892
3062 2.8396265588909295
3142 5.052599493195288
3215 0.589980851191103
3380 2.3541187431092285
3418 4.919068100570765
3598 1.1666271649670843
3700 1.2947271675944
3942 3.3875917296063767
3974 3.3875917296063767
4217 3.3096301881366648
4221 4.290459441148391
4241 2.4033897921160112
4265 3.5327737394508745
4286 2.130975191795019
4319 2.049749751872433
4366 1.9878743481543455
4371 4.433560284789064
4432 3.740413104229119
4437 2.4033897921160112
4502 2.8088549002241754
4563 4.695924549256556
4613 2.211017899468555
4882 2.130975191795019
4909 1.4690805547391779
4938 3.4431615807611875
4956 2.413542163580029
5119 2.3933394562625097
5230 4.695924549256556
5339 2.356853423796479
5517 1.6232312345664361
5521 4.919068100570765
5533 3.7026727762462723
5554 2.1081605140288473
5568 6.9985096422506015
5630 0.23830767558032406
5643 3.9074671888922854
5676 7.004004161568242
5784 5.8998973535824915
5864 34.32367552918713
5874 5.159338068908006
5973 4.4311461731650645
6007 4.290459441148391
6088 1.2146844599208637
6234 2.6290617897835795
6351 2.8088549002241754
6447 5.152330499502926
6548 2.0785287164224764
6563 6.305362461690656
6583 0.8629447511688624
6586 2.288979440938267
7118 3.1273086313427103
7170 1.6186122887101415
7591 4.085365169298681
7724 3.597312260588446
7767 3.414990703794491
7991 1.3149298749119196
8007 1.904759441443839
8283 2.8876357780772897
8514 2.008077055471865
8523 3.628163178522168
8710 0.551203779709388
8822 6.840032312866519
8856 2.3163784151263815
8886 1.3081501879265407
8925 3.5327737394508745
9039 5.8998973535824915
9154 2.465910149097345
9365 4.491754295117623
9559 -0.5823926069848174
9589 3.9346028577323438
9709 2.164615159286332
9711 1.8686109273275278
9733 1.0850066366123312
9979 2.3933394562625097
10056 4.359452312635343
10326 0.5230769255465112
10329 -0.4201813914191953
10341 3.1698682457615064
10422 0.7087940713416041
10447 1.829844710114914
10800 15.157798479585864
10895 4.290459441148391
11027 1.2781978656431896
11218 0.5720211847929105
11299 -0.5211827618659379
11416 2.1782280766455644
11463 3.47214911763444
11468 4.22592092001082
11900 2.049749751872433
11907 2.434161450782765
11984 2.4237986637472186
12030 4.600614369452231
12062 3.47214911763444
12063 3.9074671888922854
12078 1.3637200390813515
12092 4.108137884354437
12257 5.612215281130711
12391 3.1918471524802814
12486 5.389071729816501
12508 11.31155596928053
12631 5.389071729816501
12708 1.5958322603783217
12717 1.1998294154307871
12796 2.9209721983448818
12801 1.9109133070182172
12803 9.54604027356946
12805 1.8568460857479414
13108 2.2800107709555064
13147 4.290459441148391
13189 1.8745456628473423
13505 3.0666840095262753
13508 1.7255100836868542
13527 2.049749751872433
13547 3.2006938814656967
13722 3.5327737394508745
13825 2.7218435232345457
14136 2.962113491571787
14237 -1.3944966966083199
14267 -0.7647387866270302
14343 3.7796338173824005
14431 1.034930298632155
14597 3.2849375755462935
14620 2.15432255579201
14901 2.5326015235960173
15020 3.086486636822455
15121 1.5868635903955612
15253 4.919068100570765
15292 2.211017899468555
15306 1.4399764361695133
15332 -3.1046234602912404
15373 0.814360751313118
15471 0.6940608398286201
15472 2.735829765209286
15672 0.7275212103923018
15702 2.8553749158590684
15771 0.04619142958929879
15827 1.9109133070182172
15828 3.2794433825880924
