77
469 4.8012850649143815
496 2.2800107709555064
1957 1.8223599096767722
2038 1.880515829833846
2053 8.33059259638877
2271 0.34178311807220957
2351 3.129575277392723
2406 2.9209721983448818
2475 5.612215281130711
2506 3.1483620405405426
2597 2.1157077196642304
3228 3.9074671888922854
3520 2.87137525720551
3736 3.086486636822455
4053 -0.14952015041821856
4097 2.955458374416051
4425 4.996466625369392
4481 2.146479378330984
4613 2.211017899468555
4806 3.6312138122641273
5372 9.201228738904462
5841 4.290459441148391
5851 4.00277736869661
5955 2.434161450782765
6136 1.457246097092175
6219 2.298029276458185
6234 5.258123579567159
6411 2.434161450782765
6539 2.434161450782765
7104 -0.6634879166512921
7274 3.0666840095262753
7410 5.206750173022546
7703 4.8012850649143815
7813 1.0145733615634107
7887 2.973157951515452
8032 0.5108256237659907
8326 4.695924549256556
8718 2.824122372354964
8769 4.433560284789064
8850 1.7153059135126125
9151 1.258716730071367
9190 4.290459441148391
9454 3.1698682457615064
9504 3.5327737394508745
9547 5.283601631122019
9876 2.6944445490464313
9978 4.05407066308416
10329 -0.630272087128793
10729 3.0588716320484384
10759 3.0666840095262753
10849 2.938066631704182
11106 2.021775899830027
11168 2.556395731286379
11304 2.410992067732915
11347 1.6746046411110493
11524 1.5178707189086098
11781 2.591790394986348
11816 1.9296054400303697
11820 5.612215281130711
11952 1.5958322603783217
12377 1.3460204619819507
12455 -0.4305173317360804
12578 4.847597327494437
12597 4.05407066308416
12708 1.5958322603783217
12717 0.5999147077153936
12783 1.8986432144264027
12790 3.0191438321878294
12853 1.152070867192877
13718 1.3425178314307487
13926 3.260840023967233
14416 0.7739512129752414
14736 4.8012850649143815
15332 -4.656935190436861
15363 2.555858385760285
15553 6.6192603762733295
15771 0.023095714794649395
