368
3 3.0666840095262753
252 4.513602992462601
367 6.9985096422506015
493 3.1698682457615064
495 2.8396265588909295
532 3.4431615807611875
646 2.219386149139072
657 2.0640357091199095
730 2.298029276458185
829 3.5645224377654547
848 3.7796338173824005
1060 0.1865007192496546
1088 6.9985096422506015
1120 4.695924549256556
1163 6.9985096422506015
1297 6.9985096422506015
1367 4.433560284789064
1379 1.6111243976906509
1381 2.6547042203969173
1422 6.9985096422506015
1482 6.9985096422506015
1663 6.9985096422506015
1690 2.455214859980597
1692 2.1944885975173447
1757 3.9539872045271784
1777 5.612215281130711
1782 2.7218435232345457
1820 3.3875917296063767
1838 3.414990703794491
1846 4.290459441148391
1871 3.5645224377654547
1884 1.9486536350010641
1893 3.5135252543819178
1922 1.6952047341915255
1923 2.211017899468555
1956 9.391849098513111
1957 7.289439638707089
1986 7.271395991241656
2036 3.8973072700021283
2042 3.7796338173824005
2053 4.165296298194385
2070 2.9461134062376346
2072 6.9985096422506015
2086 4.8012850649143815
2334 0.7939518796819108
2351 4.6943629160890845
2356 2.681021528714291
2357 1.1873686492739008
2406 2.9209721983448818
2421 1.5431885268928998
2434 4.827084327160058
2450 -1.832570687110832
2480 5.612215281130711
2492 3.047265923669174
2520 6.9985096422506015
2567 12.007141394588288
2645 5.183580789972696
2646 4.22592092001082
2678 6.9985096422506015
2780 3.9539872045271784
2796 2.335070548138534
2873 8.45184184002164
2919 2.1944885975173447
2920 0.6795415285041667
2924 2.0286963426746007
2935 0.6320391945191633
2964 1.800870720168722
3046 2.9911764570181303
3286 4.600614369452231
3374 1.9680717208581657
3407 2.085854756514549
3506 16.41131056400002
3516 2.0785287164224764
3545 3.009525595686327
3578 1.2031599740689096
3597 2.8876357780772897
3598 1.1666271649670843
3614 2.875656022470147
3635 1.5779746429783155
3670 5.389071729816501
3678 1.0020575536315801
3700 1.2947271675944
3807 2.3256808077886952
3812 2.2535775138873513
3836 4.165296298194385
3837 5.052599493195288
3849 9.602570129828763
3877 3.1698682457615064
3896 1.403798262648762
3923 3.1273086313427103
3932 4.05407066308416
3945 5.612215281130711
3961 2.6290617897835795
3982 1.0769312226067855
3985 2.5098732725184614
3990 2.6290617897835795
4008 3.21432000833234
4017 6.9985096422506015
4021 1.5054481989100525
4053 -0.07476007520910928
4070 1.1068654304248302
4086 8.45184184002164
4109 6.9985096422506015
4118 4.8012850649143815
4188 4.359452312635343
4222 2.3256808077886952
4223 2.1863252868781835
4250 4.695924549256556
4275 4.165296298194385
4302 1.8000126109847754
4309 2.681021528714291
4314 5.528806275306684
4333 2.9302403070461622
4335 2.938066631704182
4363 7.559267634764801
4365 6.9985096422506015
4366 3.975748696308691
4389 5.612215281130711
4390 6.9985096422506015
4397 3.666305132075397
4400 2.938066631704182
4416 1.3637200390813515
4472 7.405345552492545
4522 0.2603571476546441
4536 2.70805020110221
4576 2.085854756514549
4586 3.009525595686327
4596 6.305362461690656
4625 5.5356541432584665
4695 2.87137525720551
4711 3.8592108800607394
4773 4.108137884354437
4838 1.4730567031188173
4846 4.043551799660054
4852 3.7761501902141013
4876 2.2449194511442365
4878 1.3672978604292356
4909 2.9381611094783557
4914 2.8679784698558155
4943 4.22592092001082
4964 1.127926246926296
4989 2.6710983242293107
5020 3.21432000833234
5068 6.9985096422506015
5101 3.414990703794491
5110 1.8452180477528222
5120 3.8630154263214513
5156 2.211017899468555
5484 0.9464204733261844
5518 1.5868635903955612
5554 4.216321028057695
5581 3.0666840095262753
5587 2.5326015235960173
5695 6.9985096422506015
5700 3.1483620405405426
5722 3.3609234825242154
5736 2.8088549002241754
5750 5.206750173022546
5760 6.9985096422506015
5794 9.602570129828763
5795 12.67776276003246
5796 5.8998973535824915
5800 17.699692060747473
5807 4.00277736869661
5905 1.7835738846416156
5955 7.302484352348294
5973 1.4770487243883548
6043 1.5913378707904824
6072 4.22592092001082
6088 1.2146844599208637
6131 4.359452312635343
6147 4.00277736869661
6151 2.815045323479489
6156 1.8000126109847754
6216 2.3933394562625097
6235 1.2270685191205855
6262 3.4431615807611875
6313 10.778143459633002
6377 5.389071729816501
6393 4.22592092001082
6402 1.4112609838503516
6413 6.9985096422506015
6433 0.5154022907934025
6583 2.588834253506587
6754 2.4049037829704587
6810 6.305362461690656
6878 8.566124747577206
6898 6.48668320589737
6919 5.69024215641714
7046 5.389071729816501
7060 4.108137884354437
7104 -2.6539516666051686
7152 3.8204558119026557
7286 4.2337829515510546
7306 2.4876501357337513
7534 1.242767428663689
7578 0.5215372793609184
7586 4.433560284789064
7591 2.0426825846493406
7622 2.764403137653342
7742 5.389071729816501
7781 5.208120975156325
7813 1.0145733615634107
7834 3.5327737394508745
7864 7.004004161568242
7904 4.42203579893711
7942 4.165296298194385
7963 14.403855194743144
7968 3.047265923669174
8096 1.4533321977710387
8153 2.8396265588909295
8182 2.681021528714291
8208 7.726030852642903
8256 3.3607792968127694
8337 7.820338101325418
8439 0.4690908039883759
8683 3.3607792968127694
8708 1.4810567457858934
8710 0.551203779709388
8731 2.0286963426746007
8788 2.146479378330984
8801 4.919068100570765
8870 3.7026727762462723
8928 1.3355491621146554
8978 1.6140145794615122
8979 1.7890234894091803
9122 1.3744921360632627
9151 1.258716730071367
9164 3.597312260588446
9365 1.4972514317058743
9372 2.3256808077886952
9491 5.8998973535824915
9573 3.3096301881366648
9645 4.043551799660054
9680 3.597312260588446
9711 1.8686109273275278
9733 1.0850066366123312
9755 10.413500346045092
9765 1.7835738846416156
9970 0.9675939027561428
10146 4.05407066308416
10152 5.8998973535824915
10161 3.6312138122641273
10200 4.695924549256556
10307 2.5676928434072877
10325 1.8925641683500207
10326 0.5230769255465112
10329 -0.4201813914191953
10434 6.9985096422506015
10456 2.8553749158590684
10608 5.206750173022546
10661 3.3349479961209547
10805 3.666305132075397
10854 10.893641436792382
10867 1.4533321977710387
10868 -0.18536107281185138
10905 4.695924549256556
10906 6.106995035972082
10910 4.695924549256556
10973 2.7938170228596353
11023 1.2880826248757316
11032 1.087712998210074
11037 4.05407066308416
11110 1.6204910383360227
11120 25.26299746597644
11137 0.8870423027479227
11165 2.1863252868781835
11170 2.5676928434072877
11218 0.5720211847929105
11297 4.600614369452231
11299 -0.5211827618659379
11302 13.88859647053776
11304 1.2054960338664575
11344 3.1483620405405426
11416 2.1782280766455644
11435 6.305362461690656
11438 3.3349479961209547
11443 3.260840023967233
11445 3.740413104229119
11450 4.524622387712212
11473 5.206750173022546
11503 2.8876357780772897
11520 3.1066893441399746
11522 2.555858385760285
11591 2.7218435232345457
11607 5.8998973535824915
11754 6.383694304960563
11790 2.2449194511442365
11836 4.74707365793266
11870 3.5645224377654547
11900 2.049749751872433
11944 5.206750173022546
11969 1.5164675941596633
11990 4.108137884354437
12034 4.662007760734267
12043 2.498699971920336
12060 1.5220460903190904
12128 4.359452312635343
12137 2.498699971920336
12175 2.955458374416051
12377 1.3460204619819507
12610 4.847597327494437
12674 1.5779746429783155
12679 1.5958322603783217
12708 6.383329041513287
12723 2.288979440938267
12741 4.05407066308416
12772 3.773043707788116
12773 3.530470067070269
12783 3.7972864288528054
12823 1.034930298632155
12826 2.5238746895428186
12853 1.152070867192877
13037 10.778143459633002
13045 5.659565561682174
13080 0.8123010183501074
13200 6.305362461690656
13225 6.305362461690656
13226 6.9985096422506015
13353 1.961557039836972
13399 3.086486636822455
13411 2.8088549002241754
13438 2.555858385760285
13553 -1.4818430397767681
13635 5.612215281130711
13801 3.6312138122641273
13812 4.165296298194385
13843 4.356456153291129
13891 1.2131850577159984
13901 6.9985096422506015
13969 4.695924549256556
14008 2.001297368486486
14044 1.4611753752320646
14093 2.973157951515452
14135 2.3541187431092285
14174 1.7945029551738059
14198 3.047265923669174
14208 2.3747372985478017
14237 -0.6972483483041599
14267 -0.3823693933135151
14298 14.087773647769666
14352 1.8928409466523688
14381 0.2288676653980985
14431 1.034930298632155
14446 4.8012850649143815
14607 6.9985096422506015
14717 4.695924549256556
14932 5.052599493195288
15181 1.751485570090115
15209 5.159338068908006
15332 -13.970805571310581
15341 0.7959741250626788
15397 6.003892105459458
15413 1.2781978656431896
15418 2.1233123190494494
15424 1.8111238364098463
15471 0.6940608398286201
15551 1.1578679848772029
15555 24.595340502853826
15576 3.009525595686327
15614 7.726030852642903
15625 5.389071729816501
15646 6.9985096422506015
15651 2.2754468375694707
15669 2.162227735299123
15672 1.4550424207846036
15771 0.06928714438394819
15805 2.008077055471865
