161
174 1.6232312345664361
327 2.20271909665386
422 2.66777630196427
607 2.5211728277723946
2038 1.880515829833846
2053 4.165296298194385
2224 1.981229805435677
2233 3.260840023967233
2271 0.34178311807220957
2321 7.726030852642903
2357 1.1873686492739008
2475 5.612215281130711
2506 3.1483620405405426
2705 1.6657908489852322
2935 0.6320391945191633
3048 2.5098732725184614
3052 3.2373095265570386
3057 2.236335707452845
3228 3.9074671888922854
3299 5.612215281130711
3334 6.9985096422506015
3496 5.389071729816501
3506 0.8205655282000008
3578 0.6015799870344548
3700 1.2947271675944
3804 2.750014400201242
3840 1.2980660688599148
3901 2.363780654020965
3949 2.7790019370744945
4021 1.5054481989100525
4053 -0.2990403008364371
4070 1.1068654304248302
4123 4.919068100570765
4223 2.1863252868781835
4237 3.1918471524802814
4318 5.206750173022546
4341 2.6547042203969173
4412 3.086486636822455
4417 6.383694304960563
4425 4.996466625369392
4507 4.59605855291637
4536 2.70805020110221
4562 3.3096301881366648
4613 2.211017899468555
4773 4.108137884354437
4876 2.2449194511442365
4964 1.127926246926296
5065 2.735829765209286
5246 4.513602992462601
5339 1.1784267118982394
5359 6.305362461690656
5443 2.9041650800285006
5623 6.9985096422506015
5700 3.1483620405405426
5841 8.580918882296782
5905 1.7835738846416156
5959 3.47214911763444
6136 2.91449219418435
6156 1.8000126109847754
6411 2.434161450782765
6539 4.86832290156553
6576 3.666305132075397
6586 2.288979440938267
6639 6.9985096422506015
6674 6.9985096422506015
6675 2.5098732725184614
7065 5.208120975156325
7104 -1.3269758333025843
7555 3.740413104229119
7578 1.5646118380827554
7602 4.695924549256556
7813 1.0145733615634107
7887 2.973157951515452
8090 2.236335707452845
8096 1.4533321977710387
8142 2.9041650800285006
8268 4.433560284789064
8326 4.695924549256556
8439 0.4690908039883759
8447 3.9074671888922854
8469 6.305362461690656
8683 1.6803896484063847
8710 0.551203779709388
8723 1.5262389685791264
8736 2.3867493466682252
8769 4.433560284789064
8869 2.1782280766455644
8886 1.3081501879265407
8954 3.5645224377654547
9087 5.8998973535824915
9108 4.359452312635343
9327 3.4431615807611875
9454 3.1698682457615064
9504 3.5327737394508745
9547 2.6418008155610093
9554 1.271661894663404
9661 8.45184184002164
9733 2.1700132732246624
9836 3.666305132075397
9970 0.4837969513780714
9978 4.05407066308416
10001 4.128071418239819
10154 3.3609234825242154
10189 4.433560284789064
10323 8.216275768708874
10326 1.0461538510930224
10329 -0.4201813914191953
10393 1.9746291214043248
10729 6.117743264096877
10749 1.1754637467675824
10849 2.938066631704182
10897 4.00277736869661
10971 3.502002080784121
11051 5.8419443966897635
11117 4.695924549256556
11218 1.144042369585821
11299 -2.6059138093296896
11304 1.2054960338664575
11443 3.260840023967233
11453 1.3637200390813515
11677 1.7255100836868542
11717 2.938066631704182
11952 1.5958322603783217
12022 0.40409618250082274
12040 3.5645224377654547
12303 3.666305132075397
12328 4.8012850649143815
12435 3.8204558119026557
12455 -0.4305173317360804
12708 1.5958322603783217
12717 1.1998294154307871
12790 1.5095719160939147
12823 2.06986059726431
12871 6.9985096422506015
12960 3.1918471524802814
12972 2.8553749158590684
13208 1.3115342859107813
13353 1.961557039836972
13428 6.9985096422506015
13471 2.6040604875781623
13547 1.6003469407328483
13791 3.047265923669174
13891 0.6065925288579992
13926 3.260840023967233
14153 2.4876501357337513
14416 3.0958048519009655
14455 1.637217476541176
14463 1.67063347346102
14918 3.5327737394508745
15170 4.695924549256556
15332 -9.313870380873722
15341 0.7959741250626788
15411 4.8012850649143815
15413 2.556395731286379
15466 4.919068100570765
15471 0.6940608398286201
15551 1.1578679848772029
15553 3.3096301881366648
15578 1.7945029551738059
15709 2.1863252868781835
15771 0.09238285917859758
