279
5 4.513602992462601
19 4.165296298194385
35 5.052599493195288
194 1.5399972773188362
356 2.591790394986348
422 2.66777630196427
480 4.359452312635343
491 6.213378688279949
492 3.3609234825242154
496 2.2800107709555064
592 2.4446327506500602
631 4.00277736869661
646 2.219386149139072
702 3.7796338173824005
716 4.513602992462601
751 4.22592092001082
810 2.8396265588909295
854 4.290459441148391
1838 3.414990703794491
1891 4.600614369452231
1922 1.6952047341915255
1957 1.8223599096767722
1960 3.1483620405405426
1997 3.009525595686327
2042 3.7796338173824005
2053 4.165296298194385
2068 6.721846965048431
2070 1.4730567031188173
2149 4.695924549256556
2247 2.219386149139072
2334 0.7939518796819108
2450 -1.2217137914072214
2476 6.9985096422506015
2492 3.047265923669174
2506 15.741810202702712
2573 6.9985096422506015
2597 4.231415439328461
2639 2.6040604875781623
2645 2.591790394986348
2674 1.0272478024601386
2705 1.6657908489852322
2771 4.919068100570765
2882 6.9985096422506015
3090 3.047265923669174
3171 5.389071729816501
3228 3.9074671888922854
3299 5.612215281130711
3355 4.695924549256556
3395 4.695924549256556
3407 2.085854756514549
3506 0.8205655282000008
3598 2.3332543299341686
3803 4.05407066308416
3804 5.500028800402484
3814 2.236335707452845
3840 2.5961321377198296
3893 5.206750173022546
3901 2.363780654020965
3923 3.1273086313427103
3949 2.7790019370744945
3974 3.3875917296063767
3981 3.3609234825242154
4053 -0.6728406768819836
4123 4.919068100570765
4132 4.695924549256556
4223 4.372650573756367
4237 6.383694304960563
4241 2.4033897921160112
4275 4.165296298194385
4333 5.8604806140923245
4366 3.975748696308691
4425 12.49116656342348
4507 2.298029276458185
4587 5.389071729816501
4710 6.305362461690656
4750 0.33155284982139466
4773 4.108137884354437
4929 5.8998973535824915
4940 4.513602992462601
4964 1.127926246926296
4989 2.6710983242293107
5116 1.961557039836972
5156 2.211017899468555
5172 4.513602992462601
5209 5.612215281130711
5232 3.3096301881366648
5272 3.597312260588446
5359 6.305362461690656
5443 8.712495240085502
5737 3.740413104229119
5841 17.161837764593564
5851 4.00277736869661
5934 2.8876357780772897
5955 4.86832290156553
5957 6.9985096422506015
5966 3.4431615807611875
5980 3.8630154263214513
6146 4.919068100570765
6168 4.290459441148391
6219 4.59605855291637
6228 1.2947271675944
6236 2.9209721983448818
6262 3.4431615807611875
6411 4.86832290156553
6539 2.434161450782765
6541 5.206750173022546
6553 3.8204558119026557
6583 2.588834253506587
6586 6.866938322814802
6675 5.019746545036923
6688 1.8925641683500207
6802 3.47214911763444
6811 6.9985096422506015
6819 5.145917740537838
6908 0.33537694625979814
6947 6.9985096422506015
7065 5.208120975156325
7104 -0.6634879166512921
7150 5.612215281130711
7165 5.206750173022546
7181 3.260840023967233
7286 1.4112609838503516
7344 1.6325336272287498
7431 2.6040604875781623
7452 4.513602992462601
7490 3.414990703794491
7555 3.740413104229119
7578 3.129223676165511
7602 9.391849098513111
7713 3.1066893441399746
7767 6.829981407588982
7813 4.058293446253643
7887 5.946315903030904
7936 4.359452312635343
7942 4.165296298194385
8032 1.5324768712979722
8043 3.461302966374546
8051 6.9985096422506015
8142 2.9041650800285006
8153 2.8396265588909295
8301 2.413542163580029
8326 4.695924549256556
8337 3.910169050662709
8394 6.9985096422506015
8643 2.001297368486486
8683 1.6803896484063847
8708 1.4810567457858934
8712 3.3349479961209547
8749 6.133368019052551
8869 4.356456153291129
8880 1.67063347346102
8898 3.3875917296063767
8904 2.1863252868781835
8946 2.7218435232345457
8954 3.5645224377654547
8993 2.973157951515452
8998 5.052599493195288
9061 3.6312138122641273
9106 2.1700132732246624
9108 4.359452312635343
9151 1.258716730071367
9162 4.8012850649143815
9170 0.6116303228879563
9210 5.612215281130711
9230 3.3096301881366648
9279 6.9985096422506015
9327 6.886323161522375
9347 11.224430562261421
9353 2.476721065201561
9356 4.290459441148391
9384 2.6710983242293107
9408 4.165296298194385
9454 3.1698682457615064
9504 3.5327737394508745
9547 5.283601631122019
9588 8.718904625270685
9597 3.1273086313427103
9675 4.108137884354437
9733 4.340026546449325
9807 3.1698682457615064
10182 5.206750173022546
10215 4.695924549256556
10278 3.2849375755462935
10279 4.433560284789064
10294 5.41610040220442
10324 4.00277736869661
10329 -0.4201813914191953
10359 6.9985096422506015
10393 3.9492582428086496
10399 6.305362461690656
10414 6.9985096422506015
10437 2.7345957208584712
10443 2.4876501357337513
10594 5.612215281130711
10658 2.9041650800285006
10659 3.4431615807611875
10729 14.274734282892712
10748 3.5327737394508745
10749 1.1754637467675824
10751 1.5879037593638217
10770 2.4876501357337513
10868 -0.7414442912474055
10890 6.9985096422506015
10906 2.035665011990694
10930 3.502002080784121
10957 4.433560284789064
11051 5.8419443966897635
11110 0.8102455191680114
11170 2.5676928434072877
11207 6.305362461690656
11218 1.144042369585821
11282 6.9985096422506015
11299 -3.1270965711956276
11304 1.2054960338664575
11347 3.3492092822220987
11375 2.681021528714291
11386 2.1157077196642304
11418 3.597312260588446
11444 4.86832290156553
11461 2.146479378330984
11696 3.2373095265570386
11717 2.938066631704182
11781 2.591790394986348
11788 3.3096301881366648
11816 3.8592108800607394
11890 6.305362461690656
11917 4.433560284789064
11945 1.9550845253313545
11950 4.433560284789064
12042 2.6418008155610093
12043 2.498699971920336
12122 1.1963912668735384
12179 5.8998973535824915
12204 9.027205984925201
12256 5.206750173022546
12277 3.1273086313427103
12292 7.563518483317184
12328 14.403855194743144
12447 2.8396265588909295
12597 24.32442397850496
12599 9.391849098513111
12677 7.907974409054357
12708 1.5958322603783217
12790 15.095719160939147
12797 2.7218435232345457
12823 3.104790895896465
12833 0.9630282097258448
12853 1.152070867192877
13051 6.9985096422506015
13123 6.9985096422506015
13222 6.829981407588982
13412 2.5098732725184614
13579 4.919068100570765
13781 3.8204558119026557
13926 3.260840023967233
14093 2.973157951515452
14237 -0.6972483483041599
14540 5.052599493195288
14556 2.8876357780772897
14590 1.8337236683270872
14736 14.403855194743144
14998 3.5645224377654547
15063 3.2373095265570386
15076 3.21432000833234
15146 4.290459441148391
15240 3.414990703794491
15242 3.414990703794491
15259 1.3320829541381691
15332 -35.70316979334926
15341 0.7959741250626788
15466 4.919068100570765
15551 3.4736039546316086
15553 9.928890564409993
15650 4.261950383590038
15669 2.162227735299123
15704 3.7026727762462723
15771 0.09238285917859758
15805 2.008077055471865
15816 3.9539872045271784
