73
2036 1.9486536350010641
2269 1.8686109273275278
2434 4.827084327160058
2567 5.145917740537838
2645 5.183580789972696
2667 3.9074671888922854
2964 1.800870720168722
3046 2.9911764570181303
3506 3.2822621128000034
3681 6.9985096422506015
3804 2.750014400201242
3923 3.1273086313427103
3945 5.612215281130711
4223 2.1863252868781835
4309 2.681021528714291
4909 1.4690805547391779
5510 4.108137884354437
5630 0.11915383779016203
5685 3.9074671888922854
5776 4.919068100570765
5795 4.22592092001082
5807 4.00277736869661
5973 1.4770487243883548
6583 0.8629447511688624
6754 2.4049037829704587
6776 1.942263836902293
6810 6.305362461690656
6919 5.69024215641714
6970 4.372650573756367
7046 5.389071729816501
7104 -1.3269758333025843
7286 1.4112609838503516
8153 2.8396265588909295
8182 2.681021528714291
8208 7.726030852642903
8242 6.106995035972082
8256 1.6803896484063847
8337 1.9550845253313545
8660 1.675499663112193
8683 1.6803896484063847
8801 4.919068100570765
8890 2.2800107709555064
9151 1.258716730071367
9372 2.3256808077886952
9645 2.021775899830027
9733 1.0850066366123312
9765 1.7835738846416156
9830 5.389071729816501
9970 0.4837969513780714
10161 3.6312138122641273
10326 0.5230769255465112
10445 6.775183459212753
10538 4.8012850649143815
11112 5.8998973535824915
11287 2.0286963426746007
11299 -0.5211827618659379
11339 4.00277736869661
11450 2.262311193856106
11754 3.1918471524802814
12034 0.9324015521468534
12679 1.5958322603783217
12741 4.05407066308416
12773 1.7652350335351346
13527 2.049749751872433
13745 5.206750173022546
14208 1.1873686492739008
14267 -0.3823693933135151
15017 5.8998973535824915
15247 2.498699971920336
15332 -3.1046234602912404
15555 9.83813620114153
15576 3.009525595686327
15771 0.023095714794649395
