40
194 0.7699986386594181
254 2.498699971920336
389 1.6419233675785887
496 2.2800107709555064
854 4.290459441148391
2901 3.3349479961209547
3804 2.750014400201242
3840 1.2980660688599148
4029 2.9041650800285006
4053 -0.14952015041821856
4223 2.1863252868781835
4366 1.9878743481543455
4425 3.7473499690270438
4481 2.146479378330984
4559 6.9985096422506015
4616 3.7851283367000415
4773 4.108137884354437
5326 3.1483620405405426
6236 2.9209721983448818
6539 2.434161450782765
7065 2.6040604875781623
7104 -0.6634879166512921
7578 1.0430745587218369
8153 2.8396265588909295
8708 1.4810567457858934
8925 3.5327737394508745
9108 4.359452312635343
9384 1.3355491621146554
9733 1.0850066366123312
10729 2.039247754698959
11051 2.9209721983448818
11299 -1.0423655237318759
11347 0.8373023205555247
12028 2.591790394986348
12328 4.8012850649143815
12790 1.5095719160939147
12853 1.152070867192877
15332 -3.1046234602912404
15341 0.7959741250626788
15685 0.8716404581364162
