256
5 4.513602992462601
25 6.9985096422506015
57 3.7796338173824005
194 1.5399972773188362
254 2.498699971920336
389 1.6419233675785887
422 2.66777630196427
428 5.8998973535824915
492 3.3609234825242154
496 2.2800107709555064
500 2.1701959049483
592 2.4446327506500602
631 4.00277736869661
751 4.22592092001082
888 4.05407066308416
1060 0.06216690641655154
1069 6.9985096422506015
1076 6.9985096422506015
1379 2.1481658635875345
1916 14.757204301712296
1922 5.085614202574576
1928 2.4876501357337513
1957 1.8223599096767722
2053 8.33059259638877
2149 4.695924549256556
2351 1.5647876386963615
2424 4.438772298278144
2450 -0.6108568957036107
2475 11.224430562261421
2482 6.305362461690656
2492 3.047265923669174
2503 4.8012850649143815
2506 12.59344816216217
2507 6.9985096422506015
2534 3.2373095265570386
2597 2.1157077196642304
2639 2.6040604875781623
2893 2.5098732725184614
2920 0.6795415285041667
2940 1.6278716141229383
2964 0.900435360084361
3005 3.6312138122641273
3085 4.919068100570765
3299 5.612215281130711
3448 3.1273086313427103
3449 0.9823524825522477
3469 10.778143459633002
3516 2.0785287164224764
3598 1.1666271649670843
3700 3.8841815027832003
3804 2.750014400201242
3814 2.236335707452845
3894 6.305362461690656
3896 1.403798262648762
4029 2.9041650800285006
4053 -0.5980806016728742
4223 2.1863252868781835
4237 3.1918471524802814
4241 2.4033897921160112
4405 1.3460204619819507
4425 2.498233312684696
4481 4.292958756661968
4504 7.262427624528255
4507 2.298029276458185
4537 2.039247754698959
4593 3.9074671888922854
4729 6.9985096422506015
4750 0.6631056996427893
4757 6.305362461690656
4773 4.108137884354437
4871 2.4876501357337513
4878 1.3672978604292356
4964 1.127926246926296
5019 4.290459441148391
5273 3.21432000833234
5340 3.3349479961209547
5406 4.513602992462601
5414 2.8876357780772897
5443 8.712495240085502
5484 0.9464204733261844
5517 1.6232312345664361
5518 1.5868635903955612
5581 3.0666840095262753
5651 4.600614369452231
5711 2.6290617897835795
5766 6.305362461690656
5772 6.9985096422506015
5841 25.742756646890346
5891 3.1273086313427103
5955 2.434161450782765
6012 3.740413104229119
6135 6.9985096422506015
6151 2.815045323479489
6156 1.8000126109847754
6164 2.6290617897835795
6219 4.59605855291637
6228 2.5894543351888
6234 2.6290617897835795
6236 5.8419443966897635
6358 4.290459441148391
6539 2.434161450782765
6548 2.0785287164224764
6583 0.8629447511688624
6633 5.617709800448351
6675 2.5098732725184614
6802 3.47214911763444
6873 6.9985096422506015
6898 2.162227735299123
6919 2.84512107820857
6953 2.681021528714291
6970 2.1863252868781835
7025 2.0190964507214755
7065 2.6040604875781623
7152 3.8204558119026557
7286 1.4112609838503516
7490 3.414990703794491
7497 0.7014003223166658
7578 1.5646118380827554
7606 6.9985096422506015
7658 5.8998973535824915
7659 5.206750173022546
7703 4.8012850649143815
7716 5.389071729816501
7813 3.043720084690232
7838 4.216321028057695
7887 2.973157951515452
7917 3.414990703794491
7936 4.359452312635343
8007 1.904759441443839
8032 1.0216512475319814
8096 1.4533321977710387
8107 5.206750173022546
8153 2.8396265588909295
8301 7.2406264907400875
8306 3.7026727762462723
8331 4.00277736869661
8335 5.206750173022546
8683 5.041168945219154
8695 1.9550845253313545
8731 2.0286963426746007
8745 2.5441623459970937
8762 4.8012850649143815
8763 5.612215281130711
8764 6.9985096422506015
8784 2.146479378330984
8880 1.67063347346102
8904 2.1863252868781835
8928 1.3355491621146554
8979 1.7890234894091803
8998 5.052599493195288
9108 4.359452312635343
9162 9.602570129828763
9327 3.4431615807611875
9347 5.612215281130711
9393 1.060973437168175
9454 3.1698682457615064
9504 7.065547478901749
9547 2.6418008155610093
9554 1.271661894663404
9588 8.718904625270685
9659 6.305362461690656
9675 4.108137884354437
9733 4.340026546449325
9970 0.4837969513780714
10008 4.113734439282593
10046 5.389071729816501
10286 5.206750173022546
10326 0.5230769255465112
10329 -0.21009069570959765
10422 0.7087940713416041
10443 2.4876501357337513
10532 2.9209721983448818
10608 5.206750173022546
10658 2.9041650800285006
10729 8.156991018795836
10748 3.5327737394508745
10751 0.7939518796819108
10868 -0.18536107281185138
10906 2.035665011990694
10930 3.502002080784121
11032 1.087712998210074
11050 3.9539872045271784
11051 5.8419443966897635
11052 7.480826208458238
11106 2.021775899830027
11110 0.8102455191680114
11207 6.305362461690656
11218 1.144042369585821
11270 4.05407066308416
11287 2.0286963426746007
11299 -1.5635482855978138
11304 1.2054960338664575
11305 2.0640357091199095
11347 5.023813923333148
11377 3.414990703794491
11393 3.2849375755462935
11444 4.86832290156553
11481 1.6186122887101415
11696 3.2373095265570386
11816 3.8592108800607394
11889 2.7790019370744945
11968 6.305362461690656
12034 1.8648031042937068
12135 3.740413104229119
12179 5.8998973535824915
12204 9.027205984925201
12256 10.413500346045092
12292 2.5211728277723946
12328 19.205140259657526
12578 2.4237986637472186
12597 40.540706630841605
12708 1.5958322603783217
12723 2.288979440938267
12772 3.773043707788116
12790 12.076575328751318
12823 1.034930298632155
13001 1.4730567031188173
13072 5.389071729816501
13122 5.612215281130711
13211 6.9985096422506015
13222 3.414990703794491
13440 2.9540974487767095
13553 -0.37046075994419203
13718 1.3425178314307487
13769 3.1273086313427103
13791 3.047265923669174
13891 0.6065925288579992
13913 2.8396265588909295
13926 3.260840023967233
14008 2.001297368486486
14098 6.305362461690656
14135 2.3541187431092285
14172 4.8012850649143815
14174 1.7945029551738059
14267 -0.7647387866270302
14380 4.22592092001082
14507 1.8510151654371483
14588 2.0785287164224764
14590 3.6674473366541744
14736 4.8012850649143815
15037 2.3163784151263815
15076 3.21432000833234
15233 5.8998973535824915
15242 3.414990703794491
15332 -15.523117301456201
15341 0.7959741250626788
15363 2.555858385760285
15413 1.2781978656431896
15471 0.6940608398286201
15479 4.433560284789064
15551 2.3157359697544058
15553 3.3096301881366648
15650 6.392925575385057
15672 0.7275212103923018
15735 2.938066631704182
15771 0.09238285917859758
