54
716 4.513602992462601
1957 1.8223599096767722
2536 1.7835738846416156
2631 0.8516879889706869
3068 1.3460204619819507
3215 1.179961702382206
3759 2.4033897921160112
3896 1.403798262648762
4004 7.333898251950181
4053 -0.07476007520910928
4511 6.9985096422506015
5040 1.4378280112350734
5046 2.236335707452845
5484 0.9464204733261844
5964 3.1273086313427103
6064 2.138697237888929
7813 1.0145733615634107
7997 3.8204558119026557
8078 1.9359146092236343
8167 7.262427624528255
8271 4.513602992462601
8272 5.612215281130711
8582 1.3781087765334512
8720 6.305362461690656
8856 2.3163784151263815
9343 3.8630154263214513
9550 6.9985096422506015
9557 4.290459441148391
9864 9.027205984925201
9895 2.288979440938267
9990 0.5671785603171224
10287 3.009525595686327
10307 2.5676928434072877
10329 -0.4201813914191953
10503 2.413542163580029
11023 1.2880826248757316
11032 3.263138994630222
11170 2.5676928434072877
11682 5.612215281130711
12175 2.955458374416051
12455 -0.8610346634721608
12554 1.6609715625492831
12946 0.5932811842197597
13094 3.1918471524802814
13553 -0.37046075994419203
13823 4.433560284789064
13930 1.3601549729168554
14078 2.5098732725184614
14196 2.511906961666574
14356 5.389071729816501
14431 1.034930298632155
14906 0.4013639403639497
15413 1.2781978656431896
15783 0.9616767386766525
