262
194 0.7699986386594181
209 1.7001922757025645
241 1.6902419448493964
327 4.40543819330772
397 6.9985096422506015
401 3.1698682457615064
569 3.0282177286984795
592 4.8892655013001205
612 6.305362461690656
638 3.502002080784121
657 2.0640357091199095
698 4.22592092001082
705 3.9074671888922854
787 4.071330023981388
822 4.05407066308416
874 6.569875151092587
966 5.612215281130711
1018 3.7796338173824005
1060 0.06216690641655154
1322 5.8998973535824915
1390 3.260840023967233
1686 4.619860900876966
1750 2.2137308608496604
1839 2.093234863812172
1884 1.9486536350010641
1893 1.7567626271909589
1896 1.7835738846416156
1938 2.66777630196427
1972 6.9985096422506015
2162 9.50960473728452
2224 1.981229805435677
2240 1.65617539028579
2351 1.5647876386963615
2357 1.1873686492739008
2380 3.7796338173824005
2444 3.666305132075397
2505 6.9985096422506015
2585 3.9074671888922854
2590 6.9985096422506015
2796 4.670141096277068
2862 1.4690805547391779
2935 0.6320391945191633
2940 1.6278716141229383
2959 1.1873686492739008
3052 6.474619053114077
3215 0.589980851191103
3249 5.500028800402484
3254 5.612215281130711
3296 3.597312260588446
3340 5.8998973535824915
3578 1.2031599740689096
3597 5.775271556154579
3598 1.1666271649670843
3635 1.5779746429783155
3646 2.5676928434072877
3709 2.9041650800285006
3759 2.4033897921160112
3820 3.5780469788183606
4070 1.1068654304248302
4110 8.293209412960024
4205 3.666305132075397
4219 1.7567626271909589
4261 4.524622387712212
4282 5.710749831718137
4381 2.0149030205422647
4416 2.727440078162703
4437 2.4033897921160112
4481 2.146479378330984
4522 0.5207142953092883
4534 4.433560284789064
4563 4.695924549256556
4586 3.009525595686327
4613 4.42203579893711
4750 0.6631056996427893
4878 1.3672978604292356
4909 5.8763222189567115
4964 2.255852493852592
5020 3.21432000833234
5033 2.1233123190494494
5203 5.052599493195288
5224 4.600614369452231
5264 5.052599493195288
5293 3.4431615807611875
5412 8.580918882296782
5484 0.9464204733261844
5630 0.8340768645311343
5716 4.695924549256556
5852 2.4876501357337513
5861 8.250043200603727
5872 2.5441623459970937
5901 2.455214859980597
5973 4.4311461731650645
6015 3.1918471524802814
6049 2.035665011990694
6164 2.6290617897835795
6402 1.4112609838503516
6433 2.06160916317361
6548 2.0785287164224764
6555 2.9911764570181303
6908 1.0061308387793944
6970 2.1863252868781835
7104 -0.6634879166512921
7118 3.1273086313427103
7219 5.612215281130711
7286 2.822521967700703
7569 1.0170954309961207
7614 2.5676928434072877
7633 1.8745456628473423
7742 5.389071729816501
7757 4.22592092001082
7813 1.0145733615634107
7838 2.1081605140288473
7845 4.847597327494437
7846 2.7218435232345457
7904 6.633053698405666
8026 5.052599493195288
8167 3.6312138122641273
8242 2.035665011990694
8262 2.0712559570933964
8307 4.433560284789064
8391 2.555858385760285
8504 5.612215281130711
8514 12.048462332831189
8518 6.9985096422506015
8523 6.530693721339903
8648 2.434161450782765
8683 1.6803896484063847
8710 2.204815118837552
8712 3.3349479961209547
8731 4.0573926853492015
8736 1.1933746733341126
8751 3.8630154263214513
8789 5.612215281130711
8886 1.3081501879265407
8890 2.2800107709555064
8912 6.9985096422506015
8976 9.391849098513111
8978 1.6140145794615122
9110 2.035665011990694
9122 5.497968544253051
9170 0.6116303228879563
9229 2.3933394562625097
9235 4.359452312635343
9534 2.750014400201242
9554 1.271661894663404
9559 -0.9983873262596871
9589 1.3115342859107813
9609 4.8012850649143815
9641 2.6418008155610093
9665 6.9985096422506015
9719 4.290459441148391
9794 4.600614369452231
9818 6.42864001666468
9979 2.3933394562625097
10044 5.052599493195288
10056 4.359452312635343
10114 1.3014161557451966
10191 4.433560284789064
10287 3.009525595686327
10306 2.15432255579201
10329 -0.21009069570959765
10395 6.9985096422506015
10422 0.7087940713416041
10447 1.2198964734099427
10487 1.981229805435677
10629 3.7026727762462723
10742 8.945117447045902
10749 1.1754637467675824
10751 12.703230074910573
10846 6.9985096422506015
10868 -0.37072214562370276
10872 11.234174671287677
10884 3.502002080784121
10981 3.086486636822455
11102 0.6652300141109108
11116 1.9109133070182172
11139 2.87137525720551
11218 1.7160635543787315
11299 -1.5635482855978138
11334 1.994563336305142
11351 4.8012850649143815
11362 12.008332106089831
11363 6.9985096422506015
11379 2.0426825846493406
11402 4.433560284789064
11416 2.1782280766455644
11443 3.260840023967233
11450 4.524622387712212
11453 1.3637200390813515
11463 3.47214911763444
11644 3.5327737394508745
11746 6.9985096422506015
11835 4.8012850649143815
11889 2.7790019370744945
11900 6.149249255617299
11907 2.434161450782765
11908 1.5346778372249912
11969 0.7582337970798316
11990 4.108137884354437
12070 2.87137525720551
12093 13.443117187251078
12145 3.1918471524802814
12210 3.1698682457615064
12383 1.2523064517104479
12391 3.1918471524802814
12553 3.214750848840571
12679 7.979161301891608
12717 1.1998294154307871
12796 2.9209721983448818
12801 3.8218266140364343
12803 15.000920429894867
12805 9.284230428739708
12833 0.9630282097258448
12854 6.9985096422506015
12942 3.9539872045271784
12978 2.383389125409342
12991 3.1066893441399746
13001 2.9461134062376346
13003 8.867120569578129
13080 0.8123010183501074
13088 2.7790019370744945
13189 1.8745456628473423
13272 11.116007748297978
13359 5.258123579567159
13553 -0.7409215198883841
13672 1.5262389685791264
13750 4.324455470598246
13761 2.6040604875781623
13843 2.1782280766455644
13867 2.175425996420148
13913 2.8396265588909295
13930 1.3601549729168554
13961 4.00277736869661
14019 5.206750173022546
14136 1.4810567457858934
14194 3.7026727762462723
14237 -2.09174504491248
14553 4.359452312635343
14597 3.2849375755462935
14606 3.6312138122641273
14686 3.414990703794491
14718 5.389071729816501
14749 5.8998973535824915
14847 6.305362461690656
14907 7.1290448755309095
15192 1.489121305622624
15292 2.211017899468555
15306 2.8799528723390266
15323 5.389071729816501
15326 3.2373095265570386
15332 -12.418493841164961
15373 1.628721502626236
15578 1.7945029551738059
15595 1.3320829541381691
15651 3.4131702563542063
15672 0.7275212103923018
15771 0.09238285917859758
15827 5.732739921054652
15828 4.372591176784123
15841 5.206750173022546
15848 6.9985096422506015
15862 3.9074671888922854
