231
174 3.2464624691328723
465 5.052599493195288
485 3.8630154263214513
842 4.433560284789064
1871 3.5645224377654547
1884 1.9486536350010641
1893 3.5135252543819178
1902 2.0149030205422647
1923 2.211017899468555
1977 2.6040604875781623
2064 1.5647876386963615
2178 5.612215281130711
2331 3.6312138122641273
2421 1.5431885268928998
2450 -2.4434275828144427
2638 2.130975191795019
2920 1.3590830570083334
2935 0.6320391945191633
2940 1.6278716141229383
2947 5.052599493195288
2959 5.936843246369504
3254 11.224430562261421
3404 4.93182029819469
3449 1.9647049651044954
3578 0.6015799870344548
3635 1.5779746429783155
3657 2.6164830075767194
3759 2.4033897921160112
3982 1.0769312226067855
4038 6.305362461690656
4097 5.910916748832102
4219 1.7567626271909589
4232 2.3256808077886952
4331 3.3875917296063767
4366 1.9878743481543455
4368 4.22592092001082
4381 4.029806041084529
4405 1.3460204619819507
4419 4.359452312635343
4522 0.2603571476546441
4537 1.0196238773494795
4613 2.211017899468555
4621 2.7218435232345457
4646 1.8686109273275278
4750 0.33155284982139466
4765 2.8300266669378042
4777 4.359452312635343
4826 4.600614369452231
4912 1.9296054400303697
4963 9.573357825050039
4964 0.563963123463148
4970 3.9492582428086496
5014 2.3541187431092285
5110 1.8452180477528222
5116 1.961557039836972
5267 4.919068100570765
5590 1.4533321977710387
5630 0.3574615133704861
5735 3.502002080784121
5770 3.4431615807611875
5874 7.73900710336201
5889 4.8067795842320225
5901 2.455214859980597
5983 1.9878743481543455
6219 4.59605855291637
6228 1.2947271675944
6250 1.7727629685373998
6402 1.4112609838503516
6447 2.576165249751463
6721 2.383389125409342
6729 2.1944885975173447
6908 1.0061308387793944
7104 -1.3269758333025843
7197 3.461302966374546
7215 2.344549292093078
7296 6.305362461690656
7534 1.242767428663689
7569 1.0170954309961207
7614 2.5676928434072877
7700 7.405345552492545
7834 3.5327737394508745
7886 4.359452312635343
7949 2.5441623459970937
7969 3.5327737394508745
7991 1.3149298749119196
8007 1.904759441443839
8117 10.004843988362865
8242 2.035665011990694
8262 4.142511914186793
8268 8.867120569578129
8391 5.11171677152057
8523 5.079428449931035
8648 2.434161450782765
8683 3.3607792968127694
8690 2.7938170228596353
8710 1.102407559418776
8718 2.824122372354964
8723 1.5262389685791264
8784 2.146479378330984
8886 1.3081501879265407
8890 2.2800107709555064
8928 1.3355491621146554
8978 1.6140145794615122
9106 1.0850066366123312
9122 1.3744921360632627
9151 2.517433460142734
9170 0.6116303228879563
9175 3.597312260588446
9176 9.83813620114153
9285 3.047265923669174
9384 2.6710983242293107
9385 5.612215281130711
9428 2.498699971920336
9559 -0.7487904946947653
9589 2.6230685718215625
9682 5.052599493195288
9728 3.21432000833234
9733 1.0850066366123312
9786 3.1483620405405426
9970 0.4837969513780714
9974 3.8630154263214513
9979 2.3933394562625097
10029 2.4237986637472186
10030 2.413542163580029
10114 1.3014161557451966
10221 4.86832290156553
10325 1.8925641683500207
10422 0.7087940713416041
10447 5.489534130344742
10473 1.7781538171722764
10500 3.666305132075397
10583 4.433560284789064
10620 4.695924549256556
10742 7.156093957636721
10751 3.969759398409554
10825 2.0149030205422647
10868 -0.37072214562370276
10928 6.305362461690656
11023 1.2880826248757316
11032 2.175425996420148
11106 6.06532769949008
11110 3.2409820766720454
11168 1.2781978656431896
11218 2.288084739171642
11299 -2.6059138093296896
11406 2.6418008155610093
11409 7.004004161568242
11415 3.7796338173824005
11416 2.1782280766455644
11453 1.3637200390813515
11526 3.2838467351571774
11816 1.9296054400303697
11889 2.7790019370744945
11900 2.049749751872433
11907 9.73664580313106
11939 2.681021528714291
11945 1.9550845253313545
11969 0.7582337970798316
12022 0.40409618250082274
12122 1.1963912668735384
12377 1.3460204619819507
12383 1.2523064517104479
12404 2.970161792171238
12407 2.5055845146478797
12455 -1.076293329340201
12508 2.262311193856106
12610 2.4237986637472186
12736 3.414990703794491
12797 2.7218435232345457
12801 3.8218266140364343
12803 2.727440078162703
12832 3.3096301881366648
12833 0.9630282097258448
12996 4.22592092001082
13108 2.2800107709555064
13189 3.7490913256946845
13208 1.3115342859107813
13280 6.305362461690656
13390 2.236335707452845
13412 2.5098732725184614
13553 -0.37046075994419203
13613 1.8111238364098463
13681 2.498699971920336
13683 6.133368019052551
13718 2.6850356628614973
13761 2.6040604875781623
13891 4.8527402308639935
13904 3.5327737394508745
13953 4.919068100570765
14102 4.600614369452231
14136 1.4810567457858934
14153 4.9753002714675025
14237 -1.3944966966083199
14267 -0.3823693933135151
14309 1.5137127087599462
14357 2.476721065201561
14406 5.052599493195288
14416 1.5479024259504828
14431 1.034930298632155
14447 3.1483620405405426
14544 3.666305132075397
14546 2.8876357780772897
14563 2.6418008155610093
14597 3.2849375755462935
14639 6.9985096422506015
14682 1.5431885268928998
14784 6.9985096422506015
14888 6.9985096422506015
14901 2.5326015235960173
14918 3.5327737394508745
15100 5.8998973535824915
15192 1.489121305622624
15231 5.206750173022546
15241 1.7462362142039713
15278 2.465910149097345
15292 6.633053698405666
15306 0.7199882180847567
15332 -15.523117301456201
15373 0.814360751313118
15465 5.052599493195288
15471 0.6940608398286201
15517 5.659565561682174
15518 3.761031659667692
15578 1.7945029551738059
15629 5.389071729816501
15685 0.8716404581364162
15771 0.09238285917859758
15794 2.5676928434072877
15827 1.9109133070182172
15828 6.558886765176185
15829 3.7796338173824005
