78
496 2.2800107709555064
502 2.5676928434072877
639 5.8998973535824915
657 2.0640357091199095
925 5.8998973535824915
927 2.0785287164224764
974 5.8998973535824915
978 2.298029276458185
1379 0.5370414658968836
2324 8.00555473739322
2538 1.422560539104285
2651 5.389071729816501
2674 1.0272478024601386
3449 0.9823524825522477
3578 1.2031599740689096
3647 2.1081605140288473
3706 6.9985096422506015
3949 2.7790019370744945
4070 2.2137308608496604
4325 3.21432000833234
4459 3.2849375755462935
4613 2.211017899468555
4709 4.695924549256556
4750 0.33155284982139466
4759 3.21432000833234
4815 2.7218435232345457
4989 1.3355491621146554
5518 1.5868635903955612
5711 10.516247159134318
5875 2.750014400201242
5992 4.359452312635343
6235 1.2270685191205855
6335 2.476721065201561
6439 4.513602992462601
6872 1.3047775034479017
7281 3.2373095265570386
7299 2.8553749158590684
7371 5.389071729816501
7497 0.7014003223166658
7692 2.2449194511442365
7906 1.4339892349279078
8439 0.4690908039883759
8660 1.675499663112193
8723 1.5262389685791264
8982 6.9985096422506015
9010 2.9209721983448818
9393 2.12194687433635
9602 2.2800107709555064
9765 1.7835738846416156
9773 6.305362461690656
10114 1.3014161557451966
10307 2.5676928434072877
10326 2.092307702186045
10506 5.052599493195288
11102 6.652300141109108
11407 3.1483620405405426
11570 1.1933746733341126
12075 5.876133263408364
12249 3.9074671888922854
12250 4.997399943840672
12853 1.152070867192877
12992 4.6513616155773905
13080 0.8123010183501074
13319 1.8055527913603908
13440 1.4770487243883548
13449 2.6418008155610093
13547 1.6003469407328483
13662 4.290459441148391
13680 20.20427506029813
13867 2.175425996420148
14044 1.4611753752320646
14074 3.7796338173824005
14381 0.2288676653980985
14431 1.034930298632155
14660 4.8012850649143815
15332 -6.209246920582481
15551 1.1578679848772029
15694 2.938066631704182
