149
327 2.20271909665386
344 2.7790019370744945
590 5.612215281130711
638 3.502002080784121
666 3.260840023967233
700 5.8998973535824915
899 4.22592092001082
1062 2.591790394986348
1404 1.3708885285599641
1691 4.108137884354437
1782 2.7218435232345457
1902 2.0149030205422647
1969 6.9985096422506015
2028 4.433560284789064
2217 2.4876501357337513
2288 7.559267634764801
2334 0.7939518796819108
2398 3.740413104229119
2450 -1.2217137914072214
2595 2.5211728277723946
2638 2.130975191795019
2651 5.389071729816501
2682 4.108137884354437
3045 5.389071729816501
3329 5.943689416307031
3622 5.8998973535824915
3635 1.5779746429783155
3788 2.750014400201242
3896 2.807596525297524
3949 5.558003874148989
4070 1.1068654304248302
4195 4.919068100570765
4340 3.5645224377654547
4425 3.7473499690270438
4616 7.570256673400083
4783 2.1782280766455644
4815 2.7218435232345457
4852 1.258716730071367
4865 3.0282177286984795
4989 4.006647486343966
4990 4.513602992462601
5029 3.2373095265570386
5110 1.8452180477528222
5350 2.955458374416051
5392 2.130975191795019
5484 0.9464204733261844
5517 1.6232312345664361
5711 5.258123579567159
5834 8.28087695142895
5875 2.750014400201242
5992 4.359452312635343
6079 3.502002080784121
6221 2.8553749158590684
6287 9.027205984925201
6337 3.2373095265570386
6439 4.513602992462601
6754 1.2024518914852294
6872 2.6095550068958033
7044 1.880515829833846
7104 -0.6634879166512921
7274 3.0666840095262753
7281 6.474619053114077
7312 2.3163784151263815
7371 5.389071729816501
7486 4.695924549256556
7527 2.681021528714291
7597 4.372650573756367
7692 2.2449194511442365
7808 2.8396265588909295
7937 4.433560284789064
8032 0.5108256237659907
8070 12.59344816216217
8071 4.513602992462601
8234 4.8012850649143815
8256 1.6803896484063847
8337 3.910169050662709
8338 4.22592092001082
8399 7.907974409054357
8643 4.002594736972972
8650 3.3096301881366648
8736 2.3867493466682252
8896 5.876133263408364
9001 5.8998973535824915
9097 5.612215281130711
9127 4.22592092001082
9315 5.612215281130711
9391 2.735829765209286
9393 2.12194687433635
9531 1.67063347346102
9709 1.082307579643166
9876 2.6944445490464313
10008 2.0568672196412967
10055 3.009525595686327
10114 1.3014161557451966
10217 2.15432255579201
10326 1.0461538510930224
10506 5.052599493195288
10561 1.6003469407328483
10868 -0.18536107281185138
10878 5.8998973535824915
11010 4.919068100570765
11037 4.05407066308416
11102 2.660920056443643
11198 6.305362461690656
11347 2.511906961666574
11633 6.305362461690656
11774 3.0282177286984795
11790 2.2449194511442365
11850 2.455214859980597
11969 1.5164675941596633
11975 2.9209721983448818
12168 5.8998973535824915
12193 4.05407066308416
12249 7.814934377784571
12250 2.498699971920336
12503 2.2278250177849364
12891 3.7796338173824005
12969 3.7026727762462723
12993 4.05407066308416
13080 1.6246020367002147
13357 3.3875917296063767
13440 2.9540974487767095
13449 5.283601631122019
13553 -0.37046075994419203
13588 3.5327737394508745
13661 3.7026727762462723
13680 6.73475835343271
13867 1.087712998210074
13930 4.080464918750566
14100 4.359452312635343
14208 3.5621059478217028
14237 -2.09174504491248
14313 1.6466515087745348
14422 2.1233123190494494
14506 3.740413104229119
14656 1.1405764877671418
14660 4.8012850649143815
14725 4.359452312635343
14906 0.4013639403639497
14914 3.3096301881366648
14998 3.5645224377654547
15046 5.389071729816501
15129 2.8876357780772897
15332 -1.5523117301456202
15403 4.165296298194385
15453 4.47267141490569
15471 0.6940608398286201
15551 1.1578679848772029
15731 2.9911764570181303
