157
327 2.20271909665386
344 2.7790019370744945
495 2.8396265588909295
512 2.0785287164224764
590 5.612215281130711
638 3.502002080784121
666 3.260840023967233
701 6.305362461690656
839 6.305362461690656
899 4.22592092001082
998 6.305362461690656
1062 2.591790394986348
1404 1.3708885285599641
1691 4.108137884354437
1782 2.7218435232345457
2288 7.559267634764801
2334 0.7939518796819108
2357 1.1873686492739008
2398 3.740413104229119
2446 2.5326015235960173
2450 -1.2217137914072214
2586 3.3096301881366648
2595 2.5211728277723946
2638 2.130975191795019
2651 5.389071729816501
2682 4.108137884354437
2913 1.720394983020084
3329 3.962459610871354
3392 2.20271909665386
3622 5.8998973535824915
3633 4.165296298194385
3635 1.5779746429783155
3690 2.9945028634117485
3788 2.750014400201242
3896 2.807596525297524
3949 5.558003874148989
4070 1.1068654304248302
4195 4.919068100570765
4340 3.5645224377654547
4425 3.7473499690270438
4472 3.7026727762462723
4616 7.570256673400083
4783 2.1782280766455644
4815 2.7218435232345457
4852 1.258716730071367
4865 3.0282177286984795
4989 4.006647486343966
4990 4.513602992462601
5029 3.2373095265570386
5110 1.8452180477528222
5392 2.130975191795019
5484 1.8928409466523688
5711 2.6290617897835795
5834 4.96852617085737
5875 2.750014400201242
6079 3.502002080784121
6221 2.8553749158590684
6287 9.027205984925201
6337 3.2373095265570386
6507 2.6290617897835795
6754 1.2024518914852294
6872 1.3047775034479017
7104 -1.3269758333025843
7274 3.0666840095262753
7281 6.474619053114077
7312 2.3163784151263815
7371 5.389071729816501
7486 4.695924549256556
7527 2.681021528714291
7597 4.372650573756367
7692 2.2449194511442365
7886 4.359452312635343
7907 5.283601631122019
7914 6.439438134992953
7937 4.433560284789064
8032 0.5108256237659907
8070 9.445086121621628
8071 4.513602992462601
8234 4.8012850649143815
8256 1.6803896484063847
8315 2.764403137653342
8323 6.339736491523013
8337 3.910169050662709
8338 4.22592092001082
8399 3.9539872045271784
8643 2.001297368486486
8650 3.3096301881366648
8736 1.1933746733341126
8896 5.876133263408364
9001 5.8998973535824915
9097 5.612215281130711
9106 1.0850066366123312
9127 4.22592092001082
9134 6.305362461690656
9315 5.612215281130711
9391 2.735829765209286
9393 2.12194687433635
9429 3.3609234825242154
9531 1.67063347346102
9597 6.254617262685421
9876 2.6944445490464313
10008 2.0568672196412967
10055 3.009525595686327
10217 2.15432255579201
10326 2.615384627732556
10431 0.7218661529089567
10506 5.052599493195288
10868 -0.18536107281185138
10878 5.8998973535824915
10909 2.7790019370744945
11010 4.919068100570765
11102 2.660920056443643
11347 5.023813923333148
11774 3.0282177286984795
11790 2.2449194511442365
11969 1.5164675941596633
11975 2.9209721983448818
12193 4.05407066308416
12249 3.9074671888922854
12250 2.498699971920336
12273 3.7026727762462723
12503 2.2278250177849364
12717 0.5999147077153936
12853 1.152070867192877
12891 3.7796338173824005
12901 6.305362461690656
12969 3.7026727762462723
12993 4.05407066308416
13080 0.8123010183501074
13357 3.3875917296063767
13440 2.9540974487767095
13449 5.283601631122019
13492 4.8012850649143815
13553 -0.37046075994419203
13680 6.73475835343271
13838 2.3163784151263815
13930 4.080464918750566
14100 4.359452312635343
14208 3.5621059478217028
14237 -1.3944966966083199
14267 -0.3823693933135151
14313 1.6466515087745348
14381 0.2288676653980985
14422 2.1233123190494494
14656 1.1405764877671418
14660 4.8012850649143815
14725 4.359452312635343
14906 0.4013639403639497
14998 3.5645224377654547
15020 3.086486636822455
15046 5.389071729816501
15332 -4.656935190436861
15403 4.165296298194385
15453 4.47267141490569
15471 0.6940608398286201
15731 2.9911764570181303
15771 0.023095714794649395
