207
344 5.558003874148989
356 5.183580789972696
377 6.9985096422506015
500 2.1701959049483
502 2.5676928434072877
521 1.8986432144264027
695 2.9911764570181303
1013 2.6547042203969173
1060 0.24866762566620615
1114 3.9074671888922854
1356 2.363780654020965
1686 1.1549652252192415
1687 2.413542163580029
1692 2.1944885975173447
1885 3.009525595686327
1893 1.7567626271909589
1925 4.00277736869661
1928 2.4876501357337513
1938 2.66777630196427
1951 5.389071729816501
2036 1.9486536350010641
2049 2.37353682896633
2271 0.34178311807220957
2302 6.019051191372654
2303 5.389071729816501
2536 1.7835738846416156
2579 6.305362461690656
2639 2.6040604875781623
2706 3.6312138122641273
3090 3.047265923669174
3252 5.052599493195288
3259 3.1918471524802814
3379 3.1918471524802814
3520 2.87137525720551
3609 8.580918882296782
3661 4.165296298194385
3700 5.1789086703776
3774 1.7255100836868542
3840 2.5961321377198296
3995 1.751485570090115
4010 3.1918471524802814
4060 11.799794707164983
4073 5.052599493195288
4167 2.0712559570933964
4214 2.465910149097345
4309 2.681021528714291
4498 6.305362461690656
4522 0.2603571476546441
4537 1.0196238773494795
4540 5.612215281130711
4562 3.3096301881366648
4580 4.600614369452231
4613 2.211017899468555
4750 0.33155284982139466
4751 3.414990703794491
4865 6.056435457396959
4912 1.9296054400303697
4989 1.3355491621146554
5025 5.052599493195288
5046 2.236335707452845
5517 1.6232312345664361
5573 3.3875917296063767
5630 0.11915383779016203
5755 4.513602992462601
5795 8.45184184002164
5842 12.34594654728982
5902 4.05407066308416
5923 4.919068100570765
6049 2.035665011990694
6088 1.2146844599208637
6123 4.577958881876534
6140 2.211017899468555
6151 1.4075226617397445
6221 5.710749831718137
6364 3.260840023967233
6402 1.4112609838503516
6729 2.1944885975173447
6908 0.33537694625979814
7019 2.130975191795019
7104 -1.3269758333025843
7311 2.236335707452845
7482 1.8055527913603908
7497 1.4028006446333317
7622 2.764403137653342
7638 3.7026727762462723
7700 3.7026727762462723
7838 2.1081605140288473
7846 5.443687046469091
7882 4.359452312635343
7892 3.1035445411685827
7904 2.211017899468555
7947 6.9985096422506015
7949 5.088324691994187
8032 0.5108256237659907
8058 6.305362461690656
8142 2.9041650800285006
8155 3.1066893441399746
8301 2.413542163580029
8350 6.9985096422506015
8418 10.413500346045092
8533 6.9985096422506015
8664 2.7938170228596353
8689 5.206750173022546
8695 3.910169050662709
8850 1.7153059135126125
9106 1.0850066366123312
9110 2.035665011990694
9115 6.094531847338348
9158 6.9985096422506015
9170 0.6116303228879563
9537 1.963887624372811
9733 1.0850066366123312
9779 1.8337236683270872
9786 3.1483620405405426
9990 0.5671785603171224
10076 5.500028800402484
10307 2.5676928434072877
10329 -0.21009069570959765
10422 2.1263822140248125
10431 1.4437323058179135
10729 1.0196238773494795
10771 5.052599493195288
10889 6.17297327364491
10981 3.086486636822455
11023 1.2880826248757316
11120 5.052599493195288
11137 2.661126908243768
11218 1.7160635543787315
11299 -0.5211827618659379
11347 0.8373023205555247
11385 3.8630154263214513
11393 3.2849375755462935
11463 3.47214911763444
11481 1.6186122887101415
11526 4.9257701027357665
11774 3.0282177286984795
11816 1.9296054400303697
11823 5.612215281130711
11850 2.455214859980597
11908 1.5346778372249912
12022 0.40409618250082274
12051 10.693567313296365
12070 2.87137525720551
12122 1.1963912668735384
12137 2.498699971920336
12140 4.108137884354437
12384 5.612215281130711
12404 5.940323584342476
12407 4.1759741910798
12455 -1.076293329340201
12622 5.389071729816501
12629 3.3096301881366648
12674 1.5779746429783155
12707 4.455650035569873
12717 1.1998294154307871
12790 1.5095719160939147
12793 2.87137525720551
12823 1.034930298632155
12826 5.047749379085637
12853 1.152070867192877
13046 6.94429823526888
13080 0.8123010183501074
13314 2.0286963426746007
13353 1.961557039836972
13360 4.05407066308416
13365 3.3349479961209547
13383 5.8998973535824915
13390 2.236335707452845
13412 2.5098732725184614
13415 4.8012850649143815
13460 2.955458374416051
13471 2.6040604875781623
13547 3.2006938814656967
13553 -1.111382279832576
13769 6.254617262685421
13804 12.610724923381312
13828 3.3349479961209547
13935 4.359452312635343
13940 43.21156558422943
14064 3.7026727762462723
14149 6.9985096422506015
14280 6.9985096422506015
14381 0.2288676653980985
14383 4.8012850649143815
14422 2.1233123190494494
14568 6.305362461690656
14588 2.0785287164224764
14590 9.168618341635437
14609 6.9985096422506015
14656 3.4217294633014257
14821 5.8998973535824915
14906 0.8027278807278994
15050 10.105198986390576
15115 6.9985096422506015
15116 3.8630154263214513
15173 3.009525595686327
15278 4.93182029819469
15330 5.612215281130711
15332 -6.209246920582481
15341 0.7959741250626788
15471 0.6940608398286201
15578 1.7945029551738059
15623 6.9985096422506015
15672 0.7275212103923018
15771 0.023095714794649395
15781 5.612215281130711
15868 6.9985096422506015
