194
327 2.20271909665386
344 2.7790019370744945
583 2.9041650800285006
638 3.502002080784121
657 2.0640357091199095
800 2.434161450782765
807 10.778143459633002
862 2.344549292093078
899 4.22592092001082
925 5.8998973535824915
1685 3.2373095265570386
1694 6.9985096422506015
1750 2.2137308608496604
1782 2.7218435232345457
1820 3.3875917296063767
1893 3.5135252543819178
2038 1.880515829833846
2041 10.693567313296365
2155 3.9539872045271784
2170 5.389071729816501
2288 3.7796338173824005
2365 3.7026727762462723
2398 3.740413104229119
2421 1.5431885268928998
2450 -4.2759982699252745
2512 4.8012850649143815
2513 1.8280256472124494
2538 1.422560539104285
2586 6.6192603762733295
2587 5.8998973535824915
2651 5.389071729816501
2674 2.054495604920277
2771 14.757204301712296
3209 5.8998973535824915
3317 6.305362461690656
3338 4.290459441148391
3449 0.9823524825522477
3482 3.3096301881366648
3487 4.8012850649143815
3578 0.6015799870344548
3635 3.155949285956631
3704 3.8630154263214513
3840 1.2980660688599148
3899 5.8998973535824915
3949 2.7790019370744945
3991 2.8088549002241754
4281 4.695924549256556
4340 3.5645224377654547
4366 1.9878743481543455
4425 6.24558328171174
4459 6.569875151092587
4608 1.4075226617397445
4759 6.42864001666468
4783 4.356456153291129
4840 5.876133263408364
4852 1.258716730071367
4865 3.0282177286984795
4989 2.6710983242293107
5110 1.8452180477528222
5318 3.1066893441399746
5339 1.1784267118982394
5340 3.3349479961209547
5484 0.9464204733261844
5518 1.5868635903955612
5711 2.6290617897835795
5736 2.8088549002241754
5773 2.735829765209286
5834 6.62470156114316
5835 9.38192589402813
5858 6.305362461690656
5875 2.750014400201242
5944 3.8204558119026557
5992 4.359452312635343
6083 3.3349479961209547
6136 4.371738291276525
6250 1.7727629685373998
6252 4.433560284789064
6335 2.476721065201561
6439 4.513602992462601
6595 2.4237986637472186
6702 3.0282177286984795
6776 1.942263836902293
6872 1.3047775034479017
7044 1.880515829833846
7081 4.695924549256556
7156 3.8204558119026557
7176 5.8998973535824915
7242 3.6312138122641273
7274 3.0666840095262753
7281 9.711928579671117
7312 2.3163784151263815
7363 3.2849375755462935
7371 5.389071729816501
7424 3.3609234825242154
7633 1.8745456628473423
7692 4.489838902288473
7755 5.8998973535824915
7845 2.4237986637472186
7907 2.6418008155610093
8032 0.5108256237659907
8070 9.445086121621628
8153 2.8396265588909295
8256 1.6803896484063847
8262 2.0712559570933964
8276 3.21432000833234
8294 7.332610264150794
8392 4.600614369452231
8434 5.8998973535824915
8439 0.9381816079767518
8650 3.3096301881366648
8683 1.6803896484063847
8736 1.1933746733341126
8758 4.433560284789064
8816 3.4510201673737084
8856 2.3163784151263815
8904 2.1863252868781835
8972 6.9985096422506015
9155 6.9985096422506015
9169 3.4431615807611875
9306 3.8630154263214513
9393 3.1829203115045246
9454 3.1698682457615064
9484 3.9539872045271784
9531 1.67063347346102
9709 1.082307579643166
9733 1.0850066366123312
9788 4.359452312635343
9876 5.3888890980928625
9877 5.8998973535824915
9884 3.2373095265570386
10064 3.3349479961209547
10114 1.3014161557451966
10199 2.3256808077886952
10217 2.15432255579201
10326 2.092307702186045
10329 -1.260544174257586
10506 10.105198986390576
10561 1.6003469407328483
10603 3.9074671888922854
10753 2.7790019370744945
10794 2.938066631704182
11102 3.326150070554554
11104 4.290459441148391
11347 2.511906961666574
11481 1.6186122887101415
11702 3.9539872045271784
12227 3.1698682457615064
12249 7.814934377784571
12250 9.994799887681344
12279 3.8630154263214513
12450 3.1483620405405426
12455 -0.2152586658680402
12503 2.2278250177849364
12595 2.344549292093078
12717 0.5999147077153936
12790 7.547859580469574
12823 6.20958179179293
12861 4.00277736869661
12936 4.108137884354437
12992 2.3256808077886952
13312 2.955458374416051
13343 2.973157951515452
13357 3.3875917296063767
13443 3.502002080784121
13449 2.6418008155610093
13553 -0.37046075994419203
13588 3.5327737394508745
13662 4.290459441148391
13680 13.46951670686542
13867 1.087712998210074
13913 2.8396265588909295
13918 2.8396265588909295
13968 3.3349479961209547
14208 4.749474597095603
14237 -4.18349008982496
14267 -0.3823693933135151
14308 2.0640357091199095
14357 2.476721065201561
14414 5.8998973535824915
14422 2.1233123190494494
14515 3.0666840095262753
14656 3.4217294633014257
14682 1.5431885268928998
14998 3.5645224377654547
15129 2.8876357780772897
15155 0.6904112007410705
15332 -4.656935190436861
15397 2.001297368486486
15453 6.7090071223585355
15454 10.413500346045092
15517 1.886521853894058
15622 2.363780654020965
15672 0.7275212103923018
15771 0.06928714438394819
