140
241 1.6902419448493964
889 4.513602992462601
1060 0.12433381283310307
1324 6.305362461690656
1379 0.5370414658968836
1381 2.6547042203969173
1557 10.105198986390576
1692 2.1944885975173447
1902 4.029806041084529
1986 2.4237986637472186
2030 3.3349479961209547
2166 2.6418008155610093
2326 5.052599493195288
2334 0.7939518796819108
2351 1.5647876386963615
2450 -1.2217137914072214
2488 3.7796338173824005
2549 9.83813620114153
2638 2.130975191795019
2674 1.0272478024601386
2675 3.6312138122641273
2701 2.7218435232345457
2920 0.6795415285041667
2924 2.0286963426746007
3394 3.047265923669174
3598 1.1666271649670843
3840 2.5961321377198296
3896 1.403798262648762
3938 4.433560284789064
3987 4.359452312635343
4202 4.05407066308416
4333 1.4651201535230811
4341 2.6547042203969173
4481 4.292958756661968
4522 0.5207142953092883
4878 1.3672978604292356
4882 2.130975191795019
4976 2.288979440938267
5055 2.2278250177849364
5484 0.9464204733261844
5518 1.5868635903955612
5677 5.612215281130711
5731 2.8876357780772897
5964 6.254617262685421
6043 1.5913378707904824
6140 2.211017899468555
6216 2.3933394562625097
6595 2.4237986637472186
6618 2.0568672196412967
6620 5.9991470771539355
6657 2.138697237888929
6908 0.6707538925195963
6970 2.1863252868781835
7022 5.8998973535824915
7067 5.8998973535824915
7104 -1.3269758333025843
7170 1.6186122887101415
7344 1.6325336272287498
7397 2.87137525720551
7505 3.740413104229119
7734 3.3096301881366648
7813 1.0145733615634107
7837 4.359452312635343
7888 6.305362461690656
7922 6.305362461690656
7925 5.8998973535824915
7941 3.740413104229119
7986 3.597312260588446
8032 0.5108256237659907
8043 1.730651483187273
8168 3.9492582428086496
8169 5.443687046469091
8788 2.146479378330984
8816 1.7255100836868542
8837 3.1698682457615064
9481 1.7727629685373998
9713 5.206750173022546
9729 2.9863562126364767
9733 1.0850066366123312
9807 6.339736491523013
10027 6.305362461690656
10076 2.750014400201242
10233 3.4431615807611875
10302 2.6290617897835795
10326 0.5230769255465112
10411 4.05407066308416
10522 2.9911764570181303
10556 3.9539872045271784
10655 3.8204558119026557
10699 2.298029276458185
10901 12.871378323445173
10914 6.818600195406757
10920 2.20271909665386
11057 2.555858385760285
11110 3.2409820766720454
11202 2.9209721983448818
11299 -1.5635482855978138
11406 5.283601631122019
11459 3.047265923669174
11485 3.3875917296063767
11969 0.7582337970798316
12060 1.5220460903190904
12122 5.981956334367692
12140 4.108137884354437
12377 1.3460204619819507
12380 3.2849375755462935
12450 3.1483620405405426
12455 -0.2152586658680402
12578 2.4237986637472186
12752 4.919068100570765
12833 0.9630282097258448
13077 3.047265923669174
13080 0.8123010183501074
13319 1.8055527913603908
13471 2.6040604875781623
13473 4.00277736869661
13508 1.7255100836868542
13547 1.6003469407328483
13828 3.3349479961209547
13891 0.6065925288579992
14260 4.165296298194385
14267 -0.3823693933135151
14430 6.6192603762733295
14463 1.67063347346102
14640 4.290459441148391
14834 5.052599493195288
14876 4.165296298194385
14951 5.8998973535824915
15089 3.3349479961209547
15140 5.052599493195288
15187 1.994563336305142
15241 3.4924724284079427
15279 3.21432000833234
15317 3.0666840095262753
15332 -1.5523117301456202
15468 2.309930450438483
15734 4.919068100570765
15735 8.814199895112546
15771 0.023095714794649395
15801 6.305362461690656
