253
451 4.22592092001082
486 2.70805020110221
502 2.5676928434072877
1043 6.9985096422506015
1060 0.1865007192496546
1094 2.335070548138534
1330 6.305362461690656
1356 4.72756130804193
1367 4.433560284789064
1379 1.0740829317937672
1748 4.359452312635343
1750 3.320596291274491
1756 6.9985096422506015
1893 1.7567626271909589
1935 4.433560284789064
1952 5.206750173022546
1968 4.165296298194385
1977 2.6040604875781623
1986 2.4237986637472186
2019 2.344549292093078
2026 2.681021528714291
2030 3.3349479961209547
2064 3.129575277392723
2155 3.9539872045271784
2233 3.260840023967233
2269 7.474443709310111
2334 0.7939518796819108
2450 -1.832570687110832
2478 5.389071729816501
2492 3.047265923669174
2494 3.9074671888922854
2513 1.8280256472124494
2576 4.22592092001082
2750 5.8998973535824915
2874 3.047265923669174
2920 1.3590830570083334
2951 5.612215281130711
3048 2.5098732725184614
3374 3.9361434417163315
3449 0.9823524825522477
3635 1.5779746429783155
3700 1.2947271675944
3820 3.5780469788183606
3890 3.414990703794491
3906 5.946315903030904
3970 4.05407066308416
3982 1.0769312226067855
4022 5.8998973535824915
4053 -0.8971209025093114
4167 4.142511914186793
4177 5.052599493195288
4232 4.6513616155773905
4254 3.740413104229119
4277 3.7026727762462723
4310 4.290459441148391
4319 2.049749751872433
4416 1.3637200390813515
4522 1.0414285906185765
4587 5.389071729816501
4621 5.443687046469091
4646 1.8686109273275278
4670 6.305362461690656
4863 4.05407066308416
4963 7.180018368787529
5006 3.086486636822455
5020 3.21432000833234
5067 6.683475053354809
5120 3.8630154263214513
5339 3.5352801356947183
5397 4.22592092001082
5414 2.8876357780772897
5418 4.00277736869661
5517 1.6232312345664361
5554 2.1081605140288473
5590 2.9066643955420775
5668 2.955458374416051
5685 3.9074671888922854
5737 3.740413104229119
5795 4.22592092001082
5823 5.612215281130711
5891 6.254617262685421
5934 5.775271556154579
5955 2.434161450782765
5973 1.4770487243883548
6026 2.66777630196427
6060 3.7796338173824005
6093 6.9985096422506015
6122 3.502002080784121
6130 3.0666840095262753
6158 2.455214859980597
6234 7.887185369350739
6488 3.0666840095262753
6552 6.305362461690656
6555 5.982352914036261
6595 2.4237986637472186
6622 2.579669034454003
6633 2.8088549002241754
6688 1.8925641683500207
6755 6.9985096422506015
6834 13.77264632304475
6872 1.3047775034479017
6908 0.33537694625979814
6942 6.305362461690656
7019 2.130975191795019
7053 3.9074671888922854
7104 -3.980927499907753
7192 2.1944885975173447
7215 2.344549292093078
7311 2.236335707452845
7471 3.2849375755462935
7569 2.0341908619922413
7578 0.5215372793609184
7591 2.0426825846493406
7614 5.135385686814575
7740 3.5327737394508745
7748 6.9985096422506015
7754 5.612215281130711
7759 4.359452312635343
7849 6.9985096422506015
7871 8.216275768708874
7892 1.5517722705842913
7949 2.5441623459970937
7993 4.00277736869661
8007 3.809518882887678
8037 4.22592092001082
8153 2.8396265588909295
8242 4.071330023981388
8419 5.052599493195288
8569 3.7026727762462723
8660 1.675499663112193
8707 4.8012850649143815
8710 1.6536113391281642
8758 4.433560284789064
8840 3.1698682457615064
8942 4.919068100570765
8978 1.6140145794615122
8979 3.5780469788183606
8996 6.9985096422506015
9066 5.612215281130711
9170 2.446521291551825
9204 2.5098732725184614
9230 3.3096301881366648
9310 3.4431615807611875
9405 5.206750173022546
9423 5.775271556154579
9428 2.498699971920336
9585 3.3096301881366648
9588 4.359452312635343
9667 3.7796338173824005
9698 1.9878743481543455
9711 1.8686109273275278
9712 4.433560284789064
9733 1.0850066366123312
9835 6.9985096422506015
9970 2.418984756890357
10233 3.4431615807611875
10250 2.9209721983448818
10329 -0.21009069570959765
10393 1.9746291214043248
10431 1.4437323058179135
10751 1.5879037593638217
10774 4.513602992462601
10868 -0.18536107281185138
10945 4.919068100570765
10949 4.359452312635343
11012 4.919068100570765
11110 0.8102455191680114
11132 7.559267634764801
11218 0.5720211847929105
11228 3.3096301881366648
11299 -1.0423655237318759
11319 6.9985096422506015
11359 5.206750173022546
11375 5.362043057428582
11438 3.3349479961209547
11450 2.262311193856106
11451 6.9985096422506015
11459 3.047265923669174
11580 2.5441623459970937
11581 6.9985096422506015
11595 6.9985096422506015
11779 5.612215281130711
11825 2.9041650800285006
11861 6.305362461690656
11863 6.9985096422506015
11889 5.558003874148989
11947 3.0282177286984795
11987 4.8012850649143815
12093 1.6803896484063847
12121 5.206750173022546
12129 3.3349479961209547
12173 1.981229805435677
12196 4.165296298194385
12216 2.87137525720551
12285 5.8998973535824915
12292 2.5211728277723946
12361 4.8012850649143815
12377 1.3460204619819507
12404 5.940323584342476
12457 3.2373095265570386
12543 3.5645224377654547
12553 1.0715836162801904
12570 6.9985096422506015
12682 4.600614369452231
12717 0.5999147077153936
12783 1.8986432144264027
12891 3.7796338173824005
13029 1.6609715625492831
13072 5.389071729816501
13088 2.7790019370744945
13271 3.3875917296063767
13412 5.019746545036923
13530 3.9539872045271784
13533 4.919068100570765
13547 3.2006938814656967
13553 -0.7409215198883841
13605 6.9985096422506015
13672 3.052477937158253
13719 3.9074671888922854
13759 2.955458374416051
13825 2.7218435232345457
13857 3.9074671888922854
13916 3.1066893441399746
13931 6.9985096422506015
14008 4.002594736972972
14044 5.844701500928259
14237 -0.6972483483041599
14308 2.0640357091199095
14431 1.034930298632155
14488 6.305362461690656
14516 4.356456153291129
14545 5.052599493195288
14612 4.372650573756367
14618 4.22592092001082
14816 5.389071729816501
14906 0.4013639403639497
14973 6.9985096422506015
15003 4.695924549256556
15059 6.305362461690656
15121 1.5868635903955612
15173 3.009525595686327
15201 6.9985096422506015
15202 5.479381544246174
15207 1.9486536350010641
15332 -12.418493841164961
15341 1.5919482501253577
15397 2.001297368486486
15471 0.6940608398286201
15669 2.162227735299123
15685 3.486561832545665
15697 3.7796338173824005
15704 3.7026727762462723
15771 0.023095714794649395
