152
1839 2.093234863812172
2166 2.6418008155610093
2181 8.867120569578129
2192 6.305362461690656
2217 2.4876501357337513
2240 1.65617539028579
2269 1.8686109273275278
2271 0.6835662361444191
2358 9.38192589402813
2450 -1.2217137914072214
2536 1.7835738846416156
2538 1.422560539104285
2556 6.305362461690656
2611 3.260840023967233
2674 1.0272478024601386
2911 4.05407066308416
2935 1.2640783890383267
3168 2.824122372354964
3354 3.2373095265570386
3516 2.0785287164224764
3635 1.5779746429783155
3651 5.8998973535824915
3666 6.305362461690656
3736 3.086486636822455
3780 2.465910149097345
3820 1.7890234894091803
3841 6.305362461690656
3896 2.807596525297524
3982 1.0769312226067855
3995 1.751485570090115
4129 6.305362461690656
4335 2.938066631704182
4488 5.206750173022546
4536 5.41610040220442
4608 1.4075226617397445
4838 1.4730567031188173
4976 2.288979440938267
5103 3.414990703794491
5116 1.961557039836972
5173 3.7026727762462723
5213 4.513602992462601
5215 4.8012850649143815
5419 3.8630154263214513
5560 6.9985096422506015
5567 6.9985096422506015
5670 4.513602992462601
5767 4.919068100570765
5773 2.735829765209286
6049 2.035665011990694
6078 2.555858385760285
6131 4.359452312635343
6236 2.9209721983448818
6335 4.953442130403122
6387 2.9911764570181303
6620 1.1998294154307871
6678 11.224430562261421
6768 12.610724923381312
7028 2.764403137653342
7104 -0.6634879166512921
7170 1.6186122887101415
7423 11.224430562261421
7563 2.335070548138534
7991 1.3149298749119196
8082 10.416447352903319
8090 2.236335707452845
8344 5.612215281130711
8648 2.434161450782765
8667 7.726030852642903
8692 9.027205984925201
8731 2.0286963426746007
8736 1.1933746733341126
8975 2.3933394562625097
9151 1.258716730071367
9187 9.602570129828763
9273 6.9985096422506015
9353 2.476721065201561
9654 5.206750173022546
9729 17.91813727581886
9733 1.0850066366123312
9893 4.108137884354437
9970 0.4837969513780714
10307 5.135385686814575
10422 0.7087940713416041
10447 0.6099482367049713
10491 3.086486636822455
10691 3.414990703794491
10709 3.666305132075397
10713 3.5645224377654547
10776 4.513602992462601
10880 7.262427624528255
10906 4.071330023981388
10914 8.18232023448811
10920 4.40543819330772
10967 3.6312138122641273
10968 3.740413104229119
10973 2.7938170228596353
11023 3.8642478746271944
11041 3.47214911763444
11299 -0.5211827618659379
11305 2.0640357091199095
11312 3.3096301881366648
11379 2.0426825846493406
11393 3.2849375755462935
11485 3.3875917296063767
11587 12.610724923381312
11593 11.799794707164983
11914 4.290459441148391
11982 3.9074671888922854
12022 1.2122885475024683
12066 3.7796338173824005
12122 1.1963912668735384
12169 6.305362461690656
12279 7.726030852642903
12380 13.139750302185174
12459 4.108137884354437
12578 2.4237986637472186
12708 1.5958322603783217
13029 1.6609715625492831
13043 3.4431615807611875
13088 2.7790019370744945
13359 2.6290617897835795
13399 3.086486636822455
13451 3.4431615807611875
13452 4.359452312635343
13471 5.208120975156325
13508 3.4510201673737084
13791 6.094531847338348
13908 4.290459441148391
14044 1.4611753752320646
14190 6.305362461690656
14237 -0.6972483483041599
14267 -0.7647387866270302
14416 0.7739512129752414
14453 3.414990703794491
14588 2.0785287164224764
14838 5.389071729816501
14928 5.389071729816501
15141 15.620250519067639
15197 3.5327737394508745
15278 7.3977304472920355
15332 -6.209246920582481
15403 4.165296298194385
15471 0.6940608398286201
15480 4.359452312635343
15526 6.305362461690656
15538 3.8204558119026557
15648 5.135385686814575
15685 2.6149213744092488
15751 5.612215281130711
15771 0.04619142958929879
15804 6.9985096422506015
15814 2.262311193856106
