247
41 6.305362461690656
174 6.492924938265745
194 0.7699986386594181
327 2.20271909665386
530 2.66777630196427
960 4.695924549256556
1896 1.7835738846416156
1902 2.0149030205422647
1924 2.288979440938267
2319 6.9985096422506015
2321 7.726030852642903
2334 1.5879037593638217
2335 6.305362461690656
2357 1.1873686492739008
2450 -0.6108568957036107
2519 1.6902419448493964
2607 5.052599493195288
2628 4.513602992462601
2639 2.6040604875781623
2674 1.0272478024601386
2820 2.4446327506500602
2893 2.5098732725184614
2959 4.749474597095603
3048 2.5098732725184614
3131 4.695924549256556
3265 3.414990703794491
3374 1.9680717208581657
3404 4.93182029819469
3578 0.6015799870344548
3700 1.2947271675944
3759 4.8067795842320225
3785 2.87137525720551
3961 2.6290617897835795
3970 4.05407066308416
3985 2.5098732725184614
4006 2.6547042203969173
4202 4.05407066308416
4214 2.465910149097345
4280 5.389071729816501
4282 2.8553749158590684
4290 4.919068100570765
4291 4.108137884354437
4319 2.049749751872433
4331 6.775183459212753
4381 2.0149030205422647
4522 0.2603571476546441
4537 1.0196238773494795
4596 6.305362461690656
4613 2.211017899468555
4616 1.8925641683500207
4677 4.919068100570765
4750 0.6631056996427893
4783 2.1782280766455644
4838 1.4730567031188173
4882 2.130975191795019
4909 2.9381611094783557
4947 3.414990703794491
4963 2.3933394562625097
4989 1.3355491621146554
4992 3.260840023967233
5033 2.1233123190494494
5116 1.961557039836972
5517 3.2464624691328723
5534 3.3875917296063767
5539 3.430611827025225
5554 2.1081605140288473
5630 0.11915383779016203
5635 2.20271909665386
5799 4.919068100570765
5874 2.579669034454003
5900 2.8553749158590684
5901 2.455214859980597
5960 3.6312138122641273
6020 3.9074671888922854
6083 3.3349479961209547
6088 1.2146844599208637
6219 2.298029276458185
6228 3.8841815027832003
6337 3.2373095265570386
6402 1.4112609838503516
6433 0.5154022907934025
6447 1.2880826248757316
6548 4.157057432844953
6595 2.4237986637472186
6657 2.138697237888929
6735 4.108137884354437
6754 1.2024518914852294
6759 5.389071729816501
6819 1.7153059135126125
6853 3.260840023967233
6872 2.6095550068958033
6908 0.6707538925195963
7104 -1.3269758333025843
7118 3.1273086313427103
7203 12.426757376559898
7228 4.359452312635343
7230 5.206750173022546
7344 1.6325336272287498
7497 0.7014003223166658
7534 2.485534857327378
7578 0.5215372793609184
7700 3.7026727762462723
7764 1.7052048175261088
7797 3.047265923669174
7846 5.443687046469091
8089 2.681021528714291
8117 6.669895992241909
8230 4.74707365793266
8295 12.610724923381312
8299 4.433560284789064
8337 3.910169050662709
8361 5.612215281130711
8391 2.555858385760285
8439 0.4690908039883759
8514 2.008077055471865
8523 4.353795814226602
8615 2.6944445490464313
8710 1.6536113391281642
8736 1.1933746733341126
8816 5.176530251060562
8822 4.560021541911013
8850 1.7153059135126125
8886 1.3081501879265407
9057 8.10814132616832
9151 1.258716730071367
9276 2.6944445490464313
9365 1.4972514317058743
9481 3.5455259370747996
9554 1.271661894663404
9559 -1.3311831016795828
9589 1.3115342859107813
9651 3.3875917296063767
9661 8.45184184002164
9669 6.305362461690656
9698 1.9878743481543455
9709 1.082307579643166
9733 1.0850066366123312
9779 1.8337236683270872
9895 2.288979440938267
9970 0.9675939027561428
10001 6.192107127359728
10196 2.5211728277723946
10276 4.8012850649143815
10329 -0.4201813914191953
10436 4.290459441148391
10447 1.829844710114914
10477 4.05407066308416
10500 3.666305132075397
10532 2.9209721983448818
10749 1.1754637467675824
10868 -0.18536107281185138
10886 2.87137525720551
10973 2.7938170228596353
10981 3.086486636822455
11023 1.2880826248757316
11057 2.555858385760285
11102 1.3304600282218215
11110 3.2409820766720454
11195 4.165296298194385
11218 0.5720211847929105
11287 2.0286963426746007
11299 -1.0423655237318759
11302 3.47214911763444
11308 2.5098732725184614
11344 3.1483620405405426
11416 2.1782280766455644
11444 2.434161450782765
11453 2.727440078162703
11570 1.1933746733341126
11651 5.8998973535824915
11658 4.513602992462601
11733 6.305362461690656
11778 2.8553749158590684
11816 1.9296054400303697
11900 2.049749751872433
11939 2.681021528714291
11969 2.274701391239495
12022 0.8081923650016455
12057 2.10066984229969
12145 6.383694304960563
12263 2.579669034454003
12292 2.5211728277723946
12377 1.3460204619819507
12404 1.485080896085619
12407 1.67038967643192
12455 -1.7220693269443217
12508 4.524622387712212
12586 5.206750173022546
12595 2.344549292093078
12801 9.554566535091086
12805 1.8568460857479414
13001 2.9461134062376346
13045 1.886521853894058
13080 0.8123010183501074
13108 2.2800107709555064
13189 3.7490913256946845
13353 1.961557039836972
13411 2.8088549002241754
13412 2.5098732725184614
13431 6.9985096422506015
13508 3.4510201673737084
13529 6.305362461690656
13553 -0.37046075994419203
13661 3.7026727762462723
13718 1.3425178314307487
13750 2.162227735299123
13843 4.356456153291129
13891 1.8197775865739976
14036 4.290459441148391
14044 2.9223507504641293
14188 3.597312260588446
14237 -1.3944966966083199
14267 -0.7647387866270302
14381 0.6866029961942954
14416 4.6437072778514485
14455 3.274434953082352
14486 2.6164830075767194
14544 3.666305132075397
14559 4.433560284789064
14620 2.15432255579201
14626 5.500028800402484
14682 1.5431885268928998
14692 2.8396265588909295
14918 3.5327737394508745
14990 5.8998973535824915
15014 5.389071729816501
15020 3.086486636822455
15129 2.8876357780772897
15192 7.44560652811312
15259 1.3320829541381691
15289 5.052599493195288
15292 2.211017899468555
15306 0.7199882180847567
15332 -4.656935190436861
15341 1.5919482501253577
15373 2.443082253939354
15413 1.2781978656431896
15471 0.6940608398286201
15517 3.773043707788116
15685 0.8716404581364162
15694 2.938066631704182
15697 3.7796338173824005
15709 2.1863252868781835
15771 0.06928714438394819
15794 7.7030785302218625
15827 3.8218266140364343
15828 6.558886765176185
