173
209 1.7001922757025645
241 1.6902419448493964
279 5.283601631122019
335 6.9985096422506015
344 2.7790019370744945
365 3.414990703794491
366 6.305362461690656
368 5.8998973535824915
399 6.9985096422506015
416 6.9985096422506015
456 6.9985096422506015
461 4.05407066308416
473 3.1273086313427103
486 2.70805020110221
502 5.135385686814575
521 1.8986432144264027
532 13.77264632304475
574 5.206750173022546
607 2.5211728277723946
638 3.502002080784121
764 3.502002080784121
771 4.513602992462601
810 2.8396265588909295
819 3.8204558119026557
1062 2.591790394986348
1518 6.9985096422506015
1687 2.413542163580029
1757 3.9539872045271784
1886 12.509234525370841
1887 5.8998973535824915
1922 1.6952047341915255
2077 3.3875917296063767
2334 0.7939518796819108
2353 4.108137884354437
2450 -1.2217137914072214
2650 4.00277736869661
2683 10.778143459633002
2696 4.359452312635343
2914 3.4431615807611875
2935 0.6320391945191633
3045 5.389071729816501
3465 5.612215281130711
3498 2.87137525720551
3575 3.260840023967233
3647 2.1081605140288473
3737 1.8055527913603908
3739 4.00277736869661
3804 2.750014400201242
3949 2.7790019370744945
3974 3.3875917296063767
4245 3.597312260588446
4286 4.261950383590038
4425 1.249116656342348
4570 4.433560284789064
4658 5.8998973535824915
4663 3.8630154263214513
4783 2.1782280766455644
4838 1.4730567031188173
4852 7.5523003804282025
5083 14.162036622922788
5246 4.513602992462601
5339 1.1784267118982394
5430 2.750014400201242
5432 3.4431615807611875
5440 5.206750173022546
5484 3.7856818933047376
5491 3.597312260588446
5736 11.235419600896702
5834 1.65617539028579
5837 4.433560284789064
5875 2.750014400201242
5895 2.4033897921160112
5959 3.47214911763444
5990 2.938066631704182
6078 5.11171677152057
6164 2.6290617897835795
6235 1.2270685191205855
6252 4.433560284789064
6261 5.206750173022546
6305 3.9539872045271784
6377 21.556286919266004
6402 1.4112609838503516
6633 5.617709800448351
6635 6.9985096422506015
6685 6.9985096422506015
6779 4.8012850649143815
6872 1.3047775034479017
6973 6.305362461690656
7104 -1.3269758333025843
7109 6.9985096422506015
7281 3.2373095265570386
7401 1.886521853894058
7486 4.695924549256556
7547 5.206750173022546
7591 2.0426825846493406
7597 4.372650573756367
7826 3.1273086313427103
8007 1.904759441443839
8032 0.5108256237659907
8070 3.1483620405405426
8153 2.8396265588909295
8243 6.9985096422506015
8256 1.6803896484063847
8354 5.8998973535824915
8439 1.8763632159535035
8455 6.9985096422506015
8683 6.721558593625539
8708 1.4810567457858934
8788 4.292958756661968
8816 1.7255100836868542
8850 1.7153059135126125
8886 1.3081501879265407
9004 5.206750173022546
9010 5.8419443966897635
9308 3.1698682457615064
9391 8.207489295627859
9801 4.919068100570765
9970 0.9675939027561428
9973 6.9985096422506015
9991 6.305362461690656
10055 3.009525595686327
10147 6.9985096422506015
10217 2.15432255579201
10258 5.400037832954326
10326 6.276923106558135
10482 3.666305132075397
10487 1.981229805435677
10561 1.6003469407328483
10658 2.9041650800285006
10872 1.6048820958982397
11102 4.656610098776375
11202 2.9209721983448818
11209 3.666305132075397
11327 3.5645224377654547
11347 0.8373023205555247
11725 4.359452312635343
11870 3.5645224377654547
11943 2.455214859980597
11969 0.7582337970798316
12186 8.216275768708874
12216 2.87137525720551
12241 2.579669034454003
12244 6.9985096422506015
12321 3.4431615807611875
12447 2.8396265588909295
12969 11.108018328738817
12992 4.6513616155773905
13029 1.6609715625492831
13080 1.6246020367002147
13108 4.560021541911013
13403 3.502002080784121
13449 2.6418008155610093
13492 4.8012850649143815
13495 3.9539872045271784
13672 1.5262389685791264
13680 2.2449194511442365
13759 2.955458374416051
13922 1.8986432144264027
13924 6.9985096422506015
14164 4.108137884354437
14208 3.5621059478217028
14237 -0.6972483483041599
14242 2.5326015235960173
14267 -0.7647387866270302
14315 3.009525595686327
14352 0.9464204733261844
14527 2.938066631704182
14529 5.617709800448351
15170 4.695924549256556
15332 -7.761558650728101
15568 6.9985096422506015
15575 4.108137884354437
15771 0.16167000356254577
