177
356 2.591790394986348
530 2.66777630196427
638 3.502002080784121
890 6.9985096422506015
1871 3.5645224377654547
1878 5.612215281130711
1890 5.389071729816501
1902 4.029806041084529
1986 2.4237986637472186
2166 2.6418008155610093
2176 2.383389125409342
2253 5.612215281130711
2334 1.5879037593638217
2374 6.305362461690656
2421 1.5431885268928998
2434 2.413542163580029
2444 3.666305132075397
2513 5.4840769416373485
2536 7.134295538566462
2597 2.1157077196642304
2645 2.591790394986348
2674 1.0272478024601386
2841 4.433560284789064
2935 0.6320391945191633
3198 4.359452312635343
3249 2.750014400201242
3354 3.2373095265570386
3386 2.6290617897835795
3407 2.085854756514549
3516 2.0785287164224764
3635 1.5779746429783155
3840 3.8941982065797447
3896 4.211394787946286
3982 1.0769312226067855
4011 6.305362461690656
4021 1.5054481989100525
4070 1.1068654304248302
4116 4.695924549256556
4208 3.044092180638181
4231 5.389071729816501
4333 2.9302403070461622
4335 2.938066631704182
4366 1.9878743481543455
4368 4.22592092001082
4416 1.3637200390813515
4481 2.146479378330984
4522 1.3017857382732205
4531 2.681021528714291
4616 3.7851283367000415
4750 0.33155284982139466
4846 6.06532769949008
4852 1.258716730071367
4866 2.5211728277723946
4898 4.919068100570765
4976 2.288979440938267
5020 3.21432000833234
5047 6.669895992241909
5154 2.4446327506500602
5443 2.9041650800285006
5518 1.5868635903955612
5559 4.513602992462601
5834 1.65617539028579
5905 3.567147769283231
5925 4.433560284789064
5944 3.8204558119026557
6088 1.2146844599208637
6219 2.298029276458185
6221 2.8553749158590684
6335 4.953442130403122
6337 3.2373095265570386
6433 0.5154022907934025
6583 0.8629447511688624
6618 2.0568672196412967
6620 2.3996588308615743
6729 2.1944885975173447
6751 2.5441623459970937
6754 1.2024518914852294
6819 1.7153059135126125
6908 0.33537694625979814
7044 1.880515829833846
7104 -3.3174395832564607
7397 2.87137525720551
7422 6.9985096422506015
7563 2.335070548138534
7569 1.0170954309961207
7578 0.5215372793609184
7622 2.764403137653342
7713 3.1066893441399746
7715 9.027205984925201
7887 5.946315903030904
8007 3.809518882887678
8032 1.5324768712979722
8043 1.730651483187273
8168 1.9746291214043248
8275 7.907974409054357
8306 3.7026727762462723
8673 3.740413104229119
8723 3.052477937158253
8749 6.133368019052551
8837 3.1698682457615064
8904 2.1863252868781835
9151 1.258716730071367
9170 0.6116303228879563
9384 1.3355491621146554
9408 4.165296298194385
9531 1.67063347346102
9537 2.618516832497081
9729 16.42495916950062
10206 4.00277736869661
10243 5.8998973535824915
10306 2.15432255579201
10307 5.135385686814575
10473 1.7781538171722764
10522 2.9911764570181303
10838 9.201228738904462
10914 4.091160117244055
11050 3.9539872045271784
11062 3.6312138122641273
11102 1.3304600282218215
11218 1.144042369585821
11299 -0.5211827618659379
11320 5.528806275306684
11402 4.433560284789064
11433 4.513602992462601
11444 4.86832290156553
11524 3.0357414378172196
11646 2.3541187431092285
11952 1.5958322603783217
12022 0.40409618250082274
12023 3.6312138122641273
12040 3.5645224377654547
12060 3.044092180638181
12062 3.47214911763444
12089 2.8088549002241754
12369 5.8998973535824915
12377 1.3460204619819507
12380 3.2849375755462935
12474 4.919068100570765
12578 2.4237986637472186
12715 5.206750173022546
12717 0.5999147077153936
12797 2.7218435232345457
13001 1.4730567031188173
13471 5.208120975156325
13475 3.8204558119026557
13547 1.6003469407328483
13553 -0.37046075994419203
13572 1.8745456628473423
13839 4.22592092001082
13891 0.6065925288579992
13918 2.8396265588909295
13930 2.7203099458337108
14136 2.962113491571787
14202 3.666305132075397
14237 -0.6972483483041599
14343 3.7796338173824005
14431 1.034930298632155
14463 1.67063347346102
14661 6.9985096422506015
14681 4.22592092001082
14692 2.8396265588909295
14740 5.052599493195288
14789 3.7026727762462723
14876 4.165296298194385
14928 5.389071729816501
15021 5.389071729816501
15079 3.666305132075397
15195 3.0282177286984795
15227 39.90204256310158
15279 3.21432000833234
15332 -15.523117301456201
15415 2.824122372354964
15449 4.8012850649143815
15461 4.290459441148391
15471 0.6940608398286201
15538 3.8204558119026557
15578 1.7945029551738059
