462
35 5.052599493195288
57 3.7796338173824005
194 1.5399972773188362
195 6.305362461690656
242 6.9985096422506015
302 1.7153059135126125
307 6.9985096422506015
356 2.591790394986348
389 1.6419233675785887
400 6.9985096422506015
437 6.305362461690656
450 6.305362461690656
451 4.22592092001082
458 4.165296298194385
496 2.2800107709555064
500 2.1701959049483
512 2.0785287164224764
530 2.66777630196427
620 6.9985096422506015
646 2.219386149139072
665 4.600614369452231
698 4.22592092001082
800 2.434161450782765
819 3.8204558119026557
927 2.0785287164224764
935 3.740413104229119
985 6.305362461690656
1060 0.3730014384993092
1094 2.335070548138534
1120 4.695924549256556
1318 6.9985096422506015
1368 5.8998973535824915
1379 0.5370414658968836
1404 1.3708885285599641
1522 5.052599493195288
1531 5.8998973535824915
1692 2.1944885975173447
1750 2.2137308608496604
1752 11.224430562261421
1755 3.47214911763444
1765 5.052599493195288
1792 6.9985096422506015
1830 6.213378688279949
1902 2.0149030205422647
1942 0.845776947546497
2000 6.9985096422506015
2009 7.2406264907400875
2019 2.344549292093078
2038 1.880515829833846
2040 6.9985096422506015
2056 4.22592092001082
2070 1.4730567031188173
2103 2.4446327506500602
2112 6.9985096422506015
2134 17.699692060747473
2139 50.60675806397454
2140 6.9985096422506015
2191 9.259459910467365
2217 2.4876501357337513
2223 5.612215281130711
2244 5.612215281130711
2247 4.438772298278144
2269 3.7372218546550555
2271 0.34178311807220957
2309 3.7796338173824005
2334 3.1758075187276433
2358 3.1273086313427103
2404 4.165296298194385
2412 4.108137884354437
2450 -1.832570687110832
2452 4.356456153291129
2458 12.97336641179474
2459 11.752266526816728
2474 6.9985096422506015
2631 0.8516879889706869
2638 2.130975191795019
2640 2.735829765209286
2644 4.513602992462601
2659 3.4431615807611875
2674 1.0272478024601386
2683 5.389071729816501
2761 6.9985096422506015
2762 12.610724923381312
2859 4.22592092001082
2917 5.206750173022546
2919 2.1944885975173447
2920 1.3590830570083334
2963 4.05407066308416
2968 10.329484742283562
3062 2.8396265588909295
3068 40.38061385945852
3215 2.949904255955515
3249 2.750014400201242
3259 3.1918471524802814
3282 4.290459441148391
3293 3.6312138122641273
3342 5.389071729816501
3367 6.9985096422506015
3374 1.9680717208581657
3379 3.1918471524802814
3404 4.93182029819469
3449 2.9470574476567433
3451 6.9985096422506015
3516 2.0785287164224764
3578 0.6015799870344548
3592 5.8998973535824915
3620 6.305362461690656
3657 2.6164830075767194
3691 7.405345552492545
3774 1.7255100836868542
3782 3.7026727762462723
3901 4.72756130804193
3981 3.3609234825242154
3982 1.0769312226067855
3990 2.6290617897835795
4033 5.389071729816501
4076 3.4431615807611875
4092 5.612215281130711
4158 0.061200880897434085
4186 3.8204558119026557
4199 3.8630154263214513
4230 2.0149030205422647
4241 4.8067795842320225
4341 2.6547042203969173
4361 3.8630154263214513
4363 7.559267634764801
4385 12.509234525370841
4441 4.05407066308416
4522 0.2603571476546441
4546 5.389071729816501
4662 5.612215281130711
4676 6.9985096422506015
4750 0.33155284982139466
4866 2.5211728277723946
4871 2.4876501357337513
4903 5.389071729816501
4906 7.814934377784571
4914 1.4339892349279078
4953 6.9985096422506015
5017 6.521680047934466
5036 4.695924549256556
5040 1.4378280112350734
5075 6.9985096422506015
5083 1.5735596247691985
5154 2.4446327506500602
5161 3.047265923669174
5199 4.8012850649143815
5208 2.5676928434072877
5217 6.9985096422506015
5304 12.610724923381312
5326 3.1483620405405426
5330 4.05407066308416
5344 12.610724923381312
5360 6.9985096422506015
5362 5.8998973535824915
5363 3.0666840095262753
5416 8.216275768708874
5424 12.610724923381312
5430 2.750014400201242
5431 4.22592092001082
5484 0.9464204733261844
5489 8.718904625270685
5533 3.7026727762462723
5539 1.7153059135126125
5540 3.1698682457615064
5550 3.666305132075397
5563 3.1066893441399746
5581 3.0666840095262753
5590 1.4533321977710387
5668 2.955458374416051
5680 3.182675741580965
5713 4.359452312635343
5739 2.8876357780772897
5850 3.047265923669174
5852 4.9753002714675025
5981 2.8553749158590684
5986 3.3609234825242154
5998 4.919068100570765
6016 4.359452312635343
6020 3.9074671888922854
6064 2.138697237888929
6074 9.027205984925201
6088 3.644053379762591
6123 4.577958881876534
6136 4.371738291276525
6216 2.3933394562625097
6233 3.1918471524802814
6432 6.305362461690656
6447 1.2880826248757316
6467 4.507155027774703
6482 4.22592092001082
6576 3.666305132075397
6720 6.305362461690656
6785 12.610724923381312
6802 3.47214911763444
6853 3.260840023967233
6944 6.305362461690656
7010 6.305362461690656
7025 3.028644676082213
7044 1.880515829833846
7058 3.7026727762462723
7104 -8.625342916466797
7110 12.32441365306331
7157 3.8630154263214513
7170 3.237224577420283
7210 1.8568460857479414
7238 14.087773647769666
7286 1.4112609838503516
7297 6.9985096422506015
7325 2.8088549002241754
7355 6.9985096422506015
7401 1.886521853894058
7449 10.778143459633002
7458 3.502002080784121
7482 1.8055527913603908
7489 4.108137884354437
7491 6.305362461690656
7497 4.208401933899995
7534 1.242767428663689
7569 1.0170954309961207
7578 1.0430745587218369
7813 1.0145733615634107
7829 6.9985096422506015
7846 2.7218435232345457
7887 2.973157951515452
7900 5.612215281130711
7935 4.670141096277068
7991 1.3149298749119196
8012 6.9985096422506015
8078 9.679573046118172
8222 6.9985096422506015
8225 12.610724923381312
8227 3.5645224377654547
8301 2.413542163580029
8304 4.600614369452231
8390 6.9985096422506015
8422 5.612215281130711
8439 0.4690908039883759
8505 5.612215281130711
8582 41.343263296003535
8643 4.002594736972972
8710 0.551203779709388
8715 4.919068100570765
8718 2.824122372354964
8723 3.052477937158253
8736 1.1933746733341126
8788 2.146479378330984
8795 3.502002080784121
8799 3.502002080784121
8856 2.3163784151263815
8869 2.1782280766455644
8886 5.232600751706163
8890 2.2800107709555064
8977 2.6290617897835795
8979 1.7890234894091803
8993 5.946315903030904
9075 17.699692060747473
9110 2.035665011990694
9113 8.216275768708874
9151 1.258716730071367
9170 0.6116303228879563
9245 4.919068100570765
9275 6.9985096422506015
9292 2.5441623459970937
9346 2.498699971920336
9348 6.305362461690656
9349 4.600614369452231
9384 1.3355491621146554
9393 2.12194687433635
9428 2.498699971920336
9497 5.8998973535824915
9498 10.413500346045092
9531 3.34126694692204
9554 2.543323789326808
9781 8.00555473739322
9786 3.1483620405405426
9791 2.344549292093078
9794 4.600614369452231
9807 3.1698682457615064
9808 6.019051191372654
9836 3.666305132075397
9837 11.799794707164983
9847 6.9985096422506015
9848 10.105198986390576
9851 6.9985096422506015
9895 2.288979440938267
9911 4.165296298194385
9956 3.47214911763444
10006 2.6944445490464313
10008 2.0568672196412967
10100 6.9985096422506015
10199 2.3256808077886952
10205 6.9985096422506015
10295 4.433560284789064
10306 2.15432255579201
10307 2.5676928434072877
10325 5.677692505050063
10326 0.5230769255465112
10329 -0.21009069570959765
10393 1.9746291214043248
10407 6.9985096422506015
10422 1.4175881426832082
10437 1.3672978604292356
10473 1.7781538171722764
10503 26.54896379938032
10561 6.401387762931393
10609 3.5327737394508745
10672 3.414990703794491
10688 5.8998973535824915
10749 3.526391240302747
10798 6.305362461690656
10808 4.919068100570765
10810 5.052599493195288
10825 2.0149030205422647
10859 6.17297327364491
10868 -0.18536107281185138
10905 4.695924549256556
11007 10.105198986390576
11023 5.152330499502926
11089 1.1549652252192415
11102 0.6652300141109108
11139 2.87137525720551
11148 1.1784267118982394
11152 5.8998973535824915
11153 17.699692060747473
11163 3.7796338173824005
11168 1.2781978656431896
11212 3.9539872045271784
11218 0.5720211847929105
11334 1.994563336305142
11352 5.612215281130711
11375 2.681021528714291
11377 3.414990703794491
11409 7.004004161568242
11446 3.597312260588446
11450 2.262311193856106
11458 6.305362461690656
11463 3.47214911763444
11491 1.8745456628473423
11518 3.8630154263214513
11535 5.8998973535824915
11555 3.5327737394508745
11570 1.1933746733341126
11571 5.612215281130711
11667 6.9985096422506015
11694 6.9985096422506015
11717 2.938066631704182
11769 3.2933030175490696
11770 5.612215281130711
11881 2.70805020110221
11887 3.3349479961209547
11908 1.5346778372249912
11969 1.5164675941596633
11982 15.629868755569142
11995 6.9985096422506015
12022 1.2122885475024683
12040 3.5645224377654547
12078 1.3637200390813515
12091 5.8998973535824915
12122 1.1963912668735384
12151 3.1698682457615064
12231 4.359452312635343
12233 6.9985096422506015
12241 7.73900710336201
12263 2.579669034454003
12270 5.052599493195288
12292 2.5211728277723946
12316 4.695924549256556
12331 5.612215281130711
12347 4.919068100570765
12377 1.3460204619819507
12383 5.009225806841791
12446 5.389071729816501
12455 -0.2152586658680402
12460 0.7332084295128914
12482 6.305362461690656
12509 10.413500346045092
12543 3.5645224377654547
12546 4.359452312635343
12554 14.948744062943549
12610 4.847597327494437
12707 2.2278250177849364
12717 0.5999147077153936
12723 4.577958881876534
12878 7.065547478901749
12896 3.2373095265570386
13023 6.305362461690656
13080 1.6246020367002147
13106 2.335070548138534
13208 2.6230685718215625
13220 6.569875151092587
13317 4.290459441148391
13319 1.8055527913603908
13359 2.6290617897835795
13360 4.05407066308416
13384 6.17060165892389
13390 2.236335707452845
13479 3.7796338173824005
13508 1.7255100836868542
13553 -0.37046075994419203
13585 6.9985096422506015
13613 1.8111238364098463
13680 4.489838902288473
13718 2.6850356628614973
13731 6.9985096422506015
13740 4.359452312635343
13743 3.8204558119026557
13766 4.8012850649143815
13769 3.1273086313427103
13845 2.001297368486486
13857 3.9074671888922854
13920 4.05407066308416
13930 4.080464918750566
14005 4.433560284789064
14136 1.4810567457858934
14174 1.7945029551738059
14195 1.7781538171722764
14196 1.6746046411110493
14237 -1.3944966966083199
14267 -3.058955146508121
14324 5.8998973535824915
14357 2.476721065201561
14381 0.2288676653980985
14422 2.1233123190494494
14498 6.056435457396959
14515 3.0666840095262753
14516 2.1782280766455644
14520 5.612215281130711
14546 2.8876357780772897
14633 2.6547042203969173
14731 5.206750173022546
14732 6.9985096422506015
14782 5.206750173022546
14786 4.359452312635343
14906 0.4013639403639497
14908 2.476721065201561
15095 5.612215281130711
15116 3.8630154263214513
15209 5.159338068908006
15224 52.27497144051301
15259 1.3320829541381691
15261 8.867120569578129
15332 -15.523117301456201
15336 12.610724923381312
15341 0.7959741250626788
15363 7.667575157280854
15373 0.814360751313118
15389 5.206750173022546
15405 5.389071729816501
15424 1.8111238364098463
15578 1.7945029551738059
15602 5.052599493195288
15618 6.305362461690656
15648 2.5676928434072877
15649 6.9985096422506015
15650 2.130975191795019
15657 4.600614369452231
15685 0.8716404581364162
15771 0.06928714438394819
15783 3.3658685853682835
15786 3.5927627609221484
15811 6.9985096422506015
