305
11 6.305362461690656
72 6.9985096422506015
194 0.7699986386594181
327 2.20271909665386
551 3.9074671888922854
627 5.206750173022546
638 3.502002080784121
842 4.433560284789064
1060 0.24866762566620615
1122 3.1698682457615064
1353 6.9985096422506015
1462 4.919068100570765
1515 3.740413104229119
1649 6.9985096422506015
1690 2.455214859980597
1692 2.1944885975173447
1732 6.9985096422506015
1842 6.086089028023802
1871 3.5645224377654547
1896 1.7835738846416156
1902 2.0149030205422647
1933 4.05407066308416
1986 2.4237986637472186
2064 1.5647876386963615
2087 2.8876357780772897
2166 2.6418008155610093
2181 8.867120569578129
2241 4.8012850649143815
2269 1.8686109273275278
2398 3.740413104229119
2421 3.0863770537857995
2450 -0.6108568957036107
2534 3.2373095265570386
2538 1.422560539104285
2556 6.305362461690656
2597 2.1157077196642304
2611 3.260840023967233
2663 5.612215281130711
2674 1.0272478024601386
2727 6.9985096422506015
2759 6.305362461690656
2784 6.9985096422506015
2792 6.9985096422506015
2820 2.4446327506500602
2862 1.4690805547391779
2905 6.9985096422506015
2911 4.05407066308416
2920 0.6795415285041667
2924 2.0286963426746007
2935 0.6320391945191633
2964 0.900435360084361
3168 2.824122372354964
3180 2.7938170228596353
3198 8.718904625270685
3282 4.290459441148391
3354 3.2373095265570386
3355 4.695924549256556
3386 2.6290617897835795
3410 6.9985096422506015
3543 6.9985096422506015
3578 1.2031599740689096
3645 5.612215281130711
3651 11.799794707164983
3666 6.305362461690656
3676 5.612215281130711
3736 3.086486636822455
3737 1.8055527913603908
3849 4.8012850649143815
3896 1.403798262648762
3949 2.7790019370744945
3956 6.305362461690656
4051 4.919068100570765
4070 1.1068654304248302
4075 3.597312260588446
4088 3.5645224377654547
4129 6.305362461690656
4309 2.681021528714291
4326 3.9539872045271784
4333 1.4651201535230811
4334 3.1698682457615064
4481 2.146479378330984
4488 10.413500346045092
4522 0.7810714429639324
4621 2.7218435232345457
4625 1.8452180477528222
4675 4.290459441148391
4750 0.33155284982139466
4834 3.7026727762462723
4865 3.0282177286984795
4866 2.5211728277723946
5006 3.086486636822455
5014 2.3541187431092285
5015 4.8012850649143815
5088 6.9985096422506015
5156 4.42203579893711
5173 3.7026727762462723
5208 2.5676928434072877
5215 4.8012850649143815
5232 6.6192603762733295
5309 2.5326015235960173
5354 6.9985096422506015
5436 2.8876357780772897
5443 2.9041650800285006
5490 5.612215281130711
5559 4.513602992462601
5564 6.9985096422506015
5630 0.11915383779016203
5670 4.513602992462601
5739 5.775271556154579
5773 2.735829765209286
5830 4.05407066308416
5852 2.4876501357337513
5872 2.5441623459970937
5891 3.1273086313427103
5905 1.7835738846416156
5964 3.1273086313427103
6011 5.8998973535824915
6015 3.1918471524802814
6030 6.9985096422506015
6043 1.5913378707904824
6069 6.9985096422506015
6077 4.22592092001082
6083 3.3349479961209547
6098 6.305362461690656
6219 2.298029276458185
6345 3.414990703794491
6351 2.8088549002241754
6373 5.8998973535824915
6447 1.2880826248757316
6539 2.434161450782765
6620 1.1998294154307871
6678 11.224430562261421
6828 3.8630154263214513
6908 0.6707538925195963
7025 3.028644676082213
7029 4.108137884354437
7032 12.610724923381312
7097 5.612215281130711
7104 -4.644415416559045
7280 6.9985096422506015
7286 1.4112609838503516
7397 2.87137525720551
7563 7.005211644415603
7638 3.7026727762462723
7864 3.502002080784121
7952 6.9985096422506015
7965 1.886521853894058
8032 1.5324768712979722
8043 1.730651483187273
8074 12.610724923381312
8082 13.88859647053776
8085 4.108137884354437
8096 1.4533321977710387
8168 1.9746291214043248
8173 5.052599493195288
8275 3.9539872045271784
8283 5.775271556154579
8368 6.9985096422506015
8391 2.555858385760285
8660 1.675499663112193
8667 3.8630154263214513
8673 3.740413104229119
8731 2.0286963426746007
8736 5.966873366670563
8746 5.389071729816501
8837 3.1698682457615064
8906 3.047265923669174
8928 1.3355491621146554
9106 2.1700132732246624
9115 3.047265923669174
9151 6.293583650356835
9154 2.465910149097345
9169 6.886323161522375
9187 14.403855194743144
9282 1.4533321977710387
9308 3.1698682457615064
9340 4.919068100570765
9384 4.006647486343966
9476 6.305362461690656
9554 1.271661894663404
9573 3.3096301881366648
9589 2.6230685718215625
9651 3.3875917296063767
9711 1.8686109273275278
9729 28.37038402004653
9730 6.9985096422506015
9733 2.1700132732246624
9769 6.9985096422506015
9817 1.3183370332335338
9840 5.8998973535824915
10058 2.6040604875781623
10212 5.8998973535824915
10231 3.2373095265570386
10306 2.15432255579201
10307 2.5676928434072877
10329 -0.4201813914191953
10422 0.7087940713416041
10437 1.3672978604292356
10636 3.9539872045271784
10646 3.9539872045271784
10658 2.9041650800285006
10691 3.414990703794491
10718 6.9985096422506015
10749 1.1754637467675824
10776 13.540808977387801
10791 4.05407066308416
10880 14.52485524905651
10884 3.502002080784121
10914 13.637200390813515
10920 8.81087638661544
10968 3.740413104229119
11023 1.2880826248757316
11034 1.5958322603783217
11041 3.47214911763444
11057 2.555858385760285
11089 1.1549652252192415
11167 8.216275768708874
11218 0.5720211847929105
11299 -1.0423655237318759
11334 1.994563336305142
11353 5.617709800448351
11393 3.2849375755462935
11440 6.9985096422506015
11481 1.6186122887101415
11488 11.799794707164983
11704 3.1483620405405426
11705 6.9985096422506015
11809 4.165296298194385
11836 2.37353682896633
11895 5.052599493195288
11908 1.5346778372249912
11947 3.0282177286984795
11967 4.290459441148391
11969 0.7582337970798316
12022 2.0204809125041137
12054 3.8204558119026557
12122 3.589173800620615
12170 11.799794707164983
12279 15.452061705285805
12337 4.22592092001082
12380 3.2849375755462935
12455 -1.076293329340201
12459 8.216275768708874
12514 6.9985096422506015
12578 2.4237986637472186
12693 6.9985096422506015
12707 2.2278250177849364
12711 5.389071729816501
12717 1.1998294154307871
12752 4.919068100570765
12762 6.9985096422506015
12797 2.7218435232345457
12833 1.9260564194516896
13001 4.419170109356452
13043 6.886323161522375
13080 0.8123010183501074
13343 2.973157951515452
13412 2.5098732725184614
13425 5.389071729816501
13501 2.5211728277723946
13508 1.7255100836868542
13550 6.9985096422506015
13553 -0.37046075994419203
13676 5.612215281130711
13893 4.05407066308416
13908 8.580918882296782
14044 1.4611753752320646
14047 4.919068100570765
14068 6.9985096422506015
14136 1.4810567457858934
14194 3.7026727762462723
14237 -4.18349008982496
14252 3.502002080784121
14256 6.305362461690656
14267 -0.3823693933135151
14308 2.0640357091199095
14381 0.2288676653980985
14431 3.104790895896465
14470 3.7796338173824005
14522 3.8630154263214513
14527 2.938066631704182
14656 1.1405764877671418
14682 1.5431885268928998
14838 5.389071729816501
15079 3.666305132075397
15140 25.26299746597644
15141 15.620250519067639
15169 2.335070548138534
15184 6.9985096422506015
15197 3.5327737394508745
15226 12.610724923381312
15279 9.64296002499702
15332 -7.761558650728101
15341 1.5919482501253577
15357 6.9985096422506015
15456 3.1273086313427103
15471 0.6940608398286201
15526 6.305362461690656
15538 3.8204558119026557
15570 2.7218435232345457
15648 2.5676928434072877
15685 0.8716404581364162
15707 6.9985096422506015
15751 11.224430562261421
15814 2.262311193856106
