245
5 9.027205984925201
194 1.5399972773188362
327 2.20271909665386
344 2.7790019370744945
356 2.591790394986348
483 6.9985096422506015
584 4.8012850649143815
590 5.612215281130711
638 3.502002080784121
657 6.192107127359728
703 3.7026727762462723
705 11.722401566676856
800 7.302484352348294
874 3.2849375755462935
1050 9.201228738904462
1524 4.290459441148391
1545 6.9985096422506015
1686 1.1549652252192415
1750 3.320596291274491
1782 5.443687046469091
1968 4.165296298194385
2017 3.3875917296063767
2036 1.9486536350010641
2041 17.822612188827275
2218 3.740413104229119
2288 3.7796338173824005
2334 0.7939518796819108
2357 1.1873686492739008
2398 7.480826208458238
2399 5.8998973535824915
2442 2.7938170228596353
2450 -4.2759982699252745
2502 5.052599493195288
2513 1.8280256472124494
2536 1.7835738846416156
2542 4.695924549256556
2586 6.6192603762733295
2595 2.5211728277723946
2650 4.00277736869661
2674 1.0272478024601386
2964 2.701306080253083
3487 9.602570129828763
3489 1.942263836902293
3578 0.6015799870344548
3635 1.5779746429783155
3646 2.5676928434072877
3699 6.9985096422506015
3736 3.086486636822455
3840 2.5961321377198296
3898 3.047265923669174
3901 2.363780654020965
3949 5.558003874148989
4026 2.8876357780772897
4081 3.1066893441399746
4186 3.8204558119026557
4340 3.5645224377654547
4341 2.6547042203969173
4425 1.249116656342348
4533 3.086486636822455
4709 4.695924549256556
4759 16.0716000416617
4763 6.9985096422506015
4783 2.1782280766455644
4794 3.6312138122641273
4840 2.938066631704182
4865 6.056435457396959
4989 2.6710983242293107
5208 2.5676928434072877
5238 3.6312138122641273
5340 6.669895992241909
5392 4.261950383590038
5484 1.8928409466523688
5518 1.5868635903955612
5615 4.099499503744866
5711 10.516247159134318
5736 2.8088549002241754
5778 5.612215281130711
5834 8.28087695142895
5835 3.1273086313427103
5875 5.500028800402484
6088 1.2146844599208637
6116 12.610724923381312
6151 1.4075226617397445
6221 5.710749831718137
6228 1.2947271675944
6335 2.476721065201561
6583 0.8629447511688624
6590 3.8204558119026557
6606 5.052599493195288
6609 3.1918471524802814
6618 12.34120331784778
6702 3.0282177286984795
6703 4.433560284789064
6776 1.942263836902293
6837 6.9985096422506015
6872 2.6095550068958033
7025 1.0095482253607377
7044 1.880515829833846
7104 -0.6634879166512921
7147 6.9985096422506015
7156 7.640911623805311
7242 3.6312138122641273
7274 3.0666840095262753
7281 3.2373095265570386
7312 2.3163784151263815
7342 5.612215281130711
7363 3.2849375755462935
7397 2.87137525720551
7401 1.886521853894058
7497 0.7014003223166658
7534 1.242767428663689
7586 8.867120569578129
7846 2.7218435232345457
7892 1.5517722705842913
7907 2.6418008155610093
8043 3.461302966374546
8070 9.445086121621628
8276 3.21432000833234
8294 3.666305132075397
8392 4.600614369452231
8399 3.9539872045271784
8432 3.3875917296063767
8439 0.9381816079767518
8541 6.9985096422506015
8650 6.6192603762733295
8683 3.3607792968127694
8708 5.924226983143574
8736 2.3867493466682252
8816 3.4510201673737084
8896 8.814199895112546
8904 2.1863252868781835
8964 4.600614369452231
9116 3.666305132075397
9169 3.4431615807611875
9307 4.108137884354437
9346 2.498699971920336
9384 1.3355491621146554
9393 3.1829203115045246
9445 2.973157951515452
9454 3.1698682457615064
9531 1.67063347346102
9711 1.8686109273275278
9733 1.0850066366123312
9876 5.3888890980928625
9884 9.711928579671117
10064 6.669895992241909
10114 1.3014161557451966
10217 2.15432255579201
10246 4.919068100570765
10325 1.8925641683500207
10326 2.092307702186045
10329 -0.4201813914191953
10506 5.052599493195288
10661 3.3349479961209547
10765 4.513602992462601
10766 6.305362461690656
10794 2.938066631704182
10835 11.224430562261421
10868 -0.37072214562370276
11010 4.919068100570765
11051 2.9209721983448818
11052 3.740413104229119
11080 3.8630154263214513
11102 2.660920056443643
11163 3.7796338173824005
11170 2.5676928434072877
11314 6.9985096422506015
11347 5.023813923333148
11444 4.86832290156553
11459 3.047265923669174
11520 3.1066893441399746
11646 2.3541187431092285
11671 2.2535775138873513
11702 3.9539872045271784
11704 3.1483620405405426
11816 1.9296054400303697
11943 4.910429719961194
12078 1.3637200390813515
12084 9.027205984925201
12122 1.1963912668735384
12151 9.50960473728452
12193 4.05407066308416
12205 4.513602992462601
12227 9.50960473728452
12247 3.8630154263214513
12249 7.814934377784571
12250 14.992199831522015
12251 6.305362461690656
12279 3.8630154263214513
12283 2.6040604875781623
12503 6.683475053354809
12553 1.0715836162801904
12717 0.5999147077153936
12790 4.528715748281744
12823 7.244512090425085
12853 1.152070867192877
12861 8.00555473739322
12867 4.695924549256556
12993 4.05407066308416
13071 3.086486636822455
13080 0.8123010183501074
13151 4.22592092001082
13357 3.3875917296063767
13440 1.4770487243883548
13449 5.283601631122019
13451 6.886323161522375
13533 4.919068100570765
13553 -1.4818430397767681
13588 3.5327737394508745
13672 3.052477937158253
13680 11.224597255721182
13805 4.8012850649143815
13817 7.1290448755309095
13916 3.1066893441399746
13930 1.3601549729168554
14107 2.4237986637472186
14136 1.4810567457858934
14208 4.749474597095603
14237 -3.4862417415207996
14267 -1.1471081799405454
14320 5.612215281130711
14352 3.7856818933047376
14357 4.953442130403122
14419 7.194624521176892
14422 4.246624638098899
14563 2.6418008155610093
14682 1.5431885268928998
14726 5.612215281130711
14906 0.4013639403639497
15067 5.206750173022546
15121 1.5868635903955612
15129 2.8876357780772897
15187 5.983690008915426
15241 1.7462362142039713
15332 -12.418493841164961
15399 6.9985096422506015
15453 4.47267141490569
15515 3.666305132075397
15538 3.8204558119026557
15539 5.389071729816501
15651 1.1377234187847354
15672 0.7275212103923018
15677 1.5779746429783155
15771 0.18476571835719516
15816 3.9539872045271784
