40
502 2.5676928434072877
679 6.9985096422506015
1922 1.6952047341915255
1940 2.6944445490464313
2349 4.22592092001082
2919 2.1944885975173447
3252 5.052599493195288
3861 4.8012850649143815
4162 4.919068100570765
4522 0.5207142953092883
4815 2.7218435232345457
4871 2.4876501357337513
5033 2.1233123190494494
5643 3.9074671888922854
6402 1.4112609838503516
7320 6.305362461690656
8556 1.8223599096767722
9229 2.3933394562625097
10250 2.9209721983448818
10326 0.5230769255465112
11299 -1.0423655237318759
11407 3.1483620405405426
11526 4.9257701027357665
12060 1.5220460903190904
12404 1.485080896085619
12407 0.83519483821596
13094 3.1918471524802814
13494 3.21432000833234
13565 1.9878743481543455
13795 1.5389241281064423
13867 1.087712998210074
13913 2.8396265588909295
14136 1.4810567457858934
15037 2.3163784151263815
15278 2.465910149097345
15283 2.236335707452845
15373 0.814360751313118
15669 2.162227735299123
15771 0.023095714794649395
15781 5.612215281130711
