40
1942 0.845776947546497
2077 3.3875917296063767
2434 2.413542163580029
2631 0.21292199724267172
3215 0.589980851191103
4145 2.008077055471865
4158 0.061200880897434085
4208 1.5220460903190904
4219 1.7567626271909589
4295 2.9209721983448818
4852 1.258716730071367
4914 1.4339892349279078
5040 1.4378280112350734
5539 1.7153059135126125
6389 3.1273086313427103
7104 -0.6634879166512921
8638 3.8630154263214513
9346 2.498699971920336
9481 1.7727629685373998
9817 1.3183370332335338
10307 2.5676928434072877
10698 3.8630154263214513
10867 1.4533321977710387
11148 1.1784267118982394
11828 2.955458374416051
11908 1.5346778372249912
12023 3.6312138122641273
12093 1.6803896484063847
12450 3.1483620405405426
12460 0.7332084295128914
12708 1.5958322603783217
12717 1.1998294154307871
12849 4.22592092001082
12946 0.5932811842197597
13845 2.001297368486486
14293 5.206750173022546
14372 5.8998973535824915
15587 1.2947271675944
15709 2.1863252868781835
15786 0.8981906902305371
