31
2070 1.4730567031188173
2271 0.34178311807220957
2450 -0.6108568957036107
2458 2.162227735299123
2853 3.414990703794491
3215 1.179961702382206
4158 0.030600440448717042
4208 1.5220460903190904
4219 3.5135252543819178
4914 2.8679784698558155
4989 1.3355491621146554
5033 2.1233123190494494
5539 1.7153059135126125
6089 3.8630154263214513
6235 1.2270685191205855
6433 1.030804581586805
8032 0.5108256237659907
8638 3.8630154263214513
9346 2.498699971920336
9481 1.7727629685373998
10329 -0.21009069570959765
11023 1.2880826248757316
11450 2.262311193856106
11524 1.5178707189086098
11908 1.5346778372249912
12455 -0.4305173317360804
12554 1.6609715625492831
12717 0.5999147077153936
13052 3.260840023967233
15057 1.152070867192877
15771 0.023095714794649395
