160
10 6.305362461690656
486 2.70805020110221
1356 2.363780654020965
1750 1.1068654304248302
1896 1.7835738846416156
1986 2.4237986637472186
2036 1.9486536350010641
2087 2.8876357780772897
2166 2.6418008155610093
2217 2.4876501357337513
2334 0.7939518796819108
2357 1.1873686492739008
2421 3.0863770537857995
2450 -0.6108568957036107
2513 1.8280256472124494
2536 3.567147769283231
2597 2.1157077196642304
2674 1.0272478024601386
2820 2.4446327506500602
2935 1.2640783890383267
3143 2.219386149139072
3180 2.7938170228596353
3249 2.750014400201242
3354 3.2373095265570386
3386 2.6290617897835795
3745 5.8998973535824915
3840 2.5961321377198296
3857 4.695924549256556
3896 2.807596525297524
4208 1.5220460903190904
4217 3.3096301881366648
4219 5.270287881572877
4231 5.389071729816501
4333 1.4651201535230811
4334 6.339736491523013
4335 5.876133263408364
4366 1.9878743481543455
4416 1.3637200390813515
4472 3.7026727762462723
4481 2.146479378330984
4522 0.7810714429639324
4616 1.8925641683500207
4815 2.7218435232345457
4834 3.7026727762462723
4852 1.258716730071367
4866 2.5211728277723946
4898 4.919068100570765
4914 2.8679784698558155
4976 2.288979440938267
5047 6.669895992241909
5112 5.206750173022546
5154 2.4446327506500602
5200 3.3096301881366648
5484 0.9464204733261844
5559 4.513602992462601
5620 3.8204558119026557
5925 4.433560284789064
6043 1.5913378707904824
6054 6.305362461690656
6065 4.22592092001082
6335 7.430163195604683
6337 3.2373095265570386
6351 2.8088549002241754
6402 1.4112609838503516
6433 0.5154022907934025
6583 0.8629447511688624
6618 2.0568672196412967
6620 2.3996588308615743
6702 9.084653186095439
6729 2.1944885975173447
6751 7.632487037991281
6754 1.2024518914852294
7104 -0.6634879166512921
7286 2.822521967700703
7534 1.242767428663689
7578 1.0430745587218369
7715 4.513602992462601
7887 2.973157951515452
7965 1.886521853894058
7991 1.3149298749119196
8032 1.0216512475319814
8043 1.730651483187273
8082 3.47214911763444
8168 1.9746291214043248
8273 5.8998973535824915
8275 3.9539872045271784
8316 5.389071729816501
8337 5.865253575994063
8340 4.513602992462601
8673 3.740413104229119
8723 1.5262389685791264
8837 3.1698682457615064
9132 6.9985096422506015
9151 1.258716730071367
9170 0.6116303228879563
9408 4.165296298194385
9448 4.290459441148391
9537 0.6546292081242703
9554 1.271661894663404
9589 5.246137143643125
9590 3.3096301881366648
9711 1.8686109273275278
9729 13.438602956864145
9970 0.4837969513780714
10239 6.9985096422506015
10243 5.8998973535824915
10329 -0.21009069570959765
10411 4.05407066308416
10473 1.7781538171722764
10838 4.600614369452231
10914 8.18232023448811
10920 2.20271909665386
11023 2.576165249751463
11034 1.5958322603783217
11102 0.6652300141109108
11218 0.5720211847929105
11299 -0.5211827618659379
11320 2.764403137653342
11646 2.3541187431092285
11952 1.5958322603783217
12022 0.40409618250082274
12040 3.5645224377654547
12111 7.978253345220568
12341 2.8088549002241754
12369 5.8998973535824915
12377 1.3460204619819507
12455 -0.4305173317360804
12475 22.448861124522843
12568 17.699692060747473
12578 2.4237986637472186
12797 2.7218435232345457
12826 1.2619373447714093
13001 1.4730567031188173
13046 3.47214911763444
13071 3.086486636822455
13475 3.8204558119026557
13565 1.9878743481543455
13609 4.22592092001082
13891 0.6065925288579992
14202 3.666305132075397
14267 -0.3823693933135151
14343 3.7796338173824005
14431 1.034930298632155
14463 3.34126694692204
14588 2.0785287164224764
14656 1.1405764877671418
14681 4.22592092001082
14867 5.612215281130711
14876 4.165296298194385
14928 5.389071729816501
15021 5.389071729816501
15191 4.359452312635343
15195 3.0282177286984795
15227 4.433560284789064
15279 3.21432000833234
15332 -7.761558650728101
15346 6.9985096422506015
15449 4.8012850649143815
15461 4.290459441148391
15471 0.6940608398286201
