158
174 8.11615617283218
273 6.305362461690656
549 4.919068100570765
800 4.86832290156553
809 6.9985096422506015
1921 6.9985096422506015
1999 3.5327737394508745
2103 2.4446327506500602
2291 3.5327737394508745
2337 4.600614369452231
2357 1.1873686492739008
2450 -1.832570687110832
2837 3.086486636822455
2919 2.1944885975173447
2920 0.6795415285041667
2935 0.6320391945191633
3048 2.5098732725184614
3057 2.236335707452845
3096 6.9985096422506015
3352 4.359452312635343
3353 5.8998973535824915
3394 3.047265923669174
3506 0.8205655282000008
3635 1.5779746429783155
3637 3.260840023967233
3678 2.0041151072631602
3808 4.108137884354437
3814 4.47267141490569
3840 2.5961321377198296
3877 3.1698682457615064
4070 1.1068654304248302
4275 4.165296298194385
4331 3.3875917296063767
4333 2.9302403070461622
4416 1.3637200390813515
4507 4.59605855291637
4533 3.086486636822455
4576 2.085854756514549
4711 7.718421760121479
4750 0.994658549464184
4802 4.513602992462601
4838 1.4730567031188173
4844 5.8998973535824915
4846 2.021775899830027
4964 2.81981561731574
5101 3.414990703794491
5120 3.8630154263214513
5283 6.569875151092587
5284 3.5645224377654547
5501 5.206750173022546
5555 2.4033897921160112
5581 3.0666840095262753
5630 0.11915383779016203
5754 5.389071729816501
5851 4.00277736869661
5888 10.413500346045092
6088 1.2146844599208637
6228 1.2947271675944
6347 6.305362461690656
6433 0.5154022907934025
6442 4.8012850649143815
6586 2.288979440938267
6872 1.3047775034479017
6887 1.152070867192877
6919 1.422560539104285
6996 11.799794707164983
7025 1.0095482253607377
7197 1.730651483187273
7424 3.3609234825242154
7430 3.3096301881366648
7458 3.502002080784121
7459 2.1944885975173447
7469 6.9985096422506015
7578 1.5646118380827554
7650 2.1081605140288473
7740 3.5327737394508745
7797 3.047265923669174
7932 1.8745456628473423
7949 2.5441623459970937
8096 2.9066643955420775
8167 3.6312138122641273
8182 2.681021528714291
8262 2.0712559570933964
8325 5.052599493195288
8391 2.555858385760285
8439 0.4690908039883759
8444 1.7890234894091803
8585 3.47214911763444
8690 2.7938170228596353
8710 0.551203779709388
8854 4.165296298194385
8866 7.726030852642903
8867 6.9985096422506015
8928 1.3355491621146554
9122 1.3744921360632627
9151 1.258716730071367
9170 1.8348909686638688
9211 3.502002080784121
9245 4.919068100570765
9308 3.1698682457615064
9372 2.3256808077886952
9645 2.021775899830027
9682 5.052599493195288
9698 1.9878743481543455
9909 10.105198986390576
9970 0.4837969513780714
10001 2.0640357091199095
10221 2.434161450782765
10393 1.9746291214043248
10422 1.4175881426832082
10751 1.5879037593638217
10791 4.05407066308416
10886 2.87137525720551
11034 1.5958322603783217
11046 2.3933394562625097
11110 0.8102455191680114
11228 3.3096301881366648
11266 2.9041650800285006
11299 -1.0423655237318759
11317 3.0666840095262753
11353 5.617709800448351
11382 6.9985096422506015
11457 4.22592092001082
11725 4.359452312635343
11748 6.9985096422506015
11769 1.6466515087745348
11784 3.47214911763444
11825 2.9041650800285006
11871 6.305362461690656
11889 2.7790019370744945
12034 3.7296062085874135
12139 4.00277736869661
12455 -0.2152586658680402
12679 1.5958322603783217
12717 0.5999147077153936
12773 6.178322617372971
13046 3.47214911763444
13200 6.305362461690656
13271 3.3875917296063767
13302 4.359452312635343
13452 4.359452312635343
13538 3.414990703794491
13912 5.8998973535824915
14093 14.865789757577259
14267 -1.5294775732540604
14365 3.8630154263214513
14416 2.3218536389257243
14422 2.1233123190494494
14455 3.274434953082352
14463 1.67063347346102
14608 6.9985096422506015
15155 0.6904112007410705
15181 3.50297114018023
15332 -1.5523117301456202
15413 2.556395731286379
15650 2.130975191795019
15672 0.7275212103923018
15805 2.008077055471865
