136
174 1.6232312345664361
1822 2.383389125409342
1884 1.9486536350010641
1964 3.260840023967233
2328 5.982352914036261
2331 3.6312138122641273
2407 2.236335707452845
2450 -1.2217137914072214
2597 2.1157077196642304
2705 1.6657908489852322
2913 1.720394983020084
2924 4.0573926853492015
2939 5.612215281130711
2949 6.305362461690656
2959 3.5621059478217028
3048 2.5098732725184614
3090 3.047265923669174
3189 7.1290448755309095
3259 3.1918471524802814
3394 3.047265923669174
3449 0.9823524825522477
3498 2.87137525720551
3690 2.9945028634117485
3759 2.4033897921160112
4282 2.8553749158590684
4331 3.3875917296063767
4412 3.086486636822455
4522 1.0414285906185765
4646 1.8686109273275278
4750 0.994658549464184
4852 1.258716730071367
4866 2.5211728277723946
4876 2.2449194511442365
4909 1.4690805547391779
4919 5.206750173022546
5039 2.735829765209286
5105 4.600614369452231
5154 2.4446327506500602
5156 2.211017899468555
5209 5.612215281130711
5729 4.359452312635343
5758 3.666305132075397
5895 2.4033897921160112
6088 1.2146844599208637
6228 1.2947271675944
6390 3.047265923669174
6402 1.4112609838503516
6433 0.5154022907934025
6447 2.576165249751463
6657 10.693486189444645
6675 2.5098732725184614
6872 1.3047775034479017
6927 6.9985096422506015
7028 2.764403137653342
7104 -0.6634879166512921
7299 2.8553749158590684
7633 1.8745456628473423
7892 1.5517722705842913
7935 2.335070548138534
7969 3.5327737394508745
8523 1.4512652714088672
8710 0.551203779709388
8723 1.5262389685791264
8886 1.3081501879265407
8904 2.1863252868781835
8946 5.443687046469091
8977 2.6290617897835795
9365 1.4972514317058743
9428 2.498699971920336
9559 -0.9983873262596871
9589 2.6230685718215625
9674 3.6312138122641273
9786 3.1483620405405426
9970 0.4837969513780714
10029 2.4237986637472186
10443 2.4876501357337513
10751 2.3818556390457326
10868 -0.9268053640592568
11032 1.087712998210074
11110 0.8102455191680114
11143 4.8012850649143815
11235 3.740413104229119
11299 -2.0847310474637517
11416 2.1782280766455644
11453 1.3637200390813515
11570 1.1933746733341126
11580 2.5441623459970937
11787 6.305362461690656
11816 1.9296054400303697
11907 2.434161450782765
11960 4.695924549256556
12078 1.3637200390813515
12081 2.363780654020965
12145 3.1918471524802814
12404 2.970161792171238
12407 1.67038967643192
12455 -0.4305173317360804
12563 6.305362461690656
13088 2.7790019370744945
13189 7.498182651389369
13314 2.0286963426746007
13319 1.8055527913603908
13353 1.961557039836972
13401 2.465910149097345
13411 2.8088549002241754
13508 1.7255100836868542
13572 3.7490913256946845
13680 2.2449194511442365
13718 1.3425178314307487
13834 4.00277736869661
13913 2.8396265588909295
13968 3.3349479961209547
14078 2.5098732725184614
14136 1.4810567457858934
14237 -0.6972483483041599
14267 -0.3823693933135151
14309 1.5137127087599462
14381 0.2288676653980985
14416 0.7739512129752414
14455 8.18608738270588
14559 4.433560284789064
14682 1.5431885268928998
14692 2.8396265588909295
15020 3.086486636822455
15192 1.489121305622624
15197 3.5327737394508745
15210 4.919068100570765
15288 3.21432000833234
15292 2.211017899468555
15332 -3.1046234602912404
15578 1.7945029551738059
15600 3.009525595686327
15664 8.45184184002164
15669 2.162227735299123
15794 2.5676928434072877
15828 3.2794433825880924
