120
2 6.9985096422506015
389 1.6419233675785887
597 6.9985096422506015
737 4.8012850649143815
888 4.05407066308416
1893 3.5135252543819178
1924 2.288979440938267
1942 0.845776947546497
2176 2.383389125409342
2357 1.1873686492739008
2450 -0.6108568957036107
2631 0.8516879889706869
2705 1.6657908489852322
2874 3.047265923669174
2920 1.3590830570083334
3063 5.389071729816501
3186 2.576165249751463
3215 1.179961702382206
3249 2.750014400201242
3322 4.919068100570765
3659 6.9985096422506015
3690 1.4972514317058743
4097 8.866375123248154
4158 0.2142030831410193
4208 4.566138270957271
4261 2.262311193856106
4286 2.130975191795019
4302 1.8000126109847754
4487 3.1066893441399746
4566 3.597312260588446
4608 4.222567985219234
4750 0.33155284982139466
4857 2.0712559570933964
5040 1.4378280112350734
5046 2.236335707452845
5189 4.433560284789064
5770 3.4431615807611875
5773 2.735829765209286
6064 4.277394475777858
6122 3.502002080784121
6221 2.8553749158590684
6250 1.7727629685373998
7044 1.880515829833846
7104 -1.9904637499538764
7210 1.8568460857479414
7487 1.8167260919585162
7550 4.22592092001082
7689 4.513602992462601
7692 2.2449194511442365
7757 4.22592092001082
7826 3.1273086313427103
7925 5.8998973535824915
7936 4.359452312635343
7942 4.165296298194385
7968 3.047265923669174
8023 11.224430562261421
8154 11.224430562261421
8301 4.827084327160058
8439 0.4690908039883759
8638 7.726030852642903
8718 2.824122372354964
8736 1.1933746733341126
8788 2.146479378330984
8863 6.383694304960563
9170 0.6116303228879563
9346 4.997399943840672
9554 1.271661894663404
9644 4.359452312635343
9990 0.5671785603171224
10307 2.5676928434072877
10326 1.0461538510930224
10329 -0.21009069570959765
10437 1.3672978604292356
10784 5.612215281130711
10867 5.813328791084155
10983 4.919068100570765
11032 1.087712998210074
11044 3.9074671888922854
11148 1.1784267118982394
11168 1.2781978656431896
11252 3.3096301881366648
11266 2.9041650800285006
11287 2.0286963426746007
11450 6.786933581568317
11465 5.052599493195288
11894 1.5178707189086098
12006 2.955458374416051
12011 4.8012850649143815
12043 4.997399943840672
12455 -0.4305173317360804
12460 0.7332084295128914
12717 1.1998294154307871
12783 1.8986432144264027
12823 1.034930298632155
12853 1.152070867192877
12946 1.1865623684395195
13029 1.6609715625492831
13052 3.260840023967233
13208 1.3115342859107813
13353 9.80778519918486
13390 2.236335707452845
13392 2.764403137653342
13705 5.052599493195288
13791 3.047265923669174
13802 6.9985096422506015
13893 4.05407066308416
13935 4.359452312635343
14195 1.7781538171722764
14196 4.186511602777624
14237 -0.6972483483041599
14313 4.939954526323604
14765 5.8998973535824915
15057 5.760354335964385
15326 3.2373095265570386
15332 -9.313870380873722
15397 8.005189473945943
15407 6.813365470614782
15672 0.7275212103923018
15771 0.023095714794649395
15783 0.48083836933832624
