30
356 2.591790394986348
2341 6.305362461690656
2669 5.467079729030317
2920 0.6795415285041667
3813 5.052599493195288
5363 3.0666840095262753
6941 2.1782280766455644
7104 -1.3269758333025843
7220 5.8998973535824915
7604 11.799794707164983
7907 2.6418008155610093
8155 3.1066893441399746
9282 1.4533321977710387
10431 2.16559845872687
11000 4.600614369452231
11027 1.2781978656431896
11491 1.8745456628473423
12347 4.919068100570765
12797 2.7218435232345457
13080 0.8123010183501074
13153 2.2278250177849364
13458 5.052599493195288
14165 2.8088549002241754
14501 2.1863252868781835
15011 4.695924549256556
15471 0.6940608398286201
15626 4.22592092001082
15650 2.130975191795019
15723 5.8998973535824915
15771 0.023095714794649395
