254
174 4.869693703699308
279 5.283601631122019
341 4.8012850649143815
356 2.591790394986348
657 2.0640357091199095
665 4.600614369452231
677 6.305362461690656
730 2.298029276458185
1027 6.9985096422506015
1035 6.9985096422506015
1902 2.0149030205422647
2017 3.3875917296063767
2036 1.9486536350010641
2201 2.035665011990694
2240 1.65617539028579
2286 6.9985096422506015
2357 1.1873686492739008
2450 -4.2759982699252745
2513 1.8280256472124494
2595 2.5211728277723946
2650 4.00277736869661
2674 1.0272478024601386
2687 6.9985096422506015
2696 4.359452312635343
2755 3.260840023967233
2964 1.800870720168722
2995 6.9985096422506015
3048 2.5098732725184614
3052 3.2373095265570386
3160 4.513602992462601
3250 11.224430562261421
3329 3.962459610871354
3374 1.9680717208581657
3392 2.20271909665386
3523 4.8012850649143815
3531 5.206750173022546
3646 5.135385686814575
3700 1.2947271675944
3704 3.8630154263214513
3723 8.45184184002164
3774 1.7255100836868542
3814 2.236335707452845
3830 5.389071729816501
3840 1.2980660688599148
3949 2.7790019370744945
3981 3.3609234825242154
4208 1.5220460903190904
4222 2.3256808077886952
4405 1.3460204619819507
4425 3.7473499690270438
4562 3.3096301881366648
4586 3.009525595686327
4613 2.211017899468555
4616 1.8925641683500207
4750 0.6631056996427893
4759 6.42864001666468
4783 4.356456153291129
4794 3.6312138122641273
4806 3.6312138122641273
4871 2.4876501357337513
5005 12.16221198925248
5014 2.3541187431092285
5067 2.2278250177849364
5122 2.7938170228596353
5319 3.086486636822455
5339 2.356853423796479
5430 2.750014400201242
5484 0.9464204733261844
5507 5.052599493195288
5590 1.4533321977710387
5615 2.049749751872433
5736 2.8088549002241754
5834 13.24940312228632
5835 9.38192589402813
5875 2.750014400201242
5891 3.1273086313427103
5895 2.4033897921160112
5946 4.433560284789064
5983 1.9878743481543455
6089 3.8630154263214513
6110 5.389071729816501
6136 7.286230485460875
6151 4.222567985219234
6219 2.298029276458185
6221 2.8553749158590684
6235 2.454137038241171
6368 2.5098732725184614
6518 4.695924549256556
6548 2.0785287164224764
6618 10.284336098206484
6692 11.108018328738817
6754 1.2024518914852294
6776 1.942263836902293
6797 4.8012850649143815
6856 3.2849375755462935
6872 2.6095550068958033
7025 4.038192901442951
7057 3.2849375755462935
7076 7.302484352348294
7096 6.9985096422506015
7104 -2.6539516666051686
7222 4.695924549256556
7270 4.919068100570765
7274 3.0666840095262753
7281 6.474619053114077
7286 1.4112609838503516
7312 2.3163784151263815
7397 5.74275051441102
7410 5.206750173022546
7462 1.942263836902293
7487 1.8167260919585162
7534 2.485534857327378
7569 1.0170954309961207
7614 2.5676928434072877
7633 1.8745456628473423
7772 4.165296298194385
7881 5.8998973535824915
7892 1.5517722705842913
7914 2.146479378330984
7932 1.8745456628473423
7969 3.5327737394508745
8007 1.904759441443839
8032 0.5108256237659907
8439 0.4690908039883759
8444 1.7890234894091803
8664 5.587634045719271
8683 1.6803896484063847
8708 1.4810567457858934
8736 1.1933746733341126
8816 1.7255100836868542
8869 6.534684229936693
8886 1.3081501879265407
8928 2.6710983242293107
8945 6.9985096422506015
8979 1.7890234894091803
9106 1.0850066366123312
9169 17.21580790380594
9170 0.6116303228879563
9188 4.359452312635343
9250 4.22592092001082
9276 2.6944445490464313
9304 6.305362461690656
9306 3.8630154263214513
9393 2.12194687433635
9445 2.973157951515452
9531 1.67063347346102
9573 3.3096301881366648
9591 6.9985096422506015
9733 1.0850066366123312
9845 11.799794707164983
9970 2.418984756890357
9977 3.8630154263214513
10001 10.320178545599548
10008 2.0568672196412967
10030 2.413542163580029
10195 5.8998973535824915
10199 2.3256808077886952
10217 4.30864511158402
10258 1.8000126109847754
10290 8.580918882296782
10326 1.5692307766395337
10329 -0.21009069570959765
10384 6.305362461690656
10561 1.6003469407328483
10765 4.513602992462601
10827 3.740413104229119
10868 -0.37072214562370276
10929 6.213378688279949
10962 2.6290617897835795
10967 3.6312138122641273
11032 2.175425996420148
11102 7.317530155220019
11140 2.15432255579201
11165 2.1863252868781835
11168 1.2781978656431896
11170 2.5676928434072877
11243 3.8630154263214513
11287 2.0286963426746007
11308 7.529619817555384
11347 6.698418564444197
11353 2.8088549002241754
11400 3.5327737394508745
11428 5.389071729816501
11460 4.513602992462601
11481 1.6186122887101415
11484 3.6312138122641273
11524 1.5178707189086098
11696 3.2373095265570386
11704 3.1483620405405426
11785 1.9680717208581657
11850 2.455214859980597
11905 3.2849375755462935
12022 0.40409618250082274
12087 6.9985096422506015
12205 4.513602992462601
12227 6.339736491523013
12250 2.498699971920336
12373 6.9985096422506015
12455 -1.7220693269443217
12603 6.305362461690656
12674 3.155949285956631
12717 0.5999147077153936
12723 2.288979440938267
12790 1.5095719160939147
12820 3.3349479961209547
12826 1.2619373447714093
12926 5.206750173022546
12927 6.9985096422506015
12960 3.1918471524802814
12969 3.7026727762462723
12992 6.977042423366086
13001 1.4730567031188173
13043 3.4431615807611875
13222 6.829981407588982
13314 4.0573926853492015
13449 5.283601631122019
13505 3.0666840095262753
13553 -1.4818430397767681
13588 3.5327737394508745
13662 4.290459441148391
13680 4.489838902288473
13775 3.2849375755462935
13817 3.5645224377654547
13938 4.290459441148391
14153 4.9753002714675025
14208 9.498949194191207
14237 -11.155973572866559
14240 5.389071729816501
14267 -1.9118469665675755
14309 3.0274254175198925
14381 0.6866029961942954
14395 2.7218435232345457
14455 6.548869906164704
14515 3.0666840095262753
14671 5.206750173022546
14744 3.4431615807611875
14941 4.919068100570765
15098 4.919068100570765
15121 1.5868635903955612
15155 0.6904112007410705
15332 -3.1046234602912404
15397 2.001297368486486
15413 1.2781978656431896
15415 2.824122372354964
15453 4.47267141490569
15465 5.052599493195288
15471 2.08218251948586
15503 5.052599493195288
15538 3.8204558119026557
15587 2.5894543351888
15685 0.8716404581364162
15694 2.938066631704182
15702 2.8553749158590684
15771 0.09238285917859758
