149
174 9.739387407398617
764 3.502002080784121
911 6.9985096422506015
1839 2.093234863812172
1884 1.9486536350010641
1886 3.1273086313427103
1892 6.9985096422506015
2240 1.65617539028579
2247 4.438772298278144
2334 0.7939518796819108
2411 4.359452312635343
2434 2.413542163580029
2567 3.430611827025225
2645 2.591790394986348
2964 0.900435360084361
3008 6.9985096422506015
3048 2.5098732725184614
3240 3.5645224377654547
3637 3.260840023967233
3658 5.876133263408364
3678 6.01234532178948
3774 1.7255100836868542
3901 2.363780654020965
3952 6.305362461690656
4417 3.1918471524802814
4576 2.085854756514549
4750 0.994658549464184
4838 1.4730567031188173
4909 1.4690805547391779
5142 4.919068100570765
5154 2.4446327506500602
5339 1.1784267118982394
5418 4.00277736869661
5630 0.11915383779016203
5700 6.296724081081085
5999 5.019746545036923
6003 3.3609234825242154
6131 4.359452312635343
6169 7.210169376348034
6235 1.2270685191205855
6250 1.7727629685373998
6316 5.206750173022546
6433 0.5154022907934025
6609 3.1918471524802814
6742 9.201228738904462
6754 1.2024518914852294
6819 1.7153059135126125
6919 1.422560539104285
6997 4.600614369452231
7104 -0.6634879166512921
7311 2.236335707452845
7316 3.1273086313427103
7534 1.242767428663689
7578 0.5215372793609184
7650 10.540802570144237
7932 1.8745456628473423
7998 4.433560284789064
8007 1.904759441443839
8096 1.4533321977710387
8182 8.043064586142872
8242 2.035665011990694
8256 1.6803896484063847
8261 4.513602992462601
8284 3.9539872045271784
8431 4.695924549256556
8439 0.4690908039883759
8483 4.165296298194385
8578 3.1066893441399746
8866 7.726030852642903
8886 1.3081501879265407
8978 1.6140145794615122
8979 1.7890234894091803
9151 1.258716730071367
9372 6.977042423366086
9384 1.3355491621146554
9391 5.471659530418572
9597 3.1273086313427103
9645 6.06532769949008
9733 1.0850066366123312
9909 10.105198986390576
10001 4.128071418239819
10059 5.612215281130711
10067 5.206750173022546
10161 3.6312138122641273
10162 6.9985096422506015
10307 2.5676928434072877
10326 0.5230769255465112
10329 -0.21009069570959765
10422 0.7087940713416041
10973 2.7938170228596353
11023 1.2880826248757316
11034 1.5958322603783217
11089 1.1549652252192415
11095 5.206750173022546
11110 1.6204910383360227
11322 3.4431615807611875
11416 2.1782280766455644
11570 2.3867493466682252
11702 3.9539872045271784
11905 3.2849375755462935
12312 2.7938170228596353
12455 -1.5068106610762815
12543 3.5645224377654547
12564 5.612215281130711
12679 1.5958322603783217
12723 2.288979440938267
12773 6.178322617372971
12785 2.8088549002241754
12788 6.305362461690656
12833 0.9630282097258448
12942 7.907974409054357
13001 1.4730567031188173
13045 1.886521853894058
13080 1.6246020367002147
13208 1.3115342859107813
13319 3.6111055827207816
13338 2.5211728277723946
13835 4.00277736869661
13913 2.8396265588909295
13954 10.105198986390576
13993 3.3609234825242154
14012 3.8630154263214513
14077 6.9985096422506015
14107 2.4237986637472186
14188 3.597312260588446
14198 3.047265923669174
14267 -0.3823693933135151
14308 2.0640357091199095
14309 1.5137127087599462
14381 0.2288676653980985
14416 0.7739512129752414
14455 1.637217476541176
14472 9.027205984925201
14486 2.6164830075767194
14525 4.22592092001082
14682 1.5431885268928998
14936 6.305362461690656
15155 0.6904112007410705
15313 1.917105277266138
15332 -4.656935190436861
15341 0.7959741250626788
15358 2.579669034454003
15576 3.009525595686327
15578 1.7945029551738059
15648 2.5676928434072877
15650 2.130975191795019
15671 3.7796338173824005
15771 0.023095714794649395
15794 2.5676928434072877
