52
194 0.7699986386594181
209 1.7001922757025645
279 2.6418008155610093
769 3.9539872045271784
1902 2.0149030205422647
2253 5.612215281130711
2288 3.7796338173824005
2450 -1.2217137914072214
2542 4.695924549256556
2705 1.6657908489852322
2820 2.4446327506500602
2964 2.701306080253083
3249 2.750014400201242
3780 2.465910149097345
4425 1.249116656342348
5110 1.8452180477528222
5736 2.8088549002241754
5758 3.666305132075397
5834 1.65617539028579
6136 1.457246097092175
6402 1.4112609838503516
6618 2.0568672196412967
7104 -0.6634879166512921
7177 4.22592092001082
7638 3.7026727762462723
7813 1.0145733615634107
8439 0.4690908039883759
8683 1.6803896484063847
8708 1.4810567457858934
8979 1.7890234894091803
9106 1.0850066366123312
9151 1.258716730071367
9170 0.6116303228879563
9208 3.8204558119026557
9393 1.060973437168175
9970 0.4837969513780714
10326 0.5230769255465112
10329 -0.21009069570959765
10868 -0.18536107281185138
11104 4.290459441148391
12383 2.5046129034208957
12503 2.2278250177849364
12674 1.5779746429783155
12992 2.3256808077886952
13354 1.8280256472124494
13451 3.4431615807611875
14208 4.749474597095603
14212 4.8012850649143815
14237 -2.09174504491248
14381 0.2288676653980985
15332 -1.5523117301456202
15471 0.6940608398286201
