84
174 1.6232312345664361
194 0.7699986386594181
209 1.7001922757025645
1902 2.0149030205422647
2269 1.8686109273275278
2407 2.236335707452845
2442 2.7938170228596353
2450 -3.665141374221664
2484 1.3149298749119196
2513 3.656051294424899
2674 1.0272478024601386
2820 2.4446327506500602
3293 3.6312138122641273
3392 2.20271909665386
3578 0.6015799870344548
3949 2.7790019370744945
3985 2.5098732725184614
4425 2.498233312684696
4616 1.8925641683500207
4759 3.21432000833234
4760 5.389071729816501
4783 2.1782280766455644
4871 2.4876501357337513
4924 3.2849375755462935
4989 1.3355491621146554
5005 4.05407066308416
5337 6.305362461690656
5339 2.356853423796479
5484 0.9464204733261844
5834 1.65617539028579
5835 3.1273086313427103
5875 2.750014400201242
5929 3.3096301881366648
6402 1.4112609838503516
6754 1.2024518914852294
6872 1.3047775034479017
7327 3.5327737394508745
7722 3.5327737394508745
7813 2.0291467231268214
7892 1.5517722705842913
8070 3.1483620405405426
8071 4.513602992462601
8439 0.4690908039883759
9208 3.8204558119026557
9393 1.060973437168175
10261 3.9539872045271784
10326 0.5230769255465112
10749 1.1754637467675824
10868 -0.37072214562370276
10967 3.6312138122641273
10979 6.213378688279949
11019 11.799794707164983
11102 2.660920056443643
11170 2.5676928434072877
11347 1.6746046411110493
11481 1.6186122887101415
11524 1.5178707189086098
11952 3.1916645207566434
12250 2.498699971920336
12455 -0.4305173317360804
12503 2.2278250177849364
12674 3.155949285956631
13001 1.4730567031188173
13043 3.4431615807611875
13078 4.919068100570765
13134 4.359452312635343
13449 2.6418008155610093
13451 3.4431615807611875
13553 -0.7409215198883841
13680 4.489838902288473
13722 3.5327737394508745
14136 1.4810567457858934
14208 3.5621059478217028
14237 -0.6972483483041599
14395 5.443687046469091
14447 3.1483620405405426
14728 3.740413104229119
14854 6.305362461690656
15195 3.0282177286984795
15453 4.47267141490569
15465 5.052599493195288
15573 5.052599493195288
15738 4.600614369452231
15794 2.5676928434072877
