147
209 1.7001922757025645
279 2.6418008155610093
327 2.20271909665386
530 2.66777630196427
695 2.9911764570181303
1060 0.24866762566620615
1404 1.3708885285599641
1750 3.320596291274491
1871 3.5645224377654547
1900 4.290459441148391
1902 4.029806041084529
1986 2.4237986637472186
2176 2.383389125409342
2303 5.389071729816501
2398 3.740413104229119
2407 2.236335707452845
2450 -1.2217137914072214
2513 1.8280256472124494
2650 4.00277736869661
2667 3.9074671888922854
2674 1.0272478024601386
2820 9.778531002600241
2862 1.4690805547391779
2963 4.05407066308416
2964 1.800870720168722
3150 7.065547478901749
3171 5.389071729816501
3392 2.20271909665386
3485 5.389071729816501
3593 7.332610264150794
3647 2.1081605140288473
3700 1.2947271675944
3788 2.750014400201242
3896 1.403798262648762
3898 3.047265923669174
3949 2.7790019370744945
3982 1.0769312226067855
4081 3.1066893441399746
4189 2.87137525720551
4319 2.049749751872433
4425 1.249116656342348
4616 1.8925641683500207
4783 2.1782280766455644
4815 2.7218435232345457
4865 3.0282177286984795
4989 2.6710983242293107
5483 6.305362461690656
5834 6.62470156114316
5875 2.750014400201242
6240 5.389071729816501
6415 5.612215281130711
6583 1.7258895023377248
6618 6.17060165892389
6692 7.405345552492545
6718 3.9539872045271784
6872 2.6095550068958033
7000 12.610724923381312
7025 1.0095482253607377
7281 3.2373095265570386
7286 1.4112609838503516
7401 1.886521853894058
7486 4.695924549256556
7591 2.0426825846493406
7691 3.5645224377654547
7692 2.2449194511442365
7813 1.0145733615634107
7906 1.4339892349279078
8032 1.0216512475319814
8070 9.445086121621628
8337 1.9550845253313545
8399 3.9539872045271784
8439 0.4690908039883759
8440 4.00277736869661
8650 3.3096301881366648
8708 2.962113491571787
8904 2.1863252868781835
8989 5.206750173022546
9208 15.281823247610623
9384 2.6710983242293107
9531 1.67063347346102
10200 4.695924549256556
10326 2.615384627732556
10357 3.9539872045271784
10700 4.165296298194385
10967 3.6312138122641273
11089 1.1549652252192415
11102 5.321840112887286
11168 1.2781978656431896
11202 2.9209721983448818
11347 1.6746046411110493
11481 1.6186122887101415
11491 1.8745456628473423
11714 4.290459441148391
11788 3.3096301881366648
11790 2.2449194511442365
11816 1.9296054400303697
11887 3.3349479961209547
11952 1.5958322603783217
12022 0.40409618250082274
12249 3.9074671888922854
12383 1.2523064517104479
12455 -0.2152586658680402
12503 11.139125088924683
12717 1.1998294154307871
12819 5.389071729816501
12833 0.9630282097258448
12992 2.3256808077886952
13001 1.4730567031188173
13043 13.77264632304475
13078 4.919068100570765
13080 0.8123010183501074
13134 4.359452312635343
13152 9.201228738904462
13208 1.3115342859107813
13313 6.9985096422506015
13353 1.961557039836972
13359 2.6290617897835795
13440 2.9540974487767095
13449 5.283601631122019
13451 3.4431615807611875
13501 2.5211728277723946
13531 6.9985096422506015
13553 -0.7409215198883841
13588 3.5327737394508745
13617 4.919068100570765
13680 4.489838902288473
13930 1.3601549729168554
13935 4.359452312635343
13952 5.8998973535824915
14104 1.710242611556066
14198 3.047265923669174
14208 2.3747372985478017
14237 -1.3944966966083199
14267 -0.3823693933135151
14381 0.915470661592394
14419 14.389249042353784
14431 1.034930298632155
14507 1.8510151654371483
14660 4.8012850649143815
14798 5.612215281130711
15012 4.108137884354437
15121 1.5868635903955612
15129 2.8876357780772897
15332 -7.761558650728101
15341 0.7959741250626788
15622 4.72756130804193
15708 2.9911764570181303
