213
71 5.612215281130711
194 0.7699986386594181
1822 4.766778250818684
1839 2.093234863812172
2017 6.775183459212753
2050 6.305362461690656
2241 4.8012850649143815
2334 0.7939518796819108
2450 -9.773710331257771
2513 5.4840769416373485
2542 4.695924549256556
2650 4.00277736869661
2667 3.9074671888922854
2674 2.054495604920277
2820 7.333898251950181
2862 1.4690805547391779
2904 4.165296298194385
2963 4.05407066308416
2964 1.800870720168722
3090 3.047265923669174
3150 3.5327737394508745
3160 9.027205984925201
3419 4.22592092001082
3647 4.216321028057695
3700 1.2947271675944
3704 3.8630154263214513
3723 4.22592092001082
3739 8.00555473739322
3788 2.750014400201242
3814 2.236335707452845
3820 1.7890234894091803
3973 4.919068100570765
4026 2.8876357780772897
4156 3.086486636822455
4189 2.87137525720551
4340 3.5645224377654547
4425 2.498233312684696
4427 3.597312260588446
4616 1.8925641683500207
4684 5.389071729816501
4759 3.21432000833234
4876 2.2449194511442365
4989 1.3355491621146554
5015 4.8012850649143815
5119 2.3933394562625097
5215 4.8012850649143815
5339 2.356853423796479
5350 2.955458374416051
5430 2.750014400201242
5483 6.305362461690656
5518 1.5868635903955612
5563 3.1066893441399746
5587 2.5326015235960173
5590 1.4533321977710387
5736 8.426564700672525
5758 3.666305132075397
5834 3.31235078057158
5835 6.254617262685421
5934 2.8876357780772897
6020 3.9074671888922854
6033 4.695924549256556
6046 6.9985096422506015
6136 1.457246097092175
6140 2.211017899468555
6156 1.8000126109847754
6250 1.7727629685373998
6368 2.5098732725184614
6535 4.919068100570765
6565 9.391849098513111
6590 7.640911623805311
6642 6.305362461690656
6692 7.405345552492545
6754 1.2024518914852294
6847 5.8998973535824915
6872 7.82866502068741
6972 3.9539872045271784
7025 2.0190964507214755
7029 4.108137884354437
7076 2.434161450782765
7104 -1.3269758333025843
7125 3.8630154263214513
7242 3.6312138122641273
7255 3.9074671888922854
7281 3.2373095265570386
7327 7.065547478901749
7534 1.242767428663689
7578 0.5215372793609184
7879 5.206750173022546
7892 3.1035445411685827
7906 1.4339892349279078
7907 2.6418008155610093
7932 1.8745456628473423
8032 0.5108256237659907
8337 1.9550845253313545
8592 3.740413104229119
8650 6.6192603762733295
8683 5.041168945219154
8708 2.962113491571787
8723 1.5262389685791264
8736 2.3867493466682252
8806 3.47214911763444
8840 3.1698682457615064
8860 6.305362461690656
8880 3.34126694692204
8908 3.6312138122641273
8927 4.919068100570765
8928 1.3355491621146554
8946 2.7218435232345457
8960 3.8630154263214513
9169 3.4431615807611875
9170 0.6116303228879563
9208 7.640911623805311
9276 2.6944445490464313
9393 6.365840623009049
9504 7.065547478901749
9573 3.3096301881366648
9752 3.5327737394508745
9817 3.9550110997006014
9864 4.513602992462601
9911 4.165296298194385
10018 4.8012850649143815
10114 1.3014161557451966
10258 1.8000126109847754
10295 4.433560284789064
10326 1.0461538510930224
10329 -0.21009069570959765
10340 6.9985096422506015
10683 5.612215281130711
10689 4.919068100570765
10790 10.413500346045092
10791 4.05407066308416
10868 -0.7414442912474055
10979 3.1066893441399746
11032 1.087712998210074
11042 4.433560284789064
11089 1.1549652252192415
11102 3.326150070554554
11168 2.556395731286379
11243 3.8630154263214513
11252 3.3096301881366648
11317 3.0666840095262753
11347 0.8373023205555247
11460 4.513602992462601
11481 3.237224577420283
11570 1.1933746733341126
11591 5.443687046469091
11597 3.0666840095262753
11790 4.489838902288473
11840 1.6902419448493964
11952 1.5958322603783217
11956 4.695924549256556
12022 0.40409618250082274
12093 1.6803896484063847
12122 1.1963912668735384
12137 2.498699971920336
12247 3.8630154263214513
12383 1.2523064517104479
12455 -0.6457759976041206
12503 4.455650035569873
12588 4.05407066308416
12820 3.3349479961209547
12853 1.152070867192877
13043 6.886323161522375
13080 0.8123010183501074
13098 4.8012850649143815
13134 8.718904625270685
13294 4.290459441148391
13335 4.695924549256556
13354 1.8280256472124494
13360 4.05407066308416
13432 3.7796338173824005
13449 2.6418008155610093
13508 1.7255100836868542
13538 3.414990703794491
13553 -0.7409215198883841
13680 2.2449194511442365
13718 1.3425178314307487
13920 4.05407066308416
13930 2.7203099458337108
14044 1.4611753752320646
14074 3.7796338173824005
14078 2.5098732725184614
14085 3.1698682457615064
14208 11.873686492739008
14211 6.9985096422506015
14237 -16.03671201099568
14267 -2.6765857531946056
14308 2.0640357091199095
14381 0.915470661592394
14416 2.3218536389257243
14419 7.194624521176892
14422 2.1233123190494494
14431 1.034930298632155
14455 3.274434953082352
15012 4.108137884354437
15121 7.934317951977806
15155 6.213700806669635
15242 3.414990703794491
15270 5.389071729816501
15304 9.391849098513111
15332 -6.209246920582481
15358 2.579669034454003
15453 6.7090071223585355
15458 2.8088549002241754
15471 0.6940608398286201
15472 2.735829765209286
15475 6.9985096422506015
15513 6.305362461690656
15538 3.8204558119026557
15622 2.363780654020965
15769 3.3349479961209547
15770 4.165296298194385
15794 2.5676928434072877
