37
389 1.6419233675785887
2329 4.433560284789064
2357 1.1873686492739008
2631 0.21292199724267172
2920 0.6795415285041667
2935 0.6320391945191633
3215 0.589980851191103
3223 2.5211728277723946
3737 1.8055527913603908
3840 1.2980660688599148
4158 0.030600440448717042
4750 0.33155284982139466
4881 2.7938170228596353
5666 3.47214911763444
7487 1.8167260919585162
7647 3.3096301881366648
8439 0.4690908039883759
9170 0.6116303228879563
9990 0.5671785603171224
10246 4.919068100570765
10307 2.5676928434072877
10979 6.213378688279949
11218 0.5720211847929105
12081 2.363780654020965
12460 0.7332084295128914
12785 2.8088549002241754
12833 0.9630282097258448
12951 4.00277736869661
13169 3.3349479961209547
13726 4.513602992462601
13845 2.001297368486486
14237 -0.6972483483041599
14267 -0.3823693933135151
14416 0.7739512129752414
15057 1.152070867192877
15113 3.7796338173824005
15121 1.5868635903955612
