215
174 1.6232312345664361
194 0.7699986386594181
279 2.6418008155610093
341 4.8012850649143815
365 3.414990703794491
645 5.389071729816501
1896 1.7835738846416156
1928 2.4876501357337513
2155 7.907974409054357
2217 2.4876501357337513
2357 1.1873686492739008
2358 3.1273086313427103
2407 2.236335707452845
2442 2.7938170228596353
2450 -0.6108568957036107
2512 4.8012850649143815
2513 1.8280256472124494
2650 4.00277736869661
2667 3.9074671888922854
2815 6.9985096422506015
2820 2.4446327506500602
2935 1.2640783890383267
2964 0.900435360084361
3048 2.5098732725184614
3110 2.8876357780772897
3150 3.5327737394508745
3293 3.6312138122641273
3392 4.40543819330772
3485 5.389071729816501
3575 3.260840023967233
3578 1.2031599740689096
3647 2.1081605140288473
3736 3.086486636822455
3740 6.305362461690656
3862 3.0666840095262753
3914 4.919068100570765
3949 2.7790019370744945
3991 2.8088549002241754
4081 3.1066893441399746
4189 2.87137525720551
4405 1.3460204619819507
4425 1.249116656342348
4439 6.9985096422506015
4522 0.2603571476546441
4616 1.8925641683500207
4625 1.8452180477528222
4750 0.33155284982139466
4759 9.64296002499702
4783 2.1782280766455644
4852 2.517433460142734
4871 2.4876501357337513
4956 2.413542163580029
4989 1.3355491621146554
5005 8.10814132616832
5147 4.600614369452231
5339 3.5352801356947183
5416 4.108137884354437
5430 5.500028800402484
5484 0.9464204733261844
5666 3.47214911763444
5711 5.258123579567159
5773 2.735829765209286
5834 4.96852617085737
5835 6.254617262685421
5875 2.750014400201242
5895 2.4033897921160112
5902 4.05407066308416
5954 4.8012850649143815
5955 2.434161450782765
6078 2.555858385760285
6083 3.3349479961209547
6147 4.00277736869661
6240 5.389071729816501
6433 0.5154022907934025
6449 3.9074671888922854
6618 2.0568672196412967
6622 2.579669034454003
6692 3.7026727762462723
6702 3.0282177286984795
6776 1.942263836902293
6828 3.8630154263214513
6872 5.219110013791607
6970 2.1863252868781835
6998 4.8012850649143815
7076 2.434161450782765
7104 -2.6539516666051686
7197 1.730651483187273
7215 2.344549292093078
7242 7.262427624528255
7281 9.711928579671117
7425 4.513602992462601
7557 3.3349479961209547
7569 1.0170954309961207
7647 3.3096301881366648
7688 3.086486636822455
7692 2.2449194511442365
7854 3.3609234825242154
7879 5.206750173022546
7892 1.5517722705842913
7906 1.4339892349279078
7914 2.146479378330984
8032 0.5108256237659907
8175 5.389071729816501
8276 3.21432000833234
8337 1.9550845253313545
8439 0.4690908039883759
8567 4.8012850649143815
8643 2.001297368486486
8648 2.434161450782765
8650 3.3096301881366648
8664 5.587634045719271
8696 9.83813620114153
8708 1.4810567457858934
8723 1.5262389685791264
8784 2.146479378330984
8860 6.305362461690656
8989 5.206750173022546
8993 2.973157951515452
9106 3.2550199098369936
9151 1.258716730071367
9208 3.8204558119026557
9306 7.726030852642903
9393 1.060973437168175
9573 3.3096301881366648
9693 6.9985096422506015
9698 1.9878743481543455
9733 1.0850066366123312
9765 1.7835738846416156
9791 4.689098584186156
9807 3.1698682457615064
9876 2.6944445490464313
10001 6.192107127359728
10028 5.612215281130711
10114 1.3014161557451966
10221 2.434161450782765
10326 1.0461538510930224
10357 3.9539872045271784
10393 1.9746291214043248
10422 0.7087940713416041
10431 0.7218661529089567
10527 6.305362461690656
10968 3.740413104229119
11019 5.8998973535824915
11089 1.1549652252192415
11092 5.8998973535824915
11102 1.9956900423327322
11139 2.87137525720551
11308 2.5098732725184614
11347 6.698418564444197
11393 3.2849375755462935
11423 4.600614369452231
11457 4.22592092001082
11481 1.6186122887101415
11485 3.3875917296063767
11570 1.1933746733341126
11580 2.5441623459970937
11747 6.305362461690656
11772 4.108137884354437
11790 2.2449194511442365
11836 2.37353682896633
11952 3.1916645207566434
11959 2.2449194511442365
12205 4.513602992462601
12227 6.339736491523013
12250 2.498699971920336
12342 4.05407066308416
12455 -0.4305173317360804
12503 2.2278250177849364
12585 6.305362461690656
12592 5.8998973535824915
12595 2.344549292093078
12674 3.155949285956631
12717 2.9995735385769677
12853 2.304141734385754
12926 10.413500346045092
12992 2.3256808077886952
13001 4.419170109356452
13042 5.8998973535824915
13043 6.886323161522375
13045 1.886521853894058
13075 3.9539872045271784
13134 4.359452312635343
13222 6.829981407588982
13319 5.416658374081172
13449 2.6418008155610093
13553 -0.7409215198883841
13571 5.389071729816501
13661 3.7026727762462723
13680 2.2449194511442365
13740 4.359452312635343
13930 1.3601549729168554
13935 4.359452312635343
14008 4.002594736972972
14104 1.710242611556066
14136 1.4810567457858934
14166 4.108137884354437
14198 3.047265923669174
14208 10.686317843465108
14237 -1.3944966966083199
14267 -0.3823693933135151
14346 5.389071729816501
14381 0.2288676653980985
14416 1.5479024259504828
14455 6.548869906164704
14633 2.6547042203969173
15155 1.380822401482141
15332 -9.313870380873722
15415 2.824122372354964
15456 3.1273086313427103
15471 0.6940608398286201
15613 4.108137884354437
15622 2.363780654020965
15735 2.938066631704182
15769 3.3349479961209547
15771 0.023095714794649395
