316
45 4.8012850649143815
362 6.305362461690656
502 2.5676928434072877
592 2.4446327506500602
1060 0.12433381283310307
1122 6.339736491523013
1277 6.9985096422506015
1349 6.305362461690656
1470 6.9985096422506015
1508 6.9985096422506015
1655 6.9985096422506015
1686 2.309930450438483
1703 4.00277736869661
1724 6.305362461690656
1754 6.9985096422506015
1772 5.052599493195288
1839 2.093234863812172
1929 2.1081605140288473
1999 3.5327737394508745
2049 2.37353682896633
2240 3.31235078057158
2247 2.219386149139072
2291 3.5327737394508745
2334 0.7939518796819108
2351 1.5647876386963615
2357 1.1873686492739008
2421 1.5431885268928998
2444 3.666305132075397
2450 -0.6108568957036107
2595 2.5211728277723946
2597 2.1157077196642304
2639 2.6040604875781623
2787 6.383694304960563
2810 7.194624521176892
2829 2.8088549002241754
3039 5.8998973535824915
3062 2.8396265588909295
3108 12.32441365306331
3142 5.052599493195288
3213 4.433560284789064
3249 2.750014400201242
3265 3.414990703794491
3379 3.1918471524802814
3419 4.22592092001082
3578 0.6015799870344548
3612 3.1918471524802814
3780 2.465910149097345
3807 2.3256808077886952
3808 4.108137884354437
3815 5.389071729816501
3820 1.7890234894091803
3840 1.2980660688599148
3859 4.600614369452231
3915 18.783698197026222
3942 3.3875917296063767
3982 1.0769312226067855
4021 1.5054481989100525
4048 6.9985096422506015
4070 1.1068654304248302
4219 1.7567626271909589
4221 4.290459441148391
4226 3.3609234825242154
4232 2.3256808077886952
4241 2.4033897921160112
4265 3.5327737394508745
4274 5.8998973535824915
4319 2.049749751872433
4321 2.8553749158590684
4331 6.775183459212753
4359 4.8012850649143815
4366 1.9878743481543455
4368 4.22592092001082
4402 9.83813620114153
4412 3.086486636822455
4437 2.4033897921160112
4440 4.8012850649143815
4522 1.822500033582509
4591 4.22592092001082
4613 2.211017899468555
4627 4.359452312635343
4695 2.87137525720551
4866 2.5211728277723946
4876 2.2449194511442365
4878 1.3672978604292356
4903 5.389071729816501
4923 5.206750173022546
4963 4.786678912525019
5067 2.2278250177849364
5119 2.3933394562625097
5120 3.8630154263214513
5155 3.3096301881366648
5173 3.7026727762462723
5284 3.5645224377654547
5384 4.05407066308416
5392 2.130975191795019
5550 3.666305132075397
5554 4.216321028057695
5556 4.433560284789064
5587 2.5326015235960173
5590 1.4533321977710387
5630 0.3574615133704861
5676 3.502002080784121
5705 4.695924549256556
5737 3.740413104229119
5754 10.778143459633002
5797 6.305362461690656
5852 2.4876501357337513
5872 25.441623459970938
5874 30.95602841344804
5889 2.4033897921160112
5955 2.434161450782765
5973 1.4770487243883548
6007 4.290459441148391
6043 1.5913378707904824
6088 1.2146844599208637
6151 1.4075226617397445
6190 6.9985096422506015
6234 2.6290617897835795
6276 6.305362461690656
6351 2.8088549002241754
6402 1.4112609838503516
6447 5.152330499502926
6457 5.389071729816501
6525 9.445086121621628
6583 4.314723755844312
6657 8.554788951555716
6754 1.2024518914852294
6784 5.389071729816501
6787 4.577958881876534
6872 1.3047775034479017
6908 0.6707538925195963
6968 6.9985096422506015
6970 2.1863252868781835
6971 3.597312260588446
7065 5.208120975156325
7104 -3.980927499907753
7181 3.260840023967233
7197 1.730651483187273
7344 1.6325336272287498
7482 3.6111055827207816
7633 1.8745456628473423
7731 2.001297368486486
7764 1.7052048175261088
7767 3.414990703794491
7770 4.165296298194385
7845 2.4237986637472186
7846 2.7218435232345457
7940 4.359452312635343
7963 9.602570129828763
7981 2.0426825846493406
8018 4.22592092001082
8041 3.597312260588446
8043 1.730651483187273
8086 3.3096301881366648
8137 5.052599493195288
8262 2.0712559570933964
8274 6.305362461690656
8514 2.008077055471865
8523 4.353795814226602
8588 5.8998973535824915
8645 3.5327737394508745
8660 1.675499663112193
8710 2.75601889854694
8749 3.0666840095262753
8788 2.146479378330984
8799 3.502002080784121
8822 9.120043083822026
8823 3.1066893441399746
8886 1.3081501879265407
8963 6.305362461690656
8964 4.600614369452231
8978 1.6140145794615122
9106 2.1700132732246624
9122 1.3744921360632627
9170 1.8348909686638688
9270 3.1066893441399746
9292 2.5441623459970937
9365 2.9945028634117485
9384 1.3355491621146554
9498 5.206750173022546
9559 -0.7487904946947653
9589 5.246137143643125
9679 4.433560284789064
9709 1.082307579643166
9728 3.21432000833234
9733 1.0850066366123312
9817 2.6366740664670676
9970 0.9675939027561428
10008 2.0568672196412967
10114 1.3014161557451966
10325 3.7851283367000415
10329 -0.4201813914191953
10341 3.1698682457615064
10447 1.829844710114914
10522 2.9911764570181303
10609 3.5327737394508745
10742 5.367070468227541
10749 1.1754637467675824
10760 5.389071729816501
10800 10.105198986390576
10859 3.086486636822455
10868 -0.5560832184355542
11071 5.206750173022546
11099 5.612215281130711
11106 4.043551799660054
11110 2.430736557504034
11218 0.5720211847929105
11299 -3.6482793330615655
11304 1.2054960338664575
11334 1.994563336305142
11339 4.00277736869661
11375 5.362043057428582
11416 2.1782280766455644
11461 2.146479378330984
11550 5.052599493195288
11570 1.1933746733341126
11580 2.5441623459970937
11778 2.8553749158590684
11781 5.183580789972696
11783 4.00277736869661
11804 3.7796338173824005
11825 2.9041650800285006
11889 2.7790019370744945
11896 4.290459441148391
11908 1.5346778372249912
11929 4.600614369452231
11945 1.9550845253313545
11959 2.2449194511442365
11969 0.7582337970798316
12028 5.183580789972696
12033 2.5211728277723946
12081 2.363780654020965
12092 4.108137884354437
12122 1.1963912668735384
12151 3.1698682457615064
12292 2.5211728277723946
12332 5.612215281130711
12377 1.3460204619819507
12455 -0.2152586658680402
12487 4.8012850649143815
12508 6.786933581568317
12598 2.5098732725184614
12614 5.206750173022546
12637 6.9985096422506015
12664 4.22592092001082
12717 0.5999147077153936
12796 2.9209721983448818
12797 2.7218435232345457
12803 1.3637200390813515
12805 1.8568460857479414
12891 3.7796338173824005
12896 3.2373095265570386
13001 1.4730567031188173
13078 4.919068100570765
13108 2.2800107709555064
13189 1.8745456628473423
13208 1.3115342859107813
13209 3.6312138122641273
13327 5.612215281130711
13358 4.695924549256556
13384 2.0568672196412967
13403 3.502002080784121
13430 5.8998973535824915
13440 1.4770487243883548
13530 3.9539872045271784
13553 -0.7409215198883841
13565 1.9878743481543455
13662 4.290459441148391
13718 1.3425178314307487
13760 3.7796338173824005
13761 2.6040604875781623
13791 3.047265923669174
13834 4.00277736869661
13843 6.534684229936693
13859 2.955458374416051
13891 1.2131850577159984
13971 5.389071729816501
14019 5.206750173022546
14044 1.4611753752320646
14136 1.4810567457858934
14237 -0.6972483483041599
14242 2.5326015235960173
14309 1.5137127087599462
14313 1.6466515087745348
14381 0.2288676653980985
14433 4.22592092001082
14453 3.414990703794491
14546 2.8876357780772897
14682 1.5431885268928998
14901 27.85861675955619
14906 0.4013639403639497
14974 4.8012850649143815
15192 1.489121305622624
15209 2.579669034454003
15253 4.919068100570765
15292 2.211017899468555
15306 0.7199882180847567
15332 -1.5523117301456202
15351 3.5645224377654547
15373 1.628721502626236
15391 4.290459441148391
15448 4.8012850649143815
15451 6.9985096422506015
15457 4.359452312635343
15471 0.6940608398286201
15484 2.9911764570181303
15517 1.886521853894058
15518 5.641547489501538
15573 5.052599493195288
15595 1.3320829541381691
15672 0.7275212103923018
15685 0.8716404581364162
15771 0.06928714438394819
15827 7.643653228072869
15828 13.11777353035237
15829 3.7796338173824005
