67
258 6.9985096422506015
2450 -1.2217137914072214
2674 2.054495604920277
2705 1.6657908489852322
2964 0.900435360084361
3110 2.8876357780772897
3150 3.5327737394508745
3329 5.943689416307031
3578 1.8047399611033645
3647 2.1081605140288473
3949 5.558003874148989
4425 1.249116656342348
4759 9.64296002499702
4852 1.258716730071367
5722 3.3609234825242154
5834 4.96852617085737
5835 3.1273086313427103
5875 5.500028800402484
6706 6.9985096422506015
6872 1.3047775034479017
7104 -0.6634879166512921
7311 2.236335707452845
7534 1.242767428663689
7892 1.5517722705842913
7906 1.4339892349279078
7914 6.439438134992953
8003 4.108137884354437
8408 6.9985096422506015
8439 0.9381816079767518
8664 2.7938170228596353
8696 4.919068100570765
8708 4.4431702373576805
9384 1.3355491621146554
9791 2.344549292093078
10247 4.359452312635343
10326 1.5692307766395337
11102 1.3304600282218215
11165 2.1863252868781835
11168 1.2781978656431896
11210 3.21432000833234
11347 2.511906961666574
11393 3.2849375755462935
11481 3.237224577420283
12022 0.40409618250082274
12247 3.8630154263214513
12250 7.4960999157610075
12498 4.695924549256556
12674 3.155949285956631
12717 0.5999147077153936
12773 0.8826175167675673
13319 1.8055527913603908
13354 1.8280256472124494
13449 2.6418008155610093
13457 12.610724923381312
13553 -0.7409215198883841
13572 1.8745456628473423
13672 1.5262389685791264
13680 2.2449194511442365
13843 2.1782280766455644
13927 12.610724923381312
13930 2.7203099458337108
14208 3.5621059478217028
14237 -0.6972483483041599
14267 -0.3823693933135151
14754 3.8204558119026557
15332 -3.1046234602912404
15709 2.1863252868781835
