36
2271 0.34178311807220957
2450 -0.6108568957036107
3215 0.589980851191103
3578 0.6015799870344548
3738 8.10814132616832
4070 1.1068654304248302
4158 0.030600440448717042
4840 2.938066631704182
4989 1.3355491621146554
5040 1.4378280112350734
5517 1.6232312345664361
5680 3.182675741580965
6402 1.4112609838503516
6583 0.8629447511688624
7104 -0.6634879166512921
8096 4.359996593313117
9709 1.082307579643166
9990 0.5671785603171224
10307 2.5676928434072877
10329 -0.21009069570959765
10889 3.086486636822455
11168 1.2781978656431896
11790 2.2449194511442365
11999 4.8012850649143815
12301 5.612215281130711
12717 0.5999147077153936
13393 4.433560284789064
13553 -0.7409215198883841
14196 1.6746046411110493
14313 3.2933030175490696
14906 0.4013639403639497
15057 1.152070867192877
15332 -3.1046234602912404
15397 2.001297368486486
15692 7.640911623805311
15783 0.48083836933832624
