180
302 1.7153059135126125
389 1.6419233675785887
710 2.8553749158590684
738 6.305362461690656
1060 0.12433381283310307
1690 2.455214859980597
1842 2.0286963426746007
1896 3.567147769283231
1923 11.055089497342776
1940 2.6944445490464313
1942 0.845776947546497
1954 5.500028800402484
2334 4.763711278091465
2407 2.236335707452845
2519 3.3804838896987928
2562 5.612215281130711
2594 3.5645224377654547
2631 0.8516879889706869
2647 4.513602992462601
2674 1.0272478024601386
2701 5.443687046469091
2935 1.2640783890383267
3110 5.775271556154579
3215 2.359923404764412
3506 0.8205655282000008
3578 0.6015799870344548
3637 3.260840023967233
3643 6.42864001666468
3780 2.465910149097345
3804 2.750014400201242
3896 2.807596525297524
3923 3.1273086313427103
4004 4.8892655013001205
4026 2.8876357780772897
4096 3.3609234825242154
4145 8.03230822188746
4158 0.27540396403845335
4208 10.654322632233633
4219 8.783813135954794
4261 2.262311193856106
4286 2.130975191795019
4295 8.762916595034646
4366 1.9878743481543455
4412 3.086486636822455
4608 2.815045323479489
4642 12.008332106089831
4750 0.6631056996427893
4878 4.101893581287706
4886 3.009525595686327
4914 5.735956939711631
4989 2.6710983242293107
5040 7.189140056175367
5055 4.455650035569873
5119 2.3933394562625097
5190 5.206750173022546
5340 3.3349479961209547
5587 2.5326015235960173
5705 4.695924549256556
5993 0.8521803845817039
6064 2.138697237888929
6128 7.065547478901749
6228 2.5894543351888
6235 6.1353425956029275
6389 3.1273086313427103
6390 6.094531847338348
6402 1.4112609838503516
6433 1.030804581586805
6467 2.2535775138873513
6583 1.7258895023377248
6747 12.32441365306331
6751 5.088324691994187
6776 1.942263836902293
7072 5.845960905003192
7104 -1.3269758333025843
7240 4.359452312635343
7344 1.6325336272287498
7363 3.2849375755462935
7411 4.8012850649143815
7430 3.3096301881366648
7487 1.8167260919585162
7692 4.489838902288473
7781 2.6040604875781623
7813 1.0145733615634107
7854 3.3609234825242154
7924 13.139750302185174
7965 3.773043707788116
7969 3.5327737394508745
8032 1.0216512475319814
8263 3.414990703794491
8439 0.4690908039883759
8452 4.165296298194385
8638 11.589046278964354
8690 2.7938170228596353
8723 1.5262389685791264
8731 8.114785370698403
8736 1.1933746733341126
8863 3.1918471524802814
8880 1.67063347346102
9106 2.1700132732246624
9413 4.433560284789064
9442 5.612215281130711
9537 1.3092584162485406
9733 1.0850066366123312
9986 2.0568672196412967
9990 2.8358928015856124
10306 2.15432255579201
10307 2.5676928434072877
10326 2.092307702186045
10329 -1.6807255656767812
10437 2.7345957208584712
10473 5.334461451516829
10609 3.5327737394508745
10647 3.5327737394508745
10754 3.1698682457615064
10867 4.359996593313117
10903 7.430163195604683
11032 3.263138994630222
11148 2.356853423796479
11168 1.2781978656431896
11275 6.9985096422506015
11302 3.47214911763444
11308 2.5098732725184614
11320 5.528806275306684
11379 2.0426825846493406
11384 3.3609234825242154
11419 3.1273086313427103
11445 3.740413104229119
11450 2.262311193856106
11481 1.6186122887101415
11503 2.8876357780772897
11524 1.5178707189086098
11570 2.3867493466682252
11657 5.206750173022546
11671 9.014310055549405
11769 1.6466515087745348
11790 2.2449194511442365
11894 6.071482875634439
11908 7.673389186124956
12022 1.616384730003291
12093 1.6803896484063847
12111 1.994563336305142
12137 22.488299747283023
12139 4.00277736869661
12382 5.052599493195288
12455 -0.2152586658680402
12460 0.7332084295128914
12708 3.1916645207566434
12717 2.3996588308615743
12783 1.8986432144264027
12793 2.87137525720551
12818 3.1483620405405426
12896 3.2373095265570386
12931 4.919068100570765
12978 2.383389125409342
12985 5.612215281130711
13029 1.6609715625492831
13052 3.260840023967233
13080 0.8123010183501074
13137 3.740413104229119
13392 2.764403137653342
13501 2.5211728277723946
13672 4.578716905737379
13728 5.389071729816501
13839 4.22592092001082
13845 2.001297368486486
13855 6.305362461690656
14267 -0.3823693933135151
14473 3.2849375755462935
15158 3.8204558119026557
15326 3.2373095265570386
15332 -6.209246920582481
15397 2.001297368486486
15403 4.165296298194385
15471 0.6940608398286201
15472 2.735829765209286
15587 2.5894543351888
15709 2.1863252868781835
15731 2.9911764570181303
15783 1.923353477353305
15786 0.8981906902305371
