119
302 1.7153059135126125
389 1.6419233675785887
666 3.260840023967233
1738 6.9985096422506015
1750 2.2137308608496604
1922 1.6952047341915255
1929 4.216321028057695
2137 6.9985096422506015
2240 1.65617539028579
2271 0.6835662361444191
2285 6.305362461690656
2421 1.5431885268928998
2597 4.231415439328461
2631 0.21292199724267172
3068 1.3460204619819507
3162 6.9985096422506015
3738 4.05407066308416
3981 3.3609234825242154
3982 1.0769312226067855
3985 2.5098732725184614
4070 4.427461721699321
4158 0.030600440448717042
4286 2.130975191795019
4386 4.600614369452231
4522 0.2603571476546441
4592 3.0282177286984795
4750 0.6631056996427893
4876 4.489838902288473
4989 2.6710983242293107
5014 2.3541187431092285
5040 1.4378280112350734
5587 2.5326015235960173
5680 11.139365095533377
5709 4.290459441148391
5711 2.6290617897835795
5872 2.5441623459970937
6003 3.3609234825242154
6004 3.1066893441399746
6583 1.7258895023377248
6754 1.2024518914852294
6908 0.33537694625979814
7072 1.9486536350010641
7316 3.1273086313427103
7497 0.7014003223166658
7675 5.612215281130711
7826 3.1273086313427103
7892 3.1035445411685827
7935 2.335070548138534
7965 1.886521853894058
7981 2.0426825846493406
8078 3.8718292184472687
8096 1.4533321977710387
8100 6.9985096422506015
8103 4.600614369452231
8104 5.389071729816501
8271 4.513602992462601
8339 5.389071729816501
8393 5.8998973535824915
8439 0.4690908039883759
8582 1.3781087765334512
8736 1.1933746733341126
8908 3.6312138122641273
9108 4.359452312635343
9115 3.047265923669174
9346 2.498699971920336
9408 4.165296298194385
9709 1.082307579643166
9983 3.1066893441399746
10306 2.15432255579201
10326 0.5230769255465112
10329 -0.8403627828383906
10431 0.7218661529089567
10487 1.981229805435677
10503 2.413542163580029
10868 -0.18536107281185138
10903 2.476721065201561
11168 1.2781978656431896
11252 3.3096301881366648
11253 5.8998973535824915
11305 2.0640357091199095
11400 3.5327737394508745
11450 2.262311193856106
11481 1.6186122887101415
11765 6.9985096422506015
11790 4.489838902288473
11969 0.7582337970798316
12028 2.591790394986348
12301 16.836645843392134
12341 2.8088549002241754
12460 0.7332084295128914
12717 1.7997441231461808
12978 2.383389125409342
13080 0.8123010183501074
13353 1.961557039836972
13392 2.764403137653342
13440 4.4311461731650645
13501 2.5211728277723946
13553 -1.111382279832576
13839 4.22592092001082
13845 2.001297368486486
13936 3.3349479961209547
14196 1.6746046411110493
14313 9.879909052647209
14381 1.1443383269904925
14431 3.104790895896465
14563 7.925402446683028
14571 3.2373095265570386
14679 3.7796338173824005
14764 6.9985096422506015
14871 5.612215281130711
14906 0.4013639403639497
15110 5.052599493195288
15332 -7.761558650728101
15373 0.814360751313118
15397 4.002594736972972
15413 1.2781978656431896
15472 2.735829765209286
15677 1.5779746429783155
15783 0.48083836933832624
