69
279 2.6418008155610093
1896 1.7835738846416156
2288 3.7796338173824005
2450 -0.6108568957036107
2484 2.629859749823839
2522 5.8998973535824915
2640 2.735829765209286
2646 4.22592092001082
2705 1.6657908489852322
3374 1.9680717208581657
3991 5.617709800448351
4077 6.9985096422506015
4081 3.1066893441399746
4214 2.465910149097345
4220 6.305362461690656
4405 1.3460204619819507
4608 1.4075226617397445
4616 1.8925641683500207
4871 2.4876501357337513
4886 3.009525595686327
4989 1.3355491621146554
5046 2.236335707452845
5439 3.7796338173824005
5711 2.6290617897835795
5809 2.363780654020965
5834 3.31235078057158
5835 3.1273086313427103
6411 2.434161450782765
7044 3.761031659667692
7076 2.434161450782765
7104 -0.6634879166512921
7482 1.8055527913603908
7586 4.433560284789064
7914 10.73239689165492
7941 3.740413104229119
7991 1.3149298749119196
8262 2.0712559570933964
8337 1.9550845253313545
8391 2.555858385760285
8426 6.9985096422506015
8896 2.938066631704182
8908 3.6312138122641273
9029 8.33059259638877
9116 3.666305132075397
9387 8.00555473739322
9393 1.060973437168175
10294 2.70805020110221
10329 -0.21009069570959765
10603 3.9074671888922854
10978 6.9985096422506015
11168 1.2781978656431896
11347 1.6746046411110493
12122 1.1963912668735384
12455 -0.6457759976041206
12674 1.5779746429783155
12781 2.498699971920336
12850 3.502002080784121
13460 2.955458374416051
13572 1.8745456628473423
13743 3.8204558119026557
13888 8.718904625270685
13920 4.05407066308416
14208 2.3747372985478017
14237 -2.7889933932166397
14431 2.06986059726431
14633 2.6547042203969173
14692 2.8396265588909295
15332 -3.1046234602912404
15672 0.7275212103923018
