132
279 2.6418008155610093
344 2.7790019370744945
530 2.66777630196427
1822 7.150167376228025
1823 5.8998973535824915
1896 1.7835738846416156
1964 3.260840023967233
2218 3.740413104229119
2240 1.65617539028579
2247 2.219386149139072
2265 6.9985096422506015
2288 3.7796338173824005
2328 2.9911764570181303
2450 -0.6108568957036107
2650 4.00277736869661
2935 1.2640783890383267
2940 1.6278716141229383
3837 5.052599493195288
3949 2.7790019370744945
4081 3.1066893441399746
4220 6.305362461690656
4316 6.9985096422506015
4412 3.086486636822455
4545 5.206750173022546
4551 3.9074671888922854
4750 0.33155284982139466
4759 3.21432000833234
4783 2.1782280766455644
4852 1.258716730071367
5020 3.21432000833234
5046 4.47267141490569
5067 2.2278250177849364
5339 1.1784267118982394
5484 0.9464204733261844
5541 4.290459441148391
5678 4.695924549256556
5752 3.9539872045271784
5809 2.363780654020965
5834 8.28087695142895
5835 3.1273086313427103
5875 2.750014400201242
6235 1.2270685191205855
6326 6.9985096422506015
6412 6.305362461690656
6565 9.391849098513111
6622 2.579669034454003
6644 4.513602992462601
6872 1.3047775034479017
6957 5.052599493195288
7025 1.0095482253607377
7044 9.402579149169231
7197 3.461302966374546
7215 2.344549292093078
7281 6.474619053114077
7557 6.669895992241909
7867 6.305362461690656
7914 12.878876269985906
7941 3.740413104229119
8032 1.0216512475319814
8066 5.8998973535824915
8444 3.5780469788183606
8723 1.5262389685791264
8896 2.938066631704182
9029 8.33059259638877
9106 2.1700132732246624
9116 14.665220528301589
9361 5.612215281130711
9387 16.01110947478644
9504 7.065547478901749
9791 2.344549292093078
9911 4.165296298194385
10326 1.0461538510930224
10329 -1.260544174257586
10556 3.9539872045271784
10563 5.8998973535824915
10603 3.9074671888922854
10977 17.699692060747473
11032 1.087712998210074
11347 8.373023205555247
11491 1.8745456628473423
11506 3.8630154263214513
11790 2.2449194511442365
11952 1.5958322603783217
11969 1.5164675941596633
12122 1.1963912668735384
12149 5.389071729816501
12193 4.05407066308416
12250 2.498699971920336
12342 4.05407066308416
12455 -1.076293329340201
12717 1.1998294154307871
12833 0.9630282097258448
12972 5.710749831718137
12993 4.05407066308416
13077 3.047265923669174
13193 5.206750173022546
13237 6.305362461690656
13319 1.8055527913603908
13338 2.5211728277723946
13408 4.8012850649143815
13440 1.4770487243883548
13449 2.6418008155610093
13501 2.5211728277723946
13505 3.0666840095262753
13553 -0.37046075994419203
13661 7.405345552492545
13680 2.2449194511442365
13681 2.498699971920336
13887 8.867120569578129
13888 4.359452312635343
13920 4.05407066308416
14208 2.3747372985478017
14237 -5.5779867864332795
14267 -0.7647387866270302
14416 0.7739512129752414
14455 3.274434953082352
14486 2.6164830075767194
14633 5.309408440793835
14682 1.5431885268928998
14776 6.9985096422506015
14830 2.7790019370744945
14980 11.799794707164983
15006 6.305362461690656
15195 3.0282177286984795
15304 9.391849098513111
15332 -1.5523117301456202
15465 5.052599493195288
15471 1.3881216796572402
15538 3.8204558119026557
15677 1.5779746429783155
15728 3.009525595686327
15731 2.9911764570181303
