206
209 1.7001922757025645
241 1.6902419448493964
279 2.6418008155610093
327 2.20271909665386
344 2.7790019370744945
530 5.33555260392854
583 2.9041650800285006
638 3.502002080784121
657 4.128071418239819
703 3.7026727762462723
705 7.814934377784571
800 7.302484352348294
1050 4.600614369452231
1060 0.06216690641655154
1062 2.591790394986348
1379 0.5370414658968836
1404 1.3708885285599641
1555 6.9985096422506015
1686 1.1549652252192415
1820 3.3875917296063767
1839 2.093234863812172
1893 1.7567626271909589
2041 14.258089751061819
2233 6.521680047934466
2288 3.7796338173824005
2399 11.799794707164983
2450 -1.2217137914072214
2484 1.3149298749119196
2522 5.8998973535824915
2586 6.6192603762733295
2650 4.00277736869661
2674 1.0272478024601386
2705 1.6657908489852322
2964 0.900435360084361
3150 3.5327737394508745
3487 4.8012850649143815
3578 0.6015799870344548
3635 3.155949285956631
3714 24.006425324571907
3840 1.2980660688599148
3899 5.8998973535824915
3949 2.7790019370744945
3991 8.426564700672525
4081 3.1066893441399746
4340 3.5645224377654547
4405 1.3460204619819507
4416 1.3637200390813515
4608 1.4075226617397445
4616 3.7851283367000415
4759 6.42864001666468
4840 2.938066631704182
4865 3.0282177286984795
4989 4.006647486343966
4990 4.513602992462601
5014 2.3541187431092285
5036 4.695924549256556
5046 2.236335707452845
5142 4.919068100570765
5191 4.433560284789064
5299 5.389071729816501
5312 2.8553749158590684
5340 3.3349479961209547
5419 3.8630154263214513
5484 1.8928409466523688
5541 4.290459441148391
5615 4.099499503744866
5809 2.363780654020965
5834 4.96852617085737
5875 2.750014400201242
5898 3.9074671888922854
5905 1.7835738846416156
6049 2.035665011990694
6402 1.4112609838503516
6583 0.8629447511688624
6618 6.17060165892389
6692 3.7026727762462723
6702 3.0282177286984795
6718 3.9539872045271784
6776 1.942263836902293
6830 5.612215281130711
6872 1.3047775034479017
7044 7.522063319335384
7156 3.8204558119026557
7170 3.237224577420283
7242 3.6312138122641273
7281 6.474619053114077
7286 1.4112609838503516
7363 3.2849375755462935
7557 3.3349479961209547
7569 1.0170954309961207
7586 4.433560284789064
7594 4.290459441148391
7597 2.1863252868781835
7638 3.7026727762462723
7688 3.086486636822455
7791 5.612215281130711
7845 4.847597327494437
7906 1.4339892349279078
7907 2.6418008155610093
7914 25.75775253997181
7932 1.8745456628473423
8032 0.5108256237659907
8043 1.730651483187273
8070 9.445086121621628
8071 4.513602992462601
8262 2.0712559570933964
8276 3.21432000833234
8294 3.666305132075397
8337 1.9550845253313545
8338 4.22592092001082
8427 6.9985096422506015
8432 3.3875917296063767
8650 3.3096301881366648
8714 4.22592092001082
8723 1.5262389685791264
8736 4.7734986933364505
8816 3.4510201673737084
8896 2.938066631704182
9029 12.495888894583157
9116 10.998915396226192
9353 4.953442130403122
9363 6.305362461690656
9387 32.02221894957288
9454 3.1698682457615064
9481 1.7727629685373998
9618 6.9985096422506015
9876 8.083333647139295
9884 3.2373095265570386
10055 3.009525595686327
10064 3.3349479961209547
10294 2.70805020110221
10326 0.5230769255465112
10329 -0.21009069570959765
10603 11.722401566676856
10749 1.1754637467675824
10765 4.513602992462601
10766 6.305362461690656
10794 2.938066631704182
10868 -0.37072214562370276
11010 4.919068100570765
11032 1.087712998210074
11102 1.9956900423327322
11254 4.695924549256556
11315 5.389071729816501
11347 3.3492092822220987
11375 5.362043057428582
11465 5.052599493195288
11702 3.9539872045271784
11816 1.9296054400303697
11952 1.5958322603783217
11969 0.7582337970798316
12022 1.2122885475024683
12122 1.1963912668735384
12193 4.05407066308416
12205 4.513602992462601
12227 3.1698682457615064
12250 7.4960999157610075
12251 6.305362461690656
12279 3.8630154263214513
12312 5.587634045719271
12455 -0.2152586658680402
12503 4.455650035569873
12553 2.1431672325603808
12595 2.344549292093078
12674 1.5779746429783155
12781 2.498699971920336
12790 1.5095719160939147
12823 3.104790895896465
12833 0.9630282097258448
12850 3.502002080784121
12861 8.00555473739322
12992 2.3256808077886952
12993 4.05407066308416
13440 1.4770487243883548
13449 2.6418008155610093
13508 3.4510201673737084
13553 -1.111382279832576
13662 8.580918882296782
13680 2.2449194511442365
13817 3.5645224377654547
13888 34.87561850108274
13920 4.05407066308416
14100 4.359452312635343
14208 3.5621059478217028
14237 -3.4862417415207996
14381 0.6866029961942954
14395 2.7218435232345457
14431 1.034930298632155
14506 11.221239312687356
14601 4.433560284789064
14633 2.6547042203969173
14725 4.359452312635343
14906 0.4013639403639497
15048 6.9985096422506015
15129 2.8876357780772897
15332 -12.418493841164961
15358 2.579669034454003
15415 2.824122372354964
15453 2.236335707452845
15471 0.6940608398286201
15515 3.666305132075397
15672 1.4550424207846036
15677 1.5779746429783155
15728 3.009525595686327
15738 4.600614369452231
15771 0.11547857397324697
