40
389 1.6419233675785887
1850 3.0666840095262753
1893 1.7567626271909589
1896 1.7835738846416156
2631 0.21292199724267172
3215 0.589980851191103
3388 4.695924549256556
3643 3.21432000833234
3802 4.359452312635343
3840 1.2980660688599148
4145 2.008077055471865
4158 0.030600440448717042
4208 1.5220460903190904
4914 1.4339892349279078
7344 1.6325336272287498
7924 6.569875151092587
8638 7.726030852642903
8886 1.3081501879265407
8978 1.6140145794615122
9106 1.0850066366123312
9990 0.5671785603171224
10326 1.0461538510930224
10329 -0.21009069570959765
10867 1.4533321977710387
11032 1.087712998210074
11170 2.5676928434072877
11503 2.8876357780772897
12137 2.498699971920336
12455 -0.4305173317360804
12460 0.7332084295128914
12708 1.5958322603783217
12717 1.1998294154307871
12756 5.389071729816501
12946 1.1865623684395195
13392 2.764403137653342
13845 2.001297368486486
15057 1.152070867192877
15341 0.7959741250626788
15413 1.2781978656431896
15587 1.2947271675944
