35
1820 3.3875917296063767
2351 1.5647876386963615
2601 3.1066893441399746
2959 1.1873686492739008
3143 2.219386149139072
4282 2.8553749158590684
4331 3.3875917296063767
4909 1.4690805547391779
5590 1.4533321977710387
5630 0.23830767558032406
6675 2.5098732725184614
7104 -1.9904637499538764
8523 0.7256326357044336
8710 0.551203779709388
9559 -0.24959683156492177
10447 1.2198964734099427
10751 0.7939518796819108
10868 -0.18536107281185138
11032 1.087712998210074
11218 0.5720211847929105
11304 1.2054960338664575
11940 5.389071729816501
12377 1.3460204619819507
12455 -0.2152586658680402
13046 3.47214911763444
13189 1.8745456628473423
13272 2.7790019370744945
13401 4.93182029819469
13553 -0.37046075994419203
13718 1.3425178314307487
13719 3.9074671888922854
14692 2.8396265588909295
15191 4.359452312635343
15292 2.211017899468555
15828 1.0931477941960308
