47
21 4.695924549256556
194 0.7699986386594181
906 4.05407066308416
2269 1.8686109273275278
2450 -0.6108568957036107
2484 1.3149298749119196
2513 1.8280256472124494
2536 1.7835738846416156
2674 1.0272478024601386
3635 1.5779746429783155
3840 1.2980660688599148
3949 2.7790019370744945
4613 2.211017899468555
4759 6.42864001666468
4783 2.1782280766455644
4852 1.258716730071367
4871 2.4876501357337513
5363 3.0666840095262753
5834 1.65617539028579
5875 2.750014400201242
6402 2.822521967700703
6612 6.9985096422506015
6618 2.0568672196412967
7892 1.5517722705842913
7914 2.146479378330984
8708 1.4810567457858934
9393 1.060973437168175
9698 1.9878743481543455
9711 1.8686109273275278
9876 2.6944445490464313
10326 0.5230769255465112
10329 -0.21009069570959765
11102 0.6652300141109108
11347 0.8373023205555247
11816 1.9296054400303697
12022 0.40409618250082274
12093 1.6803896484063847
12151 3.1698682457615064
12250 2.498699971920336
12455 -0.2152586658680402
12969 3.7026727762462723
13001 1.4730567031188173
14208 1.1873686492739008
14237 -0.6972483483041599
14395 2.7218435232345457
14692 2.8396265588909295
15704 3.7026727762462723
