37
194 0.7699986386594181
209 1.7001922757025645
254 2.498699971920336
530 2.66777630196427
2070 1.4730567031188173
2269 1.8686109273275278
2406 2.9209721983448818
2536 1.7835738846416156
3407 2.085854756514549
4425 1.249116656342348
5363 3.0666840095262753
5778 5.612215281130711
5834 1.65617539028579
5835 3.1273086313427103
6147 4.00277736869661
6618 4.113734439282593
7025 1.0095482253607377
7104 -0.6634879166512921
7534 1.242767428663689
7569 1.0170954309961207
7892 1.5517722705842913
8708 1.4810567457858934
9711 1.8686109273275278
9733 1.0850066366123312
10008 2.0568672196412967
10114 1.3014161557451966
10238 6.9985096422506015
10329 -0.21009069570959765
11347 0.8373023205555247
12022 0.40409618250082274
12151 6.339736491523013
12383 1.2523064517104479
13080 0.8123010183501074
13681 2.498699971920336
14208 1.1873686492739008
14395 5.443687046469091
14682 1.5431885268928998
