45
389 1.6419233675785887
1884 1.9486536350010641
1923 6.633053698405666
1960 9.445086121621628
2334 0.7939518796819108
2444 3.666305132075397
2631 0.21292199724267172
3186 1.2880826248757316
3223 2.5211728277723946
3643 3.21432000833234
4097 2.955458374416051
4158 0.061200880897434085
4208 4.566138270957271
4295 2.9209721983448818
4307 2.824122372354964
4608 1.4075226617397445
4878 1.3672978604292356
5190 5.206750173022546
6043 1.5913378707904824
6164 2.6290617897835795
8439 0.4690908039883759
8452 4.165296298194385
8863 3.1918471524802814
9982 3.7796338173824005
9990 0.5671785603171224
10307 2.5676928434072877
10326 0.5230769255465112
10329 -0.21009069570959765
10867 1.4533321977710387
10882 4.359452312635343
11503 2.8876357780772897
11704 3.1483620405405426
11828 5.910916748832102
12137 2.498699971920336
12254 2.335070548138534
12460 0.7332084295128914
12946 1.1865623684395195
13208 1.3115342859107813
13353 1.961557039836972
13845 2.001297368486486
14463 1.67063347346102
14918 3.5327737394508745
15057 1.152070867192877
15332 -1.5523117301456202
15783 0.48083836933832624
