121
302 1.7153059135126125
389 1.6419233675785887
446 4.513602992462601
486 2.70805020110221
493 6.339736491523013
502 2.5676928434072877
710 2.8553749158590684
888 4.05407066308416
1828 5.389071729816501
1902 2.0149030205422647
1929 4.216321028057695
1930 12.610724923381312
1942 4.228884737732485
2036 1.9486536350010641
2056 4.22592092001082
2122 6.9985096422506015
2145 6.9985096422506015
2271 0.34178311807220957
2334 0.7939518796819108
2356 2.681021528714291
2450 -0.6108568957036107
2674 1.0272478024601386
3120 3.2097641917964794
3215 1.179961702382206
3296 3.597312260588446
3449 0.9823524825522477
3717 3.8204558119026557
3737 1.8055527913603908
3961 2.6290617897835795
3990 2.6290617897835795
4021 1.5054481989100525
4084 5.612215281130711
4158 0.030600440448717042
4302 1.8000126109847754
4321 2.8553749158590684
4363 3.7796338173824005
4765 1.4150133334689021
5039 2.735829765209286
5040 1.4378280112350734
5047 6.669895992241909
5051 4.433560284789064
5517 1.6232312345664361
5630 0.3574615133704861
5964 3.1273086313427103
5973 1.4770487243883548
5993 1.7043607691634077
6402 1.4112609838503516
6908 0.33537694625979814
7104 -1.3269758333025843
7210 1.8568460857479414
7325 2.8088549002241754
7462 1.942263836902293
7563 2.335070548138534
7813 1.0145733615634107
8439 0.4690908039883759
8710 1.102407559418776
8799 3.502002080784121
8803 5.8998973535824915
8856 4.632756830252763
8880 1.67063347346102
8886 1.3081501879265407
8925 3.5327737394508745
9029 4.165296298194385
9110 2.035665011990694
9384 1.3355491621146554
9531 1.67063347346102
9689 5.612215281130711
9733 1.0850066366123312
9872 4.165296298194385
10008 2.0568672196412967
10199 4.6513616155773905
10306 2.15432255579201
10326 0.5230769255465112
10329 -1.4706348699671836
10447 1.2198964734099427
10749 2.3509274935351647
10751 5.5576631577733755
11023 1.2880826248757316
11089 1.1549652252192415
11102 0.6652300141109108
11228 3.3096301881366648
11245 5.8998973535824915
11304 1.2054960338664575
11463 3.47214911763444
11570 1.1933746733341126
11623 12.610724923381312
11659 5.8998973535824915
11769 1.6466515087745348
11790 2.2449194511442365
11840 1.6902419448493964
11945 3.910169050662709
12241 2.579669034454003
12376 6.9985096422506015
12377 2.6920409239639014
12460 0.7332084295128914
12691 5.612215281130711
12717 1.1998294154307871
12731 11.799794707164983
13208 1.3115342859107813
13272 11.116007748297978
13354 5.4840769416373485
13380 4.05407066308416
13384 2.0568672196412967
13845 2.001297368486486
13867 2.175425996420148
13930 1.3601549729168554
14078 2.5098732725184614
14237 -1.3944966966083199
14473 3.2849375755462935
14507 1.8510151654371483
14810 5.8998973535824915
14901 2.5326015235960173
14907 3.5645224377654547
15241 1.7462362142039713
15332 -6.209246920582481
15373 0.814360751313118
15471 0.6940608398286201
15669 2.162227735299123
15709 2.1863252868781835
15783 2.4041918466916314
15786 0.8981906902305371
