27
21 4.695924549256556
194 0.7699986386594181
1922 1.6952047341915255
2450 -0.6108568957036107
2536 1.7835738846416156
2674 2.054495604920277
3635 1.5779746429783155
3840 1.2980660688599148
3949 2.7790019370744945
4405 1.3460204619819507
5713 4.359452312635343
5875 2.750014400201242
6402 1.4112609838503516
6564 6.305362461690656
6618 4.113734439282593
9445 2.973157951515452
9876 2.6944445490464313
10601 3.740413104229119
11170 2.5676928434072877
12151 3.1698682457615064
12250 2.498699971920336
12674 3.155949285956631
13460 2.955458374416051
14208 2.3747372985478017
14395 2.7218435232345457
14529 2.8088549002241754
14637 3.3349479961209547
