23
389 1.6419233675785887
1896 1.7835738846416156
3215 1.179961702382206
3578 0.6015799870344548
4145 2.008077055471865
4158 0.030600440448717042
4914 1.4339892349279078
5040 1.4378280112350734
5933 2.955458374416051
5973 1.4770487243883548
7924 3.2849375755462935
8032 0.5108256237659907
8439 0.4690908039883759
9986 2.0568672196412967
9990 0.5671785603171224
10307 2.5676928434072877
12137 2.498699971920336
12460 0.7332084295128914
12708 1.5958322603783217
14523 2.8553749158590684
15057 1.152070867192877
15587 1.2947271675944
15783 0.48083836933832624
