42
325 4.22592092001082
1842 2.0286963426746007
1942 0.845776947546497
1960 6.296724081081085
2621 4.108137884354437
3215 1.179961702382206
4158 0.030600440448717042
4208 1.5220460903190904
4297 3.3096301881366648
5033 2.1233123190494494
5055 2.2278250177849364
5905 1.7835738846416156
6338 2.413542163580029
8032 0.5108256237659907
8439 0.4690908039883759
8638 3.8630154263214513
9922 3.3349479961209547
9990 0.5671785603171224
10076 2.750014400201242
10307 2.5676928434072877
10326 0.5230769255465112
10609 3.5327737394508745
11148 1.1784267118982394
11170 2.5676928434072877
11252 3.3096301881366648
11377 3.414990703794491
11503 2.8876357780772897
11707 3.2373095265570386
11828 2.955458374416051
11939 2.681021528714291
12254 2.335070548138534
12455 -0.4305173317360804
12460 0.7332084295128914
12717 1.1998294154307871
12849 4.22592092001082
12946 0.5932811842197597
14196 0.8373023205555247
14293 5.206750173022546
15057 1.152070867192877
15413 1.2781978656431896
15709 2.1863252868781835
15783 0.48083836933832624
