39
325 4.22592092001082
1942 0.845776947546497
1960 3.1483620405405426
3215 1.179961702382206
4158 0.030600440448717042
4295 2.9209721983448818
4297 3.3096301881366648
5040 1.4378280112350734
5587 2.5326015235960173
5993 0.8521803845817039
7104 -0.6634879166512921
8032 0.5108256237659907
8439 0.4690908039883759
9663 5.389071729816501
9922 3.3349479961209547
9990 1.1343571206342449
10076 2.750014400201242
10307 2.5676928434072877
10326 1.0461538510930224
10609 3.5327737394508745
11148 1.1784267118982394
11170 2.5676928434072877
11252 3.3096301881366648
11377 3.414990703794491
11503 2.8876357780772897
11707 3.2373095265570386
11939 2.681021528714291
12022 0.40409618250082274
12023 3.6312138122641273
12254 2.335070548138534
12460 0.7332084295128914
12717 0.5999147077153936
12849 4.22592092001082
13867 1.087712998210074
14196 0.8373023205555247
14293 5.206750173022546
15413 1.2781978656431896
15709 2.1863252868781835
15786 0.8981906902305371
