422
5 4.513602992462601
16 6.9985096422506015
34 4.513602992462601
51 6.305362461690656
66 5.052599493195288
68 6.305362461690656
71 5.612215281130711
209 1.7001922757025645
254 2.498699971920336
279 2.6418008155610093
311 6.305362461690656
538 5.8998973535824915
541 12.610724923381312
680 4.433560284789064
682 6.9985096422506015
685 6.9985096422506015
733 6.9985096422506015
797 6.9985096422506015
810 2.8396265588909295
1037 5.389071729816501
1060 0.12433381283310307
1168 6.9985096422506015
1343 6.9985096422506015
1390 3.260840023967233
1404 4.112665585679892
1573 6.9985096422506015
1656 6.9985096422506015
1659 6.9985096422506015
1686 1.1549652252192415
1839 6.2797045914365155
1842 2.0286963426746007
1877 5.206750173022546
1915 6.9985096422506015
1928 2.4876501357337513
1957 1.8223599096767722
1960 6.296724081081085
1977 2.6040604875781623
1986 2.4237986637472186
1990 8.33059259638877
2030 6.669895992241909
2051 2.66777630196427
2070 1.4730567031188173
2074 6.9985096422506015
2077 3.3875917296063767
2240 1.65617539028579
2269 1.8686109273275278
2302 3.009525595686327
2334 1.5879037593638217
2421 1.5431885268928998
2450 -4.8868551656288854
2492 3.047265923669174
2493 6.305362461690656
2513 3.656051294424899
2542 4.695924549256556
2591 3.8630154263214513
2631 0.42584399448534344
2701 2.7218435232345457
2780 3.9539872045271784
2883 4.919068100570765
2893 2.5098732725184614
2920 0.6795415285041667
2935 0.6320391945191633
3048 2.5098732725184614
3050 6.9985096422506015
3051 4.919068100570765
3062 8.518879676672789
3168 2.824122372354964
3180 2.7938170228596353
3388 4.695924549256556
3436 9.391849098513111
3449 1.9647049651044954
3454 3.47214911763444
3476 6.9985096422506015
3506 6.564524225600007
3578 3.609479922206729
3598 1.1666271649670843
3612 9.575541457440844
3632 3.47214911763444
3690 2.9945028634117485
3692 6.305362461690656
3774 1.7255100836868542
3804 2.750014400201242
3807 2.3256808077886952
3812 2.2535775138873513
3877 3.1698682457615064
3923 3.1273086313427103
3937 6.9985096422506015
4008 3.21432000833234
4021 1.5054481989100525
4070 1.1068654304248302
4075 3.597312260588446
4145 2.008077055471865
4156 3.086486636822455
4158 0.030600440448717042
4198 3.7796338173824005
4223 2.1863252868781835
4253 4.22592092001082
4261 2.262311193856106
4309 2.681021528714291
4325 3.21432000833234
4333 1.4651201535230811
4334 3.1698682457615064
4372 5.052599493195288
4397 14.665220528301589
4405 1.3460204619819507
4407 3.414990703794491
4466 7.907974409054357
4487 12.426757376559898
4572 4.8012850649143815
4576 2.085854756514549
4608 4.222567985219234
4625 7.380872191011289
4657 8.33059259638877
4695 2.87137525720551
4712 6.9985096422506015
4788 24.006425324571907
4833 67.61473472017312
4866 5.042345655544789
4876 2.2449194511442365
4878 1.3672978604292356
4912 1.9296054400303697
4914 7.169946174639539
4938 3.4431615807611875
4989 1.3355491621146554
5020 19.28592004999404
5040 12.94045210111566
5042 6.9985096422506015
5049 4.359452312635343
5067 4.455650035569873
5089 6.9985096422506015
5101 3.414990703794491
5150 4.695924549256556
5339 1.1784267118982394
5340 3.3349479961209547
5414 2.8876357780772897
5430 2.750014400201242
5484 0.9464204733261844
5491 3.597312260588446
5501 15.620250519067639
5509 12.610724923381312
5518 1.5868635903955612
5589 5.206750173022546
5636 11.892631806061807
5637 6.9985096422506015
5684 6.9985096422506015
5725 5.389071729816501
5731 8.66290733423187
5739 5.775271556154579
5773 2.735829765209286
5809 2.363780654020965
5812 3.1698682457615064
5867 5.612215281130711
5965 18.702065521145595
5973 1.4770487243883548
5980 3.8630154263214513
5983 1.9878743481543455
5986 3.3609234825242154
6037 22.448861124522843
6043 4.774013612371447
6049 2.035665011990694
6120 4.8012850649143815
6156 3.6000252219695508
6173 6.305362461690656
6216 2.3933394562625097
6218 16.01110947478644
6250 1.7727629685373998
6258 6.305362461690656
6283 3.5327737394508745
6338 4.827084327160058
6387 2.9911764570181303
6389 3.1273086313427103
6433 0.5154022907934025
6614 6.019051191372654
6651 6.9985096422506015
6658 6.9985096422506015
6695 6.9985096422506015
6754 4.809807565940917
6776 1.942263836902293
6819 3.430611827025225
6848 4.05407066308416
6872 2.6095550068958033
7025 1.0095482253607377
7028 2.764403137653342
7076 9.73664580313106
7104 -3.980927499907753
7161 4.513602992462601
7269 5.052599493195288
7286 1.4112609838503516
7401 3.773043707788116
7459 2.1944885975173447
7462 1.942263836902293
7497 0.7014003223166658
7532 6.9985096422506015
7620 6.5589758606345505
7633 1.8745456628473423
7688 3.086486636822455
7764 5.115614452578326
7797 3.047265923669174
7813 1.0145733615634107
7826 3.1273086313427103
7838 2.1081605140288473
7864 3.502002080784121
7873 6.9985096422506015
7892 1.5517722705842913
7896 5.8998973535824915
7913 12.610724923381312
7920 6.9985096422506015
7935 2.335070548138534
8029 6.9985096422506015
8060 3.9539872045271784
8096 2.9066643955420775
8216 4.00277736869661
8256 1.6803896484063847
8388 4.919068100570765
8398 6.9985096422506015
8439 0.4690908039883759
8593 4.165296298194385
8645 3.5327737394508745
8708 4.4431702373576805
8710 0.551203779709388
8717 6.9985096422506015
8723 1.5262389685791264
8795 3.502002080784121
8869 2.1782280766455644
8882 5.052599493195288
8886 1.3081501879265407
8928 2.6710983242293107
8946 2.7218435232345457
8980 9.027205984925201
9000 6.305362461690656
9110 2.035665011990694
9113 4.108137884354437
9115 3.047265923669174
9117 6.9985096422506015
9122 2.7489842721265254
9170 1.8348909686638688
9223 6.094531847338348
9340 4.919068100570765
9365 1.4972514317058743
9384 1.3355491621146554
9531 3.34126694692204
9537 2.618516832497081
9554 5.086647578653616
9577 6.9985096422506015
9640 8.426564700672525
9641 10.567203262244037
9644 4.359452312635343
9681 3.8204558119026557
9711 3.7372218546550555
9733 1.0850066366123312
9817 2.6366740664670676
9871 6.305362461690656
9956 3.47214911763444
9986 2.0568672196412967
9990 8.507678404756836
10008 2.0568672196412967
10184 5.8998973535824915
10250 2.9209721983448818
10290 4.290459441148391
10304 4.433560284789064
10307 2.5676928434072877
10326 1.0461538510930224
10329 -0.4201813914191953
10431 0.7218661529089567
10437 4.101893581287706
10509 12.610724923381312
10559 3.8630154263214513
10561 1.6003469407328483
10607 6.305362461690656
10658 8.712495240085502
10665 8.867120569578129
10698 3.8630154263214513
10749 2.3509274935351647
10763 5.206750173022546
10836 5.8998973535824915
10867 10.173325384397272
10884 3.502002080784121
10887 5.389071729816501
11026 4.695924549256556
11032 2.175425996420148
11034 4.787496781134966
11168 1.2781978656431896
11170 2.5676928434072877
11181 6.9985096422506015
11195 12.495888894583157
11200 6.9985096422506015
11202 2.9209721983448818
11218 1.144042369585821
11266 2.9041650800285006
11287 2.0286963426746007
11299 -1.0423655237318759
11302 6.94429823526888
11379 4.085365169298681
11394 8.33059259638877
11406 34.34341060229312
11409 3.502002080784121
11418 3.597312260588446
11428 5.389071729816501
11441 9.83813620114153
11459 3.047265923669174
11481 1.6186122887101415
11555 3.5327737394508745
11570 1.1933746733341126
11583 6.305362461690656
11591 2.7218435232345457
11637 4.433560284789064
11638 6.9985096422506015
11671 2.2535775138873513
11785 1.9680717208581657
11788 6.6192603762733295
11804 3.7796338173824005
11825 2.9041650800285006
11836 2.37353682896633
11844 4.290459441148391
11871 6.305362461690656
11885 6.305362461690656
11894 1.5178707189086098
11952 1.5958322603783217
11955 5.206750173022546
11971 6.9985096422506015
12005 6.9985096422506015
12014 5.982352914036261
12034 0.9324015521468534
12043 2.498699971920336
12095 3.502002080784121
12111 5.983690008915426
12122 1.1963912668735384
12137 4.997399943840672
12175 2.955458374416051
12228 3.047265923669174
12354 5.612215281130711
12382 5.052599493195288
12409 6.305362461690656
12410 6.9985096422506015
12455 -1.5068106610762815
12459 8.216275768708874
12460 2.1996252885386745
12527 3.086486636822455
12558 4.8892655013001205
12598 7.529619817555384
12642 5.612215281130711
12660 12.213990071944163
12708 7.979161301891608
12723 2.288979440938267
12773 1.7652350335351346
12778 6.9985096422506015
12783 1.8986432144264027
12823 1.034930298632155
12826 5.047749379085637
12853 2.304141734385754
12900 4.165296298194385
12932 6.305362461690656
12946 6.526093026417357
12949 9.83813620114153
12976 11.861961613581535
12989 6.305362461690656
13077 3.047265923669174
13110 6.9985096422506015
13208 1.3115342859107813
13209 10.893641436792382
13321 6.305362461690656
13346 2.9041650800285006
13351 6.9985096422506015
13370 6.9985096422506015
13379 4.513602992462601
13392 2.764403137653342
13411 5.617709800448351
13412 2.5098732725184614
13462 6.6192603762733295
13467 6.9985096422506015
13475 3.8204558119026557
13508 1.7255100836868542
13553 -0.37046075994419203
13590 12.610724923381312
13592 6.9985096422506015
13594 5.206750173022546
13761 5.208120975156325
13795 1.5389241281064423
13838 2.3163784151263815
13885 6.305362461690656
13891 0.6065925288579992
13938 4.290459441148391
14008 6.003892105459458
14078 2.5098732725184614
14115 5.946315903030904
14196 0.8373023205555247
14198 3.047265923669174
14237 -4.18349008982496
14267 -2.2942163598810907
14379 6.9985096422506015
14381 0.6866029961942954
14441 10.105198986390576
14587 5.052599493195288
14605 6.9985096422506015
14637 3.3349479961209547
14906 0.4013639403639497
14918 3.5327737394508745
15018 6.9985096422506015
15074 17.699692060747473
15164 4.00277736869661
15169 2.335070548138534
15181 5.254456710270345
15187 1.994563336305142
15247 2.498699971920336
15326 3.2373095265570386
15332 -3.1046234602912404
15341 0.7959741250626788
15351 3.5645224377654547
15373 0.814360751313118
15398 9.83813620114153
15413 1.2781978656431896
15420 6.305362461690656
15424 3.6222476728196926
15453 4.47267141490569
15471 1.3881216796572402
15570 2.7218435232345457
15587 1.2947271675944
15672 0.7275212103923018
15685 0.8716404581364162
15762 3.9074671888922854
15771 0.11547857397324697
15783 0.48083836933832624
