255
241 1.6902419448493964
302 1.7153059135126125
389 1.6419233675785887
710 2.8553749158590684
787 2.035665011990694
888 4.05407066308416
1060 0.24866762566620615
1122 3.1698682457615064
1289 6.305362461690656
1381 2.6547042203969173
1690 2.455214859980597
1750 1.1068654304248302
1782 2.7218435232345457
1842 4.0573926853492015
1896 5.350721653924847
1923 4.42203579893711
1942 1.691553895092994
1946 5.612215281130711
1954 11.000057600804968
1960 3.1483620405405426
2176 2.383389125409342
2271 0.6835662361444191
2334 0.7939518796819108
2407 2.236335707452845
2452 2.1782280766455644
2492 3.047265923669174
2519 1.6902419448493964
2538 1.422560539104285
2594 10.693567313296365
2621 8.216275768708874
2631 1.7033759779413737
2640 2.735829765209286
2766 3.0666840095262753
2803 5.052599493195288
2874 6.094531847338348
2964 0.900435360084361
3110 2.8876357780772897
3180 2.7938170228596353
3186 3.8642478746271944
3215 0.589980851191103
3223 2.5211728277723946
3240 3.5645224377654547
3359 7.726030852642903
3388 4.695924549256556
3643 19.28592004999404
3690 2.9945028634117485
3780 2.465910149097345
3820 1.7890234894091803
3844 3.7026727762462723
3896 4.211394787946286
4004 4.8892655013001205
4021 1.5054481989100525
4070 1.1068654304248302
4096 3.3609234825242154
4145 4.01615411094373
4158 0.4284061662820386
4208 21.308645264467266
4261 2.262311193856106
4295 14.604860991724408
4297 9.928890564409993
4366 1.9878743481543455
4381 2.0149030205422647
4522 0.2603571476546441
4608 8.445135970438468
4625 1.8452180477528222
4642 4.00277736869661
4750 0.33155284982139466
4846 2.021775899830027
4876 4.489838902288473
4878 2.7345957208584712
4898 4.919068100570765
4914 4.301967704783723
4943 4.22592092001082
5040 1.4378280112350734
5058 3.5327737394508745
5110 1.8452180477528222
5116 1.961557039836972
5206 5.612215281130711
5587 2.5326015235960173
5680 1.5913378707904824
5729 4.359452312635343
5779 3.21432000833234
5850 3.047265923669174
5901 4.910429719961194
5973 1.4770487243883548
5993 0.8521803845817039
6064 4.277394475777858
6065 4.22592092001082
6164 2.6290617897835795
6235 3.681205557361756
6250 1.7727629685373998
6338 7.2406264907400875
6371 4.359452312635343
6389 3.1273086313427103
6390 3.047265923669174
6402 2.822521967700703
6583 0.8629447511688624
6747 4.108137884354437
6751 2.5441623459970937
6754 2.4049037829704587
6857 6.9985096422506015
6971 3.597312260588446
7060 16.432551537417748
7072 5.845960905003192
7104 -0.6634879166512921
7197 1.730651483187273
7210 1.8568460857479414
7240 4.359452312635343
7274 3.0666840095262753
7344 1.6325336272287498
7442 5.8998973535824915
7482 1.8055527913603908
7550 4.22592092001082
7559 4.108137884354437
7591 2.0426825846493406
7813 1.0145733615634107
7845 2.4237986637472186
7892 1.5517722705842913
7904 4.42203579893711
7924 3.2849375755462935
7929 6.9985096422506015
7942 4.165296298194385
8032 4.597430613893916
8065 6.305362461690656
8096 1.4533321977710387
8263 6.829981407588982
8304 4.600614369452231
8439 0.4690908039883759
8444 1.7890234894091803
8452 4.165296298194385
8638 7.726030852642903
8697 6.305362461690656
8731 4.0573926853492015
8736 1.1933746733341126
8788 2.146479378330984
8863 12.767388609921126
8874 4.513602992462601
8979 1.7890234894091803
9106 1.0850066366123312
9170 0.6116303228879563
9346 7.4960999157610075
9349 4.600614369452231
9384 1.3355491621146554
9663 5.389071729816501
9680 3.597312260588446
9733 1.0850066366123312
9748 2.6547042203969173
9765 1.7835738846416156
9958 4.8012850649143815
9982 7.559267634764801
9986 6.17060165892389
9990 3.970249922219857
10008 4.113734439282593
10115 6.9985096422506015
10306 2.15432255579201
10307 2.5676928434072877
10326 3.6615384788255785
10329 -2.9412697399343672
10422 0.7087940713416041
10437 1.3672978604292356
10473 5.334461451516829
10532 5.8419443966897635
10546 4.8012850649143815
10606 6.9985096422506015
10609 3.5327737394508745
10628 4.165296298194385
10647 3.5327737394508745
10749 1.1754637467675824
10884 10.506006242352363
10903 2.476721065201561
11023 1.2880826248757316
11032 1.087712998210074
11148 1.1784267118982394
11165 4.372650573756367
11218 0.5720211847929105
11252 6.6192603762733295
11287 2.0286963426746007
11450 4.524622387712212
11461 2.146479378330984
11491 1.8745456628473423
11503 5.775271556154579
11559 11.799794707164983
11570 2.3867493466682252
11671 2.2535775138873513
11704 3.1483620405405426
11790 2.2449194511442365
11828 11.821833497664205
11881 2.70805020110221
11887 3.3349479961209547
11894 4.55361215672583
11908 4.604033511674974
12011 4.8012850649143815
12022 0.40409618250082274
12043 4.997399943840672
12078 4.091160117244055
12093 1.6803896484063847
12111 1.994563336305142
12135 3.740413104229119
12137 12.49349985960168
12139 8.00555473739322
12254 2.335070548138534
12337 4.22592092001082
12460 1.466416859025783
12527 3.086486636822455
12553 1.0715836162801904
12708 1.5958322603783217
12717 4.7993176617231486
12783 11.391859286558416
12826 2.5238746895428186
12833 0.9630282097258448
12946 2.373124736879039
12985 5.612215281130711
13029 1.6609715625492831
13052 3.260840023967233
13080 0.8123010183501074
13137 7.480826208458238
13142 5.052599493195288
13208 1.3115342859107813
13385 4.00277736869661
13392 2.764403137653342
13501 5.042345655544789
13527 4.099499503744866
13600 4.919068100570765
13613 1.8111238364098463
13672 6.104955874316506
13845 6.003892105459458
13862 3.7796338173824005
13867 1.087712998210074
14008 2.001297368486486
14196 2.511906961666574
14237 -2.7889933932166397
14313 1.6466515087745348
14345 3.9539872045271784
14416 0.7739512129752414
14520 5.612215281130711
14744 3.4431615807611875
15121 1.5868635903955612
15155 0.6904112007410705
15158 3.8204558119026557
15181 1.751485570090115
15209 5.159338068908006
15213 4.695924549256556
15326 3.2373095265570386
15332 -7.761558650728101
15397 4.002594736972972
15403 4.165296298194385
15407 2.2711218235382606
15418 6.369936957148348
15471 0.6940608398286201
15479 4.433560284789064
15587 2.5894543351888
15685 0.8716404581364162
15709 2.1863252868781835
15783 0.9616767386766525
15786 0.8981906902305371
