498
327 2.20271909665386
606 4.8012850649143815
657 2.0640357091199095
730 2.298029276458185
1884 3.8973072700021283
1891 4.600614369452231
1893 3.5135252543819178
1896 1.7835738846416156
1909 2.8876357780772897
1923 2.211017899468555
1924 2.288979440938267
1928 4.9753002714675025
1938 2.66777630196427
1956 4.695924549256556
1988 4.695924549256556
2019 2.344549292093078
2026 2.681021528714291
2167 5.33555260392854
2224 1.981229805435677
2225 4.359452312635343
2240 3.31235078057158
2247 2.219386149139072
2255 4.8012850649143815
2271 0.6835662361444191
2334 7.145566917137198
2351 1.5647876386963615
2402 4.513602992462601
2405 9.201228738904462
2407 2.236335707452845
2424 2.219386149139072
2428 4.695924549256556
2437 4.108137884354437
2450 -7.330282748443328
2519 6.7609677793975855
2535 6.9985096422506015
2580 4.600614369452231
2595 2.5211728277723946
2601 3.1066893441399746
2644 4.513602992462601
2705 1.6657908489852322
2787 3.1918471524802814
2820 2.4446327506500602
2874 9.141797771007521
2917 5.206750173022546
2920 3.3977076425208335
2924 2.0286963426746007
2935 1.2640783890383267
2943 3.4431615807611875
2959 14.248423791286811
2964 1.800870720168722
2968 3.4431615807611875
2994 17.699692060747473
3048 2.5098732725184614
3192 1.0095482253607377
3215 0.589980851191103
3259 3.1918471524802814
3263 6.305362461690656
3265 13.659962815177964
3270 4.695924549256556
3318 5.612215281130711
3374 1.9680717208581657
3394 3.047265923669174
3449 1.9647049651044954
3455 4.919068100570765
3516 2.0785287164224764
3545 3.009525595686327
3578 0.6015799870344548
3598 3.4998814949012527
3635 4.733923928934947
3739 4.00277736869661
3759 2.4033897921160112
3774 5.176530251060562
3788 2.750014400201242
3820 3.5780469788183606
3840 1.2980660688599148
3896 1.403798262648762
3932 4.05407066308416
3961 2.6290617897835795
3982 2.153862445213571
4021 4.516344596730158
4075 3.597312260588446
4091 6.305362461690656
4167 6.213767871280189
4174 6.775183459212753
4219 3.5135252543819178
4302 1.8000126109847754
4371 4.433560284789064
4381 10.074515102711324
4405 1.3460204619819507
4419 4.359452312635343
4422 4.359452312635343
4450 6.9985096422506015
4502 2.8088549002241754
4522 1.0414285906185765
4536 2.70805020110221
4586 3.009525595686327
4587 5.389071729816501
4593 3.9074671888922854
4613 2.211017899468555
4621 2.7218435232345457
4625 3.6904360955056443
4646 1.8686109273275278
4682 4.433560284789064
4750 0.994658549464184
4783 2.1782280766455644
4838 1.4730567031188173
4846 4.043551799660054
4862 3.047265923669174
4863 4.05407066308416
4876 4.489838902288473
4909 1.4690805547391779
4911 11.224430562261421
4963 2.3933394562625097
4964 2.255852493852592
4970 1.9746291214043248
4976 2.288979440938267
4984 8.45184184002164
5006 3.086486636822455
5039 2.735829765209286
5073 4.290459441148391
5110 1.8452180477528222
5116 3.923114079673944
5119 2.3933394562625097
5120 11.589046278964354
5154 2.4446327506500602
5224 4.600614369452231
5316 6.7090071223585355
5339 5.892133559491198
5349 4.8012850649143815
5484 2.8392614199785533
5517 1.6232312345664361
5518 1.5868635903955612
5540 3.1698682457615064
5554 2.1081605140288473
5555 2.4033897921160112
5558 6.9985096422506015
5630 1.1915383779016202
5635 2.20271909665386
5668 2.955458374416051
5706 4.919068100570765
5707 5.389071729816501
5721 4.22592092001082
5730 4.108137884354437
5777 5.052599493195288
5812 6.339736491523013
5839 2.579669034454003
5864 4.290459441148391
5872 2.5441623459970937
5874 2.579669034454003
5895 2.4033897921160112
5965 3.740413104229119
5973 2.9540974487767095
5999 2.5098732725184614
6064 4.277394475777858
6078 2.555858385760285
6088 1.2146844599208637
6122 3.502002080784121
6151 2.815045323479489
6155 4.359452312635343
6156 5.400037832954326
6165 3.3096301881366648
6205 2.955458374416051
6216 4.786678912525019
6217 6.9985096422506015
6221 2.8553749158590684
6228 5.1789086703776
6234 2.6290617897835795
6235 3.681205557361756
6402 1.4112609838503516
6433 1.030804581586805
6447 5.152330499502926
6467 4.507155027774703
6468 3.1483620405405426
6488 3.0666840095262753
6586 2.288979440938267
6633 2.8088549002241754
6657 2.138697237888929
6699 4.165296298194385
6754 3.607355674455688
6821 4.433560284789064
6872 3.914332510343705
6908 1.3415077850391925
6917 6.305362461690656
6970 2.1863252868781835
7104 -15.923709999631011
7118 3.1273086313427103
7230 5.206750173022546
7286 1.4112609838503516
7311 2.236335707452845
7312 4.632756830252763
7344 3.2650672544574997
7383 6.9985096422506015
7396 5.206750173022546
7424 3.3609234825242154
7459 2.1944885975173447
7482 1.8055527913603908
7497 1.4028006446333317
7569 3.0512862929883617
7578 1.0430745587218369
7633 1.8745456628473423
7700 3.7026727762462723
7722 10.598321218352623
7724 3.597312260588446
7728 5.052599493195288
7731 2.001297368486486
7762 6.305362461690656
7764 11.93643372268276
7797 3.047265923669174
7813 2.0291467231268214
7823 5.8998973535824915
7834 3.5327737394508745
7935 2.335070548138534
7949 2.5441623459970937
7968 3.047265923669174
7991 2.629859749823839
8013 5.206750173022546
8085 4.108137884354437
8117 10.004843988362865
8242 2.035665011990694
8262 2.0712559570933964
8306 3.7026727762462723
8444 7.156093957636721
8447 7.814934377784571
8514 16.06461644377492
8516 6.305362461690656
8523 13.061387442679806
8580 6.9985096422506015
8643 4.002594736972972
8683 8.401948242031924
8695 1.9550845253313545
8708 1.4810567457858934
8710 2.75601889854694
8745 2.5441623459970937
8752 4.433560284789064
8784 2.146479378330984
8816 1.7255100836868542
8822 2.2800107709555064
8866 3.8630154263214513
8898 3.3875917296063767
8925 10.598321218352623
8928 1.3355491621146554
8964 4.600614369452231
8978 1.6140145794615122
8979 3.5780469788183606
9007 4.108137884354437
9069 3.260840023967233
9106 2.1700132732246624
9110 4.071330023981388
9122 1.3744921360632627
9151 7.5523003804282025
9164 3.597312260588446
9170 0.6116303228879563
9175 7.194624521176892
9270 3.1066893441399746
9292 2.5441623459970937
9365 2.9945028634117485
9400 3.1273086313427103
9428 4.997399943840672
9537 1.3092584162485406
9559 -2.246371484084296
9589 3.9346028577323438
9641 7.925402446683028
9656 5.612215281130711
9680 3.597312260588446
9681 3.8204558119026557
9682 5.052599493195288
9698 1.9878743481543455
9709 1.082307579643166
9711 7.474443709310111
9712 4.433560284789064
9726 6.9985096422506015
9739 6.9985096422506015
9765 1.7835738846416156
9855 4.8012850649143815
9970 0.9675939027561428
9974 7.726030852642903
9979 9.573357825050039
10029 2.4237986637472186
10040 7.262427624528255
10114 1.3014161557451966
10154 3.3609234825242154
10196 10.084691311089578
10221 2.434161450782765
10226 5.612215281130711
10258 3.6000252219695508
10289 6.305362461690656
10329 -0.21009069570959765
10393 1.9746291214043248
10422 1.4175881426832082
10431 0.7218661529089567
10446 6.296724081081085
10447 3.0497411835248567
10456 2.8553749158590684
10473 5.334461451516829
10500 3.666305132075397
10521 4.433560284789064
10559 3.8630154263214513
10742 8.945117447045902
10749 1.1754637467675824
10751 1.5879037593638217
10752 4.513602992462601
10753 2.7790019370744945
10825 2.0149030205422647
10868 -2.0389718009303652
10871 4.513602992462601
10990 3.597312260588446
11023 1.2880826248757316
11089 2.309930450438483
11102 0.6652300141109108
11106 6.06532769949008
11110 2.430736557504034
11140 2.15432255579201
11165 6.5589758606345505
11170 2.5676928434072877
11212 3.9539872045271784
11218 2.8601059239645528
11266 2.9041650800285006
11268 6.9985096422506015
11299 -3.6482793330615655
11304 1.2054960338664575
11351 4.8012850649143815
11375 5.362043057428582
11379 2.0426825846493406
11386 6.347123158992691
11409 3.502002080784121
11416 2.1782280766455644
11450 2.262311193856106
11453 1.3637200390813515
11457 4.22592092001082
11461 2.146479378330984
11463 3.47214911763444
11484 3.6312138122641273
11524 1.5178707189086098
11570 1.1933746733341126
11591 5.443687046469091
11645 6.9985096422506015
11771 4.8012850649143815
11778 2.8553749158590684
11781 5.183580789972696
11783 8.00555473739322
11784 3.47214911763444
11790 2.2449194511442365
11825 2.9041650800285006
11831 3.597312260588446
11835 9.602570129828763
11842 4.8012850649143815
11870 3.5645224377654547
11900 2.049749751872433
11907 2.434161450782765
11908 3.0693556744499824
11939 2.681021528714291
11941 6.305362461690656
11969 0.7582337970798316
12010 3.6312138122641273
12022 0.40409618250082274
12028 2.591790394986348
12043 4.997399943840672
12051 3.5645224377654547
12064 10.004843988362865
12089 2.8088549002241754
12093 1.6803896484063847
12095 3.502002080784121
12102 3.9539872045271784
12122 1.1963912668735384
12129 3.3349479961209547
12131 4.433560284789064
12241 2.579669034454003
12377 5.384081847927803
12383 2.5046129034208957
12404 2.970161792171238
12407 1.67038967643192
12455 -1.937327992812362
12508 4.524622387712212
12538 5.389071729816501
12595 2.344549292093078
12664 4.22592092001082
12679 1.5958322603783217
12689 5.389071729816501
12708 3.1916645207566434
12723 2.288979440938267
12781 2.498699971920336
12783 1.8986432144264027
12785 2.8088549002241754
12797 2.7218435232345457
12801 19.10913307018217
12803 9.54604027356946
12805 3.713692171495883
12826 1.2619373447714093
12828 3.597312260588446
12832 3.3096301881366648
12833 1.9260564194516896
12853 2.304141734385754
12915 6.9985096422506015
12972 2.8553749158590684
13001 2.9461134062376346
13065 4.919068100570765
13080 0.8123010183501074
13189 7.498182651389369
13314 2.0286963426746007
13316 3.047265923669174
13328 6.9985096422506015
13343 2.973157951515452
13354 1.8280256472124494
13392 2.764403137653342
13494 3.21432000833234
13501 2.5211728277723946
13508 1.7255100836868542
13527 2.049749751872433
13547 1.6003469407328483
13553 -3.7046075994419203
13569 6.9985096422506015
13572 1.8745456628473423
13576 3.9074671888922854
13588 3.5327737394508745
13626 12.610724923381312
13681 2.498699971920336
13683 6.133368019052551
13718 1.3425178314307487
13734 1.942263836902293
13750 2.162227735299123
13754 7.640911623805311
13769 6.254617262685421
13822 3.740413104229119
13827 4.695924549256556
13828 3.3349479961209547
13843 2.1782280766455644
13891 0.6065925288579992
13926 6.521680047934466
14008 8.005189473945943
14085 3.1698682457615064
14104 3.420485223112132
14136 1.4810567457858934
14153 4.9753002714675025
14227 6.305362461690656
14230 8.718904625270685
14237 -6.972483483041599
14242 7.5978045707880515
14266 6.9985096422506015
14267 -4.5884327197621815
14308 4.128071418239819
14309 3.0274254175198925
14313 3.2933030175490696
14381 0.457735330796197
14416 4.6437072778514485
14422 2.1233123190494494
14431 1.034930298632155
14463 1.67063347346102
14490 6.6192603762733295
14546 2.8876357780772897
14588 2.0785287164224764
14590 1.8337236683270872
14600 6.9985096422506015
14604 6.9985096422506015
14620 6.462967667376029
14626 2.750014400201242
14647 3.8630154263214513
14664 5.389071729816501
14682 3.0863770537857995
14692 2.8396265588909295
14755 5.206750173022546
14822 4.290459441148391
14830 2.7790019370744945
14831 6.9985096422506015
14901 2.5326015235960173
14906 2.408183642183698
15020 3.086486636822455
15080 5.389071729816501
15121 1.5868635903955612
15155 7.5945232081517755
15192 4.467363916867872
15223 5.612215281130711
15281 6.9985096422506015
15292 8.84407159787422
15306 0.7199882180847567
15332 -18.627740761747443
15341 3.1838965002507154
15373 2.443082253939354
15397 2.001297368486486
15413 5.112791462572758
15471 2.7762433593144804
15517 1.886521853894058
15518 3.761031659667692
15537 5.8998973535824915
15551 2.3157359697544058
15600 3.009525595686327
15642 5.389071729816501
15650 2.130975191795019
15651 4.5508936751389415
15665 12.610724923381312
15672 0.7275212103923018
15685 3.486561832545665
15694 2.938066631704182
15731 2.9911764570181303
15771 0.11547857397324697
15794 5.135385686814575
15827 5.732739921054652
15828 6.558886765176185
15834 6.9985096422506015
