182
5 4.513602992462601
21 4.695924549256556
194 1.5399972773188362
327 2.20271909665386
334 6.9985096422506015
344 2.7790019370744945
530 2.66777630196427
1060 0.12433381283310307
1062 2.591790394986348
1118 4.8012850649143815
1128 6.9985096422506015
1171 2.9209721983448818
1381 2.6547042203969173
1516 4.359452312635343
1686 1.1549652252192415
1750 2.2137308608496604
2253 5.612215281130711
2288 3.7796338173824005
2398 3.740413104229119
2450 -2.4434275828144427
2484 1.3149298749119196
2513 1.8280256472124494
2595 2.5211728277723946
2650 4.00277736869661
2674 5.136239012300693
2701 2.7218435232345457
2705 1.6657908489852322
2915 5.8998973535824915
2964 2.701306080253083
3110 2.8876357780772897
3180 5.587634045719271
3228 7.814934377784571
3229 6.9985096422506015
3329 5.943689416307031
3386 2.6290617897835795
3485 5.389071729816501
3552 12.610724923381312
3578 0.6015799870344548
3646 2.5676928434072877
3737 1.8055527913603908
3788 2.750014400201242
3804 2.750014400201242
3840 1.2980660688599148
3898 3.047265923669174
3949 2.7790019370744945
4195 9.83813620114153
4241 2.4033897921160112
4257 5.612215281130711
4340 7.1290448755309095
4405 1.3460204619819507
4425 1.249116656342348
4537 1.0196238773494795
4613 4.42203579893711
4616 7.570256673400083
4618 6.9985096422506015
4762 6.305362461690656
4852 3.7761501902141013
4865 3.0282177286984795
4989 2.6710983242293107
4990 4.513602992462601
5055 2.2278250177849364
5339 1.1784267118982394
5363 3.0666840095262753
5392 2.130975191795019
5484 0.9464204733261844
5569 4.22592092001082
5778 5.612215281130711
5834 9.93705234171474
5835 9.38192589402813
5875 2.750014400201242
6000 6.9985096422506015
6064 2.138697237888929
6147 4.00277736869661
6402 4.2337829515510546
6618 4.113734439282593
6872 2.6095550068958033
7025 2.0190964507214755
7044 3.761031659667692
7281 3.2373095265570386
7397 5.74275051441102
7401 1.886521853894058
7534 2.485534857327378
7597 6.5589758606345505
7914 2.146479378330984
8070 6.296724081081085
8071 4.513602992462601
8320 6.9985096422506015
8321 6.9985096422506015
8337 3.910169050662709
8338 4.22592092001082
8638 7.726030852642903
8650 3.3096301881366648
8696 4.919068100570765
9054 5.612215281130711
9106 2.1700132732246624
9169 3.4431615807611875
9363 6.305362461690656
9365 2.9945028634117485
9709 1.082307579643166
9711 1.8686109273275278
9876 2.6944445490464313
10055 3.009525595686327
10114 1.3014161557451966
10199 2.3256808077886952
10258 1.8000126109847754
10302 2.6290617897835795
10325 3.7851283367000415
10326 1.0461538510930224
10329 -0.21009069570959765
10423 6.9985096422506015
10437 1.3672978604292356
10603 3.9074671888922854
10854 3.6312138122641273
10868 -0.5560832184355542
11102 2.660920056443643
11106 2.021775899830027
11168 2.556395731286379
11287 2.0286963426746007
11296 2.764403137653342
11347 5.023813923333148
11379 2.0426825846493406
11384 6.721846965048431
11398 3.009525595686327
11439 5.052599493195288
11472 6.305362461690656
11707 3.2373095265570386
11714 4.290459441148391
11813 5.206750173022546
11972 3.21432000833234
12022 0.40409618250082274
12043 2.498699971920336
12093 1.6803896484063847
12149 5.389071729816501
12151 9.50960473728452
12193 4.05407066308416
12220 4.290459441148391
12249 3.9074671888922854
12250 2.498699971920336
12383 1.2523064517104479
12455 -0.2152586658680402
12503 2.2278250177849364
12553 2.1431672325603808
12598 2.5098732725184614
12717 0.5999147077153936
12723 2.288979440938267
12819 5.389071729816501
12833 0.9630282097258448
12992 2.3256808077886952
12993 4.05407066308416
13001 2.9461134062376346
13043 3.4431615807611875
13080 0.8123010183501074
13440 1.4770487243883548
13449 2.6418008155610093
13505 3.0666840095262753
13553 -0.37046075994419203
13680 2.2449194511442365
13681 2.498699971920336
13742 17.161837764593564
14008 2.001297368486486
14100 4.359452312635343
14208 4.749474597095603
14237 -1.3944966966083199
14267 -0.7647387866270302
14352 0.9464204733261844
14395 2.7218435232345457
14419 7.194624521176892
14431 1.034930298632155
14436 6.305362461690656
14474 6.9985096422506015
14563 2.6418008155610093
14626 2.750014400201242
14692 2.8396265588909295
14725 4.359452312635343
14906 0.8027278807278994
14908 2.476721065201561
15046 5.389071729816501
15332 -4.656935190436861
15453 2.236335707452845
15672 0.7275212103923018
15704 3.7026727762462723
15798 4.695924549256556
