52
321 6.9985096422506015
356 2.591790394986348
1060 0.12433381283310307
2179 4.433560284789064
2249 4.165296298194385
2346 6.9985096422506015
2351 3.129575277392723
2574 3.666305132075397
2669 3.6447198193535444
2920 0.6795415285041667
3002 6.305362461690656
3421 6.9985096422506015
3654 10.329484742283562
3948 5.8998973535824915
4488 10.413500346045092
4750 0.33155284982139466
5334 5.612215281130711
5389 6.9985096422506015
5414 5.775271556154579
5660 6.9985096422506015
5761 12.610724923381312
5889 2.4033897921160112
5903 5.612215281130711
5973 1.4770487243883548
6414 3.1483620405405426
6525 3.1483620405405426
6583 0.8629447511688624
6934 5.8998973535824915
6941 2.1782280766455644
7104 -0.6634879166512921
7906 1.4339892349279078
7907 2.6418008155610093
8155 3.1066893441399746
8708 1.4810567457858934
9378 5.052599493195288
9393 1.060973437168175
9709 1.082307579643166
10161 3.6312138122641273
10431 0.7218661529089567
11816 3.8592108800607394
12853 1.152070867192877
12995 8.33059259638877
13088 2.7790019370744945
13153 2.2278250177849364
13636 6.305362461690656
13908 4.290459441148391
13960 5.206750173022546
14297 3.6312138122641273
15468 1.1549652252192415
15534 5.8998973535824915
15580 11.589046278964354
15650 4.261950383590038
