79
1822 4.766778250818684
1942 0.845776947546497
1960 6.296724081081085
2357 1.1873686492739008
2407 2.236335707452845
2452 2.1782280766455644
2631 0.42584399448534344
2654 6.9985096422506015
2705 1.6657908489852322
2910 3.740413104229119
3186 3.8642478746271944
3359 3.8630154263214513
3643 6.42864001666468
3802 4.359452312635343
4145 2.008077055471865
4158 0.061200880897434085
4208 4.566138270957271
4213 5.8998973535824915
4295 5.8419443966897635
4438 3.47214911763444
4608 1.4075226617397445
4914 1.4339892349279078
5189 4.433560284789064
5282 4.919068100570765
5392 2.130975191795019
5484 0.9464204733261844
6064 2.138697237888929
6242 2.9041650800285006
7104 -0.6634879166512921
7673 6.9985096422506015
7692 2.2449194511442365
7924 3.2849375755462935
8032 2.043302495063963
8256 3.3607792968127694
8452 4.165296298194385
8863 6.383694304960563
8956 5.8998973535824915
9106 1.0850066366123312
9346 2.498699971920336
9360 5.206750173022546
9663 5.389071729816501
9990 1.7015356809513673
10307 2.5676928434072877
10326 1.0461538510930224
10447 0.6099482367049713
10473 3.5563076343445528
10803 6.9985096422506015
10867 1.4533321977710387
11148 2.356853423796479
11320 2.764403137653342
11375 2.681021528714291
11450 2.262311193856106
12043 2.498699971920336
12078 1.3637200390813515
12093 3.3607792968127694
12137 2.498699971920336
12708 1.5958322603783217
12946 1.7798435526592793
13208 2.6230685718215625
13594 5.206750173022546
13613 5.433371509229539
13672 1.5262389685791264
13935 4.359452312635343
14196 0.8373023205555247
14237 -0.6972483483041599
14242 2.5326015235960173
14447 3.1483620405405426
14455 1.637217476541176
14515 3.0666840095262753
14626 2.750014400201242
15057 1.152070867192877
15113 3.7796338173824005
15212 7.559267634764801
15259 1.3320829541381691
15332 -1.5523117301456202
15397 2.001297368486486
15523 8.33059259638877
15651 1.1377234187847354
15783 0.9616767386766525
