202
209 1.7001922757025645
241 1.6902419448493964
302 3.430611827025225
356 2.591790394986348
389 1.6419233675785887
473 6.254617262685421
521 1.8986432144264027
710 2.8553749158590684
1074 6.9985096422506015
1082 6.9985096422506015
1893 7.0270505087638355
1922 1.6952047341915255
1924 2.288979440938267
1942 1.691553895092994
2006 17.822612188827275
2009 12.067710817900146
2108 12.610724923381312
2116 11.799794707164983
2217 2.4876501357337513
2218 7.480826208458238
2271 1.0253493542166288
2356 2.681021528714291
2357 2.3747372985478017
2377 5.8998973535824915
2450 -2.4434275828144427
2452 17.425824613164515
2458 4.324455470598246
2484 1.3149298749119196
2597 2.1157077196642304
2601 3.1066893441399746
2631 1.2775319834560304
2674 8.217982419681109
2935 1.8961175835574902
2964 4.502176800421805
3068 13.460204619819507
3120 1.6048820958982397
3186 1.2880826248757316
3215 1.7699425535733089
3223 17.64820979440676
3249 2.750014400201242
3362 3.8204558119026557
3404 14.795460894584071
3538 5.206750173022546
3690 1.4972514317058743
3700 1.2947271675944
3896 1.403798262648762
3970 4.05407066308416
3975 6.305362461690656
4021 1.5054481989100525
4070 3.320596291274491
4158 0.09180132134615113
4214 4.93182029819469
4302 1.8000126109847754
4310 17.161837764593564
4341 2.6547042203969173
4366 3.975748696308691
4707 11.221239312687356
4742 10.778143459633002
4840 2.938066631704182
4882 2.130975191795019
5013 4.8012850649143815
5014 7.062356229327685
5040 1.4378280112350734
5046 2.236335707452845
5155 3.3096301881366648
5414 2.8876357780772897
5436 5.775271556154579
5484 1.8928409466523688
5517 1.6232312345664361
5597 3.2373095265570386
5668 2.955458374416051
5694 4.919068100570765
5736 2.8088549002241754
5850 3.047265923669174
5964 3.1273086313427103
5973 1.4770487243883548
5993 0.8521803845817039
5994 5.8998973535824915
6165 3.3096301881366648
6218 4.00277736869661
6233 3.1918471524802814
6262 3.4431615807611875
6279 11.799794707164983
6433 0.5154022907934025
6834 3.4431615807611875
7025 2.0190964507214755
7104 -1.9904637499538764
7210 5.5705382572438245
7344 1.6325336272287498
7397 2.87137525720551
7497 0.7014003223166658
7527 2.681021528714291
7578 3.650760955526429
7690 3.21432000833234
7692 8.979677804576946
7953 4.165296298194385
8032 3.0649537425959443
8078 3.8718292184472687
8142 2.9041650800285006
8151 5.206750173022546
8391 2.555858385760285
8439 0.4690908039883759
8582 13.781087765334512
8683 1.6803896484063847
8731 2.0286963426746007
8856 4.632756830252763
8886 2.6163003758530814
8906 3.047265923669174
9151 8.81101711049957
9177 4.359452312635343
9365 1.4972514317058743
9384 1.3355491621146554
9428 2.498699971920336
9534 2.750014400201242
9589 1.3115342859107813
9590 3.3096301881366648
9686 3.6312138122641273
9709 1.082307579643166
9733 1.0850066366123312
9817 1.3183370332335338
9983 3.1066893441399746
10058 5.208120975156325
10154 3.3609234825242154
10306 2.15432255579201
10329 -0.8403627828383906
10381 4.8012850649143815
10437 1.3672978604292356
10473 3.5563076343445528
10487 1.981229805435677
10503 2.413542163580029
10886 2.87137525720551
10968 3.740413104229119
11023 1.2880826248757316
11032 2.175425996420148
11041 3.47214911763444
11102 1.3304600282218215
11258 4.00277736869661
11287 2.0286963426746007
11323 3.597312260588446
11334 1.994563336305142
11415 3.7796338173824005
11444 2.434161450782765
11461 4.292958756661968
11463 6.94429823526888
11522 2.555858385760285
11524 1.5178707189086098
11570 1.1933746733341126
11816 5.788816320091109
11844 4.290459441148391
11894 1.5178707189086098
11900 2.049749751872433
11952 1.5958322603783217
12383 1.2523064517104479
12425 12.610724923381312
12447 19.877385912236505
12455 -0.4305173317360804
12460 0.7332084295128914
12553 1.0715836162801904
12554 8.304857812746416
12674 1.5779746429783155
12818 3.1483620405405426
12853 1.152070867192877
13043 3.4431615807611875
13045 1.886521853894058
13314 2.0286963426746007
13353 23.538684478043663
13365 3.3349479961209547
13384 2.0568672196412967
13438 2.555858385760285
13553 -0.37046075994419203
13672 1.5262389685791264
13845 6.003892105459458
13887 4.433560284789064
13891 0.6065925288579992
13930 20.40232459375283
14005 22.16780142394532
14078 2.5098732725184614
14135 2.3541187431092285
14195 3.5563076343445528
14229 6.305362461690656
14237 -3.4862417415207996
14267 -0.3823693933135151
14311 5.612215281130711
14431 8.27944238905724
14450 4.165296298194385
14529 5.617709800448351
14588 2.0785287164224764
14644 3.597312260588446
14789 3.7026727762462723
14891 4.22592092001082
14906 0.8027278807278994
15057 1.152070867192877
15250 3.7796338173824005
15259 5.3283318165526765
15332 -13.970805571310581
15373 2.443082253939354
15407 2.2711218235382606
15672 0.7275212103923018
15709 2.1863252868781835
15771 0.023095714794649395
15783 1.923353477353305
15786 6.28733483161376
