46
174 3.2464624691328723
1839 2.093234863812172
1871 3.5645224377654547
2920 0.6795415285041667
3180 2.7938170228596353
3804 2.750014400201242
3840 1.2980660688599148
3862 3.0666840095262753
3898 3.047265923669174
3945 5.612215281130711
4425 1.249116656342348
4470 6.9985096422506015
4616 1.8925641683500207
5215 4.8012850649143815
5834 3.31235078057158
6065 4.22592092001082
7044 1.880515829833846
7691 3.5645224377654547
7793 5.052599493195288
7914 6.439438134992953
8337 1.9550845253313545
8433 5.052599493195288
8440 4.00277736869661
8638 3.8630154263214513
9733 1.0850066366123312
10326 0.5230769255465112
10561 1.6003469407328483
10658 2.9041650800285006
11132 3.7796338173824005
11163 3.7796338173824005
11168 1.2781978656431896
11347 2.511906961666574
11714 4.290459441148391
11952 1.5958322603783217
12022 0.40409618250082274
12249 3.9074671888922854
12383 1.2523064517104479
12455 -0.4305173317360804
12983 4.22592092001082
13080 0.8123010183501074
13501 2.5211728277723946
14208 2.3747372985478017
14352 0.9464204733261844
14529 2.8088549002241754
15332 -3.1046234602912404
15677 1.5779746429783155
