181
249 6.305362461690656
302 3.430611827025225
338 6.305362461690656
389 1.6419233675785887
1122 3.1698682457615064
1229 6.9985096422506015
1564 6.9985096422506015
1686 1.1549652252192415
1763 6.9985096422506015
1782 2.7218435232345457
1842 2.0286963426746007
1896 1.7835738846416156
1940 2.6944445490464313
1942 1.691553895092994
1946 5.612215281130711
1957 1.8223599096767722
2026 8.043064586142872
2334 0.7939518796819108
2357 1.1873686492739008
2395 6.9985096422506015
2450 -1.832570687110832
2452 2.1782280766455644
2631 1.9162979751840454
2910 3.740413104229119
2935 0.6320391945191633
3110 2.8876357780772897
3359 3.8630154263214513
3385 6.9985096422506015
3820 1.7890234894091803
3982 1.0769312226067855
4010 3.1918471524802814
4053 -0.07476007520910928
4096 3.3609234825242154
4145 8.03230822188746
4158 0.09180132134615113
4198 7.559267634764801
4214 2.465910149097345
4219 1.7567626271909589
4253 4.22592092001082
4286 2.130975191795019
4295 2.9209721983448818
4309 2.681021528714291
4566 3.597312260588446
4608 4.222567985219234
4678 6.9985096422506015
4876 2.2449194511442365
4886 3.009525595686327
4914 1.4339892349279078
4915 5.8998973535824915
4943 4.22592092001082
5040 2.875656022470147
5045 5.612215281130711
5055 2.2278250177849364
5073 4.290459441148391
5116 1.961557039836972
5120 3.8630154263214513
5182 4.919068100570765
5392 2.130975191795019
5590 1.4533321977710387
5828 2.5676928434072877
5901 4.910429719961194
5934 2.8876357780772897
5955 4.86832290156553
5973 1.4770487243883548
6041 5.389071729816501
6064 2.138697237888929
6235 7.362411114723512
6250 3.5455259370747996
6371 4.359452312635343
6433 1.030804581586805
6754 1.2024518914852294
7060 4.108137884354437
7104 -0.6634879166512921
7210 1.8568460857479414
7344 1.6325336272287498
7442 5.8998973535824915
7550 8.45184184002164
7731 2.001297368486486
7755 5.8998973535824915
7766 6.305362461690656
7813 1.0145733615634107
7834 3.5327737394508745
7845 2.4237986637472186
7854 3.3609234825242154
7871 4.108137884354437
7904 2.211017899468555
7906 1.4339892349279078
7924 3.2849375755462935
7934 6.9985096422506015
8032 1.5324768712979722
8096 1.4533321977710387
8439 0.4690908039883759
8452 4.165296298194385
8736 1.1933746733341126
8788 4.292958756661968
8863 12.767388609921126
8886 1.3081501879265407
9154 2.465910149097345
9384 1.3355491621146554
9393 1.060973437168175
9512 5.389071729816501
9537 0.6546292081242703
9711 1.8686109273275278
9765 1.7835738846416156
10217 2.15432255579201
10306 4.30864511158402
10326 2.615384627732556
10385 6.305362461690656
10473 1.7781538171722764
10532 5.8419443966897635
10609 3.5327737394508745
10771 5.052599493195288
10867 2.9066643955420775
10884 3.502002080784121
10886 2.87137525720551
10969 5.052599493195288
11089 1.1549652252192415
11148 2.356853423796479
11170 2.5676928434072877
11287 2.0286963426746007
11320 5.528806275306684
11332 4.00277736869661
11450 6.786933581568317
11481 1.6186122887101415
11491 1.8745456628473423
11503 2.8876357780772897
11559 5.8998973535824915
11778 2.8553749158590684
11828 2.955458374416051
11887 3.3349479961209547
11938 4.919068100570765
11952 4.787496781134966
11972 3.21432000833234
12011 4.8012850649143815
12022 1.2122885475024683
12078 2.727440078162703
12434 4.695924549256556
12460 0.7332084295128914
12667 5.052599493195288
12708 3.1916645207566434
12717 0.5999147077153936
12783 1.8986432144264027
12793 5.74275051441102
12853 1.152070867192877
12948 6.9985096422506015
13045 1.886521853894058
13080 1.6246020367002147
13106 2.335070548138534
13137 3.740413104229119
13138 4.600614369452231
13143 15.157798479585864
13385 4.00277736869661
13527 2.049749751872433
13572 1.8745456628473423
13730 5.052599493195288
13856 5.612215281130711
14196 0.8373023205555247
14237 -1.3944966966083199
14267 -0.7647387866270302
14308 2.0640357091199095
14313 1.6466515087745348
14381 0.2288676653980985
14450 4.165296298194385
14656 9.124611902137135
14744 6.886323161522375
14779 4.290459441148391
14788 5.612215281130711
14906 0.4013639403639497
15121 1.5868635903955612
15169 2.335070548138534
15256 3.3349479961209547
15332 -10.866182111019342
15341 0.7959741250626788
15418 2.1233123190494494
15461 4.290459441148391
15471 0.6940608398286201
15479 4.433560284789064
15587 1.2947271675944
15729 6.9985096422506015
15738 4.600614369452231
15786 0.8981906902305371
