148
21 4.695924549256556
194 0.7699986386594181
327 2.20271909665386
373 2.750014400201242
530 2.66777630196427
1209 6.9985096422506015
1381 2.6547042203969173
1404 2.7417770571199283
1893 1.7567626271909589
1922 1.6952047341915255
2253 5.612215281130711
2271 0.34178311807220957
2288 3.7796338173824005
2398 3.740413104229119
2450 -1.832570687110832
2484 2.629859749823839
2650 4.00277736869661
2674 1.0272478024601386
2916 6.9985096422506015
2964 0.900435360084361
3057 2.236335707452845
3112 6.9985096422506015
3180 5.587634045719271
3646 2.5676928434072877
3737 1.8055527913603908
3804 2.750014400201242
3862 3.0666840095262753
3949 2.7790019370744945
3953 6.305362461690656
3981 3.3609234825242154
3992 6.9985096422506015
4081 6.213378688279949
4223 2.1863252868781835
4318 5.206750173022546
4340 3.5645224377654547
4425 1.249116656342348
4520 3.1273086313427103
4616 3.7851283367000415
4762 6.305362461690656
4852 1.258716730071367
4865 3.0282177286984795
5119 2.3933394562625097
5318 3.1066893441399746
5392 2.130975191795019
5484 1.8928409466523688
5569 4.22592092001082
5711 2.6290617897835795
5834 8.28087695142895
5835 3.1273086313427103
5875 2.750014400201242
6006 5.8998973535824915
6049 2.035665011990694
6055 3.7796338173824005
6064 2.138697237888929
6065 8.45184184002164
6151 1.4075226617397445
6205 2.955458374416051
6238 9.027205984925201
6402 4.2337829515510546
6548 2.0785287164224764
6718 3.9539872045271784
6872 1.3047775034479017
6898 2.162227735299123
7044 16.924642468504615
7060 4.108137884354437
7104 -1.3269758333025843
7197 1.730651483187273
7215 2.344549292093078
7281 3.2373095265570386
7311 2.236335707452845
7397 2.87137525720551
7401 1.886521853894058
7586 4.433560284789064
7691 3.5645224377654547
7914 12.878876269985906
8070 3.1483620405405426
8242 2.035665011990694
8337 3.910169050662709
8643 2.001297368486486
8650 3.3096301881366648
8708 1.4810567457858934
8736 1.1933746733341126
8749 3.0666840095262753
8795 3.502002080784121
9010 2.9209721983448818
9029 4.165296298194385
9054 5.612215281130711
9116 3.666305132075397
9307 4.108137884354437
9346 2.498699971920336
9709 1.082307579643166
9872 4.165296298194385
10278 3.2849375755462935
10325 1.8925641683500207
10326 1.0461538510930224
10431 0.7218661529089567
10603 11.722401566676856
11023 2.576165249751463
11089 2.309930450438483
11102 0.6652300141109108
11347 5.023813923333148
11379 2.0426825846493406
11384 10.082770447572646
11517 6.9985096422506015
11734 6.9985096422506015
11952 1.5958322603783217
11969 1.5164675941596633
12022 2.0204809125041137
12028 7.775371184959044
12151 3.1698682457615064
12250 2.498699971920336
12263 2.579669034454003
12503 2.2278250177849364
12717 0.5999147077153936
12773 0.8826175167675673
12833 0.9630282097258448
12983 4.22592092001082
12992 2.3256808077886952
13052 3.260840023967233
13338 2.5211728277723946
13449 2.6418008155610093
13501 2.5211728277723946
13553 -0.37046075994419203
13680 2.2449194511442365
13718 2.6850356628614973
13742 12.871378323445173
13761 2.6040604875781623
13839 4.22592092001082
13841 6.9985096422506015
13918 2.8396265588909295
14008 2.001297368486486
14208 2.3747372985478017
14237 -1.3944966966083199
14267 -0.3823693933135151
14352 0.9464204733261844
14431 1.034930298632155
14506 3.740413104229119
14656 1.1405764877671418
14687 5.052599493195288
14901 2.5326015235960173
14906 0.4013639403639497
15037 2.3163784151263815
15332 -1.5523117301456202
15453 4.47267141490569
15677 4.733923928934947
15704 3.7026727762462723
15762 3.9074671888922854
15771 0.023095714794649395
