273
249 6.305362461690656
338 6.305362461690656
389 1.6419233675785887
521 1.8986432144264027
730 4.59605855291637
817 4.695924549256556
874 3.2849375755462935
1062 2.591790394986348
1311 5.206750173022546
1552 6.9985096422506015
1595 5.8998973535824915
1614 6.9985096422506015
1692 2.1944885975173447
1711 6.9985096422506015
1750 1.1068654304248302
1842 6.086089028023802
1896 3.567147769283231
1922 1.6952047341915255
1923 4.42203579893711
1932 5.389071729816501
1942 3.383107790185988
1954 8.250043200603727
2036 1.9486536350010641
2077 3.3875917296063767
2271 0.34178311807220957
2351 1.5647876386963615
2356 5.362043057428582
2357 2.3747372985478017
2387 5.206750173022546
2421 1.5431885268928998
2434 2.413542163580029
2442 8.381451068578906
2445 4.513602992462601
2459 2.938066631704182
2465 6.9985096422506015
2484 1.3149298749119196
2519 1.6902419448493964
2592 2.938066631704182
2601 3.1066893441399746
2621 4.108137884354437
2631 1.7033759779413737
2638 4.261950383590038
2920 2.0386245855125003
2935 1.2640783890383267
2964 2.701306080253083
3110 2.8876357780772897
3182 5.389071729816501
3186 6.440413124378658
3215 1.7699425535733089
3578 0.6015799870344548
3643 12.85728003332936
3658 2.938066631704182
3690 2.9945028634117485
3807 2.3256808077886952
3820 1.7890234894091803
3896 1.403798262648762
3974 6.775183459212753
4004 19.557062005200482
4010 3.1918471524802814
4070 1.1068654304248302
4096 3.3609234825242154
4145 4.01615411094373
4158 0.5508079280769067
4208 1.5220460903190904
4219 5.270287881572877
4261 2.262311193856106
4286 2.130975191795019
4295 2.9209721983448818
4302 1.8000126109847754
4307 2.824122372354964
4438 3.47214911763444
4566 14.389249042353784
4608 5.630090646958978
4642 4.00277736869661
4765 1.4150133334689021
4788 9.602570129828763
4876 4.489838902288473
4878 2.7345957208584712
4914 8.603935409567447
4943 4.22592092001082
5019 4.290459441148391
5040 1.4378280112350734
5049 4.359452312635343
5052 8.45184184002164
5055 11.139125088924683
5058 7.065547478901749
5172 4.513602992462601
5191 4.433560284789064
5208 5.135385686814575
5246 4.513602992462601
5590 1.4533321977710387
5687 2.0785287164224764
5729 8.718904625270685
5730 4.108137884354437
5770 6.886323161522375
5973 1.4770487243883548
5989 5.206750173022546
5993 1.7043607691634077
5998 4.919068100570765
6041 5.389071729816501
6064 2.138697237888929
6128 7.065547478901749
6158 4.910429719961194
6221 2.8553749158590684
6228 1.2947271675944
6250 5.318288905612199
6338 2.413542163580029
6389 3.1273086313427103
6390 3.047265923669174
6433 0.5154022907934025
6614 3.009525595686327
6675 2.5098732725184614
6747 4.108137884354437
6751 2.5441623459970937
6754 1.2024518914852294
7025 1.0095482253607377
7060 8.216275768708874
7072 1.9486536350010641
7104 -2.6539516666051686
7197 1.730651483187273
7210 11.141076514487649
7240 4.359452312635343
7286 1.4112609838503516
7344 1.6325336272287498
7380 5.052599493195288
7401 1.886521853894058
7418 6.296724081081085
7487 1.8167260919585162
7550 12.67776276003246
7591 2.0426825846493406
7592 6.9985096422506015
7597 4.372650573756367
7689 4.513602992462601
7781 5.208120975156325
7793 5.052599493195288
7813 1.0145733615634107
7892 1.5517722705842913
7904 2.211017899468555
7965 3.773043707788116
7991 1.3149298749119196
8007 1.904759441443839
8032 1.5324768712979722
8096 1.4533321977710387
8155 3.1066893441399746
8439 0.4690908039883759
8452 4.165296298194385
8723 1.5262389685791264
8788 2.146479378330984
8863 22.34293006736197
8896 2.938066631704182
9122 1.3744921360632627
9292 10.176649383988375
9346 4.997399943840672
9384 1.3355491621146554
9517 6.9985096422506015
9523 5.389071729816501
9537 3.2731460406213513
9587 5.8998973535824915
9663 5.389071729816501
9678 5.612215281130711
9709 1.082307579643166
9786 3.1483620405405426
9982 22.677802904294403
9983 3.1066893441399746
9986 2.0568672196412967
9990 6.238964163488347
10015 3.5645224377654547
10025 4.513602992462601
10055 3.009525595686327
10302 2.6290617897835795
10326 2.092307702186045
10329 -1.6807255656767812
10437 2.7345957208584712
10473 5.334461451516829
10488 6.305362461690656
10698 15.452061705285805
10791 4.05407066308416
10859 3.086486636822455
10867 2.9066643955420775
10903 2.476721065201561
10905 4.695924549256556
10909 5.558003874148989
11023 2.576165249751463
11032 3.263138994630222
11044 3.9074671888922854
11052 3.740413104229119
11148 1.1784267118982394
11236 3.5645224377654547
11287 2.0286963426746007
11293 5.8998973535824915
11320 11.057612550613367
11377 3.414990703794491
11393 3.2849375755462935
11450 4.524622387712212
11461 2.146479378330984
11481 1.6186122887101415
11484 7.262427624528255
11503 8.66290733423187
11508 5.206750173022546
11707 3.2373095265570386
11771 4.8012850649143815
11778 2.8553749158590684
11790 2.2449194511442365
11894 3.0357414378172196
11907 2.434161450782765
11945 1.9550845253313545
11952 3.1916645207566434
12011 4.8012850649143815
12022 2.0204809125041137
12078 1.3637200390813515
12093 1.6803896484063847
12111 3.989126672610284
12137 2.498699971920336
12175 2.955458374416051
12213 3.047265923669174
12254 2.335070548138534
12375 3.260840023967233
12455 -0.2152586658680402
12460 0.7332084295128914
12527 3.086486636822455
12558 2.4446327506500602
12708 3.1916645207566434
12717 0.5999147077153936
12783 5.695929643279208
12793 2.87137525720551
12818 3.1483620405405426
12823 1.034930298632155
12826 2.5238746895428186
12853 1.152070867192877
12946 1.7798435526592793
12985 5.612215281130711
13033 9.83813620114153
13080 0.8123010183501074
13107 10.105198986390576
13208 5.246137143643125
13338 2.5211728277723946
13343 2.973157951515452
13359 2.6290617897835795
13384 2.0568672196412967
13386 5.206750173022546
13390 2.236335707452845
13408 4.8012850649143815
13553 -0.37046075994419203
13672 4.578716905737379
13720 7.332610264150794
13891 0.6065925288579992
14157 6.9985096422506015
14195 5.334461451516829
14196 5.023813923333148
14237 -2.09174504491248
14267 -0.3823693933135151
14313 9.879909052647209
14395 2.7218435232345457
14529 2.8088549002241754
14559 4.433560284789064
14656 2.2811529755342836
14747 5.8998973535824915
14896 5.8998973535824915
14933 3.7026727762462723
15057 1.152070867192877
15113 3.7796338173824005
15155 0.6904112007410705
15158 3.8204558119026557
15164 4.00277736869661
15209 2.579669034454003
15332 -13.970805571310581
15397 2.001297368486486
15418 2.1233123190494494
15471 1.3881216796572402
15570 2.7218435232345457
15587 2.5894543351888
15728 6.019051191372654
15783 0.48083836933832624
