31
2388 4.8012850649143815
2631 0.21292199724267172
3578 0.6015799870344548
4145 2.008077055471865
4158 0.030600440448717042
4219 1.7567626271909589
4914 1.4339892349279078
5590 1.4533321977710387
5687 2.0785287164224764
6721 2.383389125409342
7781 2.6040604875781623
7965 1.886521853894058
10307 2.5676928434072877
10867 1.4533321977710387
11320 2.764403137653342
11438 3.3349479961209547
11580 2.5441623459970937
11771 4.8012850649143815
11828 2.955458374416051
11952 1.5958322603783217
12022 1.2122885475024683
12708 1.5958322603783217
14196 1.6746046411110493
14313 1.6466515087745348
14416 0.7739512129752414
14529 2.8088549002241754
14620 2.15432255579201
15057 1.152070867192877
15332 -1.5523117301456202
15587 1.2947271675944
15783 0.48083836933832624
