40
1940 2.6944445490464313
1960 3.1483620405405426
2087 2.8876357780772897
2271 0.34178311807220957
2450 -1.2217137914072214
2631 0.21292199724267172
2640 2.735829765209286
2701 2.7218435232345457
3215 1.179961702382206
3643 3.21432000833234
4158 0.09180132134615113
4219 5.270287881572877
4608 1.4075226617397445
5839 2.579669034454003
6433 0.5154022907934025
6633 2.8088549002241754
6721 2.383389125409342
6754 1.2024518914852294
7210 1.8568460857479414
7286 1.4112609838503516
7965 1.886521853894058
8032 0.5108256237659907
8096 1.4533321977710387
9990 0.5671785603171224
10698 3.8630154263214513
11032 1.087712998210074
11450 2.262311193856106
11570 1.1933746733341126
11952 1.5958322603783217
12022 0.8081923650016455
12111 3.989126672610284
12455 -0.2152586658680402
12833 0.9630282097258448
13001 1.4730567031188173
14196 0.8373023205555247
14237 -0.6972483483041599
14546 2.8876357780772897
14620 2.15432255579201
15057 1.152070867192877
15326 3.2373095265570386
