60
1952 5.206750173022546
2167 5.33555260392854
2334 0.7939518796819108
2450 -0.6108568957036107
2519 1.6902419448493964
2901 3.3349479961209547
3744 5.8998973535824915
3820 1.7890234894091803
4282 2.8553749158590684
4331 3.3875917296063767
4909 1.4690805547391779
5208 2.5676928434072877
5518 3.1737271807911225
5630 0.11915383779016203
5880 4.600614369452231
6447 1.2880826248757316
7104 -0.6634879166512921
7488 6.9985096422506015
7569 1.0170954309961207
7991 1.3149298749119196
8153 2.8396265588909295
8523 1.4512652714088672
8710 0.551203779709388
8822 4.560021541911013
8925 3.5327737394508745
8928 1.3355491621146554
9069 3.260840023967233
9115 3.047265923669174
9170 0.6116303228879563
9365 2.9945028634117485
9559 -0.49919366312984353
9589 1.3115342859107813
10522 2.9911764570181303
10868 -0.18536107281185138
11140 2.15432255579201
11165 2.1863252868781835
11218 0.5720211847929105
11299 -1.0423655237318759
11825 2.9041650800285006
11907 4.86832290156553
12143 4.165296298194385
12404 1.485080896085619
12455 -0.4305173317360804
12508 6.786933581568317
12708 1.5958322603783217
12803 2.727440078162703
13080 0.8123010183501074
13189 1.8745456628473423
13553 -0.37046075994419203
13828 3.3349479961209547
13891 0.6065925288579992
14381 0.2288676653980985
14431 1.034930298632155
15259 1.3320829541381691
15292 2.211017899468555
15332 -3.1046234602912404
15341 0.7959741250626788
15685 0.8716404581364162
15827 1.9109133070182172
15828 1.0931477941960308
