64
1922 1.6952047341915255
2042 3.7796338173824005
2387 5.206750173022546
2484 1.3149298749119196
2631 0.21292199724267172
3578 1.2031599740689096
4145 4.01615411094373
4158 0.030600440448717042
4208 1.5220460903190904
4219 1.7567626271909589
4297 3.3096301881366648
4405 1.3460204619819507
4914 2.8679784698558155
5040 1.4378280112350734
5484 0.9464204733261844
5731 2.8876357780772897
5737 3.740413104229119
6302 4.165296298194385
6390 3.047265923669174
6433 1.030804581586805
6622 2.579669034454003
6721 2.383389125409342
6819 1.7153059135126125
6872 1.3047775034479017
6970 2.1863252868781835
7781 5.208120975156325
7941 3.740413104229119
7965 1.886521853894058
8014 6.9985096422506015
8242 4.071330023981388
9122 1.3744921360632627
9346 2.498699971920336
9399 4.22592092001082
9537 0.6546292081242703
10307 2.5676928434072877
10490 5.206750173022546
10867 1.4533321977710387
11106 2.021775899830027
11163 3.7796338173824005
11320 2.764403137653342
11361 6.9985096422506015
11450 4.524622387712212
11908 1.5346778372249912
11954 5.612215281130711
12022 1.616384730003291
12218 2.6547042203969173
12460 0.7332084295128914
12708 3.1916645207566434
12781 2.498699971920336
12826 1.2619373447714093
12946 0.5932811842197597
13077 3.047265923669174
13391 3.740413104229119
13526 5.389071729816501
14174 3.5890059103476117
14196 1.6746046411110493
14381 0.2288676653980985
14656 1.1405764877671418
15037 2.3163784151263815
15209 2.579669034454003
15332 -1.5523117301456202
15587 1.2947271675944
15771 0.023095714794649395
15783 0.48083836933832624
