204
21 4.695924549256556
194 0.7699986386594181
198 6.9985096422506015
241 1.6902419448493964
327 2.20271909665386
356 2.591790394986348
365 3.414990703794491
373 2.750014400201242
478 4.22592092001082
495 5.679253117781859
532 3.4431615807611875
638 3.502002080784121
760 4.513602992462601
1060 0.24866762566620615
1062 2.591790394986348
1281 4.695924549256556
1379 1.0740829317937672
1404 1.3708885285599641
1411 6.9985096422506015
1439 5.389071729816501
1498 3.7796338173824005
1524 4.290459441148391
1685 3.2373095265570386
1749 6.9985096422506015
1782 2.7218435232345457
2036 1.9486536350010641
2247 2.219386149139072
2450 -0.6108568957036107
2484 1.3149298749119196
2586 3.3096301881366648
2597 2.1157077196642304
2674 1.0272478024601386
2705 1.6657908489852322
2911 4.05407066308416
2964 0.900435360084361
3021 39.35254480456612
3048 2.5098732725184614
3134 4.919068100570765
3240 3.5645224377654547
3279 4.600614369452231
3284 6.9985096422506015
3329 1.981229805435677
3578 1.2031599740689096
3646 5.135385686814575
3654 3.4431615807611875
3657 2.6164830075767194
3661 4.165296298194385
3704 3.8630154263214513
3839 6.9985096422506015
3898 3.047265923669174
3949 2.7790019370744945
3982 1.0769312226067855
4142 6.9985096422506015
4195 4.919068100570765
4314 2.764403137653342
4340 3.5645224377654547
4341 2.6547042203969173
4425 2.498233312684696
4522 0.2603571476546441
4616 1.8925641683500207
4695 2.87137525720551
4750 0.6631056996427893
4759 3.21432000833234
4865 3.0282177286984795
4866 2.5211728277723946
4989 1.3355491621146554
4990 4.513602992462601
5083 1.5735596247691985
5110 1.8452180477528222
5189 4.433560284789064
5267 4.919068100570765
5339 2.356853423796479
5539 1.7153059135126125
5736 2.8088549002241754
5779 3.21432000833234
5834 1.65617539028579
5835 3.1273086313427103
5850 3.047265923669174
5871 5.206750173022546
5875 2.750014400201242
5891 3.1273086313427103
5898 3.9074671888922854
5934 2.8876357780772897
5981 2.8553749158590684
6136 1.457246097092175
6148 6.305362461690656
6151 1.4075226617397445
6219 2.298029276458185
6228 1.2947271675944
6240 5.389071729816501
6337 3.2373095265570386
6433 0.5154022907934025
6618 6.17060165892389
6675 2.5098732725184614
6799 5.612215281130711
6993 4.05407066308416
7028 2.764403137653342
7057 3.2849375755462935
7125 3.8630154263214513
7146 6.9985096422506015
7286 1.4112609838503516
7497 0.7014003223166658
7534 1.242767428663689
7578 0.5215372793609184
7597 4.372650573756367
7638 7.405345552492545
7764 1.7052048175261088
7914 4.292958756661968
7965 1.886521853894058
8007 1.904759441443839
8032 1.0216512475319814
8070 3.1483620405405426
8071 4.513602992462601
8262 2.0712559570933964
8338 4.22592092001082
8439 0.4690908039883759
8471 5.587634045719271
8683 1.6803896484063847
8718 5.648244744709928
8850 1.7153059135126125
8880 1.67063347346102
8886 1.3081501879265407
8904 2.1863252868781835
8908 7.262427624528255
8949 6.9985096422506015
8960 3.8630154263214513
9115 3.047265923669174
9151 1.258716730071367
9154 2.465910149097345
9282 1.4533321977710387
9345 2.66777630196427
9445 2.973157951515452
9592 5.8998973535824915
9595 4.108137884354437
9719 4.290459441148391
9765 1.7835738846416156
9791 2.344549292093078
9977 3.8630154263214513
10055 3.009525595686327
10058 2.6040604875781623
10325 1.8925641683500207
10349 6.9985096422506015
10393 1.9746291214043248
10422 0.7087940713416041
10510 6.9985096422506015
10561 1.6003469407328483
10677 4.433560284789064
10700 4.165296298194385
10966 6.305362461690656
11102 0.6652300141109108
11104 4.290459441148391
11305 2.0640357091199095
11347 4.186511602777624
11714 4.290459441148391
11785 1.9680717208581657
11809 4.165296298194385
11934 4.05407066308416
11943 2.455214859980597
11969 0.7582337970798316
11975 2.9209721983448818
12040 3.5645224377654547
12078 1.3637200390813515
12287 5.052599493195288
12383 3.756919355131344
12674 1.5779746429783155
12796 2.9209721983448818
12826 1.2619373447714093
12861 4.00277736869661
12891 3.7796338173824005
12995 4.165296298194385
13080 0.8123010183501074
13089 6.9985096422506015
13183 3.502002080784121
13312 2.955458374416051
13343 2.973157951515452
13354 1.8280256472124494
13547 1.6003469407328483
13553 -1.4818430397767681
13572 1.8745456628473423
13683 3.0666840095262753
13718 1.3425178314307487
13791 3.047265923669174
13913 2.8396265588909295
13918 2.8396265588909295
13920 4.05407066308416
14008 2.001297368486486
14085 3.1698682457615064
14100 4.359452312635343
14135 2.3541187431092285
14208 8.311580544917305
14381 0.457735330796197
14612 2.1863252868781835
14725 4.359452312635343
14906 0.8027278807278994
15046 5.389071729816501
15241 1.7462362142039713
15332 -18.627740761747443
15343 6.9985096422506015
15415 5.648244744709928
15440 5.206750173022546
15471 0.6940608398286201
15672 1.4550424207846036
15677 1.5779746429783155
15771 0.09238285917859758
