60
521 1.8986432144264027
646 2.219386149139072
829 3.5645224377654547
862 2.344549292093078
2038 1.880515829833846
2446 2.5326015235960173
2536 1.7835738846416156
2935 0.6320391945191633
3240 3.5645224377654547
3391 6.9985096422506015
3409 4.00277736869661
3448 3.1273086313427103
3520 2.87137525720551
3840 1.2980660688599148
3949 2.7790019370744945
3981 3.3609234825242154
4407 3.414990703794491
4425 2.498233312684696
4806 3.6312138122641273
4846 2.021775899830027
4865 3.0282177286984795
5022 4.22592092001082
5573 3.3875917296063767
6872 1.3047775034479017
7104 -0.6634879166512921
7306 2.4876501357337513
7414 3.7026727762462723
8880 1.67063347346102
9115 3.047265923669174
9388 6.9985096422506015
9779 1.8337236683270872
9986 2.0568672196412967
10198 3.8204558119026557
10326 0.5230769255465112
10472 5.389071729816501
10729 2.039247754698959
11032 1.087712998210074
11137 3.548169210991691
11299 -0.5211827618659379
11347 0.8373023205555247
11379 2.0426825846493406
11481 1.6186122887101415
11485 3.3875917296063767
11526 1.6419233675785887
11580 2.5441623459970937
11945 1.9550845253313545
11952 1.5958322603783217
12404 2.970161792171238
12407 1.67038967643192
12790 1.5095719160939147
13471 5.208120975156325
13553 -0.37046075994419203
14174 1.7945029551738059
14477 2.5211728277723946
14656 1.1405764877671418
14906 0.4013639403639497
15278 2.465910149097345
15332 -3.1046234602912404
15725 3.5645224377654547
15771 0.023095714794649395
