123
108 4.359452312635343
401 3.1698682457615064
512 2.0785287164224764
529 4.695924549256556
532 3.4431615807611875
865 2.5211728277723946
866 8.81087638661544
868 2.0286963426746007
1060 0.06216690641655154
1379 0.5370414658968836
1381 2.6547042203969173
1404 2.7417770571199283
1685 3.2373095265570386
1782 2.7218435232345457
1838 3.414990703794491
1923 2.211017899468555
1929 2.1081605140288473
2017 3.3875917296063767
2033 1.6853036632088139
2320 2.973157951515452
2421 1.5431885268928998
2668 3.502002080784121
2669 5.467079729030317
2913 1.720394983020084
2914 3.4431615807611875
3281 5.052599493195288
3329 1.981229805435677
3657 2.6164830075767194
3671 7.1290448755309095
3812 4.507155027774703
3820 1.7890234894091803
4009 5.206750173022546
4047 3.8630154263214513
4106 4.165296298194385
4186 3.8204558119026557
4254 3.740413104229119
4405 1.3460204619819507
4533 3.086486636822455
4537 1.0196238773494795
4686 4.108137884354437
4814 5.206750173022546
4876 2.2449194511442365
4909 1.4690805547391779
5119 2.3933394562625097
5229 6.9985096422506015
5309 5.065203047192035
5339 1.1784267118982394
5600 6.9985096422506015
5626 9.027205984925201
5828 2.5676928434072877
5838 5.612215281130711
5961 5.612215281130711
6043 1.5913378707904824
6078 2.555858385760285
6183 8.00555473739322
6236 2.9209721983448818
6269 3.9539872045271784
6302 4.165296298194385
6317 6.305362461690656
6525 3.1483620405405426
6576 3.666305132075397
6609 3.1918471524802814
6863 4.22592092001082
6941 2.1782280766455644
7023 4.359452312635343
7104 -0.6634879166512921
7379 4.22592092001082
7845 2.4237986637472186
8296 7.907974409054357
8342 3.1066893441399746
8436 5.052599493195288
8816 1.7255100836868542
8977 2.6290617897835795
9195 3.7026727762462723
9282 4.359996593313117
9352 5.052599493195288
9376 3.5645224377654547
9709 1.082307579643166
9733 4.340026546449325
10106 9.391849098513111
10299 4.359452312635343
10375 3.9539872045271784
10431 2.887464611635827
10794 2.938066631704182
10882 4.359452312635343
10889 3.086486636822455
10929 6.213378688279949
11027 5.112791462572758
11032 1.087712998210074
11287 2.0286963426746007
11379 4.085365169298681
11634 3.3096301881366648
11655 2.66777630196427
11707 3.2373095265570386
11847 5.8998973535824915
12407 0.83519483821596
12451 15.774370738701478
12455 -0.2152586658680402
12499 6.813365470614782
13001 1.4730567031188173
13071 3.086486636822455
13075 3.9539872045271784
13153 2.2278250177849364
13197 3.2849375755462935
13314 2.0286963426746007
13335 14.087773647769666
13376 4.359452312635343
13547 6.401387762931393
13747 4.433560284789064
13908 4.290459441148391
14267 -0.7647387866270302
14381 0.2288676653980985
14501 4.372650573756367
14637 3.3349479961209547
14668 6.305362461690656
14719 4.919068100570765
15332 -6.209246920582481
15468 2.309930450438483
15471 1.3881216796572402
15697 3.7796338173824005
15731 2.9911764570181303
15771 0.04619142958929879
15796 3.666305132075397
