107
569 3.0282177286984795
1379 1.0740829317937672
1641 6.305362461690656
1893 1.7567626271909589
1909 2.8876357780772897
1940 2.6944445490464313
2218 3.740413104229119
2271 0.34178311807220957
2442 2.7938170228596353
2513 1.8280256472124494
2640 2.735829765209286
2963 4.05407066308416
2964 0.900435360084361
3110 2.8876357780772897
3338 4.290459441148391
3352 4.359452312635343
3637 3.260840023967233
3646 2.5676928434072877
3714 4.8012850649143815
3949 2.7790019370744945
4222 2.3256808077886952
4282 2.8553749158590684
4340 3.5645224377654547
4520 3.1273086313427103
4616 3.7851283367000415
4625 3.6904360955056443
4750 0.33155284982139466
4759 3.21432000833234
4989 2.6710983242293107
5006 3.086486636822455
5156 2.211017899468555
5208 2.5676928434072877
5339 1.1784267118982394
5392 2.130975191795019
5484 0.9464204733261844
5711 2.6290617897835795
5834 6.62470156114316
5875 2.750014400201242
5900 2.8553749158590684
6055 3.7796338173824005
6064 2.138697237888929
6065 4.22592092001082
6151 1.4075226617397445
6535 4.919068100570765
6830 5.612215281130711
6872 1.3047775034479017
7044 7.522063319335384
7104 -1.3269758333025843
7327 3.5327737394508745
7691 3.5645224377654547
7692 2.2449194511442365
7709 6.9985096422506015
7813 1.0145733615634107
7854 3.3609234825242154
7914 6.439438134992953
7970 4.290459441148391
8256 1.6803896484063847
8337 3.910169050662709
8399 3.9539872045271784
8439 0.4690908039883759
8578 3.1066893441399746
8696 4.919068100570765
8751 3.8630154263214513
8833 5.8998973535824915
9169 3.4431615807611875
9170 0.6116303228879563
9651 3.3875917296063767
9733 1.0850066366123312
9765 1.7835738846416156
9872 4.165296298194385
10326 1.0461538510930224
10329 -0.4201813914191953
10373 19.205140259657526
11023 1.2880826248757316
11102 0.6652300141109108
11347 4.186511602777624
11379 2.0426825846493406
11430 4.359452312635343
11591 2.7218435232345457
12042 2.6418008155610093
12078 1.3637200390813515
12250 4.997399943840672
12316 4.695924549256556
12717 0.5999147077153936
12772 1.886521853894058
12978 2.383389125409342
12981 6.9985096422506015
12983 4.22592092001082
13052 3.260840023967233
13440 1.4770487243883548
13449 2.6418008155610093
13500 5.8998973535824915
13501 2.5211728277723946
13553 -1.111382279832576
13680 2.2449194511442365
14208 1.1873686492739008
14381 0.2288676653980985
14431 1.034930298632155
14506 3.740413104229119
14901 2.5326015235960173
14906 0.4013639403639497
14981 5.206750173022546
15077 4.600614369452231
15332 -6.209246920582481
15351 3.5645224377654547
15471 0.6940608398286201
15556 6.9985096422506015
