112
185 5.612215281130711
241 1.6902419448493964
373 2.750014400201242
479 6.305362461690656
491 3.1066893441399746
978 2.298029276458185
1884 1.9486536350010641
1923 2.211017899468555
1957 1.8223599096767722
2154 5.052599493195288
2166 2.6418008155610093
2172 4.359452312635343
2309 3.7796338173824005
2357 1.1873686492739008
2421 1.5431885268928998
2446 7.5978045707880515
2447 5.612215281130711
2536 1.7835738846416156
2675 3.6312138122641273
2935 0.6320391945191633
3180 2.7938170228596353
3354 3.2373095265570386
3578 0.6015799870344548
3614 4.313484033705221
3840 1.2980660688599148
3896 1.403798262648762
4016 3.9074671888922854
4183 4.359452312635343
4303 6.305362461690656
4335 2.938066631704182
4481 6.439438134992953
4537 1.0196238773494795
4711 1.9296054400303697
4842 4.433560284789064
5213 4.513602992462601
5556 4.433560284789064
5630 0.4766153511606481
5767 4.919068100570765
5773 2.735829765209286
5850 3.047265923669174
5925 4.433560284789064
5964 6.254617262685421
6043 1.5913378707904824
6207 5.8998973535824915
6300 3.7026727762462723
6335 4.953442130403122
6599 6.305362461690656
6618 2.0568672196412967
6620 2.3996588308615743
6702 6.056435457396959
6908 0.33537694625979814
7053 3.9074671888922854
7104 -0.6634879166512921
7157 3.8630154263214513
7482 1.8055527913603908
7505 3.740413104229119
7534 1.242767428663689
7668 5.052599493195288
7986 3.597312260588446
8168 1.9746291214043248
8315 2.764403137653342
8429 4.359452312635343
8710 0.551203779709388
8737 5.206750173022546
8745 2.5441623459970937
9161 4.600614369452231
9192 4.00277736869661
9345 2.66777630196427
9484 3.9539872045271784
9709 1.082307579643166
9729 1.4931781063182383
9970 0.4837969513780714
10329 -0.21009069570959765
10422 0.7087940713416041
10447 0.6099482367049713
10467 6.305362461690656
10699 2.298029276458185
10751 3.1758075187276433
10914 1.3637200390813515
10920 2.20271909665386
11110 1.6204910383360227
11143 4.8012850649143815
11218 1.144042369585821
11299 -2.0847310474637517
11304 1.2054960338664575
11308 2.5098732725184614
11453 1.3637200390813515
11625 1.457246097092175
11677 1.7255100836868542
11911 10.244972111383474
11952 1.5958322603783217
12014 5.982352914036261
12377 1.3460204619819507
12400 2.9209721983448818
12578 2.4237986637472186
12797 2.7218435232345457
12978 2.383389125409342
13001 1.4730567031188173
13401 2.465910149097345
14153 2.4876501357337513
14174 1.7945029551738059
14267 -0.3823693933135151
14309 1.5137127087599462
14432 4.108137884354437
14682 1.5431885268928998
15089 3.3349479961209547
15195 3.0282177286984795
15241 1.7462362142039713
15279 3.21432000833234
15306 0.7199882180847567
15332 -6.209246920582481
15771 0.023095714794649395
