337
3 3.0666840095262753
15 5.389071729816501
21 4.695924549256556
32 5.206750173022546
194 6.159989109275345
209 3.400384551405129
287 6.305362461690656
327 2.20271909665386
356 2.591790394986348
379 5.612215281130711
401 3.1698682457615064
495 2.8396265588909295
496 2.2800107709555064
502 2.5676928434072877
512 6.235586149267429
532 3.4431615807611875
538 5.8998973535824915
569 3.0282177286984795
583 2.9041650800285006
601 6.305362461690656
623 6.305362461690656
717 2.8396265588909295
759 5.052599493195288
787 2.035665011990694
810 5.679253117781859
956 6.9985096422506015
1026 6.9985096422506015
1060 0.1865007192496546
1094 2.335070548138534
1352 6.9985096422506015
1379 0.5370414658968836
1404 1.3708885285599641
1622 5.8998973535824915
1686 1.1549652252192415
1692 2.1944885975173447
1750 1.1068654304248302
1755 3.47214911763444
1832 6.9985096422506015
1871 3.5645224377654547
1928 4.9753002714675025
1940 2.6944445490464313
1957 1.8223599096767722
2049 4.74707365793266
2247 2.219386149139072
2271 0.34178311807220957
2334 0.7939518796819108
2353 4.108137884354437
2357 1.1873686492739008
2358 3.1273086313427103
2407 4.47267141490569
2450 -3.665141374221664
2513 1.8280256472124494
2516 22.448861124522843
2536 1.7835738846416156
2586 6.6192603762733295
2631 0.21292199724267172
2647 4.513602992462601
2648 6.9985096422506015
2903 5.612215281130711
2920 1.3590830570083334
2924 2.0286963426746007
2925 3.4431615807611875
2947 5.052599493195288
2964 0.900435360084361
3062 2.8396265588909295
3110 2.8876357780772897
3180 5.587634045719271
3323 6.9985096422506015
3329 1.981229805435677
3333 5.8998973535824915
3352 4.359452312635343
3362 3.8204558119026557
3388 9.391849098513111
3407 2.085854756514549
3449 2.9470574476567433
3487 4.8012850649143815
3506 1.6411310564000017
3575 3.260840023967233
3578 1.2031599740689096
3633 4.165296298194385
3646 2.5676928434072877
3714 4.8012850649143815
3736 3.086486636822455
3788 2.750014400201242
3804 8.250043200603727
3814 2.236335707452845
3840 2.5961321377198296
3844 3.7026727762462723
3898 3.047265923669174
3949 2.7790019370744945
4081 3.1066893441399746
4189 2.87137525720551
4223 2.1863252868781835
4286 2.130975191795019
4302 3.6000252219695508
4340 17.822612188827275
4385 3.1273086313427103
4405 1.3460204619819507
4412 3.086486636822455
4425 1.249116656342348
4427 3.597312260588446
4472 11.108018328738817
4520 3.1273086313427103
4522 0.2603571476546441
4608 1.4075226617397445
4613 4.42203579893711
4616 11.355385010100125
4621 2.7218435232345457
4695 5.74275051441102
4783 2.1782280766455644
4785 3.9074671888922854
4852 1.258716730071367
4857 2.0712559570933964
4865 3.0282177286984795
4866 2.5211728277723946
4871 2.4876501357337513
4976 2.288979440938267
5006 3.086486636822455
5020 3.21432000833234
5033 4.246624638098899
5156 2.211017899468555
5208 2.5676928434072877
5232 3.3096301881366648
5339 1.1784267118982394
5363 3.0666840095262753
5436 2.8876357780772897
5439 3.7796338173824005
5641 4.359452312635343
5671 5.612215281130711
5711 7.887185369350739
5834 18.21792929314369
5835 9.38192589402813
5852 2.4876501357337513
5875 2.750014400201242
5889 2.4033897921160112
5929 3.3096301881366648
5986 3.3609234825242154
5992 4.359452312635343
6043 3.182675741580965
6049 2.035665011990694
6151 1.4075226617397445
6402 1.4112609838503516
6476 4.600614369452231
6618 2.0568672196412967
6718 3.9539872045271784
6776 1.942263836902293
6830 5.612215281130711
6898 2.162227735299123
7028 5.528806275306684
7044 24.44670578784
7104 -7.298367083164214
7170 1.6186122887101415
7197 5.191954449561819
7221 10.778143459633002
7311 2.236335707452845
7344 3.2650672544574997
7459 2.1944885975173447
7552 1.9486536350010641
7557 3.3349479961209547
7578 0.5215372793609184
7614 5.135385686814575
7699 3.7796338173824005
7803 5.389071729816501
7808 5.679253117781859
7813 2.0291467231268214
7826 3.1273086313427103
7827 3.414990703794491
7854 3.3609234825242154
7892 1.5517722705842913
7914 30.05071129663378
7932 3.7490913256946845
7968 3.047265923669174
7970 4.290459441148391
8032 1.0216512475319814
8043 1.730651483187273
8086 3.3096301881366648
8242 2.035665011990694
8315 2.764403137653342
8337 9.775422626656772
8396 5.052599493195288
8440 4.00277736869661
8643 2.001297368486486
8645 3.5327737394508745
8648 4.86832290156553
8690 5.587634045719271
8708 2.962113491571787
8723 1.5262389685791264
8736 1.1933746733341126
8749 3.0666840095262753
8927 4.919068100570765
8928 1.3355491621146554
8946 5.443687046469091
8947 6.305362461690656
8975 2.3933394562625097
8989 5.206750173022546
9011 6.9985096422506015
9054 5.612215281130711
9116 7.332610264150794
9154 2.465910149097345
9169 3.4431615807611875
9170 0.6116303228879563
9306 3.8630154263214513
9307 4.108137884354437
9393 1.060973437168175
9438 4.290459441148391
9445 5.946315903030904
9466 4.695924549256556
9576 6.9985096422506015
9719 4.290459441148391
9733 2.1700132732246624
9765 1.7835738846416156
9807 3.1698682457615064
9872 4.165296298194385
9928 6.9985096422506015
9970 0.4837969513780714
10217 4.30864511158402
10246 4.919068100570765
10258 7.2000504439391015
10264 4.8012850649143815
10323 8.216275768708874
10325 1.8925641683500207
10326 2.615384627732556
10329 -1.260544174257586
10357 3.9539872045271784
10373 9.602570129828763
10411 4.05407066308416
10431 1.4437323058179135
10546 4.8012850649143815
10609 3.5327737394508745
10617 6.305362461690656
10658 5.808330160057001
10748 3.5327737394508745
11023 2.576165249751463
11032 1.087712998210074
11102 0.6652300141109108
11106 2.021775899830027
11110 0.8102455191680114
11139 8.614125771616528
11165 4.372650573756367
11257 5.8998973535824915
11266 2.9041650800285006
11296 2.764403137653342
11347 21.769860334443642
11375 2.681021528714291
11379 4.085365169298681
11384 3.3609234825242154
11406 2.6418008155610093
11419 3.1273086313427103
11453 2.727440078162703
11570 2.3867493466682252
11580 2.5441623459970937
11591 2.7218435232345457
11671 2.2535775138873513
11711 4.433560284789064
11725 4.359452312635343
11769 1.6466515087745348
11969 2.274701391239495
12022 2.0204809125041137
12028 5.183580789972696
12075 2.938066631704182
12078 1.3637200390813515
12093 1.6803896484063847
12151 3.1698682457615064
12217 9.201228738904462
12249 3.9074671888922854
12337 4.22592092001082
12455 -1.076293329340201
12474 14.757204301712296
12590 6.9985096422506015
12598 2.5098732725184614
12717 1.1998294154307871
12773 0.8826175167675673
12790 3.0191438321878294
12823 2.06986059726431
12832 6.6192603762733295
12853 1.152070867192877
12861 4.00277736869661
12903 4.359452312635343
12983 4.22592092001082
13001 5.892226812475269
13043 3.4431615807611875
13080 2.436903055050322
13108 2.2800107709555064
13151 4.22592092001082
13212 5.8998973535824915
13290 4.8012850649143815
13294 4.290459441148391
13354 1.8280256472124494
13390 4.47267141490569
13412 2.5098732725184614
13440 1.4770487243883548
13492 4.8012850649143815
13501 2.5211728277723946
13505 3.0666840095262753
13540 6.9985096422506015
13547 1.6003469407328483
13553 -1.4818430397767681
13575 16.66118519277754
13613 1.8111238364098463
13699 10.778143459633002
13742 17.161837764593564
13769 3.1273086313427103
13772 5.206750173022546
13789 5.052599493195288
13945 5.389071729816501
14000 6.305362461690656
14008 24.01556842183783
14185 12.610724923381312
14208 13.06105514201291
14237 -2.7889933932166397
14267 -1.1471081799405454
14334 6.9985096422506015
14352 0.9464204733261844
14381 0.2288676653980985
14395 5.443687046469091
14422 2.1233123190494494
14493 3.3096301881366648
14525 4.22592092001082
14613 6.305362461690656
14644 3.597312260588446
14798 5.612215281130711
14801 6.9985096422506015
14829 6.9985096422506015
14901 10.13040609438407
14906 2.0068197018197482
15121 3.1737271807911225
15241 3.4924724284079427
15242 6.829981407588982
15332 -6.209246920582481
15397 2.001297368486486
15471 2.7762433593144804
15574 4.8012850649143815
15650 2.130975191795019
15672 2.1825636311769054
15677 1.5779746429783155
15704 3.7026727762462723
15771 0.09238285917859758
