61
209 5.100576827107694
460 4.359452312635343
470 6.9985096422506015
532 3.4431615807611875
2033 1.6853036632088139
2271 0.34178311807220957
2320 2.973157951515452
2351 1.5647876386963615
2490 6.9985096422506015
2669 5.467079729030317
3046 2.9911764570181303
3325 6.9985096422506015
3812 9.014310055549405
4358 3.5645224377654547
4813 2.236335707452845
4912 3.8592108800607394
5522 3.8630154263214513
6242 2.9041650800285006
6402 1.4112609838503516
6507 5.258123579567159
6941 4.356456153291129
7063 6.9985096422506015
7092 4.165296298194385
7387 4.600614369452231
7445 1.8686109273275278
8342 3.1066893441399746
8546 7.405345552492545
8848 3.0666840095262753
8892 4.919068100570765
9096 4.359452312635343
9122 1.3744921360632627
9195 3.7026727762462723
9258 3.260840023967233
9709 1.082307579643166
9717 3.3875917296063767
10198 3.8204558119026557
10422 0.7087940713416041
10431 1.4437323058179135
10929 3.1066893441399746
11707 3.2373095265570386
12451 2.6290617897835795
12499 2.2711218235382606
12721 12.916526334269754
12740 2.5326015235960173
13029 1.6609715625492831
13080 0.8123010183501074
13153 4.455650035569873
13354 1.8280256472124494
14328 6.305362461690656
14352 0.9464204733261844
14381 0.2288676653980985
14403 2.4446327506500602
14463 3.34126694692204
14501 6.5589758606345505
14719 4.919068100570765
15149 2.465910149097345
15220 6.9985096422506015
15332 -1.5523117301456202
15587 1.2947271675944
15650 2.130975191795019
15796 3.666305132075397
