129
97 3.9539872045271784
325 4.22592092001082
327 2.20271909665386
652 3.5327737394508745
792 4.600614369452231
865 2.5211728277723946
868 2.0286963426746007
930 3.2849375755462935
932 2.87137525720551
1094 2.335070548138534
1379 1.0740829317937672
1404 1.3708885285599641
1757 7.907974409054357
1876 3.502002080784121
1929 2.1081605140288473
2033 6.7412146528352554
2320 2.973157951515452
2334 1.5879037593638217
2668 3.502002080784121
2669 5.467079729030317
2788 3.3096301881366648
2920 0.6795415285041667
2970 4.919068100570765
3304 6.9985096422506015
3329 3.962459610871354
3449 1.9647049651044954
3671 3.5645224377654547
3737 1.8055527913603908
3812 4.507155027774703
4009 5.206750173022546
4070 1.1068654304248302
4186 3.8204558119026557
4286 2.130975191795019
4314 2.764403137653342
4358 3.5645224377654547
4876 2.2449194511442365
4912 1.9296054400303697
5033 2.1233123190494494
5216 6.9985096422506015
5339 2.356853423796479
5715 3.502002080784121
5838 5.612215281130711
6078 2.555858385760285
6128 3.5327737394508745
6156 5.400037832954326
6158 2.455214859980597
6183 8.00555473739322
6228 1.2947271675944
6231 5.389071729816501
6270 5.612215281130711
6414 3.1483620405405426
6445 3.666305132075397
6525 3.1483620405405426
6583 1.7258895023377248
6675 2.5098732725184614
6688 3.7851283367000415
6872 1.3047775034479017
6941 2.1782280766455644
7104 -1.3269758333025843
7181 3.260840023967233
7462 3.884527673804586
7482 1.8055527913603908
7534 1.242767428663689
8296 3.9539872045271784
8342 3.1066893441399746
8444 1.7890234894091803
8928 1.3355491621146554
8975 4.786678912525019
8976 4.695924549256556
8977 2.6290617897835795
8978 6.456058317846049
9154 2.465910149097345
9282 8.719993186626233
9365 1.4972514317058743
9481 1.7727629685373998
9651 3.3875917296063767
9709 1.082307579643166
10106 4.695924549256556
10422 1.4175881426832082
10431 3.609330764544784
10598 6.305362461690656
10794 2.938066631704182
10929 3.1066893441399746
11027 1.2781978656431896
11089 3.4648956756577247
11308 2.5098732725184614
11375 5.362043057428582
11655 16.00665781178562
11836 2.37353682896633
11959 2.2449194511442365
12111 1.994563336305142
12122 1.1963912668735384
12341 2.8088549002241754
12455 -0.4305173317360804
12499 18.168974588306085
12721 1.8452180477528222
12767 5.309408440793835
12823 5.174651493160774
12833 1.9260564194516896
12850 3.502002080784121
13088 2.7790019370744945
13125 3.3096301881366648
13153 2.2278250177849364
13371 3.7026727762462723
13547 3.2006938814656967
13648 4.359452312635343
13921 4.356456153291129
14267 -1.1471081799405454
14352 0.9464204733261844
14367 4.513602992462601
14403 2.4446327506500602
14416 0.7739512129752414
14501 2.1863252868781835
14516 2.1782280766455644
14719 4.919068100570765
15192 2.978242611245248
15332 -6.209246920582481
15396 5.612215281130711
15468 1.1549652252192415
15472 2.735829765209286
15570 2.7218435232345457
15593 3.597312260588446
15595 2.6641659082763383
15604 2.1233123190494494
15651 1.1377234187847354
15672 0.7275212103923018
15771 0.06928714438394819
15794 2.5676928434072877
15796 3.666305132075397
