214
389 1.6419233675785887
1839 6.2797045914365155
1864 3.047265923669174
1868 6.305362461690656
1928 2.4876501357337513
2247 8.877544596556287
2334 0.7939518796819108
2337 4.600614369452231
2450 -14.660565496886656
2484 1.3149298749119196
2624 4.695924549256556
2705 1.6657908489852322
2787 3.1918471524802814
2858 3.8630154263214513
2917 5.206750173022546
2920 0.6795415285041667
2959 3.5621059478217028
2964 0.900435360084361
3052 3.2373095265570386
3249 2.750014400201242
3374 1.9680717208581657
3394 3.047265923669174
3407 2.085854756514549
3449 8.84117234297023
3469 5.389071729816501
3657 2.6164830075767194
3690 1.4972514317058743
3759 7.210169376348034
3788 8.250043200603727
3820 5.367070468227541
3822 6.9985096422506015
3901 2.363780654020965
4229 6.9985096422506015
4230 2.0149030205422647
4325 3.21432000833234
4533 3.086486636822455
4536 2.70805020110221
4646 7.474443709310111
4750 0.33155284982139466
4783 2.1782280766455644
4794 3.6312138122641273
4806 3.6312138122641273
4866 2.5211728277723946
4970 3.9492582428086496
5014 4.708237486218457
5017 3.260840023967233
5283 3.2849375755462935
5316 2.236335707452845
5339 2.356853423796479
5350 2.955458374416051
5518 1.5868635903955612
5587 2.5326015235960173
5630 0.23830767558032406
5666 3.47214911763444
5799 4.919068100570765
5895 2.4033897921160112
5900 2.8553749158590684
5946 22.16780142394532
6043 1.5913378707904824
6156 9.000063054923878
6189 4.919068100570765
6250 1.7727629685373998
6261 10.413500346045092
6307 3.2373095265570386
6315 4.433560284789064
6376 3.0666840095262753
6433 1.030804581586805
6447 2.576165249751463
6455 4.8012850649143815
6548 4.157057432844953
6555 11.964705828072521
6583 0.8629447511688624
6595 7.271395991241656
6622 5.159338068908006
6657 2.138697237888929
6828 7.726030852642903
6872 1.3047775034479017
7076 4.86832290156553
7104 -7.961854999815506
7197 5.191954449561819
7203 18.640136064839847
7268 4.8012850649143815
7311 6.7090071223585355
7312 2.3163784151263815
7374 5.389071729816501
7448 4.695924549256556
7458 3.502002080784121
7482 3.6111055827207816
7534 1.242767428663689
7633 1.8745456628473423
7813 1.0145733615634107
7827 3.414990703794491
7883 5.612215281130711
7942 4.165296298194385
7968 3.047265923669174
7991 1.3149298749119196
8073 6.9985096422506015
8199 15.047627978431635
8290 5.612215281130711
8299 4.433560284789064
8337 1.9550845253313545
8444 1.7890234894091803
8523 2.9025305428177344
8710 1.6536113391281642
8816 1.7255100836868542
8866 3.8630154263214513
8979 7.156093957636721
9151 1.258716730071367
9170 0.6116303228879563
9308 3.1698682457615064
9423 2.8876357780772897
9559 -0.5823926069848174
9589 2.6230685718215625
9817 1.3183370332335338
10114 5.205664622980787
10157 4.919068100570765
10296 3.2849375755462935
10326 0.5230769255465112
10422 0.7087940713416041
10447 1.2198964734099427
10455 4.513602992462601
10628 4.165296298194385
10742 8.945117447045902
10751 2.3818556390457326
10868 -2.5950550193659194
10979 3.1066893441399746
11020 12.610724923381312
11054 4.919068100570765
11102 1.9956900423327322
11104 4.290459441148391
11110 2.430736557504034
11114 3.047265923669174
11136 6.9985096422506015
11168 1.2781978656431896
11218 1.7160635543787315
11304 1.2054960338664575
11320 2.764403137653342
11379 2.0426825846493406
11454 4.695924549256556
11524 1.5178707189086098
11591 2.7218435232345457
11646 2.3541187431092285
11781 10.367161579945392
11785 9.840358604290829
11825 2.9041650800285006
11969 1.5164675941596633
11972 6.42864001666468
12033 5.042345655544789
12102 3.9539872045271784
12131 4.433560284789064
12145 3.1918471524802814
12245 4.290459441148391
12407 2.5055845146478797
12455 -1.076293329340201
12722 6.9985096422506015
12785 2.8088549002241754
12805 3.713692171495883
12896 3.2373095265570386
12992 2.3256808077886952
13001 1.4730567031188173
13045 1.886521853894058
13077 3.047265923669174
13189 5.623636988542026
13220 3.2849375755462935
13227 3.666305132075397
13314 4.0573926853492015
13338 2.5211728277723946
13346 2.9041650800285006
13384 2.0568672196412967
13423 3.9539872045271784
13438 2.555858385760285
13439 7.559267634764801
13479 7.559267634764801
13638 6.305362461690656
13682 6.305362461690656
13683 3.0666840095262753
13718 2.6850356628614973
13750 2.162227735299123
13957 5.8998973535824915
13993 6.721846965048431
14010 4.8012850649143815
14109 5.612215281130711
14136 1.4810567457858934
14237 -8.36698017964992
14242 2.5326015235960173
14257 4.695924549256556
14267 -1.9118469665675755
14308 2.0640357091199095
14309 1.5137127087599462
14333 5.389071729816501
14381 0.2288676653980985
14416 2.3218536389257243
14418 5.8998973535824915
14431 1.034930298632155
14463 1.67063347346102
14555 6.9985096422506015
14682 1.5431885268928998
14771 10.413500346045092
14906 0.4013639403639497
15012 4.108137884354437
15155 5.523289605928564
15234 6.305362461690656
15241 1.7462362142039713
15259 1.3320829541381691
15292 2.211017899468555
15332 -21.732364222038683
15341 0.7959741250626788
15456 3.1273086313427103
15600 3.009525595686327
15685 1.7432809162728324
15770 4.165296298194385
15771 0.023095714794649395
15794 5.135385686814575
15828 2.1862955883920616
