75
1896 5.350721653924847
2450 -1.2217137914072214
2512 4.8012850649143815
2964 0.900435360084361
3110 5.775271556154579
3275 3.666305132075397
3820 1.7890234894091803
3898 3.047265923669174
3949 2.7790019370744945
4325 3.21432000833234
4340 3.5645224377654547
4425 1.249116656342348
4783 2.1782280766455644
4846 2.021775899830027
4871 2.4876501357337513
5116 1.961557039836972
5156 2.211017899468555
5392 2.130975191795019
5484 0.9464204733261844
5678 4.695924549256556
5735 3.502002080784121
5834 4.96852617085737
5875 2.750014400201242
6128 7.065547478901749
6618 4.113734439282593
6704 4.695924549256556
6872 1.3047775034479017
6970 2.1863252868781835
7044 1.880515829833846
7459 2.1944885975173447
7507 5.612215281130711
7519 4.05407066308416
7534 1.242767428663689
7813 1.0145733615634107
7914 4.292958756661968
8260 4.22592092001082
8399 3.9539872045271784
8433 5.052599493195288
8439 0.4690908039883759
8643 2.001297368486486
9276 2.6944445490464313
9694 6.9985096422506015
9733 1.0850066366123312
9791 2.344549292093078
9817 2.6366740664670676
9876 2.6944445490464313
10008 2.0568672196412967
10326 1.0461538510930224
10329 -0.4201813914191953
10446 3.1483620405405426
11102 0.6652300141109108
11165 2.1863252868781835
11347 1.6746046411110493
11714 4.290459441148391
11952 1.5958322603783217
12022 0.40409618250082274
12078 4.091160117244055
12250 2.498699971920336
12455 -0.4305173317360804
12674 1.5779746429783155
13152 4.600614369452231
13425 5.389071729816501
13449 2.6418008155610093
13553 -0.37046075994419203
13680 2.2449194511442365
13789 5.052599493195288
14189 6.9985096422506015
14208 4.749474597095603
14237 -0.6972483483041599
14416 0.7739512129752414
14461 3.740413104229119
14463 1.67063347346102
14906 0.4013639403639497
15453 2.236335707452845
15669 6.48668320589737
