21
868 2.0286963426746007
932 2.87137525720551
2668 3.502002080784121
2669 1.8223599096767722
2913 1.720394983020084
4009 5.206750173022546
4186 3.8204558119026557
4537 1.0196238773494795
9376 3.5645224377654547
10258 1.8000126109847754
10431 0.7218661529089567
10794 2.938066631704182
10929 3.1066893441399746
11655 2.66777630196427
12499 2.2711218235382606
12761 4.513602992462601
12833 0.9630282097258448
13693 3.666305132075397
14667 6.9985096422506015
15471 0.6940608398286201
15780 5.052599493195288
