202
15 5.389071729816501
32 5.206750173022546
39 6.305362461690656
48 6.305362461690656
194 2.3099959159782544
238 6.9985096422506015
279 2.6418008155610093
327 2.20271909665386
512 2.0785287164224764
759 5.052599493195288
1062 2.591790394986348
1381 2.6547042203969173
1390 3.260840023967233
1715 6.305362461690656
1750 1.1068654304248302
1782 2.7218435232345457
1839 2.093234863812172
1893 1.7567626271909589
1938 2.66777630196427
2155 7.907974409054357
2176 2.383389125409342
2271 0.34178311807220957
2334 1.5879037593638217
2351 1.5647876386963615
2358 3.1273086313427103
2398 3.740413104229119
2406 2.9209721983448818
2407 2.236335707452845
2450 -1.2217137914072214
2484 2.629859749823839
2696 4.359452312635343
2920 0.6795415285041667
2935 0.6320391945191633
3070 5.389071729816501
3243 4.359452312635343
3338 12.871378323445173
3352 4.359452312635343
3436 4.695924549256556
3578 1.2031599740689096
3614 1.4378280112350734
3840 1.2980660688599148
3949 2.7790019370744945
4081 3.1066893441399746
4258 3.3096301881366648
4259 3.8630154263214513
4340 3.5645224377654547
4425 3.7473499690270438
4502 2.8088549002241754
4520 3.1273086313427103
4522 0.2603571476546441
4616 3.7851283367000415
4759 3.21432000833234
4865 3.0282177286984795
4989 4.006647486343966
5110 1.8452180477528222
5156 4.42203579893711
5273 3.21432000833234
5284 3.5645224377654547
5318 3.1066893441399746
5339 1.1784267118982394
5430 2.750014400201242
5463 5.206750173022546
5711 10.516247159134318
5834 8.28087695142895
5875 2.750014400201242
5889 7.210169376348034
5891 3.1273086313427103
5955 2.434161450782765
5966 3.4431615807611875
6004 3.1066893441399746
6114 3.8630154263214513
6151 1.4075226617397445
6250 3.5455259370747996
6252 4.433560284789064
6283 7.065547478901749
6548 2.0785287164224764
6633 2.8088549002241754
6692 3.7026727762462723
6704 4.695924549256556
7044 11.283094979003076
7104 -0.6634879166512921
7134 12.610724923381312
7197 3.461302966374546
7274 3.0666840095262753
7312 2.3163784151263815
7344 1.6325336272287498
7397 2.87137525720551
7507 5.612215281130711
7557 6.669895992241909
7571 6.305362461690656
7591 2.0426825846493406
7597 2.1863252868781835
7813 2.0291467231268214
7826 3.1273086313427103
7914 4.292958756661968
7949 2.5441623459970937
8032 0.5108256237659907
8070 3.1483620405405426
8260 8.45184184002164
8305 5.8998973535824915
8337 1.9550845253313545
8338 4.22592092001082
8399 3.9539872045271784
8439 0.4690908039883759
8648 2.434161450782765
8650 3.3096301881366648
8690 2.7938170228596353
8708 2.962113491571787
8736 2.3867493466682252
8749 3.0666840095262753
8784 2.146479378330984
8906 3.047265923669174
8960 3.8630154263214513
9116 14.665220528301589
9154 2.465910149097345
9169 3.4431615807611875
9554 1.271661894663404
9711 1.8686109273275278
9765 1.7835738846416156
9872 4.165296298194385
9970 0.9675939027561428
10055 3.009525595686327
10217 4.30864511158402
10221 2.434161450782765
10323 4.108137884354437
10326 2.092307702186045
10362 12.610724923381312
10546 4.8012850649143815
10603 3.9074671888922854
10658 14.520825400142503
10889 3.086486636822455
10962 2.6290617897835795
10976 4.695924549256556
11041 3.47214911763444
11102 0.6652300141109108
11168 1.2781978656431896
11347 10.884930167221821
11416 2.1782280766455644
11438 3.3349479961209547
11491 1.8745456628473423
11530 4.919068100570765
11671 4.507155027774703
11788 3.3096301881366648
11952 3.1916645207566434
12001 2.5676928434072877
12009 3.502002080784121
12022 3.232769460006582
12028 2.591790394986348
12075 2.938066631704182
12078 1.3637200390813515
12121 5.206750173022546
12145 3.1918471524802814
12250 2.498699971920336
12312 5.587634045719271
12455 -0.2152586658680402
12503 2.2278250177849364
12707 2.2278250177849364
12717 1.7997441231461808
12853 1.152070867192877
12983 4.22592092001082
13080 0.8123010183501074
13151 4.22592092001082
13180 3.666305132075397
13314 2.0286963426746007
13357 3.3875917296063767
13440 1.4770487243883548
13501 7.563518483317184
13547 1.6003469407328483
13553 -1.8523037997209602
13613 1.8111238364098463
13661 3.7026727762462723
13679 5.8998973535824915
13839 4.22592092001082
13857 3.9074671888922854
14008 4.002594736972972
14009 5.8998973535824915
14074 3.7796338173824005
14100 4.359452312635343
14208 4.749474597095603
14237 -0.6972483483041599
14242 2.5326015235960173
14315 3.009525595686327
14352 1.8928409466523688
14357 2.476721065201561
14419 7.194624521176892
14422 4.246624638098899
14490 3.3096301881366648
14529 2.8088549002241754
14606 3.6312138122641273
14633 2.6547042203969173
14725 4.359452312635343
14781 5.8998973535824915
14906 0.4013639403639497
14980 5.8998973535824915
14998 3.5645224377654547
15129 2.8876357780772897
15173 3.009525595686327
15332 -4.656935190436861
15453 2.236335707452845
15468 1.1549652252192415
15672 0.7275212103923018
15771 0.023095714794649395
