183
15 5.389071729816501
32 5.206750173022546
39 6.305362461690656
48 6.305362461690656
194 2.3099959159782544
241 1.6902419448493964
327 2.20271909665386
512 2.0785287164224764
569 3.0282177286984795
583 2.9041650800285006
759 5.052599493195288
857 6.9985096422506015
891 6.9985096422506015
1062 2.591790394986348
1381 2.6547042203969173
1686 1.1549652252192415
1715 6.305362461690656
1750 1.1068654304248302
1782 2.7218435232345457
1938 2.66777630196427
2271 0.34178311807220957
2334 1.5879037593638217
2351 1.5647876386963615
2398 3.740413104229119
2407 2.236335707452845
2696 4.359452312635343
2920 0.6795415285041667
3110 2.8876357780772897
3243 4.359452312635343
3338 12.871378323445173
3352 4.359452312635343
3392 2.20271909665386
3436 4.695924549256556
3578 0.6015799870344548
3614 1.4378280112350734
3690 1.4972514317058743
3788 2.750014400201242
3840 1.2980660688599148
3949 2.7790019370744945
3991 2.8088549002241754
4081 3.1066893441399746
4230 2.0149030205422647
4245 3.597312260588446
4258 3.3096301881366648
4259 3.8630154263214513
4340 7.1290448755309095
4425 2.498233312684696
4472 3.7026727762462723
4502 2.8088549002241754
4520 3.1273086313427103
4522 0.2603571476546441
4616 3.7851283367000415
4750 0.33155284982139466
4759 3.21432000833234
4852 1.258716730071367
4865 3.0282177286984795
4989 4.006647486343966
5046 2.236335707452845
5156 2.211017899468555
5273 3.21432000833234
5318 3.1066893441399746
5339 1.1784267118982394
5484 0.9464204733261844
5711 5.258123579567159
5828 2.5676928434072877
5834 6.62470156114316
5875 2.750014400201242
5889 2.4033897921160112
5955 2.434161450782765
5973 1.4770487243883548
6004 3.1066893441399746
6128 3.5327737394508745
6151 1.4075226617397445
6252 4.433560284789064
6331 4.22592092001082
6633 2.8088549002241754
6692 3.7026727762462723
6797 4.8012850649143815
6872 1.3047775034479017
7025 1.0095482253607377
7044 13.163610808836921
7076 2.434161450782765
7104 -2.6539516666051686
7197 1.730651483187273
7274 3.0666840095262753
7282 12.610724923381312
7312 2.3163784151263815
7397 2.87137525720551
7486 4.695924549256556
7597 2.1863252868781835
7622 2.764403137653342
7692 2.2449194511442365
7813 2.0291467231268214
7826 3.1273086313427103
8070 3.1483620405405426
8305 5.8998973535824915
8337 1.9550845253313545
8338 4.22592092001082
8399 3.9539872045271784
8648 2.434161450782765
8650 3.3096301881366648
8690 2.7938170228596353
8708 1.4810567457858934
8736 2.3867493466682252
8749 3.0666840095262753
8784 2.146479378330984
8906 3.047265923669174
9116 3.666305132075397
9169 3.4431615807611875
9307 4.108137884354437
9554 1.271661894663404
9711 1.8686109273275278
9765 1.7835738846416156
9872 4.165296298194385
9970 0.9675939027561428
10055 3.009525595686327
10217 2.15432255579201
10302 2.6290617897835795
10326 1.5692307766395337
10373 14.403855194743144
10431 0.7218661529089567
10603 3.9074671888922854
10658 14.520825400142503
10976 4.695924549256556
11089 1.1549652252192415
11102 1.3304600282218215
11165 2.1863252868781835
11168 1.2781978656431896
11347 10.884930167221821
11416 2.1782280766455644
11438 3.3349479961209547
11671 4.507155027774703
11952 1.5958322603783217
12001 2.5676928434072877
12009 3.502002080784121
12022 1.2122885475024683
12028 2.591790394986348
12145 3.1918471524802814
12250 2.498699971920336
12455 -0.2152586658680402
12503 2.2278250177849364
12654 5.052599493195288
12707 2.2278250177849364
12717 1.1998294154307871
12969 3.7026727762462723
12972 2.8553749158590684
12978 2.383389125409342
12983 4.22592092001082
13080 0.8123010183501074
13180 3.666305132075397
13314 2.0286963426746007
13357 3.3875917296063767
13440 1.4770487243883548
13449 2.6418008155610093
13501 5.042345655544789
13547 1.6003469407328483
13553 -2.222764559665152
13613 1.8111238364098463
13661 3.7026727762462723
13680 4.489838902288473
13839 4.22592092001082
13857 3.9074671888922854
13888 4.359452312635343
14008 6.003892105459458
14100 4.359452312635343
14208 5.936843246369504
14237 -1.3944966966083199
14352 1.8928409466523688
14419 7.194624521176892
14486 2.6164830075767194
14490 3.3096301881366648
14529 2.8088549002241754
14606 3.6312138122641273
14633 2.6547042203969173
14725 4.359452312635343
14906 0.8027278807278994
14998 3.5645224377654547
15173 3.009525595686327
15332 -7.761558650728101
15468 1.1549652252192415
15672 1.4550424207846036
15677 1.5779746429783155
15771 0.023095714794649395
