208
9 6.305362461690656
30 5.8998973535824915
174 3.2464624691328723
194 1.5399972773188362
287 6.305362461690656
296 6.305362461690656
298 5.389071729816501
341 4.8012850649143815
379 5.612215281130711
569 3.0282177286984795
800 2.434161450782765
1839 2.093234863812172
1945 5.052599493195288
2155 3.9539872045271784
2179 4.433560284789064
2201 2.035665011990694
2209 6.9985096422506015
2218 3.740413104229119
2233 3.260840023967233
2334 0.7939518796819108
2351 1.5647876386963615
2357 1.1873686492739008
2404 4.165296298194385
2450 -4.2759982699252745
2484 1.3149298749119196
2594 3.5645224377654547
2644 4.513602992462601
2650 4.00277736869661
2667 7.814934377784571
2696 4.359452312635343
2920 0.6795415285041667
2940 1.6278716141229383
3110 2.8876357780772897
3282 4.290459441148391
3329 1.981229805435677
3392 2.20271909665386
3462 5.052599493195288
3575 3.260840023967233
3700 1.2947271675944
3840 1.2980660688599148
3896 1.403798262648762
3898 3.047265923669174
3932 4.05407066308416
3949 2.7790019370744945
3991 2.8088549002241754
4119 5.8998973535824915
4309 2.681021528714291
4340 3.5645224377654547
4425 1.249116656342348
4522 0.2603571476546441
4575 6.9985096422506015
4616 5.677692505050063
4707 3.740413104229119
4750 0.33155284982139466
4783 2.1782280766455644
4871 2.4876501357337513
4882 4.261950383590038
4989 1.3355491621146554
5005 8.10814132616832
5046 6.7090071223585355
5110 5.5356541432584665
5111 3.21432000833234
5156 2.211017899468555
5275 4.8012850649143815
5463 5.206750173022546
5484 0.9464204733261844
5515 5.052599493195288
5541 4.290459441148391
5701 4.919068100570765
5711 5.258123579567159
5834 8.28087695142895
5875 2.750014400201242
5889 4.8067795842320225
5899 4.695924549256556
5955 2.434161450782765
5990 2.938066631704182
6026 2.66777630196427
6049 2.035665011990694
6064 4.277394475777858
6088 1.2146844599208637
6114 3.8630154263214513
6128 7.065547478901749
6156 1.8000126109847754
6216 2.3933394562625097
6235 2.454137038241171
6250 3.5455259370747996
6283 3.5327737394508745
6337 3.2373095265570386
6364 3.260840023967233
6402 1.4112609838503516
6548 2.0785287164224764
6590 3.8204558119026557
6871 10.105198986390576
6872 1.3047775034479017
7044 18.805158298338462
7104 -0.6634879166512921
7197 3.461302966374546
7281 6.474619053114077
7286 2.822521967700703
7462 1.942263836902293
7557 10.004843988362865
7569 1.0170954309961207
7800 5.612215281130711
7842 2.37353682896633
7914 10.73239689165492
7935 2.335070548138534
8102 4.359452312635343
8175 5.389071729816501
8242 2.035665011990694
8337 3.910169050662709
8391 2.555858385760285
8439 0.4690908039883759
8471 2.7938170228596353
8473 5.389071729816501
8643 2.001297368486486
8648 2.434161450782765
8696 4.919068100570765
8712 3.3349479961209547
8723 1.5262389685791264
8850 1.7153059135126125
8886 1.3081501879265407
8956 5.8998973535824915
8960 3.8630154263214513
9029 8.33059259638877
9116 3.666305132075397
9154 2.465910149097345
9306 3.8630154263214513
9365 1.4972514317058743
9393 1.060973437168175
9454 3.1698682457615064
9733 1.0850066366123312
9752 3.5327737394508745
9876 5.3888890980928625
10001 6.192107127359728
10212 5.8998973535824915
10221 4.86832290156553
10223 4.05407066308416
10323 8.216275768708874
10325 1.8925641683500207
10326 2.092307702186045
10329 -0.4201813914191953
10374 6.9985096422506015
10411 4.05407066308416
10422 0.7087940713416041
10431 0.7218661529089567
10445 3.3875917296063767
10527 6.305362461690656
10658 2.9041650800285006
10973 2.7938170228596353
10981 3.086486636822455
10995 6.9985096422506015
11007 5.052599493195288
11023 1.2880826248757316
11102 1.9956900423327322
11347 10.884930167221821
11379 2.0426825846493406
11491 1.8745456628473423
11524 4.55361215672583
11530 4.919068100570765
11887 3.3349479961209547
12022 0.8081923650016455
12122 1.1963912668735384
12129 3.3349479961209547
12250 4.997399943840672
12280 6.305362461690656
12377 1.3460204619819507
12455 -1.2915519952082413
12585 6.305362461690656
12592 5.8998973535824915
12717 1.7997441231461808
12793 2.87137525720551
12926 10.413500346045092
12972 5.710749831718137
12978 2.383389125409342
12995 4.165296298194385
13222 6.829981407588982
13319 1.8055527913603908
13500 5.8998973535824915
13501 5.042345655544789
13503 6.9985096422506015
13553 -0.37046075994419203
13672 1.5262389685791264
13911 5.389071729816501
14008 14.0090815794054
14074 3.7796338173824005
14153 2.4876501357337513
14208 9.498949194191207
14237 -7.669731831345759
14242 2.5326015235960173
14267 -1.9118469665675755
14336 6.305362461690656
14340 4.108137884354437
14416 1.5479024259504828
14422 4.246624638098899
14455 4.911652429623528
14525 8.45184184002164
14559 4.433560284789064
14901 2.5326015235960173
15155 0.6904112007410705
15187 1.994563336305142
15317 3.0666840095262753
15332 -6.209246920582481
15341 3.1838965002507154
15386 5.8998973535824915
15437 6.9985096422506015
15650 2.130975191795019
15651 1.1377234187847354
15677 1.5779746429783155
