162
174 3.2464624691328723
389 1.6419233675785887
657 2.0640357091199095
1822 4.766778250818684
1896 1.7835738846416156
1964 3.260840023967233
2155 3.9539872045271784
2172 4.359452312635343
2218 3.740413104229119
2407 2.236335707452845
2412 4.108137884354437
2450 -2.4434275828144427
2650 4.00277736869661
2755 3.260840023967233
2920 3.3977076425208335
3110 2.8876357780772897
3270 4.695924549256556
3578 0.6015799870344548
3586 3.2849375755462935
3723 4.22592092001082
3788 2.750014400201242
3795 6.9985096422506015
3841 6.305362461690656
3949 2.7790019370744945
4034 9.602570129828763
4036 5.612215281130711
4070 1.1068654304248302
4075 3.597312260588446
4309 2.681021528714291
4334 3.1698682457615064
4344 12.610724923381312
4416 1.3637200390813515
4436 6.9985096422506015
4538 5.8998973535824915
4616 5.677692505050063
4684 5.389071729816501
4750 0.6631056996427893
4759 3.21432000833234
4989 1.3355491621146554
5110 1.8452180477528222
5111 9.64296002499702
5119 2.3933394562625097
5339 1.1784267118982394
5394 4.919068100570765
5484 0.9464204733261844
5711 5.258123579567159
5834 6.62470156114316
5835 6.254617262685421
5875 2.750014400201242
5900 2.8553749158590684
5929 3.3096301881366648
6026 2.66777630196427
6031 6.9985096422506015
6164 2.6290617897835795
6238 4.513602992462601
6250 1.7727629685373998
6565 9.391849098513111
6644 4.513602992462601
6692 11.108018328738817
6776 9.711319184511465
6853 3.260840023967233
6856 3.2849375755462935
6872 2.6095550068958033
6919 1.422560539104285
6970 2.1863252868781835
7044 11.283094979003076
7076 2.434161450782765
7088 4.919068100570765
7104 -1.3269758333025843
7281 3.2373095265570386
7286 1.4112609838503516
7312 4.632756830252763
7335 6.9985096422506015
7344 4.89760088168625
7418 3.1483620405405426
7459 2.1944885975173447
7557 13.339791984483819
7690 3.21432000833234
7914 2.146479378330984
7932 1.8745456628473423
8032 0.5108256237659907
8242 4.071330023981388
8337 1.9550845253313545
8439 0.4690908039883759
8471 2.7938170228596353
8710 1.102407559418776
8736 1.1933746733341126
8816 1.7255100836868542
8886 1.3081501879265407
8960 3.8630154263214513
8975 2.3933394562625097
9106 1.0850066366123312
9116 3.666305132075397
9154 2.465910149097345
9175 3.597312260588446
9247 6.9985096422506015
9384 2.6710983242293107
9393 1.060973437168175
9438 4.290459441148391
9504 7.065547478901749
9733 1.0850066366123312
9791 2.344549292093078
10196 2.5211728277723946
10223 4.05407066308416
10326 1.0461538510930224
10329 -0.4201813914191953
10445 3.3875917296063767
10561 1.6003469407328483
10563 5.8998973535824915
10749 1.1754637467675824
10770 2.4876501357337513
10906 2.035665011990694
10967 3.6312138122641273
11089 1.1549652252192415
11102 0.6652300141109108
11235 3.740413104229119
11258 4.00277736869661
11347 4.186511602777624
11386 2.1157077196642304
11475 6.9985096422506015
11491 1.8745456628473423
11952 1.5958322603783217
11975 2.9209721983448818
12022 0.8081923650016455
12040 3.5645224377654547
12175 2.955458374416051
12227 22.189077720330545
12250 2.498699971920336
12375 3.260840023967233
12383 1.2523064517104479
12455 -0.8610346634721608
12707 2.2278250177849364
12717 0.5999147077153936
12790 1.5095719160939147
12823 1.034930298632155
12853 2.304141734385754
12969 7.405345552492545
12972 2.8553749158590684
12974 6.305362461690656
13152 4.600614369452231
13312 2.955458374416051
13376 4.359452312635343
13449 5.283601631122019
13547 1.6003469407328483
13553 -0.37046075994419203
13680 4.489838902288473
13683 3.0666840095262753
14192 6.9985096422506015
14208 2.3747372985478017
14237 -4.88073843812912
14267 -0.3823693933135151
14416 1.5479024259504828
14463 1.67063347346102
14744 3.4431615807611875
15155 2.0712336022232116
15304 9.391849098513111
15332 -24.836987682329923
15351 3.5645224377654547
15358 2.579669034454003
15363 2.555858385760285
15708 2.9911764570181303
15731 2.9911764570181303
