65
327 2.20271909665386
646 2.219386149139072
927 4.157057432844953
1013 2.6547042203969173
1893 1.7567626271909589
2398 3.740413104229119
2450 -0.6108568957036107
2484 1.3149298749119196
2667 7.814934377784571
3110 2.8876357780772897
3282 4.290459441148391
4348 6.9985096422506015
4871 2.4876501357337513
5380 6.9985096422506015
5711 2.6290617897835795
5834 3.31235078057158
5835 3.1273086313427103
6064 2.138697237888929
6402 1.4112609838503516
6558 4.359452312635343
6670 6.9985096422506015
6718 7.907974409054357
6797 4.8012850649143815
7044 3.761031659667692
7578 0.5215372793609184
7665 12.610724923381312
7914 4.292958756661968
8096 1.4533321977710387
8160 8.33059259638877
8643 2.001297368486486
9031 6.305362461690656
9116 3.666305132075397
9307 4.108137884354437
9393 3.1829203115045246
9817 1.3183370332335338
10247 4.359452312635343
10326 1.5692307766395337
10329 -0.630272087128793
10603 3.9074671888922854
10625 6.9985096422506015
11252 3.3096301881366648
11317 3.0666840095262753
11347 3.3492092822220987
11430 4.359452312635343
11450 2.262311193856106
11524 1.5178707189086098
12022 1.2122885475024683
12383 1.2523064517104479
12450 3.1483620405405426
12455 -0.4305173317360804
12503 2.2278250177849364
12584 6.9985096422506015
12717 0.5999147077153936
13080 0.8123010183501074
13588 3.5327737394508745
13888 4.359452312635343
14208 1.1873686492739008
14237 -3.4862417415207996
14267 -0.3823693933135151
14506 3.740413104229119
14633 2.6547042203969173
14894 3.740413104229119
14906 0.4013639403639497
15358 2.579669034454003
15672 0.7275212103923018
