129
174 1.6232312345664361
237 4.359452312635343
279 2.6418008155610093
376 6.9985096422506015
512 2.0785287164224764
532 3.4431615807611875
646 2.219386149139072
1896 1.7835738846416156
2180 11.224430562261421
2240 1.65617539028579
2357 1.1873686492739008
2450 -1.2217137914072214
2650 4.00277736869661
2674 1.0272478024601386
2935 1.2640783890383267
3110 2.8876357780772897
3249 2.750014400201242
3282 4.290459441148391
3329 1.981229805435677
3333 5.8998973535824915
3338 8.580918882296782
3394 3.047265923669174
3578 1.2031599740689096
3593 3.666305132075397
3646 2.5676928434072877
3949 2.7790019370744945
3972 4.919068100570765
3981 3.3609234825242154
4081 3.1066893441399746
4340 3.5645224377654547
4366 1.9878743481543455
4405 1.3460204619819507
4425 2.498233312684696
4472 3.7026727762462723
4616 1.8925641683500207
4783 2.1782280766455644
4852 1.258716730071367
4871 4.9753002714675025
4989 1.3355491621146554
5046 2.236335707452845
5110 1.8452180477528222
5116 1.961557039836972
5430 2.750014400201242
5636 2.973157951515452
5711 2.6290617897835795
5834 4.96852617085737
5875 2.750014400201242
5889 2.4033897921160112
5905 1.7835738846416156
6020 3.9074671888922854
6065 4.22592092001082
6114 3.8630154263214513
6239 5.8998973535824915
6283 3.5327737394508745
6618 2.0568672196412967
6718 7.907974409054357
6871 5.052599493195288
7019 2.130975191795019
7044 7.522063319335384
7197 1.730651483187273
7281 3.2373095265570386
7295 3.7026727762462723
7316 3.1273086313427103
7459 2.1944885975173447
7557 6.669895992241909
7569 1.0170954309961207
7647 3.3096301881366648
7691 3.5645224377654547
7692 2.2449194511442365
7813 2.0291467231268214
7914 6.439438134992953
7941 3.740413104229119
8015 6.305362461690656
8337 1.9550845253313545
8399 3.9539872045271784
8732 8.10814132616832
8906 3.047265923669174
9345 2.66777630196427
9444 5.389071729816501
9791 2.344549292093078
10261 3.9539872045271784
10302 2.6290617897835795
10326 1.0461538510930224
10329 -0.4201813914191953
10401 6.9985096422506015
10431 0.7218661529089567
10603 3.9074671888922854
10868 -0.37072214562370276
10981 3.086486636822455
11032 1.087712998210074
11041 3.47214911763444
11102 0.6652300141109108
11170 2.5676928434072877
11315 5.389071729816501
11347 1.6746046411110493
11430 4.359452312635343
11524 1.5178707189086098
11530 4.919068100570765
11835 4.8012850649143815
11952 1.5958322603783217
12022 1.2122885475024683
12078 1.3637200390813515
12121 5.206750173022546
12242 3.8630154263214513
12312 2.7938170228596353
12455 -0.4305173317360804
12674 1.5779746429783155
12717 1.1998294154307871
12969 3.7026727762462723
12983 4.22592092001082
13152 4.600614369452231
13372 5.206750173022546
13501 5.042345655544789
13553 -0.37046075994419203
13588 3.5327737394508745
13710 3.6312138122641273
13743 3.8204558119026557
14074 3.7796338173824005
14208 4.749474597095603
14237 -2.09174504491248
14357 2.476721065201561
14381 0.2288676653980985
14422 4.246624638098899
14506 3.740413104229119
14906 0.4013639403639497
15332 -3.1046234602912404
15416 5.389071729816501
15453 2.236335707452845
15731 2.9911764570181303
