219
212 5.389071729816501
302 1.7153059135126125
389 1.6419233675785887
619 14.665220528301589
1070 6.9985096422506015
1073 6.9985096422506015
1089 6.9985096422506015
1090 6.9985096422506015
1150 6.305362461690656
1192 6.9985096422506015
1829 4.600614369452231
1841 6.9985096422506015
1842 6.086089028023802
1885 3.009525595686327
1893 3.5135252543819178
1926 5.612215281130711
1938 2.66777630196427
1942 5.920438632825479
2036 1.9486536350010641
2042 3.7796338173824005
2051 2.66777630196427
2116 5.8998973535824915
2118 3.9539872045271784
2125 16.836645843392134
2235 3.2849375755462935
2271 1.3671324722888383
2330 6.9985096422506015
2334 2.3818556390457326
2450 -0.6108568957036107
2452 2.1782280766455644
2536 1.7835738846416156
2538 1.422560539104285
2579 6.305362461690656
2597 2.1157077196642304
2631 0.8516879889706869
2638 4.261950383590038
2674 2.054495604920277
2786 5.612215281130711
2935 0.6320391945191633
2964 0.900435360084361
3120 6.419528383592959
3180 2.7938170228596353
3186 1.2880826248757316
3215 2.359923404764412
3223 2.5211728277723946
3279 4.600614369452231
3449 0.9823524825522477
3578 1.2031599740689096
3610 6.569875151092587
3635 1.5779746429783155
3700 1.2947271675944
3832 6.9985096422506015
3846 6.305362461690656
3961 2.6290617897835795
4070 1.1068654304248302
4075 3.597312260588446
4158 0.3366048449358875
4206 6.9985096422506015
4214 2.465910149097345
4261 2.262311193856106
4270 3.5327737394508745
4295 2.9209721983448818
4310 4.290459441148391
4319 2.049749751872433
4341 5.309408440793835
4405 1.3460204619819507
4423 3.8630154263214513
4437 2.4033897921160112
4693 4.8012850649143815
4806 3.6312138122641273
5006 3.086486636822455
5040 2.875656022470147
5046 8.94534282981138
5047 3.3349479961209547
5058 3.5327737394508745
5255 4.8012850649143815
5414 2.8876357780772897
5484 1.8928409466523688
5518 1.5868635903955612
5676 3.502002080784121
5694 4.919068100570765
5715 3.502002080784121
5744 4.433560284789064
5973 2.9540974487767095
5983 1.9878743481543455
5993 3.4087215383268155
6433 0.5154022907934025
6729 2.1944885975173447
7072 1.9486536350010641
7104 -1.9904637499538764
7161 4.513602992462601
7197 1.730651483187273
7210 1.8568460857479414
7211 11.799794707164983
7344 4.89760088168625
7406 5.052599493195288
7462 1.942263836902293
7563 2.335070548138534
7692 2.2449194511442365
7731 2.001297368486486
7904 2.211017899468555
7907 2.6418008155610093
7924 6.569875151092587
7987 3.666305132075397
7991 1.3149298749119196
8032 2.043302495063963
8043 1.730651483187273
8055 2.9041650800285006
8096 1.4533321977710387
8155 3.1066893441399746
8167 3.6312138122641273
8284 3.9539872045271784
8439 0.4690908039883759
8471 2.7938170228596353
8567 4.8012850649143815
8638 3.8630154263214513
8660 1.675499663112193
8780 4.22592092001082
8896 2.938066631704182
9122 1.3744921360632627
9151 1.258716730071367
9164 3.597312260588446
9170 0.6116303228879563
9285 6.094531847338348
9292 2.5441623459970937
9365 1.4972514317058743
9537 1.3092584162485406
9589 2.6230685718215625
9597 3.1273086313427103
9686 3.6312138122641273
9733 2.1700132732246624
9787 6.9985096422506015
9990 0.5671785603171224
10076 8.250043200603727
10078 6.9985096422506015
10258 1.8000126109847754
10306 2.15432255579201
10329 -0.630272087128793
10381 4.8012850649143815
10422 0.7087940713416041
10473 1.7781538171722764
10561 1.6003469407328483
10709 10.998915396226192
10749 2.3509274935351647
10754 3.1698682457615064
10839 12.610724923381312
10868 -0.5560832184355542
11032 1.087712998210074
11062 3.6312138122641273
11064 6.305362461690656
11252 3.3096301881366648
11258 4.00277736869661
11287 4.0573926853492015
11305 2.0640357091199095
11334 1.994563336305142
11377 3.414990703794491
11419 3.1273086313427103
11461 2.146479378330984
11481 1.6186122887101415
11520 3.1066893441399746
11524 3.0357414378172196
11550 5.052599493195288
11570 4.7734986933364505
11597 6.133368019052551
11671 2.2535775138873513
11721 6.9985096422506015
11769 1.6466515087745348
11816 1.9296054400303697
11894 1.5178707189086098
12022 2.0204809125041137
12023 3.6312138122641273
12042 2.6418008155610093
12078 1.3637200390813515
12093 3.3607792968127694
12137 2.498699971920336
12241 2.579669034454003
12341 5.617709800448351
12455 -1.076293329340201
12460 2.932833718051566
12498 4.695924549256556
12503 2.2278250177849364
12553 1.0715836162801904
12717 2.9995735385769677
12723 2.288979440938267
12793 2.87137525720551
12797 10.887374092938183
12833 0.9630282097258448
12946 1.7798435526592793
13045 1.886521853894058
13106 2.335070548138534
13208 2.6230685718215625
13343 2.973157951515452
13353 5.884671119510916
13364 5.052599493195288
13399 3.086486636822455
13553 -0.7409215198883841
13672 1.5262389685791264
13837 7.332610264150794
13891 0.6065925288579992
13930 5.4406198916674215
13936 3.3349479961209547
14135 4.708237486218457
14196 0.8373023205555247
14198 3.047265923669174
14237 -2.09174504491248
14239 5.612215281130711
14352 0.9464204733261844
14431 2.06986059726431
14504 3.9539872045271784
14590 7.334894673308349
14906 1.204091821091849
15011 4.695924549256556
15057 1.152070867192877
15332 -20.18005249189306
15341 0.7959741250626788
15471 0.6940608398286201
15476 4.600614369452231
15783 2.4041918466916314
15786 11.676478972996982
