36
2434 2.413542163580029
2567 5.145917740537838
2645 2.591790394986348
2935 0.6320391945191633
3678 3.00617266089474
4319 2.049749751872433
4576 2.085854756514549
4878 1.3672978604292356
4909 1.4690805547391779
4964 0.563963123463148
5630 0.11915383779016203
6754 1.2024518914852294
6919 1.422560539104285
7255 3.9074671888922854
7311 2.236335707452845
7650 2.1081605140288473
8018 4.22592092001082
8019 6.305362461690656
8182 2.681021528714291
8256 1.6803896484063847
8439 0.4690908039883759
8660 1.675499663112193
9372 2.3256808077886952
9645 2.021775899830027
10161 3.6312138122641273
10163 3.9074671888922854
11034 1.5958322603783217
11165 2.1863252868781835
12034 0.9324015521468534
12455 -0.2152586658680402
12773 1.7652350335351346
12991 3.1066893441399746
13046 3.47214911763444
13891 0.6065925288579992
15332 -4.656935190436861
15471 0.6940608398286201
