246
241 1.6902419448493964
296 6.305362461690656
327 2.20271909665386
584 4.8012850649143815
592 2.4446327506500602
671 4.00277736869661
843 5.052599493195288
1060 0.3108345320827577
1356 2.363780654020965
1379 1.6111243976906509
1692 2.1944885975173447
1702 3.3609234825242154
1750 1.1068654304248302
1940 2.6944445490464313
2017 3.3875917296063767
2064 1.5647876386963615
2068 3.3609234825242154
2201 2.035665011990694
2240 1.65617539028579
2351 1.5647876386963615
2450 -0.6108568957036107
2519 1.6902419448493964
2603 3.3609234825242154
2674 1.0272478024601386
2783 4.600614369452231
2810 7.194624521176892
2816 5.052599493195288
2920 1.3590830570083334
2940 1.6278716141229383
2959 2.3747372985478017
2963 4.05407066308416
2981 4.00277736869661
3090 3.047265923669174
3120 1.6048820958982397
3132 3.2373095265570386
3165 3.7796338173824005
3191 12.610724923381312
3192 1.0095482253607377
3215 0.589980851191103
3286 4.600614369452231
3319 5.206750173022546
3329 1.981229805435677
3407 2.085854756514549
3578 0.6015799870344548
3598 1.1666271649670843
3647 2.1081605140288473
3690 1.4972514317058743
3759 2.4033897921160112
3828 4.919068100570765
3840 2.5961321377198296
3896 1.403798262648762
4110 2.764403137653342
4219 1.7567626271909589
4232 4.6513616155773905
4331 3.3875917296063767
4366 3.975748696308691
4381 4.029806041084529
4405 1.3460204619819507
4522 0.5207142953092883
4537 1.0196238773494795
4613 4.42203579893711
4695 2.87137525720551
4750 0.33155284982139466
4777 4.359452312635343
4846 4.043551799660054
4878 1.3672978604292356
4899 3.0666840095262753
4976 2.288979440938267
5033 2.1233123190494494
5399 6.9985096422506015
5630 0.3574615133704861
5676 3.502002080784121
5731 2.8876357780772897
5839 2.579669034454003
5872 5.088324691994187
5973 1.4770487243883548
5990 2.938066631704182
6015 3.1918471524802814
6016 8.718904625270685
6023 6.9985096422506015
6043 4.774013612371447
6088 3.644053379762591
6123 2.288979440938267
6151 1.4075226617397445
6228 2.5894543351888
6234 2.6290617897835795
6242 2.9041650800285006
6262 3.4431615807611875
6351 2.8088549002241754
6447 1.2880826248757316
6583 3.4517790046754495
6645 5.206750173022546
6657 4.277394475777858
6729 2.1944885975173447
6751 2.5441623459970937
6856 3.2849375755462935
6950 4.433560284789064
7104 -1.3269758333025843
7108 6.305362461690656
7118 3.1273086313427103
7203 3.1066893441399746
7421 3.2373095265570386
7541 6.9985096422506015
7700 3.7026727762462723
7701 3.6312138122641273
7707 6.9985096422506015
7731 2.001297368486486
7764 1.7052048175261088
7797 3.047265923669174
7813 1.0145733615634107
7846 2.7218435232345457
7863 6.9985096422506015
7892 1.5517722705842913
7932 1.8745456628473423
7968 3.047265923669174
7991 2.629859749823839
8086 3.3096301881366648
8117 6.669895992241909
8242 2.035665011990694
8262 2.0712559570933964
8314 12.610724923381312
8472 6.9985096422506015
8523 3.628163178522168
8528 6.9985096422506015
8615 2.6944445490464313
8648 2.434161450782765
8695 1.9550845253313545
8710 1.102407559418776
8736 1.1933746733341126
8822 2.2800107709555064
8880 1.67063347346102
8928 1.3355491621146554
8983 4.22592092001082
9175 3.597312260588446
9234 4.22592092001082
9235 4.359452312635343
9428 4.997399943840672
9500 6.9985096422506015
9559 -1.081586270114661
9589 1.3115342859107813
9609 4.8012850649143815
9979 2.3933394562625097
10012 4.290459441148391
10056 4.359452312635343
10114 2.6028323114903933
10157 4.919068100570765
10196 2.5211728277723946
10329 -0.4201813914191953
10341 3.1698682457615064
10393 1.9746291214043248
10447 0.6099482367049713
10487 1.981229805435677
10559 3.8630154263214513
10676 6.305362461690656
10689 4.919068100570765
10749 2.3509274935351647
10751 4.763711278091465
10814 4.359452312635343
10868 -0.18536107281185138
10962 2.6290617897835795
10963 5.8998973535824915
11023 1.2880826248757316
11110 0.8102455191680114
11140 2.15432255579201
11165 2.1863252868781835
11198 6.305362461690656
11218 1.7160635543787315
11299 -0.5211827618659379
11305 2.0640357091199095
11406 2.6418008155610093
11416 2.1782280766455644
11576 3.3096301881366648
11580 7.632487037991281
11582 4.359452312635343
11650 6.305362461690656
11772 4.108137884354437
11816 1.9296054400303697
11907 2.434161450782765
11969 0.7582337970798316
11972 3.21432000833234
12053 4.290459441148391
12060 4.566138270957271
12070 2.87137525720551
12143 4.165296298194385
12145 3.1918471524802814
12377 2.6920409239639014
12404 1.485080896085619
12455 -0.2152586658680402
12457 12.949238106228155
12508 6.786933581568317
12553 1.0715836162801904
12558 2.4446327506500602
12765 6.9985096422506015
12783 1.8986432144264027
12796 2.9209721983448818
12803 2.727440078162703
12833 0.9630282097258448
12978 2.383389125409342
12991 3.1066893441399746
13080 0.8123010183501074
13189 1.8745456628473423
13272 8.337005811223484
13384 2.0568672196412967
13401 2.465910149097345
13411 2.8088549002241754
13412 2.5098732725184614
13438 2.555858385760285
13460 2.955458374416051
13501 2.5211728277723946
13547 1.6003469407328483
13553 -0.37046075994419203
13672 1.5262389685791264
13693 3.666305132075397
13718 2.6850356628614973
13720 3.666305132075397
13767 2.6547042203969173
13933 3.7796338173824005
14044 1.4611753752320646
14062 6.9985096422506015
14136 5.924226983143574
14242 2.5326015235960173
14267 -1.1471081799405454
14272 5.612215281130711
14352 0.9464204733261844
14381 0.457735330796197
14462 6.9985096422506015
14637 6.669895992241909
14906 0.8027278807278994
14918 3.5327737394508745
15116 3.8630154263214513
15121 1.5868635903955612
15192 2.978242611245248
15253 4.919068100570765
15292 4.42203579893711
15332 -10.866182111019342
15373 3.257443005252472
15518 1.880515829833846
15548 10.413500346045092
15578 1.7945029551738059
15651 2.2754468375694707
15669 2.162227735299123
15685 1.7432809162728324
15731 2.9911764570181303
15771 0.04619142958929879
15827 1.9109133070182172
15828 3.2794433825880924
