30
66 5.052599493195288
254 2.498699971920336
302 1.7153059135126125
569 3.0282177286984795
2450 -0.6108568957036107
3180 2.7938170228596353
4230 2.0149030205422647
4533 3.086486636822455
4654 6.9985096422506015
4852 1.258716730071367
5119 2.3933394562625097
7991 2.629859749823839
8107 5.206750173022546
9554 1.271661894663404
9640 2.8088549002241754
10250 2.9209721983448818
10437 1.3672978604292356
10610 3.6312138122641273
10658 2.9041650800285006
11671 2.2535775138873513
11773 4.919068100570765
11969 0.7582337970798316
12407 0.83519483821596
12460 1.466416859025783
12491 4.22592092001082
13795 1.5389241281064423
13857 3.9074671888922854
14104 1.710242611556066
14416 0.7739512129752414
15155 0.6904112007410705
