219
254 4.997399943840672
486 2.70805020110221
530 2.66777630196427
666 3.260840023967233
935 3.740413104229119
1839 4.186469727624344
1886 6.254617262685421
1896 1.7835738846416156
2240 3.31235078057158
2334 2.3818556390457326
2351 3.129575277392723
2450 -7.941139644146939
2630 8.45184184002164
2638 2.130975191795019
2659 3.4431615807611875
2795 5.8998973535824915
2839 6.296724081081085
2840 11.224430562261421
2901 10.004843988362865
2920 1.3590830570083334
2966 5.612215281130711
3180 5.587634045719271
3192 4.038192901442951
3271 4.00277736869661
3275 3.666305132075397
3374 1.9680717208581657
3418 9.83813620114153
3788 2.750014400201242
3993 5.389071729816501
4105 5.206750173022546
4265 3.5327737394508745
4361 7.726030852642903
4372 5.052599493195288
4478 5.8998973535824915
4487 3.1066893441399746
4536 2.70805020110221
4573 3.740413104229119
4783 2.1782280766455644
4838 1.4730567031188173
4846 2.021775899830027
5014 2.3541187431092285
5065 2.735829765209286
5119 2.3933394562625097
5278 7.814934377784571
5323 5.8998973535824915
5326 3.1483620405405426
5534 3.3875917296063767
5587 2.5326015235960173
5794 4.8012850649143815
5795 8.45184184002164
5848 8.216275768708874
5874 2.579669034454003
5992 4.359452312635343
6005 3.666305132075397
6020 3.9074671888922854
6043 1.5913378707904824
6049 2.035665011990694
6140 2.211017899468555
6156 1.8000126109847754
6158 4.910429719961194
6205 2.955458374416051
6219 2.298029276458185
6278 6.9985096422506015
6338 7.2406264907400875
6402 1.4112609838503516
6416 4.600614369452231
6490 15.815948818108714
6593 6.9985096422506015
6633 8.426564700672525
6660 2.7938170228596353
6742 4.600614369452231
6754 1.2024518914852294
6801 4.433560284789064
6819 1.7153059135126125
6856 3.2849375755462935
6908 0.33537694625979814
6970 6.5589758606345505
6997 4.600614369452231
7274 3.0666840095262753
7312 2.3163784151263815
7344 1.6325336272287498
7401 1.886521853894058
7462 1.942263836902293
7534 1.242767428663689
7614 7.7030785302218625
7991 3.944789624735759
8043 3.461302966374546
8153 8.518879676672789
8242 2.035665011990694
8556 12.756519367737406
8643 2.001297368486486
8672 2.8876357780772897
8708 1.4810567457858934
8714 4.22592092001082
8723 1.5262389685791264
8731 2.0286963426746007
8761 4.919068100570765
8822 6.840032312866519
8866 3.8630154263214513
8947 6.305362461690656
8979 1.7890234894091803
8993 2.973157951515452
9044 3.8630154263214513
9110 2.035665011990694
9115 3.047265923669174
9149 6.9985096422506015
9170 0.6116303228879563
9393 1.060973437168175
9400 6.254617262685421
9554 1.271661894663404
9711 1.8686109273275278
9733 1.0850066366123312
9855 4.8012850649143815
9911 4.165296298194385
9986 4.113734439282593
9990 1.1343571206342449
10006 2.6944445490464313
10056 4.359452312635343
10154 3.3609234825242154
10250 14.604860991724408
10258 1.8000126109847754
10296 9.85481272663888
10304 4.433560284789064
10331 4.600614369452231
10341 3.1698682457615064
10393 1.9746291214043248
10422 0.7087940713416041
10437 1.3672978604292356
10749 4.7018549870703295
10886 2.87137525720551
11032 4.350851992840296
11044 7.814934377784571
11054 4.919068100570765
11135 5.206750173022546
11148 1.1784267118982394
11165 2.1863252868781835
11202 2.9209721983448818
11296 2.764403137653342
11311 6.9985096422506015
11315 5.389071729816501
11324 4.695924549256556
11330 8.718904625270685
11379 6.128047753948022
11438 3.3349479961209547
11468 4.22592092001082
11647 6.9985096422506015
11671 9.014310055549405
11773 14.757204301712296
11774 3.0282177286984795
11785 3.9361434417163315
11790 2.2449194511442365
11840 3.3804838896987928
11868 6.9985096422506015
11938 4.919068100570765
11943 2.455214859980597
11969 0.7582337970798316
12043 2.498699971920336
12047 2.883363161102127
12049 2.5676928434072877
12062 3.47214911763444
12122 1.1963912668735384
12218 2.6547042203969173
12283 5.208120975156325
12331 5.612215281130711
12404 1.485080896085619
12407 6.68155870572768
12447 5.679253117781859
12455 -0.6457759976041206
12460 1.466416859025783
12510 4.05407066308416
12527 3.086486636822455
12660 6.106995035972082
12662 9.602570129828763
12685 5.389071729816501
12705 4.919068100570765
12717 0.5999147077153936
12785 2.8088549002241754
12823 1.034930298632155
12826 1.2619373447714093
12946 0.5932811842197597
12960 3.1918471524802814
13080 0.8123010183501074
13130 3.9539872045271784
13208 1.3115342859107813
13302 4.359452312635343
13314 4.0573926853492015
13353 1.961557039836972
13384 2.0568672196412967
13637 4.108137884354437
13766 4.8012850649143815
13795 15.389241281064423
13857 3.9074671888922854
13913 2.8396265588909295
14174 1.7945029551738059
14237 -5.5779867864332795
14242 2.5326015235960173
14252 3.502002080784121
14267 -2.6765857531946056
14313 3.2933030175490696
14381 0.457735330796197
14416 2.3218536389257243
14558 2.476721065201561
14682 1.5431885268928998
14728 3.740413104229119
14901 2.5326015235960173
15012 4.108137884354437
15063 3.2373095265570386
15155 2.761644802964282
15169 11.67535274069267
15264 5.612215281130711
15332 -13.970805571310581
15341 0.7959741250626788
15415 2.824122372354964
15424 1.8111238364098463
15524 5.206750173022546
15685 1.7432809162728324
15692 3.8204558119026557
15704 3.7026727762462723
15771 0.06928714438394819
