168
209 1.7001922757025645
234 5.8998973535824915
524 6.9985096422506015
652 3.5327737394508745
665 4.600614369452231
721 5.389071729816501
867 7.2406264907400875
930 3.2849375755462935
952 5.052599493195288
1379 1.6111243976906509
1404 1.3708885285599641
1686 1.1549652252192415
1690 2.455214859980597
1750 1.1068654304248302
1757 3.9539872045271784
1886 3.1273086313427103
1929 2.1081605140288473
2033 21.90894762171458
2247 2.219386149139072
2320 2.973157951515452
2334 0.7939518796819108
2450 -1.2217137914072214
2669 3.6447198193535444
2683 5.389071729816501
2748 4.00277736869661
2788 3.3096301881366648
2893 5.019746545036923
2913 8.60197491510042
2935 1.2640783890383267
3120 1.6048820958982397
3329 5.943689416307031
3372 5.8998973535824915
3392 4.40543819330772
3394 3.047265923669174
3631 4.05407066308416
3632 3.47214911763444
3671 3.5645224377654547
3690 1.4972514317058743
4009 5.206750173022546
4186 11.461367435707967
4314 2.764403137653342
4358 3.5645224377654547
4397 3.666305132075397
4416 1.3637200390813515
4459 3.2849375755462935
4487 3.1066893441399746
4500 2.8396265588909295
4533 3.086486636822455
4537 1.0196238773494795
4640 5.389071729816501
4726 4.22592092001082
4878 1.3672978604292356
4899 3.0666840095262753
4912 1.9296054400303697
5103 3.414990703794491
5243 3.6312138122641273
5367 4.290459441148391
5409 3.502002080784121
5414 2.8876357780772897
5518 1.5868635903955612
5828 2.5676928434072877
5838 11.224430562261421
5993 0.8521803845817039
6078 2.555858385760285
6086 5.612215281130711
6147 4.00277736869661
6156 3.6000252219695508
6183 12.008332106089831
6228 6.473635837972001
6242 2.9041650800285006
6433 0.5154022907934025
6445 3.666305132075397
6467 2.2535775138873513
6507 2.6290617897835795
6567 2.579669034454003
6622 2.579669034454003
6688 7.570256673400083
6787 2.288979440938267
6872 3.914332510343705
7023 4.359452312635343
7092 4.165296298194385
7181 3.260840023967233
7215 2.344549292093078
7462 1.942263836902293
7845 2.4237986637472186
7907 2.6418008155610093
8197 5.206750173022546
8236 4.600614369452231
8296 3.9539872045271784
8342 31.066893441399746
8436 10.105198986390576
8444 1.7890234894091803
8476 6.9985096422506015
8546 3.7026727762462723
8850 1.7153059135126125
8880 1.67063347346102
8928 1.3355491621146554
8960 3.8630154263214513
8975 2.3933394562625097
8979 1.7890234894091803
9096 4.359452312635343
9195 3.7026727762462723
9282 8.719993186626233
9393 1.060973437168175
9709 1.082307579643166
9817 1.3183370332335338
10106 9.391849098513111
10198 3.8204558119026557
10431 5.053063070362697
10443 2.4876501357337513
10794 2.938066631704182
10872 1.6048820958982397
10929 9.320068032419924
11027 5.112791462572758
11046 2.3933394562625097
11089 3.4648956756577247
11317 3.0666840095262753
11375 2.681021528714291
11555 10.598321218352623
11560 3.502002080784121
11566 5.612215281130711
11655 5.33555260392854
11769 1.6466515087745348
11778 2.8553749158590684
11973 5.206750173022546
12122 1.1963912668735384
12390 4.05407066308416
12407 0.83519483821596
12451 2.6290617897835795
12499 11.355609117691303
12550 4.290459441148391
12553 2.1431672325603808
12664 4.22592092001082
12721 1.8452180477528222
12761 4.513602992462601
12767 2.6547042203969173
12823 3.104790895896465
12826 2.5238746895428186
12833 2.8890846291775345
12992 4.6513616155773905
12994 6.9985096422506015
13045 1.886521853894058
13125 6.6192603762733295
13132 6.305362461690656
13395 5.612215281130711
13547 1.6003469407328483
13672 1.5262389685791264
13714 4.165296298194385
13734 1.942263836902293
13857 3.9074671888922854
14165 5.617709800448351
14285 6.9985096422506015
14403 4.8892655013001205
14463 1.67063347346102
14493 3.3096301881366648
14527 2.938066631704182
15101 4.8012850649143815
15155 0.6904112007410705
15192 4.467363916867872
15332 -6.209246920582481
15341 2.3879223751880367
15593 3.597312260588446
15595 2.6641659082763383
15604 2.1233123190494494
15651 1.1377234187847354
15672 0.7275212103923018
15771 0.11547857397324697
15796 3.666305132075397
