36
862 2.344549292093078
927 2.0785287164224764
2027 2.7938170228596353
2070 1.4730567031188173
2269 1.8686109273275278
2450 -0.6108568957036107
2705 1.6657908489852322
3302 5.612215281130711
3449 1.9647049651044954
3780 2.465910149097345
3982 1.0769312226067855
4711 1.9296054400303697
4765 1.4150133334689021
5528 1.4378280112350734
5615 4.099499503744866
5636 2.973157951515452
6169 2.4033897921160112
7048 3.21432000833234
7104 -0.6634879166512921
8478 3.502002080784121
9092 2.973157951515452
9445 5.946315903030904
9970 0.4837969513780714
10097 5.8998973535824915
11168 1.2781978656431896
11539 1.4690805547391779
11646 2.3541187431092285
12057 2.10066984229969
12455 -0.2152586658680402
12488 3.8718292184472687
12734 5.389071729816501
12826 1.2619373447714093
12879 4.433560284789064
13572 1.8745456628473423
13750 2.162227735299123
15332 -1.5523117301456202
