36
1893 1.7567626271909589
2042 3.7796338173824005
2351 1.5647876386963615
2450 -0.6108568957036107
3228 3.9074671888922854
3700 1.2947271675944
3981 3.3609234825242154
4053 -0.14952015041821856
4070 1.1068654304248302
4413 5.389071729816501
4750 0.33155284982139466
6234 2.6290617897835795
6539 2.434161450782765
6586 2.288979440938267
6622 2.579669034454003
7104 -0.6634879166512921
8326 4.695924549256556
8447 3.9074671888922854
8901 5.052599493195288
9454 3.1698682457615064
9547 5.283601631122019
10008 2.0568672196412967
10729 3.0588716320484384
10953 5.206750173022546
11299 -0.5211827618659379
11305 2.0640357091199095
11347 0.8373023205555247
11816 1.9296054400303697
11836 2.37353682896633
11990 4.108137884354437
12022 0.8081923650016455
12717 0.5999147077153936
12823 1.034930298632155
14381 0.457735330796197
15771 0.023095714794649395
15805 2.008077055471865
