327
46 6.305362461690656
209 10.201153654215387
502 2.5676928434072877
532 6.886323161522375
533 4.695924549256556
570 5.8998973535824915
596 4.695924549256556
639 5.8998973535824915
1060 0.24866762566620615
1356 4.72756130804193
1373 6.305362461690656
1379 0.5370414658968836
1416 4.359452312635343
1686 1.1549652252192415
1692 2.1944885975173447
1838 3.414990703794491
1839 2.093234863812172
1933 4.05407066308416
1960 3.1483620405405426
2033 6.7412146528352554
2076 6.9985096422506015
2196 5.389071729816501
2271 0.34178311807220957
2320 2.973157951515452
2334 0.7939518796819108
2347 6.9985096422506015
2357 1.1873686492739008
2407 2.236335707452845
2450 -1.832570687110832
2488 3.7796338173824005
2538 1.422560539104285
2639 2.6040604875781623
2642 6.9985096422506015
2668 3.502002080784121
2669 10.934159458060634
2705 3.3315816979704644
2738 6.9985096422506015
2920 2.0386245855125003
2924 2.0286963426746007
2935 0.6320391945191633
2940 1.6278716141229383
2943 3.4431615807611875
2964 0.900435360084361
3192 1.0095482253607377
3273 4.8012850649143815
3324 5.8998973535824915
3341 5.389071729816501
3583 5.052599493195288
3613 2.8553749158590684
3646 5.135385686814575
3724 6.9985096422506015
3763 3.597312260588446
3807 2.3256808077886952
3812 2.2535775138873513
3813 5.052599493195288
3814 2.236335707452845
3960 5.612215281130711
4006 2.6547042203969173
4021 1.5054481989100525
4036 5.612215281130711
4042 4.290459441148391
4106 4.165296298194385
4222 2.3256808077886952
4254 3.740413104229119
4255 6.305362461690656
4261 2.262311193856106
4277 3.7026727762462723
4314 2.764403137653342
4368 4.22592092001082
4440 4.8012850649143815
4500 2.8396265588909295
4537 2.039247754698959
4605 6.305362461690656
4634 5.8998973535824915
4686 4.108137884354437
4813 15.654349952169916
4846 2.021775899830027
4887 6.305362461690656
4909 1.4690805547391779
4931 5.8998973535824915
4934 3.7026727762462723
4959 5.052599493195288
4974 6.9985096422506015
5020 3.21432000833234
5067 2.2278250177849364
5071 6.9985096422506015
5110 1.8452180477528222
5318 6.213378688279949
5331 3.2373095265570386
5363 3.0666840095262753
5409 3.502002080784121
5517 1.6232312345664361
5645 5.206750173022546
5685 3.9074671888922854
5687 2.0785287164224764
5720 6.9985096422506015
5775 5.389071729816501
5809 2.363780654020965
5889 4.8067795842320225
5895 2.4033897921160112
5966 3.4431615807611875
5973 2.9540974487767095
6060 3.7796338173824005
6064 2.138697237888929
6066 5.206750173022546
6110 5.389071729816501
6112 5.052599493195288
6114 3.8630154263214513
6205 2.955458374416051
6228 5.1789086703776
6230 6.9985096422506015
6235 1.2270685191205855
6277 4.22592092001082
6283 3.5327737394508745
6319 5.8998973535824915
6390 3.047265923669174
6675 2.5098732725184614
6688 3.7851283367000415
6825 5.389071729816501
6941 4.356456153291129
6970 2.1863252868781835
7058 3.7026727762462723
7092 4.165296298194385
7104 -2.6539516666051686
7203 3.1066893441399746
7204 5.612215281130711
7387 4.600614369452231
7445 26.16055298258539
7482 1.8055527913603908
7492 6.9985096422506015
7637 4.600614369452231
7724 3.597312260588446
7776 5.8998973535824915
7813 1.0145733615634107
7826 3.1273086313427103
7907 2.6418008155610093
7932 1.8745456628473423
7944 5.389071729816501
8007 1.904759441443839
8017 5.389071729816501
8039 6.305362461690656
8043 1.730651483187273
8096 1.4533321977710387
8319 6.9985096422506015
8442 3.8630154263214513
8444 1.7890234894091803
8546 18.513363881231363
8594 6.9985096422506015
8680 4.00277736869661
8715 4.919068100570765
8736 1.1933746733341126
8743 4.433560284789064
8746 5.389071729816501
8816 3.4510201673737084
8848 3.0666840095262753
8886 1.3081501879265407
8892 4.919068100570765
8908 3.6312138122641273
8997 5.8998973535824915
9027 6.9985096422506015
9096 4.359452312635343
9106 1.0850066366123312
9122 5.497968544253051
9195 3.7026727762462723
9258 3.260840023967233
9278 4.359452312635343
9282 1.4533321977710387
9376 3.5645224377654547
9393 2.12194687433635
9554 1.271661894663404
9698 1.9878743481543455
9709 1.082307579643166
9717 3.3875917296063767
9782 6.9985096422506015
9791 4.689098584186156
9795 3.9074671888922854
9819 6.9985096422506015
10054 3.0282177286984795
10070 6.305362461690656
10198 3.8204558119026557
10233 3.4431615807611875
10258 1.8000126109847754
10307 2.5676928434072877
10319 6.305362461690656
10363 8.45184184002164
10393 1.9746291214043248
10431 5.774929223271654
10514 3.8630154263214513
10618 6.9985096422506015
10759 3.0666840095262753
10770 2.4876501357337513
10805 3.666305132075397
10844 5.8998973535824915
10887 5.389071729816501
10906 2.035665011990694
10929 3.1066893441399746
10962 5.258123579567159
10971 3.502002080784121
10973 5.587634045719271
10990 3.597312260588446
11027 2.556395731286379
11046 11.966697281312548
11089 1.1549652252192415
11163 3.7796338173824005
11165 2.1863252868781835
11167 4.108137884354437
11218 1.144042369585821
11228 3.3096301881366648
11394 4.165296298194385
11461 2.146479378330984
11481 1.6186122887101415
11519 6.9985096422506015
11524 1.5178707189086098
11570 1.1933746733341126
11576 3.3096301881366648
11590 6.9985096422506015
11625 1.457246097092175
11707 9.711928579671117
11769 3.2933030175490696
11778 2.8553749158590684
11782 5.612215281130711
11837 6.9985096422506015
11872 6.9985096422506015
11881 2.70805020110221
11883 6.9985096422506015
12122 1.1963912668735384
12129 3.3349479961209547
12204 4.513602992462601
12235 6.9985096422506015
12273 3.7026727762462723
12371 5.389071729816501
12383 1.2523064517104479
12404 1.485080896085619
12411 6.305362461690656
12451 10.516247159134318
12455 -0.2152586658680402
12499 15.897852764767824
12543 3.5645224377654547
12553 2.1431672325603808
12564 5.612215281130711
12595 2.344549292093078
12598 2.5098732725184614
12610 2.4237986637472186
12677 11.861961613581535
12678 6.305362461690656
12701 5.206750173022546
12740 2.5326015235960173
12809 8.426564700672525
12853 1.152070867192877
12891 3.7796338173824005
12902 6.9985096422506015
12992 2.3256808077886952
13050 6.9985096422506015
13080 0.8123010183501074
13088 2.7790019370744945
13102 21.886638121674288
13108 2.2800107709555064
13126 5.8998973535824915
13153 4.455650035569873
13183 3.502002080784121
13220 3.2849375755462935
13346 2.9041650800285006
13354 1.8280256472124494
13423 3.9539872045271784
13451 6.886323161522375
13484 5.052599493195288
13523 6.9985096422506015
13538 3.414990703794491
13547 1.6003469407328483
13593 6.9985096422506015
13609 4.22592092001082
13613 1.8111238364098463
13710 3.6312138122641273
13714 4.165296298194385
13719 3.9074671888922854
13825 5.443687046469091
13897 2.7218435232345457
13904 3.5327737394508745
13905 6.9985096422506015
13989 8.45184184002164
14036 4.290459441148391
14165 5.617709800448351
14166 4.108137884354437
14237 -0.6972483483041599
14267 -1.9118469665675755
14287 4.8012850649143815
14312 6.9985096422506015
14313 1.6466515087745348
14381 0.6866029961942954
14403 9.778531002600241
14463 5.01190042038306
14466 3.7796338173824005
14490 3.3096301881366648
14501 4.372650573756367
14532 6.9985096422506015
14668 6.305362461690656
14878 4.513602992462601
15149 12.329550745486726
15192 1.489121305622624
15213 4.695924549256556
15255 6.9985096422506015
15256 3.3349479961209547
15332 -10.866182111019342
15341 0.7959741250626788
15342 6.9985096422506015
15415 5.648244744709928
15418 2.1233123190494494
15435 2.750014400201242
15453 2.236335707452845
15471 1.3881216796572402
15494 6.9985096422506015
15496 6.9985096422506015
15580 3.8630154263214513
15587 15.536726011132801
15593 3.597312260588446
15595 3.9962488624145074
15607 6.9985096422506015
15650 8.523900767180075
15651 2.2754468375694707
15672 0.7275212103923018
15693 4.919068100570765
15771 0.23095714794649394
15775 6.9985096422506015
15777 6.9985096422506015
15778 6.305362461690656
15814 4.524622387712212
15820 4.165296298194385
