283
344 2.7790019370744945
373 2.750014400201242
482 4.695924549256556
491 3.1066893441399746
493 3.1698682457615064
495 2.8396265588909295
498 3.3349479961209547
502 5.135385686814575
569 3.0282177286984795
619 3.666305132075397
631 4.00277736869661
980 6.9985096422506015
981 6.9985096422506015
1060 0.24866762566620615
1122 3.1698682457615064
1296 6.9985096422506015
1379 1.0740829317937672
1570 12.610724923381312
1618 6.305362461690656
1686 2.309930450438483
1748 4.359452312635343
1753 5.389071729816501
1757 3.9539872045271784
1846 25.742756646890346
1861 5.612215281130711
1902 2.0149030205422647
2064 1.5647876386963615
2224 3.962459610871354
2301 4.695924549256556
2424 2.219386149139072
2434 9.654168654320117
2450 -0.6108568957036107
2480 5.612215281130711
2567 48.02856557835315
2588 4.108137884354437
2597 6.347123158992691
2631 0.21292199724267172
2645 2.591790394986348
2659 3.4431615807611875
2810 3.597312260588446
2829 2.8088549002241754
2920 1.3590830570083334
2924 2.0286963426746007
2935 0.6320391945191633
2964 0.900435360084361
2974 15.620250519067639
3057 6.7090071223585355
3100 5.587634045719271
3257 6.9985096422506015
3506 0.8205655282000008
3598 3.4998814949012527
3678 7.014402875421061
3700 3.8841815027832003
3803 4.05407066308416
3807 2.3256808077886952
3840 1.2980660688599148
3896 2.807596525297524
3938 4.433560284789064
3973 4.919068100570765
3990 2.6290617897835795
4006 2.6547042203969173
4053 -0.07476007520910928
4151 5.206750173022546
4170 8.45184184002164
4223 4.372650573756367
4230 2.0149030205422647
4250 4.695924549256556
4295 2.9209721983448818
4319 8.198999007489732
4363 3.7796338173824005
4366 1.9878743481543455
4399 5.612215281130711
4412 3.086486636822455
4417 3.1918471524802814
4421 4.919068100570765
4478 5.8998973535824915
4508 4.108137884354437
4520 3.1273086313427103
4537 4.078495509397918
4576 2.085854756514549
4605 6.305362461690656
4613 2.211017899468555
4614 6.9985096422506015
4616 1.8925641683500207
4625 1.8452180477528222
4838 1.4730567031188173
4852 2.517433460142734
4865 3.0282177286984795
4886 3.009525595686327
4909 2.9381611094783557
4912 1.9296054400303697
4964 1.6918893703894442
5046 2.236335707452845
5055 2.2278250177849364
5083 1.5735596247691985
5208 2.5676928434072877
5249 3.3096301881366648
5258 5.052599493195288
5273 3.21432000833234
5369 3.047265923669174
5376 6.9985096422506015
5484 1.8928409466523688
5540 3.1698682457615064
5590 1.4533321977710387
5687 4.157057432844953
5736 5.617709800448351
5887 6.9985096422506015
5891 3.1273086313427103
6043 1.5913378707904824
6064 2.138697237888929
6068 3.1273086313427103
6151 5.630090646958978
6165 3.3096301881366648
6223 2.8088549002241754
6267 6.9985096422506015
6307 3.2373095265570386
6364 3.260840023967233
6393 4.22592092001082
6485 6.9985096422506015
6754 1.2024518914852294
6819 1.7153059135126125
6898 4.324455470598246
6919 2.84512107820857
7025 2.0190964507214755
7104 -1.9904637499538764
7181 3.260840023967233
7247 4.22592092001082
7311 11.181678537264226
7321 3.3875917296063767
7401 1.886521853894058
7578 1.0430745587218369
7865 5.389071729816501
7906 1.4339892349279078
7935 2.335070548138534
7957 5.8998973535824915
8007 1.904759441443839
8043 1.730651483187273
8096 1.4533321977710387
8153 2.8396265588909295
8182 2.681021528714291
8256 1.6803896484063847
8260 4.22592092001082
8269 7.405345552492545
8301 14.481252981480175
8303 12.610724923381312
8306 7.405345552492545
8307 4.433560284789064
8334 12.610724923381312
8337 1.9550845253313545
8402 6.9985096422506015
8439 0.9381816079767518
8645 3.5327737394508745
8683 5.041168945219154
8685 6.9985096422506015
8710 0.551203779709388
8731 2.0286963426746007
8749 3.0666840095262753
8751 7.726030852642903
8762 4.8012850649143815
8799 3.502002080784121
8870 3.7026727762462723
8927 4.919068100570765
8987 4.42203579893711
9106 1.0850066366123312
9122 1.3744921360632627
9175 3.597312260588446
9320 12.610724923381312
9346 4.997399943840672
9372 2.3256808077886952
9384 2.6710983242293107
9400 3.1273086313427103
9597 12.509234525370841
9645 16.174207198640215
9876 2.6944445490464313
9899 4.8012850649143815
9916 6.9985096422506015
10149 6.9985096422506015
10150 6.9985096422506015
10161 25.41849668584889
10163 19.537335944461425
10221 2.434161450782765
10278 3.2849375755462935
10286 5.206750173022546
10298 4.05407066308416
10306 2.15432255579201
10325 1.8925641683500207
10326 0.5230769255465112
10406 5.8998973535824915
10412 6.9985096422506015
10422 1.4175881426832082
10431 0.7218661529089567
10446 3.1483620405405426
10447 1.829844710114914
10548 5.8998973535824915
10563 5.8998973535824915
10770 2.4876501357337513
10854 3.6312138122641273
10906 2.035665011990694
10911 3.6312138122641273
10936 3.9074671888922854
10945 4.919068100570765
11034 1.5958322603783217
11102 1.9956900423327322
11157 4.600614369452231
11299 -0.5211827618659379
11302 3.47214911763444
11384 3.3609234825242154
11416 2.1782280766455644
11588 5.8998973535824915
11626 6.9985096422506015
11631 6.9985096422506015
11671 2.2535775138873513
11754 6.383694304960563
11809 4.165296298194385
11836 2.37353682896633
11850 2.455214859980597
11881 2.70805020110221
11947 3.0282177286984795
11969 0.7582337970798316
11975 2.9209721983448818
11993 6.9985096422506015
12001 2.5676928434072877
12075 2.938066631704182
12097 5.389071729816501
12131 4.433560284789064
12135 7.480826208458238
12173 1.981229805435677
12254 2.335070548138534
12308 12.610724923381312
12658 6.305362461690656
12679 1.5958322603783217
12773 6.178322617372971
12790 3.0191438321878294
12797 2.7218435232345457
12832 3.3096301881366648
12886 5.206750173022546
12936 16.432551537417748
13029 1.6609715625492831
13080 1.6246020367002147
13155 5.8998973535824915
13180 3.666305132075397
13279 4.359452312635343
13343 5.946315903030904
13491 4.577958881876534
13501 2.5211728277723946
13538 3.414990703794491
13547 1.6003469407328483
13553 -1.111382279832576
13563 5.389071729816501
13681 2.498699971920336
13823 4.433560284789064
13838 2.3163784151263815
13891 1.2131850577159984
13897 2.7218435232345457
14200 3.47214911763444
14237 -0.6972483483041599
14245 6.9985096422506015
14267 -0.3823693933135151
14348 5.8998973535824915
14381 0.2288676653980985
14431 1.034930298632155
14630 17.699692060747473
14656 1.1405764877671418
14682 4.629565580678699
14865 5.612215281130711
15015 6.9985096422506015
15021 5.389071729816501
15024 3.2373095265570386
15185 5.8998973535824915
15209 2.579669034454003
15306 4.31992930850854
15313 1.917105277266138
15332 -21.732364222038683
15341 0.7959741250626788
15479 4.433560284789064
15551 28.946699621930073
15576 3.009525595686327
15578 1.7945029551738059
15622 2.363780654020965
15669 2.162227735299123
15672 0.7275212103923018
15771 0.023095714794649395
15814 2.262311193856106
