79
530 2.66777630196427
680 4.433560284789064
862 2.344549292093078
879 3.666305132075397
927 2.0785287164224764
1864 3.047265923669174
2258 5.74275051441102
2271 1.0253493542166288
2334 0.7939518796819108
2345 3.9539872045271784
2450 -1.2217137914072214
2484 1.3149298749119196
2595 2.5211728277723946
2705 1.6657908489852322
3449 0.9823524825522477
3489 1.942263836902293
3578 1.8047399611033645
3635 1.5779746429783155
3737 1.8055527913603908
3961 2.6290617897835795
3982 1.0769312226067855
3985 2.5098732725184614
4167 4.142511914186793
4230 2.0149030205422647
4319 2.049749751872433
4522 0.2603571476546441
4765 2.8300266669378042
4838 1.4730567031188173
5065 2.735829765209286
5122 2.7938170228596353
5484 0.9464204733261844
5491 3.597312260588446
5518 1.5868635903955612
5528 1.4378280112350734
5615 2.049749751872433
5680 3.182675741580965
5877 6.9985096422506015
6072 4.22592092001082
6088 1.2146844599208637
6872 1.3047775034479017
7497 1.4028006446333317
7552 1.9486536350010641
7907 2.6418008155610093
8262 2.0712559570933964
8439 0.4690908039883759
8615 5.3888890980928625
8835 11.799794707164983
9170 0.6116303228879563
9276 2.6944445490464313
9346 2.498699971920336
9445 2.973157951515452
9499 4.108137884354437
9531 1.67063347346102
9602 2.2800107709555064
9817 1.3183370332335338
10520 6.9985096422506015
11287 2.0286963426746007
11785 1.9680717208581657
12022 1.616384730003291
12042 2.6418008155610093
12180 4.919068100570765
12321 3.4431615807611875
12488 5.807743827670903
12503 6.683475053354809
12529 3.502002080784121
12571 4.00277736869661
12820 3.3349479961209547
12826 1.2619373447714093
12968 3.047265923669174
13177 11.224430562261421
13338 2.5211728277723946
13438 2.555858385760285
13501 2.5211728277723946
13527 2.049749751872433
13547 1.6003469407328483
14237 -1.3944966966083199
14490 3.3096301881366648
14507 3.7020303308742966
14682 1.5431885268928998
