74
530 2.66777630196427
893 5.052599493195288
1850 3.0666840095262753
2179 4.433560284789064
2269 1.8686109273275278
2327 3.9074671888922854
2450 -0.6108568957036107
2920 0.6795415285041667
2964 0.900435360084361
3489 1.942263836902293
3635 1.5779746429783155
3737 1.8055527913603908
3780 2.465910149097345
3961 2.6290617897835795
3982 3.2307936678203566
4167 2.0712559570933964
4412 3.086486636822455
4522 0.2603571476546441
4765 1.4150133334689021
4812 3.9539872045271784
4838 2.9461134062376346
4852 1.258716730071367
4928 8.718904625270685
5122 2.7938170228596353
5181 2.288979440938267
5528 2.875656022470147
5615 2.049749751872433
6314 10.413500346045092
6536 4.05407066308416
6984 7.559267634764801
7104 -0.6634879166512921
7430 3.3096301881366648
7578 0.5215372793609184
7633 1.8745456628473423
7747 5.8998973535824915
7808 2.8396265588909295
7828 4.05407066308416
7907 2.6418008155610093
8621 5.283601631122019
8723 1.5262389685791264
8895 3.9539872045271784
9106 1.0850066366123312
9445 8.919473854546355
10206 4.00277736869661
10749 2.3509274935351647
10868 -0.18536107281185138
11742 5.389071729816501
11785 1.9680717208581657
12022 0.40409618250082274
12047 1.4416815805510634
12307 11.799794707164983
12455 -0.4305173317360804
12488 3.8718292184472687
12489 3.2373095265570386
12503 4.455650035569873
12530 6.9985096422506015
12838 4.919068100570765
12879 4.433560284789064
13106 2.335070548138534
13162 6.9985096422506015
13359 2.6290617897835795
13750 2.162227735299123
14188 3.597312260588446
14381 0.2288676653980985
14577 4.433560284789064
14855 5.612215281130711
15187 1.994563336305142
15283 8.94534282981138
15332 -1.5523117301456202
15517 1.886521853894058
15575 4.108137884354437
15669 2.162227735299123
15672 0.7275212103923018
15677 1.5779746429783155
