214
480 4.359452312635343
530 2.66777630196427
744 3.3875917296063767
893 5.052599493195288
1928 4.9753002714675025
2027 11.175268091438541
2064 1.5647876386963615
2179 4.433560284789064
2240 3.31235078057158
2247 2.219386149139072
2269 1.8686109273275278
2327 3.9074671888922854
2334 1.5879037593638217
2357 2.3747372985478017
2406 2.9209721983448818
2409 6.305362461690656
2412 4.108137884354437
2421 1.5431885268928998
2450 -8.551996539850549
2477 5.052599493195288
2484 7.889579249471518
2486 6.9985096422506015
2519 1.6902419448493964
2595 2.5211728277723946
2674 2.054495604920277
2705 3.3315816979704644
2708 4.05407066308416
2837 3.086486636822455
2858 3.8630154263214513
2862 1.4690805547391779
2920 0.6795415285041667
3192 1.0095482253607377
3449 8.84117234297023
3454 10.416447352903319
3489 1.942263836902293
3578 1.2031599740689096
3609 4.290459441148391
3632 3.47214911763444
3635 1.5779746429783155
3657 2.6164830075767194
3700 2.5894543351888
3780 2.465910149097345
3788 2.750014400201242
3807 2.3256808077886952
3982 7.538518558247499
4008 3.21432000833234
4064 6.9985096422506015
4167 2.0712559570933964
4412 3.086486636822455
4437 2.4033897921160112
4438 3.47214911763444
4459 3.2849375755462935
4476 3.740413104229119
4522 0.5207142953092883
4536 2.70805020110221
4580 4.600614369452231
4636 2.955458374416051
4711 1.9296054400303697
4765 2.8300266669378042
4783 4.356456153291129
4882 2.130975191795019
4928 8.718904625270685
4985 15.620250519067639
5014 2.3541187431092285
5110 3.6904360955056443
5161 6.094531847338348
5181 9.155917763753068
5339 2.356853423796479
5388 3.47214911763444
5528 8.626968067410441
5590 1.4533321977710387
5615 8.198999007489732
5666 3.47214911763444
5687 2.0785287164224764
5739 2.8876357780772897
5802 3.1483620405405426
5809 2.363780654020965
5839 5.159338068908006
5872 2.5441623459970937
5981 2.8553749158590684
6005 7.332610264150794
6049 4.071330023981388
6078 2.555858385760285
6156 7.2000504439391015
6165 3.3096301881366648
6235 3.681205557361756
6314 10.413500346045092
6364 6.521680047934466
6367 6.305362461690656
6467 2.2535775138873513
6530 3.3609234825242154
6536 4.05407066308416
6984 7.559267634764801
6985 12.610724923381312
7015 6.9985096422506015
7019 2.130975191795019
7054 7.726030852642903
7104 -2.6539516666051686
7181 3.260840023967233
7197 5.191954449561819
7311 2.236335707452845
7312 2.3163784151263815
7401 1.886521853894058
7435 3.8204558119026557
7497 2.1042009669499975
7506 3.740413104229119
7552 3.8973072700021283
7569 2.0341908619922413
7578 1.0430745587218369
7622 2.764403137653342
7625 6.9985096422506015
7633 1.8745456628473423
7688 3.086486636822455
7796 4.8012850649143815
7906 1.4339892349279078
7991 1.3149298749119196
8439 0.4690908039883759
8621 7.925402446683028
8643 4.002594736972972
8645 3.5327737394508745
8895 3.9539872045271784
8963 6.305362461690656
8979 1.7890234894091803
9122 2.7489842721265254
9170 3.0581516144397813
9445 17.83894770909271
9481 1.7727629685373998
9573 6.6192603762733295
9574 6.9985096422506015
9808 9.02857678705898
9983 3.1066893441399746
10296 3.2849375755462935
10393 1.9746291214043248
10536 4.359452312635343
10561 1.6003469407328483
10749 3.526391240302747
10868 -1.482888582494811
10869 5.612215281130711
10906 2.035665011990694
11023 1.2880826248757316
11102 0.6652300141109108
11139 5.74275051441102
11142 6.9985096422506015
11168 2.556395731286379
11299 -0.5211827618659379
11317 3.0666840095262753
11320 2.764403137653342
11379 6.128047753948022
11421 5.8998973535824915
11450 2.262311193856106
11461 2.146479378330984
11491 1.8745456628473423
11524 3.0357414378172196
11539 4.407241664217533
11591 5.443687046469091
11742 5.389071729816501
11781 2.591790394986348
11785 1.9680717208581657
11850 2.455214859980597
11908 1.5346778372249912
11911 3.414990703794491
12047 2.883363161102127
12058 9.027205984925201
12218 2.6547042203969173
12307 5.8998973535824915
12455 -0.6457759976041206
12488 11.615487655341806
12503 4.455650035569873
12595 2.344549292093078
12629 3.3096301881366648
12878 3.5327737394508745
12929 3.7026727762462723
13108 4.560021541911013
13192 6.305362461690656
13208 1.3115342859107813
13314 2.0286963426746007
13316 3.047265923669174
13338 2.5211728277723946
13553 -0.7409215198883841
13637 4.108137884354437
13751 4.108137884354437
13760 7.559267634764801
13928 11.799794707164983
13944 7.814934377784571
14044 4.383526125696194
14168 2.9041650800285006
14171 5.8998973535824915
14174 1.7945029551738059
14237 -9.064228527954079
14242 2.5326015235960173
14267 -4.206063326448666
14381 0.915470661592394
14415 6.305362461690656
14463 1.67063347346102
14486 2.6164830075767194
14558 2.476721065201561
14577 4.433560284789064
14694 6.9985096422506015
14731 5.206750173022546
14906 0.4013639403639497
15155 2.0712336022232116
15187 3.989126672610284
15283 6.7090071223585355
15332 -17.07542903160182
15341 1.5919482501253577
15413 1.2781978656431896
15484 2.9911764570181303
15517 1.886521853894058
15528 3.666305132075397
15575 4.108137884354437
15630 4.919068100570765
15672 2.1825636311769054
15677 3.155949285956631
15702 2.8553749158590684
