113
606 4.8012850649143815
2224 1.981229805435677
2351 1.5647876386963615
2513 1.8280256472124494
2519 1.6902419448493964
2603 3.3609234825242154
2607 5.052599493195288
2920 0.6795415285041667
2924 2.0286963426746007
2959 2.3747372985478017
2964 0.900435360084361
2998 4.8012850649143815
3048 2.5098732725184614
3165 3.7796338173824005
3374 1.9680717208581657
3578 0.6015799870344548
3759 2.4033897921160112
3896 1.403798262648762
3982 1.0769312226067855
4053 -0.14952015041821856
4230 2.0149030205422647
4232 2.3256808077886952
4286 2.130975191795019
4331 6.775183459212753
4428 6.9985096422506015
4461 11.224430562261421
4476 3.740413104229119
4522 0.2603571476546441
4750 0.33155284982139466
4812 3.9539872045271784
4878 1.3672978604292356
4928 4.359452312635343
5014 4.708237486218457
5517 1.6232312345664361
5590 1.4533321977710387
5630 0.23830767558032406
5635 2.20271909665386
5874 2.579669034454003
5875 5.500028800402484
6016 8.718904625270685
6433 1.030804581586805
6555 2.9911764570181303
6583 1.7258895023377248
7699 3.7796338173824005
7892 1.5517722705842913
8086 3.3096301881366648
8523 3.628163178522168
8639 6.9985096422506015
8664 2.7938170228596353
8708 1.4810567457858934
8710 1.102407559418776
8731 2.0286963426746007
8822 4.560021541911013
8979 1.7890234894091803
9428 2.498699971920336
9559 -0.41599471927486964
9709 1.082307579643166
10302 2.6290617897835795
10326 0.5230769255465112
10329 -0.21009069570959765
10447 1.2198964734099427
10538 4.8012850649143815
10751 0.7939518796819108
10825 2.0149030205422647
10868 -0.37072214562370276
11057 2.555858385760285
11099 5.612215281130711
11140 2.15432255579201
11165 2.1863252868781835
11218 0.5720211847929105
11287 2.0286963426746007
11299 -1.0423655237318759
11302 6.94429823526888
11816 1.9296054400303697
11825 2.9041650800285006
12070 2.87137525720551
12135 3.740413104229119
12508 4.524622387712212
12797 2.7218435232345457
12801 1.9109133070182172
12805 3.713692171495883
12953 4.919068100570765
13189 5.623636988542026
13553 -0.37046075994419203
13718 1.3425178314307487
13750 2.162227735299123
13891 1.2131850577159984
14044 1.4611753752320646
14136 4.4431702373576805
14153 2.4876501357337513
14154 6.305362461690656
14260 4.165296298194385
14267 -0.7647387866270302
14309 1.5137127087599462
14381 0.2288676653980985
14422 2.1233123190494494
14476 5.052599493195288
14507 1.8510151654371483
14544 3.666305132075397
14545 5.052599493195288
14906 0.4013639403639497
15020 3.086486636822455
15192 4.467363916867872
15210 4.919068100570765
15283 6.7090071223585355
15292 4.42203579893711
15306 0.7199882180847567
15332 -3.1046234602912404
15363 2.555858385760285
15595 1.3320829541381691
15672 0.7275212103923018
15677 1.5779746429783155
15828 5.465738970980154
