34
254 2.498699971920336
862 2.344549292093078
893 5.052599493195288
927 2.0785287164224764
2269 1.8686109273275278
3774 1.7255100836868542
3780 2.465910149097345
4114 1.3890378470656415
4852 1.258716730071367
4882 2.130975191795019
5528 1.4378280112350734
5615 4.099499503744866
5687 2.0785287164224764
7104 -1.3269758333025843
7906 1.4339892349279078
8439 0.4690908039883759
8441 5.8998973535824915
9445 2.973157951515452
9970 0.4837969513780714
10302 2.6290617897835795
10646 3.9539872045271784
10868 -0.18536107281185138
11539 1.4690805547391779
11911 3.414990703794491
12180 4.919068100570765
12455 -0.2152586658680402
12488 3.8718292184472687
12553 1.0715836162801904
12571 4.00277736869661
12629 3.3096301881366648
12735 5.052599493195288
13750 2.162227735299123
14415 6.305362461690656
15332 -1.5523117301456202
