264
194 1.5399972773188362
209 5.100576827107694
254 2.498699971920336
288 5.206750173022546
299 5.389071729816501
310 4.00277736869661
327 2.20271909665386
407 4.695924549256556
480 4.359452312635343
520 5.052599493195288
521 1.8986432144264027
530 5.33555260392854
607 5.042345655544789
666 3.260840023967233
695 2.9911764570181303
748 5.612215281130711
769 3.9539872045271784
810 5.679253117781859
811 5.389071729816501
873 4.8012850649143815
879 3.666305132075397
886 5.052599493195288
899 4.22592092001082
927 2.0785287164224764
978 2.298029276458185
1060 0.06216690641655154
1379 0.5370414658968836
1686 1.1549652252192415
1690 2.455214859980597
1692 2.1944885975173447
1750 1.1068654304248302
1839 2.093234863812172
1893 5.270287881572877
1919 5.389071729816501
2064 1.5647876386963615
2070 1.4730567031188173
2087 2.8876357780772897
2155 3.9539872045271784
2240 1.65617539028579
2269 1.8686109273275278
2297 4.513602992462601
2334 0.7939518796819108
2424 2.219386149139072
2450 -0.6108568957036107
2484 3.944789624735759
2538 1.422560539104285
2555 5.206750173022546
2674 1.0272478024601386
2705 1.6657908489852322
2706 3.6312138122641273
2837 3.086486636822455
2920 0.6795415285041667
2935 0.6320391945191633
2964 0.900435360084361
3005 3.6312138122641273
3192 1.0095482253607377
3295 5.8998973535824915
3404 2.465910149097345
3449 2.9470574476567433
3489 11.653583021413759
3516 2.0785287164224764
3578 0.6015799870344548
3588 5.206750173022546
3635 3.155949285956631
3647 4.216321028057695
3671 3.5645224377654547
3676 5.612215281130711
3690 1.4972514317058743
3715 8.580918882296782
3737 1.8055527913603908
3766 4.695924549256556
3774 5.176530251060562
3780 2.465910149097345
3961 7.887185369350739
3971 5.8998973535824915
3982 5.384656113033928
4008 3.21432000833234
4070 1.1068654304248302
4114 2.778075694131283
4164 10.567203262244037
4167 8.285023828373586
4181 4.8012850649143815
4298 2.9041650800285006
4522 0.5207142953092883
4562 6.6192603762733295
4636 5.910916748832102
4765 2.8300266669378042
4778 5.8998973535824915
4815 2.7218435232345457
4834 3.7026727762462723
4838 2.9461134062376346
4852 2.517433460142734
4882 2.130975191795019
4988 3.7796338173824005
5039 2.735829765209286
5083 1.5735596247691985
5122 2.7938170228596353
5161 3.047265923669174
5270 4.433560284789064
5339 3.5352801356947183
5525 3.3096301881366648
5528 2.875656022470147
5615 6.149249255617299
5636 5.946315903030904
5687 2.0785287164224764
5711 2.6290617897835795
5713 4.359452312635343
5820 5.612215281130711
5839 2.579669034454003
5852 7.462950407201253
5900 2.8553749158590684
5901 2.455214859980597
5983 1.9878743481543455
6049 2.035665011990694
6123 2.288979440938267
6235 1.2270685191205855
6351 2.8088549002241754
6365 3.9074671888922854
6530 3.3609234825242154
6536 4.05407066308416
6590 3.8204558119026557
6754 1.2024518914852294
6773 4.600614369452231
6816 3.3875917296063767
7048 12.85728003332936
7104 -0.6634879166512921
7157 3.8630154263214513
7170 1.6186122887101415
7218 5.052599493195288
7462 1.942263836902293
7497 1.4028006446333317
7516 4.8012850649143815
7517 5.206750173022546
7534 1.242767428663689
7552 3.8973072700021283
7569 2.0341908619922413
7578 2.607686396804592
7633 3.7490913256946845
7906 2.8679784698558155
7907 2.6418008155610093
7932 3.7490913256946845
7991 2.629859749823839
8144 5.052599493195288
8145 6.9985096422506015
8149 5.389071729816501
8439 1.4072724119651276
8478 7.004004161568242
8566 10.039493090073845
8621 5.283601631122019
8641 5.052599493195288
8904 2.1863252868781835
8965 9.602570129828763
8985 4.8012850649143815
9079 5.206750173022546
9122 2.7489842721265254
9151 1.258716730071367
9170 0.6116303228879563
9204 2.5098732725184614
9223 6.094531847338348
9270 3.1066893441399746
9337 10.413500346045092
9358 5.206750173022546
9445 2.973157951515452
9471 5.389071729816501
9481 1.7727629685373998
9499 8.216275768708874
9531 5.01190042038306
9970 0.9675939027561428
10006 5.3888890980928625
10030 2.413542163580029
10031 2.498699971920336
10114 1.3014161557451966
10206 8.00555473739322
10329 -0.4201813914191953
10422 1.4175881426832082
10667 3.9539872045271784
10868 -1.482888582494811
10884 3.502002080784121
10962 5.258123579567159
11102 1.3304600282218215
11168 1.2781978656431896
11299 -0.5211827618659379
11418 3.597312260588446
11491 1.8745456628473423
11539 7.34540277369589
11580 2.5441623459970937
11646 7.062356229327685
11769 1.6466515087745348
11840 1.6902419448493964
11850 4.910429719961194
11969 0.7582337970798316
12022 2.4245770950049366
12047 1.4416815805510634
12049 2.5676928434072877
12089 2.8088549002241754
12122 1.1963912668735384
12128 4.359452312635343
12213 3.047265923669174
12254 2.335070548138534
12263 2.579669034454003
12375 3.260840023967233
12400 2.9209721983448818
12488 11.615487655341806
12489 6.474619053114077
12503 13.366950106709618
12529 3.502002080784121
12553 1.0715836162801904
12674 1.5779746429783155
12826 5.047749379085637
12833 0.9630282097258448
12853 2.304141734385754
12904 3.4431615807611875
12968 3.047265923669174
12972 2.8553749158590684
12991 3.1066893441399746
13000 4.165296298194385
13135 4.359452312635343
13197 3.2849375755462935
13208 1.3115342859107813
13319 1.8055527913603908
13340 5.052599493195288
13346 2.9041650800285006
13358 4.695924549256556
13359 5.258123579567159
13360 4.05407066308416
13440 1.4770487243883548
13453 5.206750173022546
13508 1.7255100836868542
13553 -0.37046075994419203
13572 3.7490913256946845
13637 4.108137884354437
13718 1.3425178314307487
13760 3.7796338173824005
13761 2.6040604875781623
13830 5.389071729816501
13915 5.612215281130711
13919 3.597312260588446
13922 1.8986432144264027
13944 3.9074671888922854
14135 4.708237486218457
14136 1.4810567457858934
14152 4.695924549256556
14188 3.597312260588446
14435 2.3933394562625097
14490 3.3096301881366648
14498 3.0282177286984795
14507 1.8510151654371483
14577 4.433560284789064
14906 0.4013639403639497
14916 5.389071729816501
15187 3.989126672610284
15189 5.8998973535824915
15224 2.9041650800285006
15332 -7.761558650728101
15344 4.513602992462601
15363 2.555858385760285
15370 4.290459441148391
15478 4.359452312635343
15515 7.332610264150794
15517 1.886521853894058
15600 3.009525595686327
15648 2.5676928434072877
15677 1.5779746429783155
15700 4.22592092001082
