108
391 4.513602992462601
533 4.695924549256556
1060 0.06216690641655154
1379 0.5370414658968836
1381 5.309408440793835
1404 1.3708885285599641
1685 3.2373095265570386
1686 2.309930450438483
1750 1.1068654304248302
1884 1.9486536350010641
1893 1.7567626271909589
1968 4.165296298194385
2217 2.4876501357337513
2267 6.305362461690656
2404 4.165296298194385
2450 -0.6108568957036107
2631 0.21292199724267172
2668 21.012012484704726
2669 9.11179954838386
2755 6.521680047934466
2810 3.597312260588446
2920 0.6795415285041667
2935 0.6320391945191633
3017 6.305362461690656
3812 2.2535775138873513
4258 3.3096301881366648
4277 3.7026727762462723
4319 2.049749751872433
4522 0.5207142953092883
4768 16.167215189449504
4809 5.617709800448351
4813 2.236335707452845
4912 1.9296054400303697
5232 3.3096301881366648
5324 29.04971049811302
5414 28.876357780772896
5978 5.389071729816501
6043 1.5913378707904824
6088 3.644053379762591
6123 2.288979440938267
6156 5.400037832954326
6302 4.165296298194385
6307 3.2373095265570386
6368 2.5098732725184614
6390 3.047265923669174
6595 2.4237986637472186
6729 2.1944885975173447
6769 6.9985096422506015
6872 2.6095550068958033
7104 -3.3174395832564607
8196 4.919068100570765
8736 1.1933746733341126
8848 3.0666840095262753
9016 5.612215281130711
9204 2.5098732725184614
9282 1.4533321977710387
9353 7.430163195604683
9709 1.082307579643166
9817 1.3183370332335338
9978 4.05407066308416
10233 3.4431615807611875
10329 -0.21009069570959765
10431 4.33119691745374
10530 5.8998973535824915
10566 5.612215281130711
10776 9.027205984925201
11027 3.834593596929569
11032 1.087712998210074
11046 7.180018368787529
11117 14.087773647769666
11157 4.600614369452231
11299 -0.5211827618659379
11450 2.262311193856106
11484 3.6312138122641273
11570 1.1933746733341126
11816 1.9296054400303697
11905 3.2849375755462935
12196 4.165296298194385
12345 4.600614369452231
12383 1.2523064517104479
12435 3.8204558119026557
12818 3.1483620405405426
13108 2.2800107709555064
13863 12.610724923381312
13867 1.087712998210074
13978 4.00277736869661
13989 8.45184184002164
14165 2.8088549002241754
14237 -0.6972483483041599
14267 -0.7647387866270302
14431 2.06986059726431
14463 1.67063347346102
14493 3.3096301881366648
14498 6.056435457396959
14501 2.1863252868781835
14563 2.6418008155610093
14571 3.2373095265570386
14884 5.389071729816501
15024 3.2373095265570386
15332 -3.1046234602912404
15341 4.7758447503760735
15471 0.6940608398286201
15593 3.597312260588446
15737 11.224430562261421
15771 0.11547857397324697
15827 1.9109133070182172
15828 3.2794433825880924
15829 3.7796338173824005
