238
194 1.5399972773188362
209 5.100576827107694
254 2.498699971920336
288 5.206750173022546
327 2.20271909665386
407 4.695924549256556
480 4.359452312635343
520 5.052599493195288
521 1.8986432144264027
530 5.33555260392854
607 5.042345655544789
666 3.260840023967233
695 2.9911764570181303
810 5.679253117781859
811 5.389071729816501
862 2.344549292093078
873 4.8012850649143815
874 3.2849375755462935
899 4.22592092001082
927 2.0785287164224764
969 4.359452312635343
978 2.298029276458185
992 5.8998973535824915
1379 0.5370414658968836
1404 2.7417770571199283
1893 3.5135252543819178
2027 2.7938170228596353
2036 3.8973072700021283
2070 1.4730567031188173
2087 5.775271556154579
2155 3.9539872045271784
2271 0.34178311807220957
2297 4.513602992462601
2351 1.5647876386963615
2424 2.219386149139072
2450 -0.6108568957036107
2484 2.629859749823839
2538 1.422560539104285
2555 5.206750173022546
2674 1.0272478024601386
2705 1.6657908489852322
2837 3.086486636822455
2920 0.6795415285041667
2935 0.6320391945191633
3117 3.2373095265570386
3192 1.0095482253607377
3404 2.465910149097345
3449 3.929409930208991
3489 5.8267915107068795
3588 5.206750173022546
3612 3.1918471524802814
3635 3.155949285956631
3647 2.1081605140288473
3715 4.290459441148391
3766 4.695924549256556
3774 5.176530251060562
3780 2.465910149097345
3961 5.258123579567159
3982 5.384656113033928
4114 2.778075694131283
4164 10.567203262244037
4167 8.285023828373586
4181 4.8012850649143815
4223 2.1863252868781835
4298 2.9041650800285006
4319 2.049749751872433
4405 1.3460204619819507
4522 0.2603571476546441
4549 2.6418008155610093
4562 6.6192603762733295
4636 2.955458374416051
4838 4.419170109356452
4882 2.130975191795019
4988 3.7796338173824005
5067 2.2278250177849364
5083 3.147119249538397
5122 2.7938170228596353
5161 6.094531847338348
5270 4.433560284789064
5339 2.356853423796479
5470 3.740413104229119
5528 2.875656022470147
5615 14.348248263107031
5636 5.946315903030904
5687 4.157057432844953
5692 6.305362461690656
5709 4.290459441148391
5711 2.6290617897835795
5715 3.502002080784121
5852 4.9753002714675025
5937 4.165296298194385
6140 2.211017899468555
6169 2.4033897921160112
6219 2.298029276458185
6235 1.2270685191205855
6351 2.8088549002241754
6365 3.9074671888922854
6488 3.0666840095262753
6530 3.3609234825242154
6773 4.600614369452231
6816 3.3875917296063767
7048 19.28592004999404
7170 1.6186122887101415
7218 5.052599493195288
7418 3.1483620405405426
7497 2.1042009669499975
7516 4.8012850649143815
7517 5.206750173022546
7543 4.919068100570765
7552 3.8973072700021283
7569 2.0341908619922413
7578 0.5215372793609184
7633 1.8745456628473423
7731 2.001297368486486
7747 5.8998973535824915
7813 1.0145733615634107
7892 1.5517722705842913
7906 2.8679784698558155
7907 2.6418008155610093
7932 1.8745456628473423
7991 3.944789624735759
8144 5.052599493195288
8149 5.389071729816501
8439 1.8763632159535035
8456 4.433560284789064
8478 7.004004161568242
8566 10.039493090073845
8621 2.6418008155610093
8660 1.675499663112193
8723 1.5262389685791264
8904 2.1863252868781835
9079 5.206750173022546
9092 2.973157951515452
9151 1.258716730071367
9170 0.6116303228879563
9270 3.1066893441399746
9355 2.1782280766455644
9445 2.973157951515452
9448 4.290459441148391
9471 5.389071729816501
9482 4.919068100570765
9499 8.216275768708874
9531 3.34126694692204
9554 1.271661894663404
9970 1.4513908541342142
10006 5.3888890980928625
10030 2.413542163580029
10031 4.997399943840672
10114 1.3014161557451966
10206 4.00277736869661
10258 1.8000126109847754
10329 -0.4201813914191953
10422 0.7087940713416041
10431 0.7218661529089567
10667 3.9539872045271784
10868 -1.6682496553066624
10962 2.6290617897835795
11032 1.087712998210074
11035 4.8012850649143815
11041 3.47214911763444
11102 1.3304600282218215
11168 1.2781978656431896
11218 0.5720211847929105
11299 -0.5211827618659379
11474 5.389071729816501
11524 1.5178707189086098
11539 8.814483328435067
11580 2.5441623459970937
11646 7.062356229327685
11840 1.6902419448493964
11850 2.455214859980597
11959 2.2449194511442365
11969 0.7582337970798316
11988 6.305362461690656
12022 2.0204809125041137
12049 7.7030785302218625
12089 2.8088549002241754
12122 1.1963912668735384
12128 4.359452312635343
12216 2.87137525720551
12254 2.335070548138534
12263 2.579669034454003
12341 2.8088549002241754
12400 2.9209721983448818
12488 19.359146092236344
12489 6.474619053114077
12503 13.366950106709618
12529 3.502002080784121
12553 2.1431672325603808
12674 1.5779746429783155
12781 2.498699971920336
12826 5.047749379085637
12833 0.9630282097258448
12853 3.456212601578631
12904 6.886323161522375
12921 3.740413104229119
13135 4.359452312635343
13180 3.666305132075397
13208 1.3115342859107813
13209 3.6312138122641273
13340 5.052599493195288
13346 2.9041650800285006
13358 4.695924549256556
13359 5.258123579567159
13360 4.05407066308416
13453 5.206750173022546
13460 2.955458374416051
13572 3.7490913256946845
13637 4.108137884354437
13653 5.389071729816501
13759 2.955458374416051
13760 3.7796338173824005
13830 5.389071729816501
13847 5.389071729816501
13890 2.681021528714291
13919 3.597312260588446
13922 5.695929643279208
13944 3.9074671888922854
14135 4.708237486218457
14136 1.4810567457858934
14143 4.05407066308416
14152 4.695924549256556
14237 -0.6972483483041599
14267 -0.3823693933135151
14435 2.3933394562625097
14507 1.8510151654371483
14756 4.359452312635343
15187 1.994563336305142
15224 2.9041650800285006
15332 -9.313870380873722
15363 2.555858385760285
15370 4.290459441148391
15422 5.8998973535824915
15435 2.750014400201242
15515 3.666305132075397
15517 1.886521853894058
15600 3.009525595686327
15700 4.22592092001082
