180
209 1.7001922757025645
530 2.66777630196427
619 3.666305132075397
656 5.206750173022546
695 2.9911764570181303
969 4.359452312635343
1060 0.3108345320827577
1379 2.1481658635875345
1525 6.305362461690656
1624 3.7026727762462723
1850 3.0666840095262753
2017 3.3875917296063767
2201 2.035665011990694
2357 2.3747372985478017
2396 10.105198986390576
2406 2.9209721983448818
2555 5.206750173022546
2660 5.8998973535824915
2674 2.054495604920277
2705 1.6657908489852322
2802 6.9985096422506015
2884 5.8998973535824915
2940 1.6278716141229383
2977 3.47214911763444
3048 2.5098732725184614
3143 2.219386149139072
3404 4.93182029819469
3407 2.085854756514549
3449 0.9823524825522477
3461 3.3609234825242154
3489 5.8267915107068795
3586 3.2849375755462935
3635 1.5779746429783155
3657 2.6164830075767194
3698 4.8012850649143815
3774 1.7255100836868542
3898 6.094531847338348
4021 1.5054481989100525
4114 1.3890378470656415
4164 7.925402446683028
4205 3.666305132075397
4298 5.808330160057001
4319 2.049749751872433
4405 1.3460204619819507
4446 6.9985096422506015
4468 4.05407066308416
4522 0.2603571476546441
4549 2.6418008155610093
4586 3.009525595686327
4612 4.05407066308416
4663 7.726030852642903
4711 1.9296054400303697
4815 2.7218435232345457
4834 3.7026727762462723
4838 2.9461134062376346
5012 4.108137884354437
5014 2.3541187431092285
5029 3.2373095265570386
5043 3.502002080784121
5119 2.3933394562625097
5122 2.7938170228596353
5161 3.047265923669174
5339 1.1784267118982394
5352 6.305362461690656
5525 3.3096301881366648
5528 2.875656022470147
5590 1.4533321977710387
5615 2.049749751872433
5668 2.955458374416051
5809 2.363780654020965
5929 3.3096301881366648
6155 4.359452312635343
6156 1.8000126109847754
6158 2.455214859980597
6228 1.2947271675944
6235 1.2270685191205855
6256 5.206750173022546
6328 3.8630154263214513
6402 1.4112609838503516
6453 4.8012850649143815
6548 2.0785287164224764
6645 5.206750173022546
6819 1.7153059135126125
6853 3.260840023967233
7048 3.21432000833234
7161 4.513602992462601
7170 1.6186122887101415
7197 1.730651483187273
7312 2.3163784151263815
7377 5.052599493195288
7435 3.8204558119026557
7487 1.8167260919585162
7497 2.1042009669499975
7534 1.242767428663689
7543 4.919068100570765
7569 1.0170954309961207
7578 0.5215372793609184
7633 3.7490913256946845
8113 6.9985096422506015
8223 6.9985096422506015
8566 7.529619817555384
8593 4.165296298194385
8621 2.6418008155610093
8641 10.105198986390576
8723 1.5262389685791264
8741 9.259459910467365
8906 3.047265923669174
8957 5.052599493195288
8962 5.052599493195288
8975 2.3933394562625097
8979 1.7890234894091803
9044 3.8630154263214513
9079 5.206750173022546
9106 1.0850066366123312
9166 4.513602992462601
9170 0.6116303228879563
9193 12.610724923381312
9214 12.495888894583157
9276 2.6944445490464313
9482 4.919068100570765
9531 1.67063347346102
9765 1.7835738846416156
9808 3.009525595686327
9956 3.47214911763444
9977 3.8630154263214513
10006 2.6944445490464313
10031 9.994799887681344
10046 5.389071729816501
10422 1.4175881426832082
10868 -0.5560832184355542
10998 4.8012850649143815
11011 4.22592092001082
11270 4.05407066308416
11539 1.4690805547391779
11544 5.8998973535824915
11689 6.9985096422506015
11769 1.6466515087745348
12022 0.8081923650016455
12047 2.883363161102127
12049 2.5676928434072877
12057 4.20133968459938
12156 6.9985096422506015
12189 4.513602992462601
12246 4.290459441148391
12263 2.579669034454003
12357 2.1701959049483
12383 1.2523064517104479
12488 1.9359146092236343
12489 3.2373095265570386
12529 3.502002080784121
12824 9.83813620114153
13000 4.165296298194385
13284 4.919068100570765
13289 1.7410142702228197
13317 4.290459441148391
13547 1.6003469407328483
13672 3.052477937158253
13867 1.087712998210074
13922 5.695929643279208
14118 3.8630154263214513
14267 -0.3823693933135151
14392 3.7796338173824005
14449 3.21432000833234
14490 3.3096301881366648
14558 2.476721065201561
14651 4.513602992462601
14662 9.83813620114153
15194 6.9985096422506015
15302 3.3609234825242154
15317 3.0666840095262753
15332 -10.866182111019342
15415 2.824122372354964
15435 2.750014400201242
15517 1.886521853894058
15648 2.5676928434072877
15672 1.4550424207846036
15677 1.5779746429783155
15762 3.9074671888922854
15771 0.023095714794649395
15814 2.262311193856106
