121
15 5.389071729816501
889 4.513602992462601
1060 0.12433381283310307
1379 1.0740829317937672
1404 1.3708885285599641
1896 7.134295538566462
1902 2.0149030205422647
1986 2.4237986637472186
2166 2.6418008155610093
2217 7.462950407201253
2334 0.7939518796819108
2351 1.5647876386963615
2446 5.065203047192035
2513 1.8280256472124494
2560 6.9985096422506015
2674 1.0272478024601386
2820 9.778531002600241
2910 3.740413104229119
2964 0.900435360084361
3896 1.403798262648762
3987 4.359452312635343
4021 1.5054481989100525
4241 2.4033897921160112
4334 3.1698682457615064
4432 3.740413104229119
4437 2.4033897921160112
4481 4.292958756661968
4846 2.021775899830027
4976 2.288979440938267
4992 3.260840023967233
5203 5.052599493195288
5484 0.9464204733261844
5541 4.290459441148391
5630 0.23830767558032406
5905 1.7835738846416156
5923 4.919068100570765
5964 3.1273086313427103
6064 2.138697237888929
6411 2.434161450782765
6595 2.4237986637472186
6620 4.199402954007755
6628 3.1918471524802814
6908 0.6707538925195963
7104 -1.3269758333025843
7482 1.8055527913603908
7497 0.7014003223166658
7503 4.695924549256556
7555 3.740413104229119
7713 3.1066893441399746
7715 9.027205984925201
7734 3.3096301881366648
7837 4.359452312635343
7887 2.973157951515452
7986 3.597312260588446
8032 1.5324768712979722
8041 3.597312260588446
8043 1.730651483187273
8168 9.873145607021623
8169 16.331061139407275
8306 3.7026727762462723
8315 2.764403137653342
8673 3.740413104229119
8710 0.551203779709388
8749 3.0666840095262753
8837 3.1698682457615064
8856 4.632756830252763
8880 1.67063347346102
9554 1.271661894663404
9711 3.7372218546550555
9729 5.972712425272953
10058 2.6040604875781623
10233 3.4431615807611875
10422 0.7087940713416041
10487 1.981229805435677
10532 2.9209721983448818
10609 3.5327737394508745
10699 2.298029276458185
10838 4.600614369452231
10914 2.727440078162703
10920 2.20271909665386
11037 4.05407066308416
11140 2.15432255579201
11168 1.2781978656431896
11218 0.5720211847929105
11299 -0.5211827618659379
11304 1.2054960338664575
11406 2.6418008155610093
11481 1.6186122887101415
11570 1.1933746733341126
12022 0.40409618250082274
12040 3.5645224377654547
12060 1.5220460903190904
12078 1.3637200390813515
12122 1.1963912668735384
12455 -0.2152586658680402
12578 2.4237986637472186
12707 2.2278250177849364
12752 4.919068100570765
13001 2.9461134062376346
13314 2.0286963426746007
13319 1.8055527913603908
13438 2.555858385760285
13471 2.6040604875781623
13508 1.7255100836868542
13634 6.9985096422506015
13704 4.695924549256556
13850 6.9985096422506015
13867 2.175425996420148
14044 1.4611753752320646
14136 1.4810567457858934
14174 1.7945029551738059
14237 -2.7889933932166397
14381 0.2288676653980985
14431 1.034930298632155
14544 3.666305132075397
14682 1.5431885268928998
14692 2.8396265588909295
15089 3.3349479961209547
15279 3.21432000833234
15348 2.10066984229969
15471 0.6940608398286201
