66
529 4.695924549256556
862 2.344549292093078
927 2.0785287164224764
992 5.8998973535824915
1928 2.4876501357337513
2064 1.5647876386963615
2269 1.8686109273275278
2271 0.34178311807220957
2424 2.219386149139072
2450 -1.2217137914072214
2592 2.938066631704182
2618 6.9985096422506015
3117 3.2373095265570386
3774 1.7255100836868542
3780 2.465910149097345
4114 1.3890378470656415
4636 2.955458374416051
4765 2.8300266669378042
4838 1.4730567031188173
4882 2.130975191795019
5116 1.961557039836972
5241 4.433560284789064
5528 2.875656022470147
5615 6.149249255617299
5687 2.0785287164224764
7048 3.21432000833234
7104 -1.3269758333025843
7462 3.884527673804586
7497 0.7014003223166658
7516 4.8012850649143815
7664 6.9985096422506015
7991 1.3149298749119196
8444 3.5780469788183606
8456 4.433560284789064
8621 2.6418008155610093
8906 3.047265923669174
9092 2.973157951515452
9122 1.3744921360632627
9170 0.6116303228879563
9970 0.4837969513780714
10393 1.9746291214043248
10868 -0.37072214562370276
11032 1.087712998210074
11041 3.47214911763444
11299 -0.5211827618659379
11539 1.4690805547391779
11850 2.455214859980597
11908 1.5346778372249912
12022 0.40409618250082274
12047 1.4416815805510634
12049 2.5676928434072877
12263 2.579669034454003
12455 -0.2152586658680402
12488 5.807743827670903
12489 3.2373095265570386
12674 1.5779746429783155
12921 3.740413104229119
12929 3.7026727762462723
13890 2.681021528714291
14606 3.6312138122641273
14637 3.3349479961209547
15121 4.760590771186684
15648 2.5676928434072877
15672 0.7275212103923018
15702 2.8553749158590684
15794 2.5676928434072877
