78
422 2.66777630196427
582 5.389071729816501
1836 2.5326015235960173
2021 2.70805020110221
2159 3.502002080784121
2351 3.129575277392723
2424 2.219386149139072
2444 3.666305132075397
2450 -1.2217137914072214
2862 1.4690805547391779
3586 3.2849375755462935
3614 1.4378280112350734
3615 12.495888894583157
3991 2.8088549002241754
4114 4.167113541196924
4381 2.0149030205422647
4522 0.5207142953092883
4531 5.362043057428582
4537 3.0588716320484384
4691 13.300680854367194
4871 2.4876501357337513
4878 1.3672978604292356
4947 3.414990703794491
5630 0.23830767558032406
5687 2.0785287164224764
5736 2.8088549002241754
6402 1.4112609838503516
6433 0.5154022907934025
6622 2.579669034454003
6673 4.00277736869661
6754 1.2024518914852294
6908 0.33537694625979814
7051 1.8167260919585162
7104 -1.3269758333025843
7286 1.4112609838503516
7789 4.8012850649143815
8123 4.982914687647849
8124 5.946315903030904
8710 0.551203779709388
9024 8.718904625270685
9161 4.600614369452231
9345 2.66777630196427
9537 0.6546292081242703
9733 1.0850066366123312
9834 6.9985096422506015
9970 0.4837969513780714
10069 3.4431615807611875
10307 2.5676928434072877
10447 0.6099482367049713
10517 7.450844820801358
11051 2.9209721983448818
11218 0.5720211847929105
11304 1.2054960338664575
11459 3.047265923669174
11524 3.0357414378172196
11687 8.867120569578129
11939 8.043064586142872
11977 3.7026727762462723
12022 0.40409618250082274
12062 3.47214911763444
12104 3.2373095265570386
12122 1.1963912668735384
12254 2.335070548138534
12377 1.3460204619819507
12383 1.2523064517104479
12960 3.1918471524802814
13553 -0.7409215198883841
13730 5.052599493195288
13891 1.2131850577159984
13897 5.443687046469091
14136 1.4810567457858934
14267 -0.3823693933135151
15210 4.919068100570765
15241 1.7462362142039713
15283 4.47267141490569
15317 3.0666840095262753
15332 -9.313870380873722
15517 1.886521853894058
