97
174 1.6232312345664361
194 0.7699986386594181
241 1.6902419448493964
314 6.305362461690656
574 5.206750173022546
862 2.344549292093078
927 2.0785287164224764
1938 2.66777630196427
1977 2.6040604875781623
2036 1.9486536350010641
2240 1.65617539028579
2269 1.8686109273275278
2450 -1.2217137914072214
2538 1.422560539104285
2592 2.938066631704182
2622 4.695924549256556
3117 3.2373095265570386
3143 2.219386149139072
3430 5.612215281130711
3449 0.9823524825522477
3489 1.942263836902293
3635 1.5779746429783155
3700 1.2947271675944
3780 2.465910149097345
4021 1.5054481989100525
4205 3.666305132075397
4319 2.049749751872433
4438 3.47214911763444
4636 5.910916748832102
4695 5.74275051441102
4852 3.7761501902141013
5156 2.211017899468555
5161 3.047265923669174
5528 1.4378280112350734
5590 2.9066643955420775
5615 6.149249255617299
5809 2.363780654020965
5900 2.8553749158590684
6088 1.2146844599208637
6235 1.2270685191205855
6402 1.4112609838503516
6498 6.9985096422506015
7048 6.42864001666468
7049 6.305362461690656
7170 1.6186122887101415
7299 5.710749831718137
7325 2.8088549002241754
7427 3.9074671888922854
7813 1.0145733615634107
8107 5.206750173022546
8456 4.433560284789064
8621 2.6418008155610093
9092 2.973157951515452
9170 0.6116303228879563
9970 0.4837969513780714
10030 2.413542163580029
10114 1.3014161557451966
10191 4.433560284789064
10437 1.3672978604292356
10749 1.1754637467675824
10868 -0.18536107281185138
11041 3.47214911763444
11287 2.0286963426746007
11386 2.1157077196642304
11539 1.4690805547391779
11778 2.8553749158590684
11850 4.910429719961194
11908 1.5346778372249912
11959 4.489838902288473
12047 1.4416815805510634
12216 2.87137525720551
12455 -0.2152586658680402
12488 5.807743827670903
12489 3.2373095265570386
12674 1.5779746429783155
12676 5.052599493195288
12921 3.740413104229119
13613 1.8111238364098463
13651 5.389071729816501
13681 2.498699971920336
13750 2.162227735299123
13922 1.8986432144264027
14104 3.420485223112132
14322 6.9985096422506015
14381 0.2288676653980985
14416 0.7739512129752414
14435 4.786678912525019
14461 3.740413104229119
14463 1.67063347346102
15187 1.994563336305142
15332 -1.5523117301456202
15386 5.8998973535824915
15424 1.8111238364098463
15672 0.7275212103923018
15677 1.5779746429783155
15771 0.023095714794649395
15794 2.5676928434072877
