138
199 10.413500346045092
241 1.6902419448493964
279 2.6418008155610093
327 2.20271909665386
356 2.591790394986348
424 4.513602992462601
453 5.8998973535824915
459 4.8012850649143815
460 4.359452312635343
500 2.1701959049483
512 2.0785287164224764
529 4.695924549256556
889 9.027205984925201
1379 2.1481658635875345
1381 2.6547042203969173
1404 1.3708885285599641
1416 4.359452312635343
1604 6.9985096422506015
1616 5.8998973535824915
1690 2.455214859980597
1794 5.612215281130711
1929 2.1081605140288473
2247 2.219386149139072
2303 5.389071729816501
2450 -1.832570687110832
2488 7.559267634764801
2577 3.5327737394508745
2627 5.8998973535824915
2646 4.22592092001082
2665 4.695924549256556
2669 9.11179954838386
2696 4.359452312635343
2788 3.3096301881366648
2919 2.1944885975173447
2920 0.6795415285041667
2924 2.0286963426746007
2935 0.6320391945191633
3407 2.085854756514549
3658 2.938066631704182
3774 1.7255100836868542
3788 2.750014400201242
3812 2.2535775138873513
3944 11.224430562261421
4500 2.8396265588909295
4537 3.0588716320484384
4750 0.33155284982139466
5331 3.2373095265570386
5339 3.5352801356947183
5436 2.8876357780772897
5494 6.305362461690656
5973 1.4770487243883548
6026 5.33555260392854
6156 1.8000126109847754
6482 4.22592092001082
6688 1.8925641683500207
6941 6.534684229936693
7104 -1.9904637499538764
7203 3.1066893441399746
7387 9.201228738904462
7462 3.884527673804586
7484 5.612215281130711
7527 2.681021528714291
7764 1.7052048175261088
8315 2.764403137653342
8680 36.024996318269494
8892 4.919068100570765
9122 1.3744921360632627
9170 0.6116303228879563
9195 3.7026727762462723
9282 1.4533321977710387
9308 6.339736491523013
9376 3.5645224377654547
9400 3.1273086313427103
10067 5.206750173022546
10103 5.389071729816501
10422 0.7087940713416041
10431 4.33119691745374
10739 2.37353682896633
10833 6.9985096422506015
10929 6.213378688279949
11027 6.390989328215948
11046 9.573357825050039
11168 1.2781978656431896
11359 5.206750173022546
11397 4.22592092001082
11579 11.224430562261421
11634 13.238520752546659
11677 1.7255100836868542
11707 3.2373095265570386
11836 4.74707365793266
11841 2.8396265588909295
11842 4.8012850649143815
12115 6.9985096422506015
12216 5.74275051441102
12273 7.405345552492545
12407 0.83519483821596
12451 2.6290617897835795
12455 -0.2152586658680402
12499 4.542243647076521
12721 1.8452180477528222
12850 3.502002080784121
12992 2.3256808077886952
13088 2.7790019370744945
13153 6.683475053354809
13327 5.612215281130711
13538 3.414990703794491
13547 4.801040822198545
13747 8.867120569578129
13838 2.3163784151263815
13867 1.087712998210074
13911 5.389071729816501
13989 4.22592092001082
14115 2.973157951515452
14165 19.661984301569227
14237 -0.6972483483041599
14267 -0.7647387866270302
14381 0.2288676653980985
14392 3.7796338173824005
14403 4.8892655013001205
14416 0.7739512129752414
14486 2.6164830075767194
14501 8.745301147512734
14623 6.9985096422506015
15112 4.8012850649143815
15155 2.761644802964282
15286 5.052599493195288
15332 -9.313870380873722
15341 0.7959741250626788
15471 0.6940608398286201
15528 3.666305132075397
15593 3.597312260588446
15595 2.6641659082763383
15651 3.4131702563542063
15655 3.9539872045271784
15657 9.201228738904462
15771 0.06928714438394819
15814 4.524622387712212
15816 3.9539872045271784
