281
209 3.400384551405129
299 5.389071729816501
302 1.7153059135126125
310 4.00277736869661
373 2.750014400201242
389 1.6419233675785887
530 2.66777630196427
626 4.359452312635343
692 6.305362461690656
730 2.298029276458185
787 2.035665011990694
799 5.206750173022546
978 2.298029276458185
1060 0.12433381283310307
1111 6.305362461690656
1114 3.9074671888922854
1356 2.363780654020965
1379 2.1481658635875345
1381 2.6547042203969173
1442 6.305362461690656
1498 3.7796338173824005
1549 4.8012850649143815
1661 6.305362461690656
1686 1.1549652252192415
1750 1.1068654304248302
1820 3.3875917296063767
1850 6.133368019052551
2030 3.3349479961209547
2201 2.035665011990694
2233 3.260840023967233
2240 1.65617539028579
2271 0.34178311807220957
2327 15.629868755569142
2349 4.22592092001082
2398 3.740413104229119
2450 -0.6108568957036107
2484 1.3149298749119196
2519 1.6902419448493964
2538 4.267681617312855
2626 8.580918882296782
2703 4.513602992462601
2705 1.6657908489852322
2837 6.17297327364491
2920 1.3590830570083334
2940 3.2557432282458767
2943 3.4431615807611875
2964 0.900435360084361
3045 5.389071729816501
3117 3.2373095265570386
3143 2.219386149139072
3152 6.305362461690656
3198 4.359452312635343
3205 3.1273086313427103
3245 5.8998973535824915
3356 4.513602992462601
3489 3.884527673804586
3531 5.206750173022546
3561 5.389071729816501
3578 1.8047399611033645
3766 4.695924549256556
3949 2.7790019370744945
3961 2.6290617897835795
3985 2.5098732725184614
4021 4.516344596730158
4034 4.8012850649143815
4082 3.9074671888922854
4164 10.567203262244037
4167 2.0712559570933964
4193 4.919068100570765
4468 8.10814132616832
4469 6.305362461690656
4500 8.518879676672789
4557 5.8998973535824915
4562 3.3096301881366648
4576 4.171709513029098
4608 2.815045323479489
4612 4.05407066308416
4660 3.9074671888922854
4668 6.721846965048431
4743 4.513602992462601
4775 4.8012850649143815
4809 5.617709800448351
4838 1.4730567031188173
4878 1.3672978604292356
5029 6.474619053114077
5122 5.587634045719271
5124 5.8998973535824915
5161 12.189063694676696
5165 6.305362461690656
5173 3.7026727762462723
5309 2.5326015235960173
5470 7.480826208458238
5488 16.21628265233664
5525 9.928890564409993
5526 6.305362461690656
5527 5.8998973535824915
5528 1.4378280112350734
5592 5.206750173022546
5638 5.8998973535824915
5722 3.3609234825242154
5779 3.21432000833234
5960 3.6312138122641273
5993 0.8521803845817039
6014 5.206750173022546
6026 5.33555260392854
6079 3.502002080784121
6088 1.2146844599208637
6123 4.577958881876534
6206 4.22592092001082
6219 2.298029276458185
6256 5.206750173022546
6323 4.600614369452231
6335 2.476721065201561
6467 2.2535775138873513
6529 6.305362461690656
6536 4.05407066308416
6729 2.1944885975173447
6736 5.612215281130711
6754 1.2024518914852294
6801 4.433560284789064
6853 6.521680047934466
7018 5.8998973535824915
7025 2.0190964507214755
7028 2.764403137653342
7142 6.305362461690656
7144 6.305362461690656
7170 3.237224577420283
7312 2.3163784151263815
7430 9.928890564409993
7435 3.8204558119026557
7497 1.4028006446333317
7534 1.242767428663689
7547 5.206750173022546
7569 2.0341908619922413
7578 3.650760955526429
7582 5.8998973535824915
7584 6.305362461690656
7633 3.7490913256946845
7650 2.1081605140288473
7652 6.305362461690656
7764 1.7052048175261088
7906 2.8679784698558155
8131 6.305362461690656
8266 4.919068100570765
8316 5.389071729816501
8356 4.165296298194385
8378 5.612215281130711
8566 10.039493090073845
8736 3.580124020002338
8829 5.389071729816501
8880 1.67063347346102
8886 1.3081501879265407
8890 2.2800107709555064
8895 3.9539872045271784
8903 6.305362461690656
8993 2.973157951515452
9059 5.612215281130711
9166 4.513602992462601
9170 0.6116303228879563
9182 3.666305132075397
9270 3.1066893441399746
9297 5.389071729816501
9428 2.498699971920336
9482 4.919068100570765
9499 4.108137884354437
9602 2.2800107709555064
9605 5.206750173022546
9698 1.9878743481543455
9777 6.305362461690656
9808 3.009525595686327
9836 3.666305132075397
9839 5.389071729816501
10030 2.413542163580029
10031 7.4960999157610075
10221 2.434161450782765
10246 4.919068100570765
10422 1.4175881426832082
10498 15.620250519067639
10674 6.305362461690656
10734 2.735829765209286
10749 1.1754637467675824
10868 -0.37072214562370276
10930 3.502002080784121
10962 5.258123579567159
10973 2.7938170228596353
10990 3.597312260588446
10997 3.1483620405405426
11028 14.757204301712296
11051 2.9209721983448818
11060 5.8998973535824915
11131 4.433560284789064
11210 3.21432000833234
11331 4.290459441148391
11500 5.206750173022546
11524 1.5178707189086098
11576 3.3096301881366648
11625 1.457246097092175
11687 13.300680854367194
11698 5.8998973535824915
11713 4.290459441148391
11769 3.2933030175490696
11778 2.8553749158590684
11781 2.591790394986348
11804 3.7796338173824005
11816 1.9296054400303697
11850 2.455214859980597
11943 2.455214859980597
12047 1.4416815805510634
12049 7.7030785302218625
12128 4.359452312635343
12186 4.108137884354437
12241 2.579669034454003
12309 3.5645224377654547
12375 3.260840023967233
12383 2.5046129034208957
12476 4.108137884354437
12543 7.1290448755309095
12553 1.0715836162801904
12646 12.16221198925248
12850 3.502002080784121
12853 1.152070867192877
12878 3.5327737394508745
12997 3.502002080784121
13000 12.495888894583157
13057 7.640911623805311
13078 4.919068100570765
13080 0.8123010183501074
13289 3.4820285404456395
13312 5.910916748832102
13314 2.0286963426746007
13319 1.8055527913603908
13346 2.9041650800285006
13475 3.8204558119026557
13527 2.049749751872433
13670 5.232966015153439
13680 2.2449194511442365
13681 2.498699971920336
13718 1.3425178314307487
13766 4.8012850649143815
13767 2.6547042203969173
13834 4.00277736869661
13867 3.263138994630222
13903 6.305362461690656
13921 2.1782280766455644
13923 6.305362461690656
13951 4.22592092001082
13968 3.3349479961209547
13972 5.389071729816501
14159 4.600614369452231
14188 3.597312260588446
14237 -1.3944966966083199
14267 -1.1471081799405454
14308 4.128071418239819
14431 1.034930298632155
14463 5.01190042038306
14507 3.7020303308742966
14523 2.8553749158590684
15121 1.5868635903955612
15212 3.7796338173824005
15332 -20.18005249189306
15341 2.3879223751880367
15344 9.027205984925201
15348 8.40267936919876
15358 5.159338068908006
15363 5.11171677152057
15370 4.290459441148391
15418 2.1233123190494494
15435 2.750014400201242
15450 4.290459441148391
15478 4.359452312635343
15515 3.666305132075397
15551 2.3157359697544058
15578 1.7945029551738059
15644 5.8998973535824915
15648 5.135385686814575
15685 0.8716404581364162
15700 4.22592092001082
15712 4.165296298194385
15762 3.9074671888922854
15805 2.008077055471865
15861 3.597312260588446
