265
194 2.3099959159782544
209 5.100576827107694
254 2.498699971920336
288 5.206750173022546
327 2.20271909665386
353 5.8998973535824915
365 3.414990703794491
373 2.750014400201242
389 1.6419233675785887
434 6.9985096422506015
480 4.359452312635343
512 2.0785287164224764
530 2.66777630196427
589 6.305362461690656
666 3.260840023967233
695 5.982352914036261
698 4.22592092001082
717 2.8396265588909295
810 5.679253117781859
862 4.689098584186156
874 3.2849375755462935
923 5.8998973535824915
978 2.298029276458185
1037 5.389071729816501
1060 0.4973352513324123
1379 0.5370414658968836
1404 1.3708885285599641
1685 3.2373095265570386
1686 1.1549652252192415
1690 2.455214859980597
1750 1.1068654304248302
1900 4.290459441148391
2027 2.7938170228596353
2087 2.8876357780772897
2201 2.035665011990694
2233 3.260840023967233
2297 4.513602992462601
2450 -1.832570687110832
2484 1.3149298749119196
2595 5.042345655544789
2757 3.2849375755462935
2837 3.086486636822455
2893 2.5098732725184614
2920 0.6795415285041667
2935 0.6320391945191633
3005 3.6312138122641273
3143 4.438772298278144
3192 2.0190964507214755
3197 5.8998973535824915
3356 9.027205984925201
3423 3.7026727762462723
3489 3.884527673804586
3588 5.206750173022546
3635 3.155949285956631
3647 2.1081605140288473
3774 3.4510201673737084
3780 2.465910149097345
3827 3.2849375755462935
3896 1.403798262648762
3961 13.145308948917897
3982 1.0769312226067855
4070 1.1068654304248302
4114 1.3890378470656415
4164 15.850804893366057
4167 2.0712559570933964
4196 5.389071729816501
4223 4.372650573756367
4298 2.9041650800285006
4405 1.3460204619819507
4507 4.59605855291637
4549 2.6418008155610093
4608 1.4075226617397445
4636 8.866375123248154
4668 3.3609234825242154
4701 5.8998973535824915
4765 5.6600533338756085
4775 19.205140259657526
4783 2.1782280766455644
4838 7.365283515594086
4852 1.258716730071367
5039 5.471659530418572
5083 4.720678874307596
5122 2.7938170228596353
5181 2.288979440938267
5243 3.6312138122641273
5263 4.22592092001082
5318 3.1066893441399746
5319 3.086486636822455
5425 6.305362461690656
5527 5.8998973535824915
5528 2.875656022470147
5539 1.7153059135126125
5610 6.305362461690656
5615 6.149249255617299
5636 2.973157951515452
5668 2.955458374416051
5687 4.157057432844953
5711 2.6290617897835795
5852 2.4876501357337513
6169 2.4033897921160112
6182 6.9985096422506015
6206 4.22592092001082
6328 3.8630154263214513
6754 1.2024518914852294
6962 3.8630154263214513
6978 3.9539872045271784
7005 5.612215281130711
7025 1.0095482253607377
7041 6.305362461690656
7048 3.21432000833234
7170 1.6186122887101415
7215 2.344549292093078
7312 2.3163784151263815
7427 3.9074671888922854
7462 3.884527673804586
7569 1.0170954309961207
7578 2.0861491174436737
7622 2.764403137653342
7633 5.623636988542026
7638 11.108018328738817
7666 5.612215281130711
7685 5.389071729816501
7701 3.6312138122641273
7752 6.9985096422506015
7813 1.0145733615634107
7906 4.301967704783723
7990 5.389071729816501
7991 1.3149298749119196
8256 1.6803896484063847
8275 3.9539872045271784
8296 3.9539872045271784
8439 1.4072724119651276
8478 3.502002080784121
8566 15.059239635110767
8585 3.47214911763444
8621 13.209004077805046
8660 1.675499663112193
8846 6.305362461690656
8886 2.6163003758530814
8904 2.1863252868781835
9017 4.00277736869661
9095 4.513602992462601
9110 2.035665011990694
9170 1.2232606457759125
9292 2.5441623459970937
9300 6.9985096422506015
9310 3.4431615807611875
9445 8.919473854546355
9480 9.027205984925201
9531 5.01190042038306
9554 1.271661894663404
9733 1.0850066366123312
9761 4.695924549256556
9765 1.7835738846416156
9970 3.3865786596464997
9977 3.8630154263214513
10006 2.6944445490464313
10031 2.498699971920336
10048 5.389071729816501
10202 2.591790394986348
10206 4.00277736869661
10258 3.6000252219695508
10325 1.8925641683500207
10422 2.1263822140248125
10600 4.919068100570765
10601 3.740413104229119
10691 6.829981407588982
10738 5.8998973535824915
10805 3.666305132075397
10868 -1.2975275096829597
10872 1.6048820958982397
10880 3.6312138122641273
10930 3.502002080784121
11035 4.8012850649143815
11102 1.3304600282218215
11137 0.8870423027479227
11151 6.305362461690656
11180 6.305362461690656
11235 3.740413104229119
11254 4.695924549256556
11352 5.612215281130711
11524 1.5178707189086098
11539 5.8763222189567115
11570 2.3867493466682252
11576 3.3096301881366648
11742 5.389071729816501
11804 3.7796338173824005
11836 2.37353682896633
11840 3.3804838896987928
11850 2.455214859980597
11853 5.8998973535824915
11959 2.2449194511442365
12022 1.2122885475024683
12047 5.766726322204254
12049 5.135385686814575
12057 2.10066984229969
12128 4.359452312635343
12241 5.159338068908006
12245 4.290459441148391
12246 4.290459441148391
12357 2.1701959049483
12375 6.521680047934466
12488 9.679573046118172
12503 6.683475053354809
12506 4.919068100570765
12529 3.502002080784121
12553 3.214750848840571
12595 2.344549292093078
12735 5.052599493195288
12781 2.498699971920336
12826 1.2619373447714093
12853 1.152070867192877
12904 3.4431615807611875
13000 4.165296298194385
13108 2.2800107709555064
13169 3.3349479961209547
13174 4.695924549256556
13197 3.2849375755462935
13308 5.206750173022546
13340 5.052599493195288
13346 2.9041650800285006
13359 2.6290617897835795
13371 3.7026727762462723
13385 4.00277736869661
13423 3.9539872045271784
13510 5.8998973535824915
13553 -0.7409215198883841
13667 3.9539872045271784
13718 1.3425178314307487
13812 4.165296298194385
13838 2.3163784151263815
13867 3.263138994630222
13890 2.681021528714291
13921 2.1782280766455644
13922 3.7972864288528054
14015 6.305362461690656
14032 4.8012850649143815
14135 2.3541187431092285
14143 4.05407066308416
14153 2.4876501357337513
14237 -0.6972483483041599
14267 -0.7647387866270302
14381 0.2288676653980985
14416 0.7739512129752414
14431 1.034930298632155
14435 2.3933394562625097
14830 2.7790019370744945
14906 0.8027278807278994
15037 2.3163784151263815
15155 0.6904112007410705
15187 1.994563336305142
15245 6.305362461690656
15332 -7.761558650728101
15363 2.555858385760285
15457 4.359452312635343
15517 1.886521853894058
15600 6.019051191372654
15672 0.7275212103923018
15677 1.5779746429783155
15694 2.938066631704182
15700 4.22592092001082
15718 4.108137884354437
15762 3.9074671888922854
15771 0.023095714794649395
15832 6.9985096422506015
