236
174 4.869693703699308
194 1.5399972773188362
209 3.400384551405129
500 2.1701959049483
530 2.66777630196427
592 4.8892655013001205
626 4.359452312635343
627 5.206750173022546
668 6.9985096422506015
862 2.344549292093078
874 3.2849375755462935
899 4.22592092001082
927 2.0785287164224764
1928 2.4876501357337513
2024 6.9985096422506015
2069 6.9985096422506015
2070 1.4730567031188173
2081 5.612215281130711
2201 8.142660047962776
2240 8.28087695142895
2258 2.87137525720551
2271 0.6835662361444191
2406 2.9209721983448818
2450 -6.108568957036107
2484 2.629859749823839
2705 3.3315816979704644
2874 3.047265923669174
2935 0.6320391945191633
2963 4.05407066308416
3048 2.5098732725184614
3180 2.7938170228596353
3247 4.600614369452231
3392 2.20271909665386
3449 0.9823524825522477
3489 1.942263836902293
3578 0.6015799870344548
3597 2.8876357780772897
3618 5.612215281130711
3635 1.5779746429783155
3690 1.4972514317058743
3736 3.086486636822455
3774 1.7255100836868542
3780 2.465910149097345
3814 4.47267141490569
3849 4.8012850649143815
3982 1.0769312226067855
4063 4.433560284789064
4114 1.3890378470656415
4167 2.0712559570933964
4307 2.824122372354964
4319 2.049749751872433
4522 0.2603571476546441
4608 1.4075226617397445
4636 2.955458374416051
4750 0.33155284982139466
4765 1.4150133334689021
4773 4.108137884354437
4838 1.4730567031188173
4852 2.517433460142734
4934 3.7026727762462723
4996 4.290459441148391
5065 8.207489295627859
5122 5.587634045719271
5139 6.9985096422506015
5161 3.047265923669174
5319 3.086486636822455
5431 4.22592092001082
5528 2.875656022470147
5590 5.813328791084155
5615 8.198999007489732
5687 2.0785287164224764
5749 5.052599493195288
5809 4.72756130804193
5901 2.455214859980597
5902 4.05407066308416
5981 2.8553749158590684
6088 3.644053379762591
6122 3.502002080784121
6140 2.211017899468555
6235 3.681205557361756
6351 2.8088549002241754
6414 3.1483620405405426
6482 4.22592092001082
6721 2.383389125409342
6819 3.430611827025225
6864 5.8998973535824915
6872 1.3047775034479017
6971 3.597312260588446
7028 2.764403137653342
7104 -2.6539516666051686
7195 6.9985096422506015
7226 5.389071729816501
7312 2.3163784151263815
7325 2.8088549002241754
7377 5.052599493195288
7431 5.208120975156325
7462 1.942263836902293
7497 1.4028006446333317
7534 4.971069714654756
7552 1.9486536350010641
7569 4.068381723984483
7586 4.433560284789064
7633 5.623636988542026
7646 5.206750173022546
7692 2.2449194511442365
7764 1.7052048175261088
7904 2.211017899468555
7906 1.4339892349279078
7932 3.7490913256946845
7970 4.290459441148391
8060 3.9539872045271784
8316 10.778143459633002
8411 11.799794707164983
8621 2.6418008155610093
8623 10.778143459633002
8658 4.695924549256556
8736 3.580124020002338
8788 2.146479378330984
8816 1.7255100836868542
8880 1.67063347346102
8886 2.6163003758530814
8904 2.1863252868781835
8928 1.3355491621146554
8993 2.973157951515452
9017 4.00277736869661
9076 4.290459441148391
9092 2.973157951515452
9110 2.035665011990694
9127 4.22592092001082
9154 2.465910149097345
9170 1.2232606457759125
9308 6.339736491523013
9448 4.290459441148391
9531 3.34126694692204
9604 4.513602992462601
9641 2.6418008155610093
9643 5.8998973535824915
9660 5.206750173022546
9667 3.7796338173824005
9711 1.8686109273275278
9761 4.695924549256556
9765 1.7835738846416156
9786 3.1483620405405426
9841 10.413500346045092
10001 8.256142836479638
10015 3.5645224377654547
10114 3.9042484672355897
10221 2.434161450782765
10431 0.7218661529089567
10629 3.7026727762462723
10734 2.735829765209286
10770 2.4876501357337513
10868 -0.18536107281185138
10886 2.87137525720551
10889 3.086486636822455
10906 2.035665011990694
11023 1.2880826248757316
11041 3.47214911763444
11050 3.9539872045271784
11059 5.052599493195288
11080 3.8630154263214513
11235 7.480826208458238
11256 5.612215281130711
11344 3.1483620405405426
11539 1.4690805547391779
11576 3.3096301881366648
11625 1.457246097092175
11850 2.455214859980597
11908 1.5346778372249912
11959 6.73475835343271
11969 1.5164675941596633
12022 0.8081923650016455
12047 5.766726322204254
12049 2.5676928434072877
12078 1.3637200390813515
12263 2.579669034454003
12488 7.743658436894537
12489 3.2373095265570386
12503 2.2278250177849364
12512 12.610724923381312
12529 7.004004161568242
12553 1.0715836162801904
12558 2.4446327506500602
12595 2.344549292093078
12674 6.311898571913262
12675 6.9985096422506015
12785 2.8088549002241754
12833 0.9630282097258448
12921 3.740413104229119
12929 3.7026727762462723
13046 3.47214911763444
13289 1.7410142702228197
13310 10.998915396226192
13314 2.0286963426746007
13333 3.666305132075397
13403 3.502002080784121
13527 2.049749751872433
13553 -0.7409215198883841
13750 2.162227735299123
13890 10.724086114857164
13891 0.6065925288579992
13921 4.356456153291129
13922 7.594572857705611
14064 3.7026727762462723
14081 4.359452312635343
14118 7.726030852642903
14198 3.047265923669174
14237 -2.7889933932166397
14267 -1.1471081799405454
14381 0.457735330796197
14435 2.3933394562625097
14455 3.274434953082352
14523 2.8553749158590684
14558 2.476721065201561
14682 1.5431885268928998
14839 4.8012850649143815
14906 0.8027278807278994
15039 4.513602992462601
15121 3.1737271807911225
15155 0.6904112007410705
15187 1.994563336305142
15212 3.7796338173824005
15302 6.721846965048431
15317 3.0666840095262753
15332 -9.313870380873722
15386 5.8998973535824915
15413 1.2781978656431896
15418 2.1233123190494494
15424 3.6222476728196926
15443 6.9985096422506015
15517 1.886521853894058
15672 1.4550424207846036
15677 3.155949285956631
15702 5.710749831718137
15771 0.023095714794649395
15805 2.008077055471865
