40
174 1.6232312345664361
194 0.7699986386594181
530 2.66777630196427
787 2.035665011990694
1823 5.8998973535824915
2027 2.7938170228596353
2269 1.8686109273275278
2450 -0.6108568957036107
3780 2.465910149097345
4608 1.4075226617397445
4765 1.4150133334689021
4838 1.4730567031188173
5039 2.735829765209286
5528 2.875656022470147
5590 1.4533321977710387
5615 4.099499503744866
7164 4.290459441148391
7578 0.5215372793609184
7633 1.8745456628473423
8664 2.7938170228596353
9042 6.9985096422506015
9276 2.6944445490464313
10008 2.0568672196412967
10868 -0.18536107281185138
11969 0.7582337970798316
12047 1.4416815805510634
12137 2.498699971920336
12488 1.9359146092236343
12674 1.5779746429783155
12781 2.498699971920336
12968 3.047265923669174
13553 -0.37046075994419203
13681 2.498699971920336
13890 2.681021528714291
14309 1.5137127087599462
14455 1.637217476541176
14463 1.67063347346102
14906 0.4013639403639497
15465 5.052599493195288
15794 2.5676928434072877
