206
3 3.0666840095262753
52 5.8998973535824915
356 2.591790394986348
486 2.70805020110221
493 3.1698682457615064
495 2.8396265588909295
1060 0.12433381283310307
1295 6.305362461690656
1472 11.799794707164983
1686 1.1549652252192415
1788 6.9985096422506015
1922 1.6952047341915255
1924 2.288979440938267
1957 5.467079729030317
2042 3.7796338173824005
2049 4.74707365793266
2424 2.219386149139072
2450 -0.6108568957036107
2597 2.1157077196642304
2645 5.183580789972696
2829 2.8088549002241754
2841 4.433560284789064
2873 4.22592092001082
2920 0.6795415285041667
2985 6.9985096422506015
3016 6.9985096422506015
3062 2.8396265588909295
3395 4.695924549256556
3496 5.389071729816501
3516 2.0785287164224764
3598 1.1666271649670843
3614 1.4378280112350734
3700 1.2947271675944
3804 2.750014400201242
3840 3.8941982065797447
3842 5.052599493195288
3990 2.6290617897835795
4053 -0.3738003760455464
4213 5.8998973535824915
4219 3.5135252543819178
4222 2.3256808077886952
4230 4.029806041084529
4241 2.4033897921160112
4259 3.8630154263214513
4295 2.9209721983448818
4307 5.648244744709928
4388 7.640911623805311
4425 2.498233312684696
4437 2.4033897921160112
4466 11.861961613581535
4504 3.6312138122641273
4507 2.298029276458185
4750 0.33155284982139466
4815 2.7218435232345457
4846 2.021775899830027
4865 3.0282177286984795
4876 2.2449194511442365
4878 1.3672978604292356
4886 3.009525595686327
4964 0.563963123463148
4989 1.3355491621146554
5155 3.3096301881366648
5156 2.211017899468555
5316 2.236335707452845
5491 3.597312260588446
5736 2.8088549002241754
5773 2.735829765209286
5813 4.600614369452231
5827 5.8998973535824915
5839 2.579669034454003
5929 3.3096301881366648
5944 3.8204558119026557
6151 1.4075226617397445
6154 4.919068100570765
6169 2.4033897921160112
6234 5.258123579567159
6236 2.9209721983448818
6467 2.2535775138873513
6539 4.86832290156553
6586 2.288979440938267
6628 3.1918471524802814
6634 3.9539872045271784
6819 1.7153059135126125
6953 2.681021528714291
7025 1.0095482253607377
7065 5.208120975156325
7104 -1.9904637499538764
7150 5.612215281130711
7578 2.0861491174436737
7591 2.0426825846493406
7713 3.1066893441399746
7796 4.8012850649143815
7813 1.0145733615634107
7864 10.506006242352363
8032 0.5108256237659907
8239 4.600614369452231
8337 1.9550845253313545
8444 1.7890234894091803
8683 3.3607792968127694
8784 6.439438134992953
8806 3.47214911763444
8816 1.7255100836868542
8886 1.3081501879265407
9122 1.3744921360632627
9213 3.7026727762462723
9332 6.9985096422506015
9413 4.433560284789064
9454 3.1698682457615064
9547 42.26881304897615
9554 1.271661894663404
9733 1.0850066366123312
9807 3.1698682457615064
9860 6.305362461690656
9878 12.610724923381312
10008 2.0568672196412967
10076 2.750014400201242
10159 22.448861124522843
10207 5.8998973535824915
10217 2.15432255579201
10278 6.569875151092587
10302 2.6290617897835795
10326 1.0461538510930224
10329 -0.8403627828383906
10443 2.4876501357337513
10446 6.296724081081085
10473 5.334461451516829
10491 3.086486636822455
10659 3.4431615807611875
10729 12.235486528193753
10749 1.1754637467675824
10854 3.6312138122641273
10879 12.610724923381312
10884 3.502002080784121
10953 10.413500346045092
11050 7.907974409054357
11051 5.8419443966897635
11168 2.556395731286379
11299 -2.6059138093296896
11305 2.0640357091199095
11347 2.511906961666574
11398 3.009525595686327
11416 2.1782280766455644
11419 3.1273086313427103
11443 6.521680047934466
11444 4.86832290156553
11453 1.3637200390813515
11459 3.047265923669174
11461 4.292958756661968
11759 5.612215281130711
11836 2.37353682896633
11917 4.433560284789064
11939 2.681021528714291
11952 3.1916645207566434
12022 0.8081923650016455
12042 2.6418008155610093
12085 5.389071729816501
12122 1.1963912668735384
12175 2.955458374416051
12300 6.9985096422506015
12303 3.666305132075397
12305 4.433560284789064
12363 6.9985096422506015
12395 6.9985096422506015
12553 2.1431672325603808
12610 2.4237986637472186
12690 16.167215189449504
12717 4.199402954007755
12723 2.288979440938267
12783 1.8986432144264027
12818 3.1483620405405426
12823 2.06986059726431
12826 2.5238746895428186
12837 3.4431615807611875
12838 4.919068100570765
12840 6.9985096422506015
13078 4.919068100570765
13080 0.8123010183501074
13263 4.695924549256556
13508 1.7255100836868542
13718 1.3425178314307487
13750 2.162227735299123
13783 5.612215281130711
13867 1.087712998210074
14135 2.3541187431092285
14168 2.9041650800285006
14237 -0.6972483483041599
14267 -0.3823693933135151
14381 0.457735330796197
14540 10.105198986390576
14570 6.305362461690656
14908 2.476721065201561
15037 4.632756830252763
15209 2.579669034454003
15240 10.244972111383474
15332 -15.523117301456201
15360 28.019441580876272
15363 2.555858385760285
15472 2.735829765209286
15479 4.433560284789064
15501 4.513602992462601
15551 4.6314719395088115
15685 0.8716404581364162
15728 6.019051191372654
15735 2.938066631704182
15771 0.023095714794649395
15805 6.0242311664155945
