334
41 6.305362461690656
174 14.609081111097925
327 2.20271909665386
512 2.0785287164224764
1896 1.7835738846416156
1924 2.288979440938267
1928 2.4876501357337513
2236 6.9985096422506015
2242 3.9539872045271784
2269 1.8686109273275278
2271 0.34178311807220957
2291 3.5327737394508745
2321 11.589046278964354
2334 2.3818556390457326
2357 1.1873686492739008
2450 -3.665141374221664
2607 5.052599493195288
2628 4.513602992462601
2674 1.0272478024601386
2783 4.600614369452231
2920 1.3590830570083334
2949 6.305362461690656
2959 2.3747372985478017
3048 2.5098732725184614
3062 2.8396265588909295
3131 4.695924549256556
3225 6.9985096422506015
3287 6.305362461690656
3352 4.359452312635343
3374 1.9680717208581657
3404 4.93182029819469
3506 1.6411310564000017
3578 1.2031599740689096
3759 2.4033897921160112
3760 6.9985096422506015
3785 2.87137525720551
3862 3.0666840095262753
3935 6.9985096422506015
3961 2.6290617897835795
3985 2.5098732725184614
4021 1.5054481989100525
4026 2.8876357780772897
4053 -0.14952015041821856
4156 3.086486636822455
4198 3.7796338173824005
4226 3.3609234825242154
4232 2.3256808077886952
4282 5.710749831718137
4290 4.919068100570765
4291 4.108137884354437
4302 3.6000252219695508
4331 10.16277518881913
4381 4.029806041084529
4487 3.1066893441399746
4502 2.8088549002241754
4522 0.7810714429639324
4537 3.0588716320484384
4591 4.22592092001082
4615 6.9985096422506015
4671 4.00277736869661
4750 1.3262113992855786
4857 2.0712559570933964
4866 2.5211728277723946
4876 2.2449194511442365
4909 2.9381611094783557
4960 6.9985096422506015
4989 2.6710983242293107
4992 3.260840023967233
5033 2.1233123190494494
5103 3.414990703794491
5151 2.555858385760285
5339 2.356853423796479
5517 3.2464624691328723
5534 3.3875917296063767
5758 3.666305132075397
5799 4.919068100570765
5872 2.5441623459970937
5874 5.159338068908006
5895 2.4033897921160112
5901 2.455214859980597
5960 3.6312138122641273
6026 2.66777630196427
6083 3.3349479961209547
6088 1.2146844599208637
6119 6.305362461690656
6228 2.5894543351888
6334 6.9985096422506015
6402 1.4112609838503516
6404 6.9985096422506015
6433 0.5154022907934025
6447 2.576165249751463
6548 4.157057432844953
6602 6.9985096422506015
6657 2.138697237888929
6688 5.677692505050063
6754 1.2024518914852294
6819 3.430611827025225
6824 6.9985096422506015
6853 3.260840023967233
6856 3.2849375755462935
6872 1.3047775034479017
6887 1.152070867192877
6908 0.6707538925195963
7019 2.130975191795019
7057 3.2849375755462935
7095 12.610724923381312
7104 -3.980927499907753
7105 5.612215281130711
7118 3.1273086313427103
7170 1.6186122887101415
7197 1.730651483187273
7215 2.344549292093078
7230 5.206750173022546
7256 6.9985096422506015
7321 3.3875917296063767
7344 1.6325336272287498
7482 1.8055527913603908
7534 3.7283022859910666
7578 2.0861491174436737
7647 3.3096301881366648
7688 3.086486636822455
7724 3.597312260588446
7764 1.7052048175261088
7846 5.443687046469091
7961 5.8998973535824915
7981 2.0426825846493406
7991 1.3149298749119196
8005 4.165296298194385
8043 3.461302966374546
8085 8.216275768708874
8116 6.9985096422506015
8117 6.669895992241909
8332 6.305362461690656
8337 3.910169050662709
8359 6.9985096422506015
8391 7.667575157280854
8417 6.9985096422506015
8514 2.008077055471865
8523 5.805061085635469
8585 3.47214911763444
8615 2.6944445490464313
8634 11.224430562261421
8710 1.6536113391281642
8712 3.3349479961209547
8723 1.5262389685791264
8736 2.3867493466682252
8752 4.433560284789064
8816 10.353060502121124
8822 11.400053854777532
8880 1.67063347346102
8886 1.3081501879265407
8928 1.3355491621146554
8979 1.7890234894091803
9106 1.0850066366123312
9122 1.3744921360632627
9151 2.517433460142734
9276 2.6944445490464313
9365 2.9945028634117485
9400 3.1273086313427103
9423 5.775271556154579
9426 6.9985096422506015
9434 5.8998973535824915
9537 1.3092584162485406
9554 1.271661894663404
9559 -1.8303767648094262
9589 2.6230685718215625
9651 3.3875917296063767
9661 12.67776276003246
9709 1.082307579643166
9779 1.8337236683270872
9969 6.9985096422506015
9970 1.9351878055122855
9974 7.726030852642903
10001 4.128071418239819
10114 1.3014161557451966
10196 2.5211728277723946
10276 4.8012850649143815
10296 3.2849375755462935
10325 1.8925641683500207
10326 0.5230769255465112
10329 -0.4201813914191953
10391 6.9985096422506015
10431 0.7218661529089567
10447 2.4397929468198853
10477 4.05407066308416
10500 3.666305132075397
10519 6.9985096422506015
10532 2.9209721983448818
10659 3.4431615807611875
10751 0.7939518796819108
10770 2.4876501357337513
10868 -1.1121664368711084
10869 5.612215281130711
10886 2.87137525720551
10973 2.7938170228596353
10981 3.086486636822455
11023 1.2880826248757316
11057 2.555858385760285
11089 2.309930450438483
11110 6.481964153344091
11165 2.1863252868781835
11195 4.165296298194385
11218 1.7160635543787315
11235 3.740413104229119
11287 2.0286963426746007
11299 -1.5635482855978138
11304 1.2054960338664575
11305 2.0640357091199095
11327 3.5645224377654547
11344 3.1483620405405426
11379 2.0426825846493406
11444 2.434161450782765
11453 1.3637200390813515
11491 1.8745456628473423
11522 2.555858385760285
11526 1.6419233675785887
11570 1.1933746733341126
11582 4.359452312635343
11591 2.7218435232345457
11636 17.699692060747473
11639 6.9985096422506015
11642 12.610724923381312
11778 2.8553749158590684
11781 2.591790394986348
11783 4.00277736869661
11785 1.9680717208581657
11816 1.9296054400303697
11900 2.049749751872433
11939 2.681021528714291
11947 3.0282177286984795
11960 4.695924549256556
11969 1.5164675941596633
11972 3.21432000833234
12022 0.40409618250082274
12053 4.290459441148391
12145 6.383694304960563
12175 5.910916748832102
12263 2.579669034454003
12292 7.563518483317184
12312 2.7938170228596353
12377 1.3460204619819507
12383 1.2523064517104479
12404 1.485080896085619
12407 4.1759741910798
12455 -2.3678453245484423
12508 13.573867163136635
12541 6.9985096422506015
12635 6.9985096422506015
12717 1.1998294154307871
12801 9.554566535091086
12805 1.8568460857479414
12878 3.5327737394508745
12963 4.290459441148391
13001 2.9461134062376346
13080 0.8123010183501074
13083 5.206750173022546
13108 4.560021541911013
13189 5.623636988542026
13310 3.666305132075397
13312 5.910916748832102
13317 4.290459441148391
13338 2.5211728277723946
13353 1.961557039836972
13369 3.9074671888922854
13411 2.8088549002241754
13412 5.019746545036923
13508 6.902040334747417
13529 6.305362461690656
13547 1.6003469407328483
13553 -1.111382279832576
13661 3.7026727762462723
13718 5.370071325722995
13740 4.359452312635343
13750 2.162227735299123
13781 3.8204558119026557
13843 2.1782280766455644
13891 1.8197775865739976
13935 4.359452312635343
14037 6.9985096422506015
14044 4.383526125696194
14188 3.597312260588446
14198 3.047265923669174
14237 -4.18349008982496
14267 -6.117910293016242
14381 1.6020736577866894
14416 3.0958048519009655
14455 4.911652429623528
14456 5.8998973535824915
14471 6.9985096422506015
14515 3.0666840095262753
14559 4.433560284789064
14590 1.8337236683270872
14597 3.2849375755462935
14606 7.262427624528255
14626 2.750014400201242
14637 3.3349479961209547
14675 5.612215281130711
14682 3.0863770537857995
14692 2.8396265588909295
14728 3.740413104229119
14744 3.4431615807611875
14856 9.602570129828763
14906 0.4013639403639497
14918 3.5327737394508745
14990 5.8998973535824915
15155 0.6904112007410705
15173 6.019051191372654
15192 5.956485222490496
15210 9.83813620114153
15289 5.052599493195288
15292 2.211017899468555
15306 0.7199882180847567
15332 -3.1046234602912404
15341 2.3879223751880367
15358 2.579669034454003
15373 1.628721502626236
15391 4.290459441148391
15413 1.2781978656431896
15471 0.6940608398286201
15484 2.9911764570181303
15551 3.4736039546316086
15669 2.162227735299123
15672 2.1825636311769054
15685 0.8716404581364162
15694 2.938066631704182
15695 6.9985096422506015
15697 3.7796338173824005
15708 2.9911764570181303
15731 2.9911764570181303
15770 4.165296298194385
15771 0.04619142958929879
15794 7.7030785302218625
15827 7.643653228072869
15828 5.465738970980154
