185
19 4.165296298194385
94 4.00277736869661
97 7.907974409054357
191 5.206750173022546
194 0.7699986386594181
199 5.206750173022546
209 1.7001922757025645
211 5.206750173022546
215 4.8012850649143815
241 1.6902419448493964
302 1.7153059135126125
333 5.052599493195288
344 2.7790019370744945
683 3.3609234825242154
863 3.4431615807611875
865 2.5211728277723946
866 4.40543819330772
867 2.413542163580029
868 8.114785370698403
930 3.2849375755462935
932 8.614125771616528
1013 2.6547042203969173
1374 5.206750173022546
1379 1.6111243976906509
1404 1.3708885285599641
1515 3.740413104229119
1686 2.309930450438483
1876 3.502002080784121
1906 3.597312260588446
1977 2.6040604875781623
2033 1.6853036632088139
2246 5.206750173022546
2247 4.438772298278144
2271 0.34178311807220957
2320 2.973157951515452
2342 4.919068100570765
2345 3.9539872045271784
2393 5.389071729816501
2396 5.052599493195288
2463 4.919068100570765
2488 3.7796338173824005
2669 7.289439638707089
2757 3.2849375755462935
2867 4.00277736869661
2893 2.5098732725184614
2913 5.161184949060252
2919 2.1944885975173447
2920 0.6795415285041667
2935 0.6320391945191633
3046 2.9911764570181303
3113 4.165296298194385
3273 4.8012850649143815
3361 5.206750173022546
3671 3.5645224377654547
3812 6.760732541662054
3814 2.236335707452845
4358 3.5645224377654547
4405 1.3460204619819507
4500 2.8396265588909295
4533 3.086486636822455
4537 5.098119386747397
4750 0.33155284982139466
4786 5.206750173022546
4813 2.236335707452845
4876 2.2449194511442365
4912 1.9296054400303697
4924 3.2849375755462935
5414 2.8876357780772897
5608 10.105198986390576
5626 9.027205984925201
5652 3.3096301881366648
5901 2.455214859980597
6130 3.0666840095262753
6146 4.919068100570765
6165 3.3096301881366648
6169 2.4033897921160112
6183 8.00555473739322
6191 5.206750173022546
6236 2.9209721983448818
6242 2.9041650800285006
6250 1.7727629685373998
6414 3.1483620405405426
6503 4.695924549256556
6507 5.258123579567159
6586 2.288979440938267
6683 4.919068100570765
6688 1.8925641683500207
6819 1.7153059135126125
6821 4.433560284789064
6842 5.612215281130711
6872 1.3047775034479017
6941 4.356456153291129
6953 2.681021528714291
7104 -0.6634879166512921
7194 5.206750173022546
7255 3.9074671888922854
7362 8.216275768708874
7392 5.206750173022546
7445 5.605832781982583
7781 7.812181462734487
8269 3.7026727762462723
8296 3.9539872045271784
8527 3.3609234825242154
8731 2.0286963426746007
8736 1.1933746733341126
8848 3.0666840095262753
8971 5.206750173022546
8975 2.3933394562625097
8978 1.6140145794615122
8979 1.7890234894091803
8995 5.612215281130711
9195 3.7026727762462723
9214 4.165296298194385
9258 3.260840023967233
9282 7.266660988855193
9376 3.5645224377654547
9393 1.060973437168175
9602 2.2800107709555064
9698 1.9878743481543455
9709 1.082307579643166
9717 3.3875917296063767
9828 4.22592092001082
10431 5.774929223271654
10455 4.513602992462601
10561 1.6003469407328483
10739 2.37353682896633
10929 3.1066893441399746
11027 3.834593596929569
11046 2.3933394562625097
11089 1.1549652252192415
11218 0.5720211847929105
11228 3.3096301881366648
11407 6.296724081081085
11769 1.6466515087745348
11785 1.9680717208581657
11816 1.9296054400303697
12081 2.363780654020965
12111 1.994563336305142
12114 4.359452312635343
12215 16.21628265233664
12309 3.5645224377654547
12451 13.145308948917897
12499 2.2711218235382606
12506 4.919068100570765
12518 4.695924549256556
12721 9.226090238764112
12740 17.72821066517212
12767 2.6547042203969173
12809 2.8088549002241754
12823 2.06986059726431
13001 2.9461134062376346
13045 1.886521853894058
13153 4.455650035569873
13195 4.513602992462601
13335 4.695924549256556
13458 5.052599493195288
13499 4.108137884354437
13504 5.612215281130711
13640 5.612215281130711
13704 4.695924549256556
13773 4.433560284789064
13968 3.3349479961209547
14064 3.7026727762462723
14204 4.8012850649143815
14267 -0.7647387866270302
14380 4.22592092001082
14381 0.2288676653980985
14403 7.333898251950181
14501 6.5589758606345505
14530 4.290459441148391
14573 3.260840023967233
14602 5.206750173022546
14662 4.919068100570765
15121 4.760590771186684
15149 4.93182029819469
15192 1.489121305622624
15251 5.052599493195288
15286 5.052599493195288
15332 -7.761558650728101
15446 3.5327737394508745
15471 1.3881216796572402
15587 3.8841815027832003
15595 2.6641659082763383
15651 3.4131702563542063
15771 0.09238285917859758
