338
194 2.3099959159782544
209 1.7001922757025645
241 3.3804838896987928
254 2.498699971920336
327 2.20271909665386
353 5.8998973535824915
365 3.414990703794491
373 2.750014400201242
389 1.6419233675785887
412 6.305362461690656
512 2.0785287164224764
572 4.600614369452231
589 6.305362461690656
646 4.438772298278144
657 2.0640357091199095
666 6.521680047934466
717 8.518879676672789
730 2.298029276458185
787 2.035665011990694
862 7.033647876279234
908 6.9985096422506015
923 5.8998973535824915
927 2.0785287164224764
935 3.740413104229119
1037 5.389071729816501
1060 0.12433381283310307
1122 3.1698682457615064
1379 0.5370414658968836
1404 1.3708885285599641
1565 6.9985096422506015
1685 3.2373095265570386
1750 3.320596291274491
1850 3.0666840095262753
1893 1.7567626271909589
1900 4.290459441148391
2018 6.9985096422506015
2026 5.362043057428582
2027 13.969085114298176
2087 2.8876357780772897
2201 2.035665011990694
2233 3.260840023967233
2407 2.236335707452845
2450 -1.2217137914072214
2595 5.042345655544789
2757 3.2849375755462935
2837 6.17297327364491
2920 0.6795415285041667
2935 1.2640783890383267
2940 1.6278716141229383
2964 0.900435360084361
2977 3.47214911763444
3134 4.919068100570765
3192 2.0190964507214755
3197 5.8998973535824915
3259 3.1918471524802814
3356 9.027205984925201
3379 3.1918471524802814
3423 3.7026727762462723
3489 7.769055347609172
3635 7.889873214891577
3647 2.1081605140288473
3674 6.9985096422506015
3711 6.305362461690656
3737 1.8055527913603908
3763 3.597312260588446
3774 1.7255100836868542
3780 2.465910149097345
3827 3.2849375755462935
3961 10.516247159134318
4070 1.1068654304248302
4114 1.3890378470656415
4139 6.9985096422506015
4143 7.907974409054357
4164 21.134406524488075
4167 4.142511914186793
4183 8.718904625270685
4196 5.389071729816501
4226 6.721846965048431
4298 8.712495240085502
4302 1.8000126109847754
4309 2.681021528714291
4465 6.305362461690656
4507 4.59605855291637
4533 3.086486636822455
4549 2.6418008155610093
4576 2.085854756514549
4608 1.4075226617397445
4636 11.821833497664205
4668 6.721846965048431
4701 5.8998973535824915
4711 3.8592108800607394
4750 0.33155284982139466
4765 5.6600533338756085
4775 14.403855194743144
4783 2.1782280766455644
4809 2.8088549002241754
4834 3.7026727762462723
4838 4.419170109356452
4852 3.7761501902141013
4936 5.8998973535824915
4938 3.4431615807611875
5029 3.2373095265570386
5039 2.735829765209286
5083 6.294238499076794
5122 8.381451068578906
5161 3.047265923669174
5181 2.288979440938267
5243 3.6312138122641273
5263 4.22592092001082
5318 3.1066893441399746
5319 6.17297327364491
5339 1.1784267118982394
5391 6.9985096422506015
5394 4.919068100570765
5416 4.108137884354437
5425 6.305362461690656
5470 3.740413104229119
5496 4.600614369452231
5528 1.4378280112350734
5533 3.7026727762462723
5539 1.7153059135126125
5610 6.305362461690656
5615 4.099499503744866
5628 5.389071729816501
5636 2.973157951515452
5687 2.0785287164224764
5749 5.052599493195288
5879 4.359452312635343
6140 2.211017899468555
6169 2.4033897921160112
6337 6.474619053114077
6365 7.814934377784571
6402 1.4112609838503516
6411 2.434161450782765
6530 3.3609234825242154
6586 4.577958881876534
6609 6.383694304960563
6787 2.288979440938267
6822 6.9985096422506015
6872 1.3047775034479017
6962 7.726030852642903
6978 3.9539872045271784
6995 6.305362461690656
7019 2.130975191795019
7037 6.305362461690656
7041 6.305362461690656
7048 6.42864001666468
7090 6.9985096422506015
7170 4.855836866130424
7349 6.9985096422506015
7377 5.052599493195288
7427 3.9074671888922854
7435 7.640911623805311
7534 1.242767428663689
7552 3.8973072700021283
7569 2.0341908619922413
7574 6.9985096422506015
7578 1.0430745587218369
7622 2.764403137653342
7633 7.498182651389369
7638 11.108018328738817
7666 5.612215281130711
7685 5.389071729816501
7692 2.2449194511442365
7701 3.6312138122641273
7813 1.0145733615634107
7877 5.052599493195288
7906 2.8679784698558155
7949 2.5441623459970937
7991 1.3149298749119196
8256 1.6803896484063847
8275 7.907974409054357
8296 7.907974409054357
8439 0.9381816079767518
8566 20.07898618014769
8585 3.47214911763444
8621 7.925402446683028
8648 2.434161450782765
8660 3.350999326224386
8731 2.0286963426746007
8741 3.086486636822455
8745 2.5441623459970937
8846 6.305362461690656
8886 2.6163003758530814
8904 2.1863252868781835
8965 4.8012850649143815
8977 2.6290617897835795
9015 6.305362461690656
9017 4.00277736869661
9092 8.919473854546355
9110 2.035665011990694
9151 1.258716730071367
9170 1.2232606457759125
9225 4.8012850649143815
9292 2.5441623459970937
9297 5.389071729816501
9310 3.4431615807611875
9346 2.498699971920336
9357 8.00555473739322
9445 8.919473854546355
9499 4.108137884354437
9531 6.68253389384408
9554 1.271661894663404
9733 1.0850066366123312
9757 9.201228738904462
9761 4.695924549256556
9765 1.7835738846416156
9791 2.344549292093078
9809 5.052599493195288
9970 1.9351878055122855
10031 4.997399943840672
10202 2.591790394986348
10325 1.8925641683500207
10326 0.5230769255465112
10329 -0.21009069570959765
10422 2.1263822140248125
10600 4.919068100570765
10601 3.740413104229119
10629 3.7026727762462723
10683 5.612215281130711
10691 6.829981407588982
10700 4.165296298194385
10738 5.8998973535824915
10791 4.05407066308416
10805 3.666305132075397
10868 -0.9268053640592568
10872 4.814646287694719
10880 3.6312138122641273
10930 3.502002080784121
10962 2.6290617897835795
11023 1.2880826248757316
11035 4.8012850649143815
11102 1.3304600282218215
11137 0.8870423027479227
11180 6.305362461690656
11218 1.144042369585821
11254 4.695924549256556
11279 5.389071729816501
11299 -0.5211827618659379
11352 5.612215281130711
11491 1.8745456628473423
11539 4.407241664217533
11540 6.9985096422506015
11541 6.9985096422506015
11544 5.8998973535824915
11570 2.3867493466682252
11580 2.5441623459970937
11742 5.389071729816501
11769 3.2933030175490696
11804 3.7796338173824005
11840 1.6902419448493964
11850 4.910429719961194
11853 5.8998973535824915
11959 2.2449194511442365
11999 4.8012850649143815
12047 5.766726322204254
12049 10.27077137362915
12057 2.10066984229969
12072 6.305362461690656
12095 3.502002080784121
12122 1.1963912668735384
12128 4.359452312635343
12140 4.108137884354437
12216 2.87137525720551
12321 3.4431615807611875
12357 2.1701959049483
12375 3.260840023967233
12488 7.743658436894537
12503 6.683475053354809
12506 4.919068100570765
12553 3.214750848840571
12571 4.00277736869661
12595 2.344549292093078
12629 3.3096301881366648
12674 3.155949285956631
12735 5.052599493195288
12781 4.997399943840672
12816 4.919068100570765
12878 3.5327737394508745
13000 8.33059259638877
13149 8.00555473739322
13169 3.3349479961209547
13174 4.695924549256556
13249 5.8998973535824915
13251 4.290459441148391
13308 5.206750173022546
13340 5.052599493195288
13346 2.9041650800285006
13357 3.3875917296063767
13371 3.7026727762462723
13391 3.740413104229119
13423 3.9539872045271784
13438 2.555858385760285
13510 5.8998973535824915
13553 -0.7409215198883841
13667 3.9539872045271784
13718 1.3425178314307487
13750 2.162227735299123
13752 4.600614369452231
13812 4.165296298194385
13838 4.632756830252763
13862 3.7796338173824005
13867 7.613990987470517
13890 5.362043057428582
13921 2.1782280766455644
13922 7.594572857705611
14015 6.305362461690656
14032 4.8012850649143815
14073 4.8012850649143815
14083 5.8998973535824915
14151 4.359452312635343
14237 -2.09174504491248
14267 -0.3823693933135151
14381 0.2288676653980985
14416 0.7739512129752414
14431 2.06986059726431
14435 4.786678912525019
14558 2.476721065201561
14577 4.433560284789064
14830 2.7790019370744945
14906 0.8027278807278994
15037 2.3163784151263815
15155 0.6904112007410705
15187 1.994563336305142
15245 6.305362461690656
15302 3.3609234825242154
15332 -15.523117301456201
15341 0.7959741250626788
15348 2.10066984229969
15363 2.555858385760285
15517 3.773043707788116
15600 6.019051191372654
15672 1.4550424207846036
15677 6.311898571913262
15694 2.938066631704182
15700 4.22592092001082
15762 3.9074671888922854
15771 0.023095714794649395
