99
174 1.6232312345664361
209 1.7001922757025645
218 6.305362461690656
229 6.305362461690656
530 2.66777630196427
744 3.3875917296063767
1928 2.4876501357337513
2027 2.7938170228596353
2087 2.8876357780772897
2258 2.87137525720551
2271 0.34178311807220957
2357 1.1873686492739008
2406 2.9209721983448818
2450 -2.4434275828144427
2592 2.938066631704182
2595 2.5211728277723946
3578 0.6015799870344548
3700 1.2947271675944
3704 3.8630154263214513
4319 2.049749751872433
4522 0.2603571476546441
4636 2.955458374416051
4765 1.4150133334689021
4838 1.4730567031188173
5029 3.2373095265570386
5055 2.2278250177849364
5181 2.288979440938267
5342 3.6312138122641273
5528 1.4378280112350734
5533 3.7026727762462723
5590 1.4533321977710387
5615 6.149249255617299
5744 4.433560284789064
5983 1.9878743481543455
6411 2.434161450782765
6628 3.1918471524802814
7048 3.21432000833234
7104 -1.9904637499538764
7164 4.290459441148391
7552 3.8973072700021283
7560 4.433560284789064
7764 1.7052048175261088
7854 3.3609234825242154
7892 1.5517722705842913
7932 1.8745456628473423
7991 1.3149298749119196
8085 4.108137884354437
8266 4.919068100570765
8439 0.4690908039883759
8850 3.430611827025225
8896 2.938066631704182
9106 1.0850066366123312
9110 4.071330023981388
9154 2.465910149097345
9170 1.2232606457759125
9355 2.1782280766455644
9357 4.00277736869661
9445 2.973157951515452
9537 0.6546292081242703
9675 4.108137884354437
10030 2.413542163580029
10261 3.9539872045271784
10561 1.6003469407328483
10868 -0.5560832184355542
11034 1.5958322603783217
11168 1.2781978656431896
11287 2.0286963426746007
11850 2.455214859980597
11959 2.2449194511442365
11999 4.8012850649143815
12022 0.40409618250082274
12047 1.4416815805510634
12095 3.502002080784121
12455 -0.2152586658680402
12488 5.807743827670903
12553 1.0715836162801904
12674 1.5779746429783155
12781 2.498699971920336
12820 3.3349479961209547
12833 0.9630282097258448
13080 0.8123010183501074
13376 4.359452312635343
13384 2.0568672196412967
13553 -0.37046075994419203
13890 2.681021528714291
13922 1.8986432144264027
14008 2.001297368486486
14237 -2.09174504491248
14260 4.165296298194385
14267 -0.3823693933135151
14381 0.2288676653980985
14436 6.305362461690656
14571 3.2373095265570386
14589 6.9985096422506015
14728 3.740413104229119
14906 0.8027278807278994
15341 0.7959741250626788
15348 2.10066984229969
15709 2.1863252868781835
