165
19 4.165296298194385
97 3.9539872045271784
160 4.919068100570765
169 6.9985096422506015
194 0.7699986386594181
209 3.400384551405129
215 4.8012850649143815
512 2.0785287164224764
529 4.695924549256556
665 4.600614369452231
792 4.600614369452231
800 2.434161450782765
866 2.20271909665386
868 4.0573926853492015
932 2.87137525720551
978 2.298029276458185
1060 0.1865007192496546
1062 5.183580789972696
1375 4.8012850649143815
1379 2.1481658635875345
1644 6.9985096422506015
1929 2.1081605140288473
1977 5.208120975156325
2033 5.055910989626442
2041 3.5645224377654547
2152 12.610724923381312
2320 2.973157951515452
2463 9.83813620114153
2627 5.8998973535824915
2668 3.502002080784121
2669 5.467079729030317
2722 12.610724923381312
2755 3.260840023967233
2913 1.720394983020084
2914 3.4431615807611875
2935 1.2640783890383267
3113 4.165296298194385
3243 4.359452312635343
3329 1.981229805435677
3379 3.1918471524802814
3716 6.305362461690656
3812 4.507155027774703
3820 1.7890234894091803
3821 6.9985096422506015
3836 4.165296298194385
4049 6.305362461690656
4314 2.764403137653342
4537 1.0196238773494795
4688 5.389071729816501
4726 4.22592092001082
4912 1.9296054400303697
5174 3.740413104229119
5339 1.1784267118982394
5522 3.8630154263214513
5534 3.3875917296063767
5563 3.1066893441399746
5615 4.099499503744866
5700 3.1483620405405426
5752 3.9539872045271784
5758 3.666305132075397
5898 3.9074671888922854
5901 2.455214859980597
6064 2.138697237888929
6181 5.8998973535824915
6235 1.2270685191205855
6236 2.9209721983448818
6242 5.808330160057001
6269 7.907974409054357
6683 4.919068100570765
6688 1.8925641683500207
6729 2.1944885975173447
6819 1.7153059135126125
6941 4.356456153291129
7092 4.165296298194385
7104 -1.3269758333025843
7286 1.4112609838503516
7362 4.108137884354437
7386 6.9985096422506015
7393 6.9985096422506015
7907 2.6418008155610093
7971 3.414990703794491
8119 6.9985096422506015
8182 8.043064586142872
8236 4.600614369452231
8366 6.9985096422506015
8431 4.695924549256556
8469 6.305362461690656
8546 3.7026727762462723
8820 6.305362461690656
8823 3.1066893441399746
8925 3.5327737394508745
9195 3.7026727762462723
9282 2.9066643955420775
9438 4.290459441148391
9709 3.246922738929498
9733 1.0850066366123312
9751 6.9985096422506015
9766 12.610724923381312
9767 6.9985096422506015
9768 5.052599493195288
10388 6.305362461690656
10422 0.7087940713416041
10431 2.887464611635827
10443 2.4876501357337513
10522 2.9911764570181303
10530 5.8998973535824915
10647 7.065547478901749
10667 7.907974409054357
10735 4.8012850649143815
10929 3.1066893441399746
11218 0.5720211847929105
11477 5.612215281130711
11560 7.004004161568242
11591 2.7218435232345457
11625 1.457246097092175
11634 6.6192603762733295
11769 1.6466515087745348
11785 1.9680717208581657
11887 3.3349479961209547
12009 3.502002080784121
12033 2.5211728277723946
12040 3.5645224377654547
12111 1.994563336305142
12404 1.485080896085619
12407 0.83519483821596
12451 10.516247159134318
12499 2.2711218235382606
12721 1.8452180477528222
12833 2.8890846291775345
13080 0.8123010183501074
13153 4.455650035569873
13216 3.6312138122641273
13314 2.0286963426746007
13371 3.7026727762462723
13452 4.359452312635343
13693 10.998915396226192
13825 5.443687046469091
13843 2.1782280766455644
13979 3.666305132075397
14064 3.7026727762462723
14070 6.9985096422506015
14165 2.8088549002241754
14237 -0.6972483483041599
14255 6.9985096422506015
14267 -0.7647387866270302
14380 4.22592092001082
14501 2.1863252868781835
14527 2.938066631704182
14563 2.6418008155610093
14656 1.1405764877671418
14830 2.7790019370744945
14933 3.7026727762462723
15063 3.2373095265570386
15101 4.8012850649143815
15121 1.5868635903955612
15192 1.489121305622624
15332 -10.866182111019342
15440 5.206750173022546
15456 3.1273086313427103
15471 0.6940608398286201
15595 2.6641659082763383
15685 1.7432809162728324
15771 0.09238285917859758
15805 2.008077055471865
15813 6.9985096422506015
