288
194 1.5399972773188362
209 3.400384551405129
254 2.498699971920336
353 5.8998973535824915
373 2.750014400201242
407 4.695924549256556
412 6.305362461690656
512 2.0785287164224764
572 4.600614369452231
657 2.0640357091199095
666 3.260840023967233
717 5.679253117781859
744 3.3875917296063767
745 5.612215281130711
787 2.035665011990694
862 2.344549292093078
873 4.8012850649143815
923 5.8998973535824915
927 2.0785287164224764
1060 0.06216690641655154
1375 4.8012850649143815
1404 1.3708885285599641
1489 5.612215281130711
1498 3.7796338173824005
1519 5.8998973535824915
1770 4.919068100570765
1893 1.7567626271909589
2026 2.681021528714291
2027 8.381451068578906
2030 3.3349479961209547
2188 6.9985096422506015
2220 11.799794707164983
2240 3.31235078057158
2450 -1.832570687110832
2484 2.629859749823839
2595 2.5211728277723946
2640 2.735829765209286
2674 3.081743407380416
2760 4.359452312635343
2883 4.919068100570765
2890 4.919068100570765
2935 0.6320391945191633
2940 1.6278716141229383
2977 3.47214911763444
3134 4.919068100570765
3161 6.9985096422506015
3168 2.824122372354964
3192 8.076385802885902
3197 5.8998973535824915
3231 6.9985096422506015
3379 3.1918471524802814
3407 2.085854756514549
3489 7.769055347609172
3490 8.216275768708874
3635 1.5779746429783155
3711 6.305362461690656
3737 1.8055527913603908
3774 1.7255100836868542
3780 2.465910149097345
3814 2.236335707452845
3859 4.600614369452231
3901 2.363780654020965
3923 3.1273086313427103
3961 2.6290617897835795
3995 1.751485570090115
4080 5.052599493195288
4114 1.3890378470656415
4143 3.9539872045271784
4164 10.567203262244037
4167 2.0712559570933964
4183 4.359452312635343
4298 5.808330160057001
4302 1.8000126109847754
4319 2.049749751872433
4465 6.305362461690656
4468 12.16221198925248
4546 10.778143459633002
4549 5.283601631122019
4636 5.910916748832102
4666 6.9985096422506015
4711 1.9296054400303697
4765 1.4150133334689021
4838 5.892226812475269
4852 2.517433460142734
4936 5.8998973535824915
5015 4.8012850649143815
5039 2.735829765209286
5065 2.735829765209286
5083 1.5735596247691985
5124 5.8998973535824915
5161 3.047265923669174
5246 4.513602992462601
5263 4.22592092001082
5270 4.433560284789064
5319 3.086486636822455
5416 4.108137884354437
5440 5.206750173022546
5484 0.9464204733261844
5528 2.875656022470147
5539 1.7153059135126125
5615 6.149249255617299
5666 3.47214911763444
5687 2.0785287164224764
5779 3.21432000833234
5783 5.612215281130711
5900 2.8553749158590684
6047 3.009525595686327
6088 3.644053379762591
6169 2.4033897921160112
6235 2.454137038241171
6337 3.2373095265570386
6365 3.9074671888922854
6530 3.3609234825242154
6586 2.288979440938267
6628 3.1918471524802814
6640 3.7026727762462723
6729 2.1944885975173447
6787 2.288979440938267
6872 1.3047775034479017
6942 6.305362461690656
6962 3.8630154263214513
6964 6.305362461690656
7019 2.130975191795019
7048 3.21432000833234
7137 6.9985096422506015
7197 1.730651483187273
7344 1.6325336272287498
7377 10.105198986390576
7435 3.8204558119026557
7534 1.242767428663689
7569 1.0170954309961207
7578 0.5215372793609184
7633 3.7490913256946845
7666 5.612215281130711
7690 3.21432000833234
7692 4.489838902288473
7701 3.6312138122641273
7732 5.8998973535824915
7768 3.3096301881366648
7782 5.8998973535824915
7828 4.05407066308416
7906 2.8679784698558155
7991 1.3149298749119196
8256 1.6803896484063847
8275 3.9539872045271784
8325 5.052599493195288
8405 3.3096301881366648
8439 0.4690908039883759
8566 10.039493090073845
8592 3.740413104229119
8596 6.305362461690656
8621 7.925402446683028
8660 3.350999326224386
8708 1.4810567457858934
8731 2.0286963426746007
8741 3.086486636822455
8850 1.7153059135126125
8880 1.67063347346102
8886 1.3081501879265407
8904 2.1863252868781835
8906 3.047265923669174
8978 1.6140145794615122
9015 6.305362461690656
9050 5.8998973535824915
9092 2.973157951515452
9147 6.9985096422506015
9151 1.258716730071367
9166 4.513602992462601
9170 1.2232606457759125
9197 6.9985096422506015
9225 4.8012850649143815
9270 12.426757376559898
9282 1.4533321977710387
9345 2.66777630196427
9384 1.3355491621146554
9445 8.919473854546355
9530 6.9985096422506015
9531 5.01190042038306
9554 1.271661894663404
9757 4.600614369452231
9761 9.391849098513111
9807 3.1698682457615064
9950 6.305362461690656
9970 0.9675939027561428
9977 3.8630154263214513
9990 0.5671785603171224
10031 2.498699971920336
10114 1.3014161557451966
10154 3.3609234825242154
10202 2.591790394986348
10221 2.434161450782765
10258 1.8000126109847754
10325 1.8925641683500207
10326 0.5230769255465112
10329 -0.4201813914191953
10422 0.7087940713416041
10514 3.8630154263214513
10667 3.9539872045271784
10691 6.829981407588982
10700 4.165296298194385
10749 1.1754637467675824
10805 3.666305132075397
10813 5.612215281130711
10827 3.740413104229119
10868 -0.37072214562370276
10990 3.597312260588446
11023 1.2880826248757316
11102 1.3304600282218215
11137 0.8870423027479227
11218 0.5720211847929105
11299 -0.5211827618659379
11331 4.290459441148391
11539 5.8763222189567115
11544 5.8998973535824915
11652 6.305362461690656
11737 4.919068100570765
11794 5.206750173022546
11850 4.910429719961194
11893 6.305362461690656
11943 4.910429719961194
12022 0.40409618250082274
12047 1.4416815805510634
12049 5.135385686814575
12357 2.1701959049483
12447 2.8396265588909295
12455 -0.2152586658680402
12488 7.743658436894537
12503 2.2278250177849364
12516 6.9985096422506015
12553 2.1431672325603808
12735 5.052599493195288
12781 4.997399943840672
12816 4.919068100570765
12826 1.2619373447714093
13001 1.4730567031188173
13071 3.086486636822455
13083 5.206750173022546
13102 2.735829765209286
13149 4.00277736869661
13249 5.8998973535824915
13268 5.8998973535824915
13284 9.83813620114153
13289 1.7410142702228197
13371 3.7026727762462723
13376 4.359452312635343
13524 6.9985096422506015
13544 6.9985096422506015
13553 -0.7409215198883841
13600 4.919068100570765
13625 6.9985096422506015
13750 2.162227735299123
13838 4.632756830252763
13846 6.6192603762733295
13862 3.7796338173824005
13867 7.613990987470517
13922 3.7972864288528054
13956 6.9985096422506015
14010 4.8012850649143815
14032 4.8012850649143815
14073 4.8012850649143815
14230 4.359452312635343
14237 -1.3944966966083199
14267 -0.3823693933135151
14340 4.108137884354437
14431 1.034930298632155
14449 3.21432000833234
14478 6.9985096422506015
14558 2.476721065201561
14559 4.433560284789064
14588 2.0785287164224764
14787 6.305362461690656
14891 4.22592092001082
14906 0.8027278807278994
14918 3.5327737394508745
14974 4.8012850649143815
15026 5.8998973535824915
15037 2.3163784151263815
15187 3.989126672610284
15302 3.3609234825242154
15332 -13.970805571310581
15341 0.7959741250626788
15348 2.10066984229969
15363 2.555858385760285
15456 3.1273086313427103
15612 4.165296298194385
15648 2.5676928434072877
15677 1.5779746429783155
15685 0.8716404581364162
