316
19 4.165296298194385
94 8.00555473739322
97 7.907974409054357
191 5.206750173022546
194 0.7699986386594181
209 1.7001922757025645
211 5.206750173022546
212 5.389071729816501
215 4.8012850649143815
278 4.359452312635343
279 5.283601631122019
302 1.7153059135126125
325 4.22592092001082
327 2.20271909665386
333 5.052599493195288
337 6.305362461690656
344 5.558003874148989
356 2.591790394986348
391 4.513602992462601
512 4.157057432844953
517 5.8998973535824915
529 4.695924549256556
652 7.065547478901749
717 2.8396265588909295
723 5.8998973535824915
724 8.45184184002164
730 2.298029276458185
772 6.305362461690656
787 2.035665011990694
791 4.433560284789064
863 6.886323161522375
864 5.612215281130711
865 12.605864138861973
866 13.21631457992316
867 16.894795145060204
868 14.200874398722206
930 9.85481272663888
931 5.612215281130711
932 11.48550102882204
978 4.59605855291637
1013 2.6547042203969173
1060 0.06216690641655154
1310 3.7796338173824005
1356 2.363780654020965
1379 1.6111243976906509
1768 5.612215281130711
1876 10.506006242352363
1902 2.0149030205422647
1977 2.6040604875781623
2033 6.7412146528352554
2246 5.206750173022546
2271 0.6835662361444191
2307 5.612215281130711
2320 2.973157951515452
2329 4.433560284789064
2342 4.919068100570765
2345 3.9539872045271784
2396 5.052599493195288
2463 4.919068100570765
2488 3.7796338173824005
2638 2.130975191795019
2668 3.502002080784121
2669 16.40123918709095
2705 1.6657908489852322
2748 4.00277736869661
2757 6.569875151092587
2847 5.612215281130711
2913 12.042764881140588
2935 0.6320391945191633
2964 0.900435360084361
3113 24.991777789166314
3120 1.6048820958982397
3259 3.1918471524802814
3329 5.943689416307031
3361 5.206750173022546
3392 6.60815728996158
3394 3.047265923669174
3640 4.029806041084529
3671 3.5645224377654547
3690 1.4972514317058743
3704 3.8630154263214513
3757 5.206750173022546
3812 13.521465083324108
3816 5.8998973535824915
3948 5.8998973535824915
4042 4.290459441148391
4132 4.695924549256556
4208 1.5220460903190904
4292 5.8998973535824915
4397 3.666305132075397
4405 1.3460204619819507
4500 2.8396265588909295
4522 0.2603571476546441
4537 1.0196238773494795
4637 6.305362461690656
4726 4.22592092001082
4768 5.389071729816501
4786 5.206750173022546
4809 2.8088549002241754
4813 8.94534282981138
4815 2.7218435232345457
4899 3.0666840095262753
4909 5.8763222189567115
4912 5.788816320091109
4944 5.052599493195288
4956 2.413542163580029
4989 1.3355491621146554
5033 2.1233123190494494
5062 4.513602992462601
5324 21.787282873584765
5333 4.22592092001082
5411 6.305362461690656
5414 2.8876357780772897
5436 5.775271556154579
5517 1.6232312345664361
5626 4.513602992462601
5721 4.22592092001082
5828 5.135385686814575
5875 2.750014400201242
5901 2.455214859980597
6088 1.2146844599208637
6123 2.288979440938267
6156 3.6000252219695508
6165 3.3096301881366648
6183 4.00277736869661
6228 1.2947271675944
6231 5.389071729816501
6236 2.9209721983448818
6242 2.9041650800285006
6269 11.861961613581535
6390 3.047265923669174
6402 1.4112609838503516
6433 0.5154022907934025
6445 3.666305132075397
6467 2.2535775138873513
6503 4.695924549256556
6507 2.6290617897835795
6567 5.159338068908006
6675 5.019746545036923
6683 4.919068100570765
6688 15.140513346800166
6729 2.1944885975173447
6787 2.288979440938267
6872 2.6095550068958033
6941 2.1782280766455644
7104 -1.3269758333025843
7164 4.290459441148391
7194 5.206750173022546
7215 2.344549292093078
7325 2.8088549002241754
7362 4.108137884354437
7364 5.8998973535824915
7392 5.206750173022546
7462 1.942263836902293
7569 2.0341908619922413
7591 2.0426825846493406
7593 3.9539872045271784
7649 6.305362461690656
7731 4.002594736972972
7764 1.7052048175261088
7907 2.6418008155610093
8103 4.600614369452231
8161 6.305362461690656
8185 6.305362461690656
8196 4.919068100570765
8199 3.009525595686327
8236 4.600614369452231
8269 3.7026727762462723
8296 3.9539872045271784
8391 5.11171677152057
8442 3.8630154263214513
8527 6.721846965048431
8708 1.4810567457858934
8723 1.5262389685791264
8736 2.3867493466682252
8741 3.086486636822455
8848 6.133368019052551
8853 5.612215281130711
8868 6.305362461690656
8869 2.1782280766455644
8890 2.2800107709555064
8900 9.027205984925201
8966 5.612215281130711
8971 5.206750173022546
8975 2.3933394562625097
9017 4.00277736869661
9214 4.165296298194385
9226 6.305362461690656
9259 9.391849098513111
9282 17.439986373252466
9353 2.476721065201561
9376 3.5645224377654547
9393 1.060973437168175
9602 4.560021541911013
9698 3.975748696308691
9709 1.082307579643166
9717 3.3875917296063767
9768 5.052599493195288
9828 4.22592092001082
9929 5.8998973535824915
10054 9.084653186095439
10329 -0.21009069570959765
10422 0.7087940713416041
10431 5.774929223271654
10532 2.9209721983448818
10739 2.37353682896633
10770 2.4876501357337513
10794 2.938066631704182
10929 3.1066893441399746
11005 5.052599493195288
11011 4.22592092001082
11026 4.695924549256556
11027 2.556395731286379
11046 4.786678912525019
11089 5.774826126096207
11209 3.666305132075397
11218 1.144042369585821
11379 2.0426825846493406
11491 1.8745456628473423
11522 2.555858385760285
11524 3.0357414378172196
11545 5.612215281130711
11561 5.612215281130711
11576 3.3096301881366648
11580 2.5441623459970937
11591 2.7218435232345457
11634 3.3096301881366648
11655 5.33555260392854
11707 6.474619053114077
11769 1.6466515087745348
11785 3.9361434417163315
11840 1.6902419448493964
11969 0.7582337970798316
12057 2.10066984229969
12093 1.6803896484063847
12111 1.994563336305142
12114 4.359452312635343
12196 4.165296298194385
12215 4.05407066308416
12309 3.5645224377654547
12361 4.8012850649143815
12383 1.2523064517104479
12407 0.83519483821596
12451 18.403432528485055
12499 2.2711218235382606
12506 4.919068100570765
12518 4.695924549256556
12524 6.305362461690656
12550 4.290459441148391
12629 3.3096301881366648
12632 4.919068100570765
12703 6.305362461690656
12721 7.380872191011289
12740 10.13040609438407
12768 8.580918882296782
12823 5.174651493160774
12826 6.309686723857046
12833 7.704225677806758
12903 4.359452312635343
12978 2.383389125409342
12992 13.954084846732172
12997 3.502002080784121
13001 1.4730567031188173
13029 1.6609715625492831
13045 1.886521853894058
13125 6.6192603762733295
13153 2.2278250177849364
13175 4.695924549256556
13195 13.540808977387801
13279 4.359452312635343
13371 7.405345552492545
13396 4.8012850649143815
13403 3.502002080784121
13458 5.052599493195288
13465 5.389071729816501
13499 4.108137884354437
13761 5.208120975156325
13773 4.433560284789064
13781 3.8204558119026557
13921 2.1782280766455644
14064 3.7026727762462723
14165 8.426564700672525
14204 4.8012850649143815
14288 5.8998973535824915
14367 4.513602992462601
14380 4.22592092001082
14381 0.2288676653980985
14403 2.4446327506500602
14416 0.7739512129752414
14490 3.3096301881366648
14493 3.3096301881366648
14501 6.5589758606345505
14571 3.2373095265570386
14754 3.8204558119026557
14771 5.206750173022546
15063 3.2373095265570386
15101 4.8012850649143815
15155 1.380822401482141
15192 5.956485222490496
15240 3.414990703794491
15251 5.052599493195288
15286 5.052599493195288
15299 7.640911623805311
15332 -13.970805571310581
15341 0.7959741250626788
15397 2.001297368486486
15446 3.5327737394508745
15471 0.6940608398286201
15534 5.8998973535824915
15595 3.9962488624145074
15604 2.1233123190494494
15650 4.261950383590038
15651 2.2754468375694707
15771 0.16167000356254577
15828 1.0931477941960308
15829 3.7796338173824005
