102
174 1.6232312345664361
744 3.3875917296063767
1839 2.093234863812172
1938 2.66777630196427
2240 1.65617539028579
2269 1.8686109273275278
2450 -1.832570687110832
2595 2.5211728277723946
2622 4.695924549256556
2674 1.0272478024601386
2920 0.6795415285041667
3489 3.884527673804586
3616 11.224430562261421
3780 2.465910149097345
3862 3.0666840095262753
4097 2.955458374416051
4286 2.130975191795019
4370 4.919068100570765
4405 2.6920409239639014
4750 0.33155284982139466
4809 2.8088549002241754
4838 1.4730567031188173
4852 1.258716730071367
4862 3.047265923669174
5029 3.2373095265570386
5065 2.735829765209286
5083 1.5735596247691985
5181 2.288979440938267
5528 1.4378280112350734
5590 1.4533321977710387
5615 6.149249255617299
5809 2.363780654020965
6088 1.2146844599208637
6376 3.0666840095262753
6411 2.434161450782765
6536 4.05407066308416
6609 3.1918471524802814
6914 6.9985096422506015
6962 3.8630154263214513
7048 3.21432000833234
7104 -0.6634879166512921
7306 2.4876501357337513
7325 2.8088549002241754
7506 3.740413104229119
7578 0.5215372793609184
7690 3.21432000833234
7692 2.2449194511442365
7827 3.414990703794491
8262 2.0712559570933964
8736 2.3867493466682252
8822 2.2800107709555064
8906 3.047265923669174
9125 6.9985096422506015
9270 3.1066893441399746
9761 4.695924549256556
9807 3.1698682457615064
9808 3.009525595686327
9836 3.666305132075397
10030 2.413542163580029
10422 0.7087940713416041
10437 1.3672978604292356
10734 2.735829765209286
10868 -0.18536107281185138
11023 1.2880826248757316
11353 2.8088549002241754
11386 2.1157077196642304
11816 1.9296054400303697
11916 5.389071729816501
11943 2.455214859980597
11969 0.7582337970798316
12047 2.883363161102127
12216 2.87137525720551
12321 3.4431615807611875
12488 9.679573046118172
12489 3.2373095265570386
12503 4.455650035569873
12674 4.733923928934947
12723 2.288979440938267
12929 3.7026727762462723
13396 4.8012850649143815
13527 2.049749751872433
13681 2.498699971920336
13718 1.3425178314307487
13775 3.2849375755462935
13862 3.7796338173824005
13922 3.7972864288528054
13926 6.521680047934466
14237 -2.09174504491248
14267 -0.3823693933135151
14309 1.5137127087599462
14435 2.3933394562625097
14463 1.67063347346102
14754 3.8204558119026557
14786 4.359452312635343
15012 4.108137884354437
15187 1.994563336305142
15341 0.7959741250626788
15348 2.10066984229969
15370 4.290459441148391
15528 3.666305132075397
15578 1.7945029551738059
15651 1.1377234187847354
