62
194 0.7699986386594181
218 6.305362461690656
229 6.305362461690656
607 2.5211728277723946
1891 4.600614369452231
2201 2.035665011990694
2240 1.65617539028579
2450 -2.4434275828144427
3117 3.2373095265570386
3374 1.9680717208581657
3516 2.0785287164224764
3578 1.2031599740689096
3690 1.4972514317058743
4230 2.0149030205422647
4520 3.1273086313427103
4522 0.2603571476546441
4536 2.70805020110221
4636 2.955458374416051
5342 3.6312138122641273
5392 2.130975191795019
5587 2.5326015235960173
5590 1.4533321977710387
5615 2.049749751872433
5687 2.0785287164224764
5981 5.710749831718137
6675 5.019746545036923
6970 2.1863252868781835
7854 3.3609234825242154
8310 6.9985096422506015
8456 4.433560284789064
8736 1.1933746733341126
9355 2.1782280766455644
9384 2.6710983242293107
9450 10.413500346045092
10258 1.8000126109847754
10487 1.981229805435677
10749 1.1754637467675824
11034 1.5958322603783217
11209 3.666305132075397
11287 2.0286963426746007
11491 1.8745456628473423
11539 1.4690805547391779
11778 2.8553749158590684
11850 2.455214859980597
12047 1.4416815805510634
12078 2.727440078162703
12455 -0.2152586658680402
12488 1.9359146092236343
12588 4.05407066308416
12785 2.8088549002241754
12833 0.9630282097258448
13310 3.666305132075397
13378 5.206750173022546
13718 1.3425178314307487
14104 5.130727834668198
14237 -6.972483483041599
14267 -0.3823693933135151
15121 1.5868635903955612
15155 0.6904112007410705
15187 1.994563336305142
15341 0.7959741250626788
15424 1.8111238364098463
