39
2269 1.8686109273275278
3578 0.6015799870344548
3774 1.7255100836868542
4029 2.9041650800285006
4053 -0.07476007520910928
4191 4.108137884354437
4230 2.0149030205422647
4261 2.262311193856106
4333 1.4651201535230811
4366 1.9878743481543455
4646 1.8686109273275278
5273 3.21432000833234
7490 3.414990703794491
7781 2.6040604875781623
7813 1.0145733615634107
9229 2.3933394562625097
9765 1.7835738846416156
10665 4.433560284789064
10749 1.1754637467675824
10868 -0.18536107281185138
11299 -1.0423655237318759
11400 3.5327737394508745
11409 3.502002080784121
11625 1.457246097092175
11629 4.165296298194385
11828 2.955458374416051
11945 1.9550845253313545
12089 2.8088549002241754
12781 2.498699971920336
12783 1.8986432144264027
12790 1.5095719160939147
12826 1.2619373447714093
12853 1.152070867192877
13412 2.5098732725184614
14431 1.034930298632155
14908 2.476721065201561
15121 1.5868635903955612
15306 0.7199882180847567
15413 1.2781978656431896
