89
174 1.6232312345664361
237 4.359452312635343
583 2.9041650800285006
646 2.219386149139072
652 3.5327737394508745
724 4.22592092001082
863 3.4431615807611875
867 4.827084327160058
868 4.0573926853492015
930 3.2849375755462935
932 5.74275051441102
2033 1.6853036632088139
2247 2.219386149139072
2320 2.973157951515452
2365 3.7026727762462723
2450 -0.6108568957036107
2913 1.720394983020084
2920 1.3590830570083334
3110 2.8876357780772897
3640 2.0149030205422647
3807 2.3256808077886952
3811 9.201228738904462
3816 5.8998973535824915
4070 1.1068654304248302
4097 2.955458374416051
4813 2.236335707452845
4912 3.8592108800607394
5319 3.086486636822455
5324 3.6312138122641273
5668 2.955458374416051
6043 1.5913378707904824
6131 4.359452312635343
6216 2.3933394562625097
6269 3.9539872045271784
6488 3.0666840095262753
6941 2.1782280766455644
7057 3.2849375755462935
7104 -0.6634879166512921
7255 3.9074671888922854
7295 3.7026727762462723
7569 1.0170954309961207
8153 2.8396265588909295
8196 4.919068100570765
8236 4.600614369452231
8371 5.8998973535824915
8392 4.600614369452231
8527 3.3609234825242154
8544 5.8998973535824915
8848 3.0666840095262753
9259 4.695924549256556
9282 1.4533321977710387
9393 1.060973437168175
9817 1.3183370332335338
10258 1.8000126109847754
10929 3.1066893441399746
11027 2.556395731286379
11046 2.3933394562625097
11591 2.7218435232345457
11740 5.206750173022546
12293 3.7026727762462723
12361 4.8012850649143815
12499 2.2711218235382606
12721 3.6904360955056443
12740 2.5326015235960173
12833 0.9630282097258448
13153 2.2278250177849364
13449 2.6418008155610093
13641 5.8998973535824915
13693 3.666305132075397
14124 5.612215281130711
14153 2.4876501357337513
14165 2.8088549002241754
14267 -0.3823693933135151
14308 2.0640357091199095
14313 1.6466515087745348
14416 0.7739512129752414
14463 5.01190042038306
14493 3.3096301881366648
14501 2.1863252868781835
14626 2.750014400201242
14963 4.359452312635343
15024 3.2373095265570386
15101 4.8012850649143815
15155 0.6904112007410705
15332 -1.5523117301456202
15341 0.7959741250626788
15536 4.600614369452231
15595 1.3320829541381691
15771 0.023095714794649395
