137
108 4.359452312635343
327 2.20271909665386
389 1.6419233675785887
488 3.6312138122641273
492 3.3609234825242154
493 3.1698682457615064
498 3.3349479961209547
500 2.1701959049483
528 4.513602992462601
551 3.9074671888922854
607 2.5211728277723946
744 3.3875917296063767
787 2.035665011990694
874 3.2849375755462935
993 11.224430562261421
1060 0.06216690641655154
1687 2.413542163580029
1885 3.009525595686327
2070 1.4730567031188173
2398 3.740413104229119
2450 -1.832570687110832
2484 2.629859749823839
2513 1.8280256472124494
2638 2.130975191795019
2674 2.054495604920277
3392 2.20271909665386
3647 2.1081605140288473
3736 3.086486636822455
3763 7.194624521176892
3814 2.236335707452845
3840 2.5961321377198296
3949 2.7790019370744945
4047 3.8630154263214513
4340 3.5645224377654547
4366 1.9878743481543455
4425 3.7473499690270438
4472 3.7026727762462723
4520 9.38192589402813
4580 9.201228738904462
4704 6.305362461690656
4760 5.389071729816501
4783 2.1782280766455644
4865 3.0282177286984795
4989 1.3355491621146554
5200 3.3096301881366648
5238 3.6312138122641273
5339 1.1784267118982394
5463 5.206750173022546
5517 1.6232312345664361
5834 9.93705234171474
5875 2.750014400201242
5905 1.7835738846416156
6172 9.83813620114153
6228 1.2947271675944
6335 2.476721065201561
6729 2.1944885975173447
7019 2.130975191795019
7286 1.4112609838503516
7413 5.206750173022546
7452 4.513602992462601
7459 2.1944885975173447
7480 13.801843108356692
7692 2.2449194511442365
7813 1.0145733615634107
7845 2.4237986637472186
7914 8.585917513323936
8032 0.5108256237659907
8142 5.808330160057001
8153 2.8396265588909295
8205 4.290459441148391
8214 6.305362461690656
8432 3.3875917296063767
8660 1.675499663112193
8691 5.389071729816501
8732 8.10814132616832
8816 1.7255100836868542
9116 3.666305132075397
9151 1.258716730071367
9176 9.83813620114153
9274 23.47962274628278
9306 3.8630154263214513
9307 4.108137884354437
9313 10.413500346045092
9531 1.67063347346102
9709 1.082307579643166
9765 1.7835738846416156
9823 6.305362461690656
9876 8.083333647139295
10030 7.2406264907400875
10326 1.0461538510930224
10356 6.305362461690656
10357 7.907974409054357
10431 0.7218661529089567
10748 3.5327737394508745
10819 6.305362461690656
10861 5.8998973535824915
11016 6.305362461690656
11066 4.05407066308416
11102 0.6652300141109108
11277 3.7796338173824005
11347 3.3492092822220987
11353 2.8088549002241754
11711 13.300680854367194
11769 1.6466515087745348
11984 2.4237986637472186
12241 2.579669034454003
12254 4.670141096277068
12309 3.5645224377654547
12503 2.2278250177849364
12674 1.5779746429783155
12717 0.5999147077153936
12790 3.0191438321878294
12797 2.7218435232345457
12823 1.034930298632155
12936 4.108137884354437
13080 0.8123010183501074
13151 8.45184184002164
13357 3.3875917296063767
13369 3.9074671888922854
13440 1.4770487243883548
13443 3.502002080784121
13553 -1.111382279832576
13588 3.5327737394508745
13623 5.8998973535824915
13930 1.3601549729168554
14099 11.224430562261421
14208 1.1873686492739008
14237 -3.4862417415207996
14297 14.52485524905651
14381 0.2288676653980985
14427 5.8998973535824915
14906 0.8027278807278994
15332 -9.313870380873722
15341 1.5919482501253577
15586 5.612215281130711
15602 5.052599493195288
15771 0.023095714794649395
