139
174 3.2464624691328723
572 4.600614369452231
702 3.7796338173824005
879 7.332610264150794
894 5.389071729816501
989 4.433560284789064
1822 4.766778250818684
2026 2.681021528714291
2027 2.7938170228596353
2070 1.4730567031188173
2201 2.035665011990694
2202 6.9985096422506015
2334 0.7939518796819108
2406 2.9209721983448818
2450 -0.6108568957036107
2674 1.0272478024601386
2705 1.6657908489852322
3192 1.0095482253607377
3234 12.610724923381312
3404 2.465910149097345
3489 1.942263836902293
3635 3.155949285956631
3646 2.5676928434072877
3982 1.0769312226067855
3994 12.610724923381312
4081 3.1066893441399746
4114 1.3890378470656415
4197 4.695924549256556
4522 0.2603571476546441
4528 4.919068100570765
4608 1.4075226617397445
4663 3.8630154263214513
4750 0.33155284982139466
4765 1.4150133334689021
4783 2.1782280766455644
4809 2.8088549002241754
4830 6.9985096422506015
4862 3.047265923669174
5083 3.147119249538397
5161 6.094531847338348
5162 6.9985096422506015
5470 3.740413104229119
5525 3.3096301881366648
5528 7.189140056175367
5549 12.610724923381312
5615 6.149249255617299
5666 3.47214911763444
5895 2.4033897921160112
5901 4.910429719961194
5905 1.7835738846416156
6114 3.8630154263214513
6235 1.2270685191205855
6433 0.5154022907934025
6853 3.260840023967233
6943 5.612215281130711
7019 2.130975191795019
7462 1.942263836902293
7497 2.8056012892666633
7534 1.242767428663689
7569 1.0170954309961207
7578 0.5215372793609184
7633 1.8745456628473423
8182 2.681021528714291
8621 5.283601631122019
8816 1.7255100836868542
8886 2.6163003758530814
9166 4.513602992462601
9170 1.2232606457759125
9292 2.5441623459970937
9531 1.67063347346102
9554 1.271661894663404
9757 4.600614369452231
9765 1.7835738846416156
9806 4.513602992462601
9836 3.666305132075397
10008 4.113734439282593
10114 1.3014161557451966
10304 4.433560284789064
10329 -0.21009069570959765
10431 0.7218661529089567
10561 1.6003469407328483
10667 3.9539872045271784
10749 1.1754637467675824
10788 4.108137884354437
10868 -0.37072214562370276
10886 2.87137525720551
10998 4.8012850649143815
11218 1.144042369585821
11739 4.600614369452231
11840 1.6902419448493964
11969 0.7582337970798316
12047 1.4416815805510634
12122 1.1963912668735384
12254 2.335070548138534
12303 7.332610264150794
12357 2.1701959049483
12400 2.9209721983448818
12455 -0.2152586658680402
12488 5.807743827670903
12489 6.474619053114077
12529 10.506006242352363
12553 1.0715836162801904
12674 1.5779746429783155
12816 4.919068100570765
12853 1.152070867192877
13102 2.735829765209286
13169 3.3349479961209547
13289 1.7410142702228197
13317 4.290459441148391
13527 2.049749751872433
13553 -0.37046075994419203
13681 2.498699971920336
13759 8.866375123248154
13761 2.6040604875781623
13834 4.00277736869661
14118 11.589046278964354
14188 3.597312260588446
14232 6.9985096422506015
14237 -1.3944966966083199
14267 -1.1471081799405454
14392 3.7796338173824005
14416 2.3218536389257243
14455 1.637217476541176
14558 2.476721065201561
14581 4.8012850649143815
14588 2.0785287164224764
14682 1.5431885268928998
14786 4.359452312635343
14906 0.4013639403639497
14918 3.5327737394508745
14943 6.9985096422506015
15187 1.994563336305142
15332 -3.1046234602912404
15348 2.10066984229969
15367 4.8012850649143815
15536 4.600614369452231
15578 1.7945029551738059
15648 2.5676928434072877
15677 1.5779746429783155
