73
628 4.919068100570765
2201 2.035665011990694
2450 -1.2217137914072214
2674 1.0272478024601386
2874 3.047265923669174
2909 5.8998973535824915
2964 0.900435360084361
3192 2.0190964507214755
3394 3.047265923669174
3489 5.8267915107068795
3571 6.9985096422506015
3578 0.6015799870344548
3635 1.5779746429783155
3765 6.305362461690656
4162 4.919068100570765
4432 3.740413104229119
4562 3.3096301881366648
4815 2.7218435232345457
4852 1.258716730071367
5615 2.049749751872433
6140 2.211017899468555
6223 2.8088549002241754
6411 2.434161450782765
6577 8.10814132616832
6819 3.430611827025225
6962 3.8630154263214513
7215 2.344549292093078
7622 2.764403137653342
7633 3.7490913256946845
7731 2.001297368486486
8498 6.9985096422506015
8566 2.5098732725184614
8621 2.6418008155610093
8869 2.1782280766455644
9122 1.3744921360632627
9151 1.258716730071367
9270 3.1066893441399746
9276 2.6944445490464313
9295 4.8012850649143815
9480 4.513602992462601
9709 2.164615159286332
9836 3.666305132075397
10031 2.498699971920336
10258 1.8000126109847754
10329 -0.4201813914191953
10868 -0.37072214562370276
11007 5.052599493195288
11041 3.47214911763444
11344 3.1483620405405426
11959 2.2449194511442365
12120 3.5327737394508745
12172 3.9074671888922854
12263 2.579669034454003
12455 -0.2152586658680402
12488 5.807743827670903
12503 4.455650035569873
12529 3.502002080784121
12921 3.740413104229119
13208 1.3115342859107813
13527 2.049749751872433
13553 -0.37046075994419203
13630 4.290459441148391
14129 6.9985096422506015
14309 4.541138126279838
14435 2.3933394562625097
14449 3.21432000833234
14507 3.7020303308742966
14906 0.4013639403639497
15066 6.9985096422506015
15283 2.236335707452845
15332 -1.5523117301456202
15424 5.433371509229539
15677 1.5779746429783155
