188
952 5.052599493195288
1839 2.093234863812172
1864 3.047265923669174
1889 3.414990703794491
2064 4.6943629160890845
2087 5.775271556154579
2201 10.17832505995347
2239 6.9985096422506015
2247 2.219386149139072
2269 1.8686109273275278
2334 1.5879037593638217
2405 4.600614369452231
2450 -9.16285343555416
2484 3.944789624735759
2487 4.108137884354437
2493 6.305362461690656
2538 2.84512107820857
2674 2.054495604920277
2705 1.6657908489852322
2708 8.10814132616832
2735 3.9074671888922854
2968 6.886323161522375
3164 6.9985096422506015
3192 7.066837577525164
3344 5.389071729816501
3489 1.942263836902293
3490 4.108137884354437
3578 1.2031599740689096
3635 3.155949285956631
3730 15.157798479585864
3780 2.465910149097345
3814 4.47267141490569
4093 5.612215281130711
4143 3.9539872045271784
4164 5.283601631122019
4230 2.0149030205422647
4240 6.9985096422506015
4522 0.2603571476546441
4536 2.70805020110221
4549 2.6418008155610093
4635 10.105198986390576
4862 3.047265923669174
5029 3.2373095265570386
5116 1.961557039836972
5122 2.7938170228596353
5161 3.047265923669174
5173 3.7026727762462723
5319 18.51891982093473
5325 12.610724923381312
5436 2.8876357780772897
5496 4.600614369452231
5525 6.6192603762733295
5528 7.189140056175367
5587 2.5326015235960173
5590 1.4533321977710387
5615 2.049749751872433
5669 12.610724923381312
5701 9.83813620114153
5872 2.5441623459970937
5873 6.9985096422506015
6060 11.338901452147201
6088 3.644053379762591
6114 3.8630154263214513
6235 8.589479633844098
6374 4.600614369452231
6376 3.0666840095262753
6586 2.288979440938267
6621 5.389071729816501
6819 1.7153059135126125
6856 3.2849375755462935
7019 2.130975191795019
7054 3.8630154263214513
7104 -0.6634879166512921
7170 1.6186122887101415
7224 4.22592092001082
7312 2.3163784151263815
7424 3.3609234825242154
7462 1.942263836902293
7497 0.7014003223166658
7534 8.699372000645823
7535 4.919068100570765
7578 1.0430745587218369
7588 10.105198986390576
7692 2.2449194511442365
7764 1.7052048175261088
7768 3.3096301881366648
7828 4.05407066308416
8566 5.019746545036923
8621 5.283601631122019
8736 1.1933746733341126
8816 1.7255100836868542
8880 1.67063347346102
8890 2.2800107709555064
8979 8.945117447045902
8993 5.946315903030904
9151 1.258716730071367
9170 0.6116303228879563
9357 4.00277736869661
9384 4.006647486343966
9761 4.695924549256556
9791 2.344549292093078
9817 1.3183370332335338
10006 2.6944445490464313
10025 4.513602992462601
10258 1.8000126109847754
10422 0.7087940713416041
10554 5.389071729816501
10647 3.5327737394508745
10770 2.4876501357337513
10868 -2.0389718009303652
10886 2.87137525720551
10906 2.035665011990694
11154 4.433560284789064
11235 3.740413104229119
11491 3.7490913256946845
11524 1.5178707189086098
11580 2.5441623459970937
11591 2.7218435232345457
11625 1.457246097092175
11696 3.2373095265570386
11739 4.600614369452231
11782 5.612215281130711
11785 11.808430325148993
11825 2.9041650800285006
11836 2.37353682896633
11943 2.455214859980597
12022 0.8081923650016455
12047 7.208407902755317
12049 2.5676928434072877
12197 5.612215281130711
12357 2.1701959049483
12444 6.9985096422506015
12455 -0.8610346634721608
12488 1.9359146092236343
12489 6.474619053114077
12529 3.502002080784121
12553 2.1431672325603808
12595 4.689098584186156
12674 3.155949285956631
12837 3.4431615807611875
13041 4.513602992462601
13045 1.886521853894058
13102 5.471659530418572
13106 4.670141096277068
13250 6.9985096422506015
13268 5.8998973535824915
13310 3.666305132075397
13312 2.955458374416051
13314 4.0573926853492015
13354 1.8280256472124494
13374 6.305362461690656
13376 4.359452312635343
13390 4.47267141490569
13527 2.049749751872433
13670 2.6164830075767194
13743 3.8204558119026557
13891 0.6065925288579992
13922 5.695929643279208
14044 1.4611753752320646
14104 5.130727834668198
14130 6.305362461690656
14237 -12.550470269474879
14267 -0.3823693933135151
14339 6.9985096422506015
14381 0.457735330796197
14416 3.869756064876207
14422 2.1233123190494494
14439 6.254617262685421
14453 3.414990703794491
14460 6.305362461690656
14531 6.9985096422506015
14679 7.559267634764801
14805 4.22592092001082
14830 5.558003874148989
14880 4.22592092001082
15112 4.8012850649143815
15121 4.760590771186684
15155 2.0712336022232116
15283 2.236335707452845
15332 -6.209246920582481
15413 1.2781978656431896
15418 4.246624638098899
15672 2.910084841569207
15677 3.155949285956631
15720 9.391849098513111
15769 6.669895992241909
15794 2.5676928434072877
15816 3.9539872045271784
