22
2159 3.502002080784121
2424 2.219386149139072
2829 2.8088549002241754
3586 3.2849375755462935
4114 1.3890378470656415
4253 4.22592092001082
4878 1.3672978604292356
5630 0.11915383779016203
6219 2.298029276458185
7104 -0.6634879166512921
8123 1.6609715625492831
9733 1.0850066366123312
10447 0.6099482367049713
10517 3.725422410400679
11051 2.9209721983448818
11304 1.2054960338664575
12062 3.47214911763444
12960 3.1918471524802814
13891 0.6065925288579992
14267 -0.3823693933135151
15241 1.7462362142039713
15332 -1.5523117301456202
