47
2166 2.6418008155610093
2442 2.7938170228596353
2513 1.8280256472124494
2801 6.9985096422506015
3355 4.695924549256556
3671 3.5645224377654547
3896 2.807596525297524
4522 0.2603571476546441
4531 5.362043057428582
4711 1.9296054400303697
4834 3.7026727762462723
5230 4.695924549256556
5555 2.4033897921160112
6054 6.305362461690656
6433 0.5154022907934025
6620 2.3996588308615743
6754 3.607355674455688
7286 1.4112609838503516
7965 3.773043707788116
8043 1.730651483187273
8275 3.9539872045271784
8660 1.675499663112193
8710 0.551203779709388
9589 1.3115342859107813
9729 4.479534318954715
9970 0.4837969513780714
10522 2.9911764570181303
10620 4.695924549256556
10914 2.727440078162703
11062 3.6312138122641273
11299 -1.0423655237318759
11438 3.3349479961209547
11900 2.049749751872433
11969 0.7582337970798316
12014 2.9911764570181303
12111 1.994563336305142
12455 -0.6457759976041206
12578 2.4237986637472186
12797 2.7218435232345457
12826 1.2619373447714093
12978 2.383389125409342
13471 2.6040604875781623
13867 1.087712998210074
13891 0.6065925288579992
15228 12.610724923381312
15279 3.21432000833234
15771 0.023095714794649395
