82
215 4.8012850649143815
389 1.6419233675785887
646 2.219386149139072
652 3.5327737394508745
863 3.4431615807611875
867 2.413542163580029
868 6.086089028023802
930 3.2849375755462935
932 8.614125771616528
1876 3.502002080784121
1977 2.6040604875781623
2033 1.6853036632088139
2271 0.34178311807220957
2320 2.973157951515452
2669 1.8223599096767722
2913 3.440789966040168
3048 2.5098732725184614
3145 6.9985096422506015
3670 5.389071729816501
3774 1.7255100836868542
3812 6.760732541662054
4537 1.0196238773494795
4726 4.22592092001082
4750 0.33155284982139466
4813 4.47267141490569
4909 4.407241664217533
4912 3.8592108800607394
5324 3.6312138122641273
5621 6.9985096422506015
5721 4.22592092001082
5889 2.4033897921160112
6683 4.919068100570765
6941 4.356456153291129
7036 5.389071729816501
7104 -0.6634879166512921
7569 1.0170954309961207
8230 2.37353682896633
8262 2.0712559570933964
8545 12.610724923381312
8848 3.0666840095262753
8977 2.6290617897835795
9195 3.7026727762462723
9282 5.813328791084155
9376 3.5645224377654547
9393 1.060973437168175
9602 2.2800107709555064
10114 1.3014161557451966
10258 1.8000126109847754
10431 2.16559845872687
10929 3.1066893441399746
11046 2.3933394562625097
11209 3.666305132075397
11379 2.0426825846493406
12404 1.485080896085619
12451 5.258123579567159
12499 2.2711218235382606
12629 3.3096301881366648
12677 3.9539872045271784
12721 7.380872191011289
12833 1.9260564194516896
13125 3.3096301881366648
13153 4.455650035569873
13195 4.513602992462601
13371 3.7026727762462723
13449 2.6418008155610093
13553 -0.7409215198883841
13633 5.389071729816501
13681 2.498699971920336
13761 2.6040604875781623
13921 2.1782280766455644
14165 2.8088549002241754
14291 5.8998973535824915
14403 2.4446327506500602
14453 3.414990703794491
14906 0.8027278807278994
15012 4.108137884354437
15155 0.6904112007410705
15345 6.9985096422506015
15604 2.1233123190494494
15650 2.130975191795019
15685 0.8716404581364162
15830 5.8998973535824915
