106
862 2.344549292093078
879 3.666305132075397
927 2.0785287164224764
2064 3.129575277392723
2087 2.8876357780772897
2201 2.035665011990694
2240 1.65617539028579
2258 2.87137525720551
2299 6.9985096422506015
2375 6.9985096422506015
2393 5.389071729816501
2424 4.438772298278144
2450 -3.0542844785180536
2484 1.3149298749119196
2674 1.0272478024601386
2964 0.900435360084361
3192 1.0095482253607377
3449 0.9823524825522477
3489 3.884527673804586
3577 6.9985096422506015
3578 0.6015799870344548
3635 1.5779746429783155
3766 4.695924549256556
3982 3.2307936678203566
4750 0.33155284982139466
4765 2.8300266669378042
4852 1.258716730071367
5210 4.695924549256556
5528 2.875656022470147
5580 6.9985096422506015
5615 6.149249255617299
5874 2.579669034454003
6169 2.4033897921160112
6235 1.2270685191205855
6314 10.413500346045092
6351 2.8088549002241754
6367 6.305362461690656
6530 3.3609234825242154
6703 4.433560284789064
6819 1.7153059135126125
6872 1.3047775034479017
6962 3.8630154263214513
6984 7.559267634764801
7048 3.21432000833234
7104 -1.3269758333025843
7327 3.5327737394508745
7418 3.1483620405405426
7516 4.8012850649143815
7534 1.242767428663689
7552 3.8973072700021283
7991 1.3149298749119196
8090 2.236335707452845
8439 0.4690908039883759
9151 1.258716730071367
9170 1.2232606457759125
9270 3.1066893441399746
9346 2.498699971920336
9357 4.00277736869661
9445 14.865789757577259
9537 0.6546292081242703
9709 1.082307579643166
9786 3.1483620405405426
9836 3.666305132075397
9970 0.9675939027561428
10058 2.6040604875781623
10199 2.3256808077886952
10329 -0.4201813914191953
10536 4.359452312635343
10691 3.414990703794491
10868 -0.18536107281185138
10973 2.7938170228596353
11168 1.2781978656431896
11299 -0.5211827618659379
11320 2.764403137653342
11713 4.290459441148391
11769 1.6466515087745348
11959 2.2449194511442365
12049 2.5676928434072877
12078 1.3637200390813515
12180 4.919068100570765
12263 2.579669034454003
12455 -0.4305173317360804
12488 7.743658436894537
12489 3.2373095265570386
12503 2.2278250177849364
12553 2.1431672325603808
12571 4.00277736869661
13052 3.260840023967233
13354 1.8280256472124494
13460 2.955458374416051
13553 -0.37046075994419203
13681 2.498699971920336
13922 1.8986432144264027
14135 2.3541187431092285
14136 1.4810567457858934
14137 6.9985096422506015
14309 1.5137127087599462
14435 2.3933394562625097
14449 3.21432000833234
14453 3.414990703794491
14523 2.8553749158590684
14571 3.2373095265570386
14906 0.4013639403639497
15187 1.994563336305142
15283 4.47267141490569
15332 -3.1046234602912404
