410
492 3.3609234825242154
500 2.1701959049483
1044 6.9985096422506015
1839 2.093234863812172
1845 6.9985096422506015
1864 3.047265923669174
1884 3.8973072700021283
1888 4.600614369452231
1893 1.7567626271909589
1896 1.7835738846416156
1906 3.597312260588446
1922 6.780818936766102
1923 2.211017899468555
1938 2.66777630196427
1957 7.289439638707089
1986 2.4237986637472186
2064 1.5647876386963615
2068 3.3609234825242154
2070 2.9461134062376346
2224 17.831068248921092
2233 3.260840023967233
2269 1.8686109273275278
2271 0.34178311807220957
2302 9.02857678705898
2334 1.5879037593638217
2357 1.1873686492739008
2422 4.919068100570765
2444 3.666305132075397
2446 2.5326015235960173
2450 -3.665141374221664
2452 2.1782280766455644
2492 3.047265923669174
2512 9.602570129828763
2513 3.656051294424899
2562 5.612215281130711
2592 2.938066631704182
2597 2.1157077196642304
2631 0.42584399448534344
2638 4.261950383590038
2674 2.054495604920277
2726 6.9985096422506015
2764 11.799794707164983
2874 6.094531847338348
2910 7.480826208458238
2920 2.0386245855125003
2924 6.086089028023802
2943 3.4431615807611875
2964 0.900435360084361
3048 5.019746545036923
3068 2.6920409239639014
3192 1.0095482253607377
3215 1.179961702382206
3240 3.5645224377654547
3374 1.9680717208581657
3449 0.9823524825522477
3454 3.47214911763444
3506 4.102827641000005
3516 2.0785287164224764
3578 0.6015799870344548
3593 3.666305132075397
3598 1.1666271649670843
3632 3.47214911763444
3690 1.4972514317058743
3700 2.5894543351888
3737 3.6111055827207816
3774 1.7255100836868542
3788 5.500028800402484
3804 2.750014400201242
3807 4.6513616155773905
3812 2.2535775138873513
3820 1.7890234894091803
3836 4.165296298194385
3844 11.108018328738817
3877 6.339736491523013
3974 3.3875917296063767
3995 3.50297114018023
4021 1.5054481989100525
4053 -0.07476007520910928
4110 11.057612550613367
4112 6.9985096422506015
4147 5.8998973535824915
4158 0.030600440448717042
4163 9.83813620114153
4167 2.0712559570933964
4208 1.5220460903190904
4219 3.5135252543819178
4222 4.6513616155773905
4246 4.8012850649143815
4281 4.695924549256556
4333 1.4651201535230811
4368 4.22592092001082
4405 4.038061385945852
4421 4.919068100570765
4487 3.1066893441399746
4502 19.661984301569227
4507 2.298029276458185
4522 1.0414285906185765
4695 11.48550102882204
4750 0.6631056996427893
4808 9.027205984925201
4812 7.907974409054357
4831 5.052599493195288
4846 2.021775899830027
4863 4.05407066308416
4866 2.5211728277723946
4876 2.2449194511442365
4878 1.3672978604292356
4914 1.4339892349279078
4970 1.9746291214043248
4996 4.290459441148391
5006 3.086486636822455
5010 5.8998973535824915
5014 2.3541187431092285
5020 6.42864001666468
5043 17.510010403920603
5101 3.414990703794491
5110 1.8452180477528222
5116 7.846228159347888
5119 2.3933394562625097
5155 3.3096301881366648
5177 6.9985096422506015
5178 12.610724923381312
5224 4.600614369452231
5242 6.305362461690656
5272 3.597312260588446
5326 3.1483620405405426
5331 3.2373095265570386
5339 2.356853423796479
5349 4.8012850649143815
5353 22.448861124522843
5496 4.600614369452231
5533 3.7026727762462723
5539 1.7153059135126125
5554 6.3244815420865415
5587 5.065203047192035
5590 1.4533321977710387
5712 6.305362461690656
5736 5.617709800448351
5739 2.8876357780772897
5847 5.8998973535824915
5905 1.7835738846416156
5973 1.4770487243883548
5978 5.389071729816501
5983 1.9878743481543455
5992 4.359452312635343
6021 3.7796338173824005
6026 2.66777630196427
6049 2.035665011990694
6064 2.138697237888929
6123 2.288979440938267
6235 1.2270685191205855
6387 2.9911764570181303
6389 3.1273086313427103
6393 4.22592092001082
6433 3.0924137447604148
6447 1.2880826248757316
6467 2.2535775138873513
6494 5.612215281130711
6548 2.0785287164224764
6586 2.288979440938267
6628 9.575541457440844
6657 2.138697237888929
6675 2.5098732725184614
6754 1.2024518914852294
6767 5.389071729816501
6776 7.769055347609172
6787 2.288979440938267
6819 3.430611827025225
6941 2.1782280766455644
7019 4.261950383590038
7025 3.028644676082213
7028 2.764403137653342
7072 7.794614540004257
7104 -5.971391249861629
7222 4.695924549256556
7274 3.0666840095262753
7285 6.305362461690656
7482 1.8055527913603908
7489 4.108137884354437
7535 4.919068100570765
7569 1.0170954309961207
7578 0.5215372793609184
7614 2.5676928434072877
7623 3.3349479961209547
7655 26.601361708734387
7688 6.17297327364491
7699 3.7796338173824005
7718 5.8998973535824915
7724 3.597312260588446
7757 8.45184184002164
7767 3.414990703794491
7813 1.0145733615634107
7817 15.629868755569142
7871 4.108137884354437
7887 2.973157951515452
7892 1.5517722705842913
7936 4.359452312635343
7981 2.0426825846493406
7991 2.629859749823839
8025 6.305362461690656
8055 75.50829208074101
8057 37.48766668374947
8090 4.47267141490569
8256 1.6803896484063847
8308 9.83813620114153
8391 2.555858385760285
8444 1.7890234894091803
8451 12.610724923381312
8554 6.9985096422506015
8561 7.726030852642903
8582 2.7562175530669024
8643 6.003892105459458
8672 2.8876357780772897
8678 12.610724923381312
8708 1.4810567457858934
8710 1.6536113391281642
8712 3.3349479961209547
8752 4.433560284789064
8799 14.008008323136483
8840 6.339736491523013
8928 2.6710983242293107
8960 3.8630154263214513
8979 5.367070468227541
9106 6.510039819673987
9122 1.3744921360632627
9151 2.517433460142734
9170 0.6116303228879563
9232 6.9985096422506015
9270 15.533446720699873
9292 2.5441623459970937
9308 3.1698682457615064
9310 3.4431615807611875
9314 6.9985096422506015
9384 4.006647486343966
9481 1.7727629685373998
9537 3.927775248745622
9538 14.403855194743144
9554 2.543323789326808
9565 17.699692060747473
9573 6.6192603762733295
9711 3.7372218546550555
9807 3.1698682457615064
9830 5.389071729816501
9895 2.288979440938267
9970 0.4837969513780714
10098 4.695924549256556
10154 3.3609234825242154
10199 2.3256808077886952
10202 2.591790394986348
10221 2.434161450782765
10278 3.2849375755462935
10281 6.305362461690656
10301 4.22592092001082
10324 4.00277736869661
10341 6.339736491523013
10422 1.4175881426832082
10430 12.610724923381312
10437 1.3672978604292356
10447 1.829844710114914
10456 2.8553749158590684
10503 2.413542163580029
10561 1.6003469407328483
10633 4.433560284789064
10658 2.9041650800285006
10678 4.577958881876534
10749 2.3509274935351647
10753 2.7790019370744945
10759 3.0666840095262753
10770 2.4876501357337513
10855 6.9985096422506015
10867 1.4533321977710387
10868 -0.37072214562370276
10886 2.87137525720551
10910 4.695924549256556
11027 1.2781978656431896
11032 1.087712998210074
11106 4.043551799660054
11131 4.433560284789064
11139 5.74275051441102
11154 4.433560284789064
11163 3.7796338173824005
11165 2.1863252868781835
11168 2.556395731286379
11202 2.9209721983448818
11217 13.540808977387801
11218 1.7160635543787315
11232 5.389071729816501
11287 2.0286963426746007
11296 2.764403137653342
11297 4.600614369452231
11299 -2.6059138093296896
11317 3.0666840095262753
11327 3.5645224377654547
11339 4.00277736869661
11426 3.8630154263214513
11450 2.262311193856106
11461 2.146479378330984
11465 5.052599493195288
11503 2.8876357780772897
11524 1.5178707189086098
11570 1.1933746733341126
11591 5.443687046469091
11796 7.640911623805311
11834 6.305362461690656
11836 2.37353682896633
11877 6.9985096422506015
11907 17.039130155479356
11908 1.5346778372249912
11945 1.9550845253313545
11969 0.7582337970798316
11973 5.206750173022546
11984 2.4237986637472186
12014 2.9911764570181303
12018 6.9985096422506015
12022 0.40409618250082274
12028 2.591790394986348
12034 0.9324015521468534
12043 4.997399943840672
12070 2.87137525720551
12081 2.363780654020965
12131 4.433560284789064
12137 2.498699971920336
12183 4.8012850649143815
12186 4.108137884354437
12197 5.612215281130711
12218 7.964112661190752
12292 2.5211728277723946
12439 36.108823939700805
12455 -3.874655985624724
12508 18.098489550848846
12554 1.6609715625492831
12623 4.290459441148391
12708 4.787496781134966
12717 4.199402954007755
12773 0.8826175167675673
12823 1.034930298632155
12978 2.383389125409342
13052 3.260840023967233
13104 3.2373095265570386
13108 2.2800107709555064
13314 4.0573926853492015
13319 1.8055527913603908
13338 2.5211728277723946
13390 4.47267141490569
13513 3.7026727762462723
13553 -2.593225319609344
13613 1.8111238364098463
13708 3.9539872045271784
13728 5.389071729816501
13741 11.799794707164983
13751 8.216275768708874
13769 6.254617262685421
13891 3.639555173147995
14044 1.4611753752320646
14080 6.305362461690656
14153 7.462950407201253
14155 6.9985096422506015
14174 5.383508865521417
14194 7.405345552492545
14195 3.5563076343445528
14196 0.8373023205555247
14230 4.359452312635343
14237 -10.458725224562398
14267 -2.2942163598810907
14313 1.6466515087745348
14315 3.009525595686327
14381 0.2288676653980985
14403 2.4446327506500602
14416 0.7739512129752414
14431 1.034930298632155
14453 3.414990703794491
14461 3.740413104229119
14515 3.0666840095262753
14516 2.1782280766455644
14529 2.8088549002241754
14571 3.2373095265570386
14572 5.052599493195288
14728 7.480826208458238
14830 5.558003874148989
14875 5.612215281130711
14893 4.359452312635343
14906 2.0068197018197482
14957 6.9985096422506015
14974 4.8012850649143815
15057 1.152070867192877
15121 3.1737271807911225
15142 6.305362461690656
15155 2.761644802964282
15170 4.695924549256556
15173 3.009525595686327
15181 1.751485570090115
15209 5.159338068908006
15257 8.718904625270685
15265 4.165296298194385
15283 2.236335707452845
15302 3.3609234825242154
15332 -10.866182111019342
15341 1.5919482501253577
15373 5.700525259191826
15413 1.2781978656431896
15435 2.750014400201242
15453 20.127021367075606
15471 1.3881216796572402
15551 1.1578679848772029
15669 2.162227735299123
15672 2.910084841569207
15685 3.486561832545665
15771 0.16167000356254577
15805 2.008077055471865
15861 3.597312260588446
