264
194 3.0799945546376724
209 1.7001922757025645
327 2.20271909665386
607 2.5211728277723946
646 2.219386149139072
671 4.00277736869661
717 2.8396265588909295
744 3.3875917296063767
745 5.612215281130711
787 2.035665011990694
799 5.206750173022546
862 4.689098584186156
1060 0.06216690641655154
1379 2.685207329484418
1462 4.919068100570765
1510 6.9985096422506015
1692 2.1944885975173447
1755 3.47214911763444
1782 2.7218435232345457
1850 3.0666840095262753
1929 2.1081605140288473
2017 6.775183459212753
2027 2.7938170228596353
2201 4.071330023981388
2240 1.65617539028579
2327 3.9074671888922854
2331 3.6312138122641273
2333 4.8012850649143815
2407 2.236335707452845
2450 -0.6108568957036107
2484 1.3149298749119196
2492 3.047265923669174
2519 1.6902419448493964
2538 1.422560539104285
2862 1.4690805547391779
2874 3.047265923669174
2920 0.6795415285041667
2940 3.2557432282458767
2977 6.94429823526888
3045 5.389071729816501
3143 4.438772298278144
3150 3.5327737394508745
3192 3.028644676082213
3205 3.1273086313427103
3374 1.9680717208581657
3404 2.465910149097345
3489 7.769055347609172
3578 1.2031599740689096
3635 1.5779746429783155
3737 3.6111055827207816
3763 7.194624521176892
3814 4.47267141490569
3856 6.9985096422506015
3866 6.9985096422506015
3898 3.047265923669174
3901 4.72756130804193
3967 6.9985096422506015
3982 1.0769312226067855
4021 1.5054481989100525
4138 3.3875917296063767
4143 3.9539872045271784
4164 7.925402446683028
4230 2.0149030205422647
4241 2.4033897921160112
4258 3.3096301881366648
4319 2.049749751872433
4385 3.1273086313427103
4405 1.3460204619819507
4522 0.5207142953092883
4711 1.9296054400303697
4750 0.33155284982139466
4765 2.8300266669378042
4809 5.617709800448351
4838 2.9461134062376346
4852 3.7761501902141013
4862 3.047265923669174
4928 4.359452312635343
5033 2.1233123190494494
5039 2.735829765209286
5067 2.2278250177849364
5111 3.21432000833234
5272 3.597312260588446
5316 2.236335707452845
5339 1.1784267118982394
5342 7.262427624528255
5498 4.108137884354437
5525 6.6192603762733295
5528 2.875656022470147
5590 1.4533321977710387
5615 4.099499503744866
5638 5.8998973535824915
5796 5.8998973535824915
5901 2.455214859980597
5973 1.4770487243883548
6065 4.22592092001082
6074 4.513602992462601
6140 2.211017899468555
6169 2.4033897921160112
6216 2.3933394562625097
6219 2.298029276458185
6235 3.681205557361756
6365 3.9074671888922854
6411 4.86832290156553
6530 3.3609234825242154
6553 7.640911623805311
6590 3.8204558119026557
6872 1.3047775034479017
6908 0.33537694625979814
7019 2.130975191795019
7048 3.21432000833234
7104 -2.6539516666051686
7215 2.344549292093078
7306 2.4876501357337513
7316 3.1273086313427103
7346 3.5645224377654547
7427 3.9074671888922854
7435 11.461367435707967
7497 1.4028006446333317
7534 2.485534857327378
7569 1.0170954309961207
7578 2.0861491174436737
7613 4.290459441148391
7633 1.8745456628473423
7650 2.1081605140288473
7764 1.7052048175261088
7892 1.5517722705842913
7946 4.290459441148391
8086 3.3096301881366648
8275 3.9539872045271784
8301 2.413542163580029
8378 11.224430562261421
8435 5.206750173022546
8439 1.4072724119651276
8478 3.502002080784121
8566 7.529619817555384
8578 3.1066893441399746
8619 6.9985096422506015
8621 5.283601631122019
8648 2.434161450782765
8660 1.675499663112193
8723 3.052477937158253
8736 1.1933746733341126
8816 1.7255100836868542
8880 3.34126694692204
8886 2.6163003758530814
8890 2.2800107709555064
8895 3.9539872045271784
8962 5.052599493195288
8975 2.3933394562625097
8978 1.6140145794615122
9059 11.224430562261421
9095 4.513602992462601
9106 1.0850066366123312
9119 5.389071729816501
9122 1.3744921360632627
9151 1.258716730071367
9170 2.446521291551825
9182 3.666305132075397
9310 3.4431615807611875
9482 4.919068100570765
9531 1.67063347346102
9554 1.271661894663404
9606 4.919068100570765
9709 5.41153789821583
9711 1.8686109273275278
9757 13.801843108356692
9791 2.344549292093078
9808 3.009525595686327
9817 1.3183370332335338
9836 3.666305132075397
10008 2.0568672196412967
10030 2.413542163580029
10031 4.997399943840672
10258 1.8000126109847754
10278 3.2849375755462935
10329 -0.4201813914191953
10364 4.695924549256556
10422 0.7087940713416041
10487 1.981229805435677
10502 5.389071729816501
10504 10.105198986390576
10690 5.612215281130711
10734 5.471659530418572
10770 2.4876501357337513
10808 4.919068100570765
10868 -1.2975275096829597
10962 5.258123579567159
10990 3.597312260588446
11032 1.087712998210074
11089 1.1549652252192415
11168 1.2781978656431896
11299 -0.5211827618659379
11406 2.6418008155610093
11491 5.623636988542026
11539 7.34540277369589
11671 2.2535775138873513
11696 3.2373095265570386
11770 5.612215281130711
11943 2.455214859980597
11969 0.7582337970798316
12047 1.4416815805510634
12049 5.135385686814575
12050 6.9985096422506015
12057 8.40267936919876
12093 1.6803896484063847
12186 4.108137884354437
12216 2.87137525720551
12241 2.579669034454003
12263 5.159338068908006
12357 2.1701959049483
12377 1.3460204619819507
12383 1.2523064517104479
12457 3.2373095265570386
12488 3.8718292184472687
12529 3.502002080784121
12553 1.0715836162801904
12598 2.5098732725184614
12723 2.288979440938267
12816 4.919068100570765
12826 2.5238746895428186
12837 3.4431615807611875
12929 3.7026727762462723
13080 0.8123010183501074
13183 3.502002080784121
13274 5.8998973535824915
13314 2.0286963426746007
13343 2.973157951515452
13451 3.4431615807611875
13508 3.4510201673737084
13672 1.5262389685791264
13759 5.910916748832102
13783 5.612215281130711
13791 3.047265923669174
13840 5.612215281130711
13867 1.087712998210074
13922 3.7972864288528054
14107 2.4237986637472186
14118 3.8630154263214513
14153 2.4876501357337513
14237 -1.3944966966083199
14296 4.8012850649143815
14308 2.0640357091199095
14309 1.5137127087599462
14381 0.2288676653980985
14431 1.034930298632155
14507 1.8510151654371483
14577 4.433560284789064
15317 3.0666840095262753
15326 3.2373095265570386
15332 -15.523117301456201
15348 2.10066984229969
15391 4.290459441148391
15418 2.1233123190494494
15424 1.8111238364098463
15450 4.290459441148391
15471 0.6940608398286201
15478 4.359452312635343
15515 3.666305132075397
15517 1.886521853894058
15651 1.1377234187847354
15672 0.7275212103923018
15677 1.5779746429783155
15685 0.8716404581364162
15694 2.938066631704182
