192
451 4.22592092001082
459 4.8012850649143815
493 3.1698682457615064
1021 6.9985096422506015
1379 1.0740829317937672
1381 2.6547042203969173
1398 6.9985096422506015
1404 2.7417770571199283
1441 6.9985096422506015
1543 5.206750173022546
1798 6.9985096422506015
1808 6.9985096422506015
1885 3.009525595686327
1922 3.390409468383051
1940 2.6944445490464313
1956 4.695924549256556
1957 1.8223599096767722
2030 3.3349479961209547
2049 2.37353682896633
2247 2.219386149139072
2269 7.474443709310111
2271 1.0253493542166288
2277 6.9985096422506015
2506 3.1483620405405426
2585 3.9074671888922854
2682 4.108137884354437
2690 3.1483620405405426
2796 2.335070548138534
2924 4.0573926853492015
3080 6.305362461690656
3085 4.919068100570765
3100 2.7938170228596353
3506 1.6411310564000017
3578 1.8047399611033645
3657 5.232966015153439
3696 4.695924549256556
3774 3.4510201673737084
3898 3.047265923669174
3985 7.529619817555384
3990 7.887185369350739
4029 2.9041650800285006
4053 -0.8223608273002021
4191 4.108137884354437
4219 1.7567626271909589
4222 4.6513616155773905
4253 4.22592092001082
4261 4.524622387712212
4333 7.325600767615406
4366 1.9878743481543455
4616 1.8925641683500207
4750 1.3262113992855786
4852 1.258716730071367
4854 6.9985096422506015
4863 4.05407066308416
4882 2.130975191795019
4989 1.3355491621146554
5036 4.695924549256556
5173 3.7026727762462723
5273 3.21432000833234
5280 4.919068100570765
5283 3.2849375755462935
5299 5.389071729816501
5418 8.00555473739322
5484 0.9464204733261844
5518 1.5868635903955612
5581 3.0666840095262753
5590 1.4533321977710387
5630 0.3574615133704861
5644 6.305362461690656
5770 3.4431615807611875
5850 3.047265923669174
5861 2.750014400201242
6043 1.5913378707904824
6072 4.22592092001082
6439 4.513602992462601
6555 2.9911764570181303
6819 1.7153059135126125
6856 3.2849375755462935
6971 3.597312260588446
6980 6.9985096422506015
7306 2.4876501357337513
7338 4.8012850649143815
7490 10.244972111383474
7534 2.485534857327378
7586 4.433560284789064
7781 7.812181462734487
7813 1.0145733615634107
7842 2.37353682896633
7981 2.0426825846493406
8096 1.4533321977710387
8142 2.9041650800285006
8284 3.9539872045271784
8294 3.666305132075397
8337 1.9550845253313545
8447 15.629868755569142
8684 6.9985096422506015
8690 2.7938170228596353
8695 1.9550845253313545
8710 0.551203779709388
8718 2.824122372354964
8723 1.5262389685791264
8731 2.0286963426746007
8749 6.133368019052551
8816 1.7255100836868542
8834 6.9985096422506015
8904 2.1863252868781835
8979 1.7890234894091803
9037 11.799794707164983
9110 2.035665011990694
9229 7.180018368787529
9257 5.679253117781859
9423 8.66290733423187
9588 4.359452312635343
9597 3.1273086313427103
9970 2.418984756890357
10233 3.4431615807611875
10279 4.433560284789064
10326 0.5230769255465112
10422 0.7087940713416041
10658 2.9041650800285006
10665 8.867120569578129
10734 2.735829765209286
10751 0.7939518796819108
10756 6.305362461690656
10770 4.9753002714675025
10854 3.6312138122641273
10868 -0.9268053640592568
10993 4.22592092001082
11228 3.3096301881366648
11235 3.740413104229119
11299 -1.5635482855978138
11302 3.47214911763444
11304 1.2054960338664575
11305 2.0640357091199095
11347 1.6746046411110493
11379 4.085365169298681
11400 3.5327737394508745
11416 2.1782280766455644
11498 6.9985096422506015
11597 3.0666840095262753
11625 1.457246097092175
11629 8.33059259638877
11671 2.2535775138873513
11704 3.1483620405405426
11785 1.9680717208581657
11828 2.955458374416051
11881 2.70805020110221
11945 1.9550845253313545
12022 0.8081923650016455
12028 2.591790394986348
12089 11.235419600896702
12137 2.498699971920336
12293 3.7026727762462723
12610 2.4237986637472186
12783 3.7972864288528054
12790 4.528715748281744
12823 1.034930298632155
12826 2.5238746895428186
12853 1.152070867192877
13045 3.773043707788116
13071 3.086486636822455
13271 3.3875917296063767
13273 3.3096301881366648
13311 5.206750173022546
13401 2.465910149097345
13438 2.555858385760285
13527 2.049749751872433
13553 -0.37046075994419203
13761 5.208120975156325
13825 2.7218435232345457
13828 3.3349479961209547
13838 2.3163784151263815
13867 1.087712998210074
13904 3.5327737394508745
14008 2.001297368486486
14198 3.047265923669174
14237 -0.6972483483041599
14422 10.616561595247248
14431 2.06986059726431
14612 2.1863252868781835
14824 4.359452312635343
14906 0.8027278807278994
14908 2.476721065201561
15037 2.3163784151263815
15306 2.8799528723390266
15332 -3.1046234602912404
15338 4.290459441148391
15341 0.7959741250626788
15472 2.735829765209286
15570 2.7218435232345457
15672 0.7275212103923018
15677 1.5779746429783155
