369
194 1.5399972773188362
309 6.305362461690656
486 2.70805020110221
491 3.1066893441399746
500 2.1701959049483
646 2.219386149139072
717 5.679253117781859
787 2.035665011990694
810 2.8396265588909295
986 7.907974409054357
1017 6.9985096422506015
1060 0.12433381283310307
1171 2.9209721983448818
1287 6.305362461690656
1379 0.5370414658968836
1404 2.7417770571199283
1455 5.8998973535824915
1462 4.919068100570765
1686 1.1549652252192415
1690 2.455214859980597
1854 6.9985096422506015
1893 1.7567626271909589
1911 6.9985096422506015
1966 6.9985096422506015
1993 5.8998973535824915
2027 5.587634045719271
2036 3.8973072700021283
2054 6.9985096422506015
2064 1.5647876386963615
2240 1.65617539028579
2258 2.87137525720551
2269 1.8686109273275278
2334 1.5879037593638217
2424 4.438772298278144
2450 -3.0542844785180536
2484 7.889579249471518
2592 2.938066631704182
2595 5.042345655544789
2692 6.9985096422506015
2705 1.6657908489852322
2749 6.9985096422506015
2807 6.305362461690656
2862 1.4690805547391779
2924 2.0286963426746007
2935 1.2640783890383267
2940 1.6278716141229383
2943 10.329484742283562
2968 3.4431615807611875
3143 2.219386149139072
3168 2.824122372354964
3192 2.0190964507214755
3386 2.6290617897835795
3454 3.47214911763444
3461 3.3609234825242154
3467 6.9985096422506015
3481 5.052599493195288
3489 5.8267915107068795
3554 6.9985096422506015
3586 3.2849375755462935
3597 2.8876357780772897
3635 1.5779746429783155
3657 2.6164830075767194
3766 4.695924549256556
3774 1.7255100836868542
3780 2.465910149097345
3901 2.363780654020965
3921 6.9985096422506015
3930 6.9985096422506015
3961 2.6290617897835795
3982 1.0769312226067855
3990 2.6290617897835795
4021 1.5054481989100525
4026 2.8876357780772897
4051 4.919068100570765
4081 6.213378688279949
4089 6.9985096422506015
4143 3.9539872045271784
4164 7.925402446683028
4167 4.142511914186793
4183 4.359452312635343
4196 5.389071729816501
4197 4.695924549256556
4230 2.0149030205422647
4245 3.597312260588446
4256 5.389071729816501
4261 2.262311193856106
4286 2.130975191795019
4314 2.764403137653342
4321 2.8553749158590684
4391 3.260840023967233
4405 2.6920409239639014
4438 3.47214911763444
4504 3.6312138122641273
4522 0.7810714429639324
4574 6.9985096422506015
4576 2.085854756514549
4578 5.206750173022546
4620 4.165296298194385
4660 3.9074671888922854
4750 0.6631056996427893
4765 8.490080000813412
4838 2.9461134062376346
4840 2.938066631704182
4852 2.517433460142734
4862 3.047265923669174
4989 1.3355491621146554
5029 3.2373095265570386
5065 2.735829765209286
5067 4.455650035569873
5116 3.923114079673944
5156 2.211017899468555
5161 3.047265923669174
5181 2.288979440938267
5272 3.597312260588446
5342 7.262427624528255
5484 1.8928409466523688
5496 4.600614369452231
5517 1.6232312345664361
5525 9.928890564409993
5528 2.875656022470147
5563 3.1066893441399746
5587 2.5326015235960173
5590 2.9066643955420775
5615 4.099499503744866
5643 3.9074671888922854
5656 6.305362461690656
5687 8.314114865689906
5852 2.4876501357337513
5876 3.7796338173824005
5895 7.210169376348034
5998 4.919068100570765
6042 5.612215281130711
6088 1.2146844599208637
6205 8.866375123248154
6235 2.454137038241171
6351 2.8088549002241754
6411 4.86832290156553
6416 4.600614369452231
6493 6.9985096422506015
6688 1.8925641683500207
6732 6.9985096422506015
6908 0.33537694625979814
7019 2.130975191795019
7025 1.0095482253607377
7029 4.108137884354437
7104 -3.980927499907753
7164 4.290459441148391
7262 5.612215281130711
7306 4.9753002714675025
7325 2.8088549002241754
7344 1.6325336272287498
7346 7.1290448755309095
7401 1.886521853894058
7435 7.640911623805311
7497 0.7014003223166658
7516 4.8012850649143815
7534 1.242767428663689
7578 5.215372793609184
7582 5.8998973535824915
7607 4.919068100570765
7614 2.5676928434072877
7646 5.206750173022546
7688 3.086486636822455
7691 3.5645224377654547
7764 1.7052048175261088
7790 5.8998973535824915
7813 1.0145733615634107
7826 3.1273086313427103
7987 10.998915396226192
7990 5.389071729816501
7991 1.3149298749119196
8085 4.108137884354437
8096 1.4533321977710387
8401 3.8204558119026557
8439 0.4690908039883759
8471 2.7938170228596353
8566 7.529619817555384
8578 3.1066893441399746
8621 10.567203262244037
8731 2.0286963426746007
8736 2.3867493466682252
8816 1.7255100836868542
8835 5.8998973535824915
8886 1.3081501879265407
8904 6.5589758606345505
8960 3.8630154263214513
8964 4.600614369452231
8977 2.6290617897835795
9014 6.9985096422506015
9092 2.973157951515452
9106 1.0850066366123312
9127 4.22592092001082
9166 4.513602992462601
9170 3.0581516144397813
9214 4.165296298194385
9225 4.8012850649143815
9229 2.3933394562625097
9292 2.5441623459970937
9308 3.1698682457615064
9355 2.1782280766455644
9428 2.498699971920336
9537 0.6546292081242703
9587 5.8998973535824915
9589 1.3115342859107813
9641 2.6418008155610093
9660 10.413500346045092
9679 4.433560284789064
9709 3.246922738929498
9761 9.391849098513111
9765 1.7835738846416156
9970 0.9675939027561428
10006 2.6944445490464313
10031 4.997399943840672
10114 2.6028323114903933
10179 5.389071729816501
10258 3.6000252219695508
10281 6.305362461690656
10329 -1.0504534785479882
10445 3.3875917296063767
10475 5.206750173022546
10491 3.086486636822455
10499 6.9985096422506015
10535 10.778143459633002
10698 3.8630154263214513
10749 1.1754637467675824
10752 4.513602992462601
10825 2.0149030205422647
10868 -0.18536107281185138
10872 3.2097641917964794
10962 2.6290617897835795
10981 3.086486636822455
10990 3.597312260588446
11023 2.576165249751463
11032 1.087712998210074
11041 6.94429823526888
11067 5.8998973535824915
11101 5.052599493195288
11102 0.6652300141109108
11174 6.9985096422506015
11324 4.695924549256556
11344 3.1483620405405426
11353 2.8088549002241754
11424 6.305362461690656
11450 2.262311193856106
11461 2.146479378330984
11481 1.6186122887101415
11539 2.9381611094783557
11693 4.695924549256556
11783 4.00277736869661
11785 1.9680717208581657
11804 7.559267634764801
11840 1.6902419448493964
11841 2.8396265588909295
11842 4.8012850649143815
11850 2.455214859980597
11870 3.5645224377654547
11943 4.910429719961194
11959 8.979677804576946
11966 6.9985096422506015
12022 2.0204809125041137
12028 2.591790394986348
12047 4.3250447416531905
12049 2.5676928434072877
12057 6.30200952689907
12061 5.206750173022546
12309 3.5645224377654547
12321 3.4431615807611875
12380 3.2849375755462935
12383 1.2523064517104479
12488 3.8718292184472687
12489 6.474619053114077
12503 2.2278250177849364
12529 14.008008323136483
12553 3.214750848840571
12558 2.4446327506500602
12595 2.344549292093078
12625 6.9985096422506015
12674 1.5779746429783155
12717 0.5999147077153936
12818 3.1483620405405426
12826 1.2619373447714093
12833 3.852112838903379
12853 2.304141734385754
12921 3.740413104229119
12929 7.405345552492545
12987 5.8998973535824915
13000 4.165296298194385
13001 1.4730567031188173
13041 4.513602992462601
13045 1.886521853894058
13080 2.436903055050322
13106 2.335070548138534
13169 3.3349479961209547
13197 3.2849375755462935
13208 1.3115342859107813
13270 5.612215281130711
13314 2.0286963426746007
13319 1.8055527913603908
13343 2.973157951515452
13357 3.3875917296063767
13361 5.206750173022546
13390 2.236335707452845
13391 3.740413104229119
13412 2.5098732725184614
13432 3.7796338173824005
13453 5.206750173022546
13459 4.919068100570765
13468 6.305362461690656
13527 2.049749751872433
13547 1.6003469407328483
13553 -0.7409215198883841
13572 1.8745456628473423
13703 5.8998973535824915
13718 1.3425178314307487
13724 4.433560284789064
13750 2.162227735299123
13760 3.7796338173824005
13817 3.5645224377654547
13818 4.600614369452231
13838 2.3163784151263815
13867 3.263138994630222
13911 5.389071729816501
13922 3.7972864288528054
14118 15.452061705285805
14136 1.4810567457858934
14143 4.05407066308416
14168 5.808330160057001
14236 6.305362461690656
14237 -3.4862417415207996
14267 -1.5294775732540604
14363 6.305362461690656
14377 6.305362461690656
14381 0.2288676653980985
14435 2.3933394562625097
14449 3.21432000833234
14507 7.404060661748593
14529 2.8088549002241754
14558 2.476721065201561
14582 3.7026727762462723
14881 5.8998973535824915
14906 1.204091821091849
14993 5.8998973535824915
15064 12.610724923381312
15086 5.206750173022546
15113 3.7796338173824005
15155 0.6904112007410705
15187 1.994563336305142
15224 2.9041650800285006
15250 3.7796338173824005
15256 3.3349479961209547
15259 1.3320829541381691
15302 10.082770447572646
15332 -9.313870380873722
15341 0.7959741250626788
15363 2.555858385760285
15373 0.814360751313118
15424 1.8111238364098463
15435 2.750014400201242
15448 4.8012850649143815
15458 2.8088549002241754
15500 5.8998973535824915
15575 4.108137884354437
15651 1.1377234187847354
15655 3.9539872045271784
15672 1.4550424207846036
15677 9.467847857869893
15697 3.7796338173824005
15855 6.9985096422506015
15861 3.597312260588446
