238
194 3.0799945546376724
310 4.00277736869661
401 3.1698682457615064
414 6.305362461690656
512 2.0785287164224764
646 4.438772298278144
749 6.305362461690656
764 3.502002080784121
862 4.689098584186156
879 3.666305132075397
885 6.305362461690656
1060 0.12433381283310307
1171 2.9209721983448818
1379 1.6111243976906509
1687 2.413542163580029
1692 2.1944885975173447
1750 3.320596291274491
1755 3.47214911763444
1850 3.0666840095262753
1940 2.6944445490464313
2027 2.7938170228596353
2201 2.035665011990694
2233 3.260840023967233
2240 1.65617539028579
2331 3.6312138122641273
2406 2.9209721983448818
2407 2.236335707452845
2450 -1.832570687110832
2484 1.3149298749119196
2492 3.047265923669174
2519 1.6902419448493964
2538 2.84512107820857
2640 2.735829765209286
2674 2.054495604920277
2856 11.224430562261421
2865 4.8012850649143815
2874 3.047265923669174
2940 1.6278716141229383
2964 0.900435360084361
3143 4.438772298278144
3150 3.5327737394508745
3192 4.038192901442951
3374 1.9680717208581657
3461 3.3609234825242154
3489 7.769055347609172
3633 4.165296298194385
3675 6.305362461690656
3737 3.6111055827207816
3769 4.695924549256556
3814 2.236335707452845
3901 2.363780654020965
4047 3.8630154263214513
4138 3.3875917296063767
4143 11.861961613581535
4164 5.283601631122019
4183 8.718904625270685
4226 3.3609234825242154
4230 4.029806041084529
4261 2.262311193856106
4333 1.4651201535230811
4385 3.1273086313427103
4405 6.7301023099097534
4440 4.8012850649143815
4468 4.05407066308416
4500 2.8396265588909295
4522 0.5207142953092883
4528 4.919068100570765
4529 4.22592092001082
4537 1.0196238773494795
4549 2.6418008155610093
4711 3.8592108800607394
4765 2.8300266669378042
4783 2.1782280766455644
4852 6.293583650356835
4862 3.047265923669174
5039 2.735829765209286
5065 2.735829765209286
5067 2.2278250177849364
5119 2.3933394562625097
5122 5.587634045719271
5161 6.094531847338348
5316 2.236335707452845
5319 3.086486636822455
5496 4.600614369452231
5528 1.4378280112350734
5615 8.198999007489732
5668 2.955458374416051
5876 3.7796338173824005
5973 2.9540974487767095
5996 4.00277736869661
6043 3.182675741580965
6088 1.2146844599208637
6114 3.8630154263214513
6158 2.455214859980597
6365 3.9074671888922854
6530 3.3609234825242154
6872 1.3047775034479017
6962 3.8630154263214513
7019 6.392925575385057
7028 2.764403137653342
7048 3.21432000833234
7104 -0.6634879166512921
7197 3.461302966374546
7306 2.4876501357337513
7346 3.5645224377654547
7427 3.9074671888922854
7435 7.640911623805311
7497 1.4028006446333317
7534 2.485534857327378
7578 1.0430745587218369
7633 7.498182651389369
7650 4.216321028057695
7764 1.7052048175261088
7892 1.5517722705842913
7906 1.4339892349279078
7946 4.290459441148391
8086 3.3096301881366648
8275 3.9539872045271784
8439 0.9381816079767518
8478 3.502002080784121
8566 5.019746545036923
8578 6.213378688279949
8621 7.925402446683028
8648 2.434161450782765
8736 2.3867493466682252
8880 3.34126694692204
8886 2.6163003758530814
8904 2.1863252868781835
8962 5.052599493195288
8965 4.8012850649143815
9095 4.513602992462601
9119 5.389071729816501
9122 2.7489842721265254
9170 1.8348909686638688
9182 7.332610264150794
9310 3.4431615807611875
9384 1.3355491621146554
9554 1.271661894663404
9606 4.919068100570765
9709 3.246922738929498
9711 1.8686109273275278
9808 3.009525595686327
9872 4.165296298194385
9970 0.9675939027561428
10008 2.0568672196412967
10030 2.413542163580029
10031 2.498699971920336
10069 3.4431615807611875
10114 1.3014161557451966
10121 5.206750173022546
10258 5.400037832954326
10422 0.7087940713416041
10487 1.981229805435677
10502 10.778143459633002
10504 5.052599493195288
10561 3.2006938814656967
10664 5.8998973535824915
10690 5.612215281130711
10868 -1.1121664368711084
10947 5.612215281130711
11038 5.612215281130711
11046 2.3933394562625097
11051 2.9209721983448818
11102 0.6652300141109108
11168 1.2781978656431896
11299 -1.5635482855978138
11397 4.22592092001082
11491 3.7490913256946845
11539 4.407241664217533
11665 3.5645224377654547
11716 6.305362461690656
11770 5.612215281130711
11840 1.6902419448493964
11908 1.5346778372249912
11943 2.455214859980597
11969 0.7582337970798316
12047 2.883363161102127
12057 6.30200952689907
12093 1.6803896484063847
12216 2.87137525720551
12241 2.579669034454003
12263 2.579669034454003
12357 2.1701959049483
12455 -0.2152586658680402
12488 9.679573046118172
12503 2.2278250177849364
12529 14.008008323136483
12553 2.1431672325603808
12674 4.733923928934947
12781 2.498699971920336
12808 5.206750173022546
12826 2.5238746895428186
12837 3.4431615807611875
12929 3.7026727762462723
12942 3.9539872045271784
13053 4.695924549256556
13197 3.2849375755462935
13251 4.290459441148391
13295 5.206750173022546
13314 2.0286963426746007
13319 1.8055527913603908
13718 1.3425178314307487
13719 3.9074671888922854
13720 3.666305132075397
13750 2.162227735299123
13791 3.047265923669174
13825 2.7218435232345457
13840 5.612215281130711
13897 2.7218435232345457
13922 3.7972864288528054
14118 15.452061705285805
14136 1.4810567457858934
14191 4.8012850649143815
14237 -0.6972483483041599
14267 -1.1471081799405454
14296 4.8012850649143815
14435 4.786678912525019
14463 1.67063347346102
14486 2.6164830075767194
14507 1.8510151654371483
14558 2.476721065201561
14603 5.612215281130711
14656 2.2811529755342836
14805 4.22592092001082
14891 4.22592092001082
15155 0.6904112007410705
15187 1.994563336305142
15326 3.2373095265570386
15332 -6.209246920582481
15341 0.7959741250626788
15348 2.10066984229969
15391 4.290459441148391
15424 1.8111238364098463
15501 4.513602992462601
15515 3.666305132075397
15612 4.165296298194385
15677 6.311898571913262
15685 1.7432809162728324
