272
194 2.3099959159782544
310 4.00277736869661
401 3.1698682457615064
414 6.305362461690656
512 2.0785287164224764
646 2.219386149139072
749 6.305362461690656
764 3.502002080784121
862 2.344549292093078
873 4.8012850649143815
879 3.666305132075397
885 6.305362461690656
927 2.0785287164224764
1060 0.12433381283310307
1171 2.9209721983448818
1379 1.6111243976906509
1622 5.8998973535824915
1692 2.1944885975173447
1750 3.320596291274491
1755 3.47214911763444
1850 3.0666840095262753
1902 2.0149030205422647
1925 4.00277736869661
1940 2.6944445490464313
2027 2.7938170228596353
2201 6.106995035972082
2233 3.260840023967233
2331 3.6312138122641273
2406 5.8419443966897635
2450 -1.832570687110832
2484 3.944789624735759
2492 3.047265923669174
2538 1.422560539104285
2640 2.735829765209286
2674 3.081743407380416
2705 1.6657908489852322
2856 11.224430562261421
2865 4.8012850649143815
2874 3.047265923669174
2925 3.4431615807611875
2940 1.6278716141229383
2941 6.9985096422506015
2964 1.800870720168722
2977 3.47214911763444
3143 4.438772298278144
3190 9.602570129828763
3192 4.038192901442951
3259 3.1918471524802814
3374 1.9680717208581657
3404 2.465910149097345
3461 3.3609234825242154
3489 11.653583021413759
3633 4.165296298194385
3675 6.305362461690656
3737 3.6111055827207816
3769 4.695924549256556
3814 2.236335707452845
3901 2.363780654020965
4021 1.5054481989100525
4047 3.8630154263214513
4138 3.3875917296063767
4143 11.861961613581535
4164 5.283601631122019
4183 8.718904625270685
4184 5.8998973535824915
4197 4.695924549256556
4226 3.3609234825242154
4230 4.029806041084529
4261 2.262311193856106
4333 2.9302403070461622
4385 6.254617262685421
4405 4.038061385945852
4412 3.086486636822455
4440 4.8012850649143815
4468 4.05407066308416
4500 2.8396265588909295
4522 0.5207142953092883
4528 4.919068100570765
4529 4.22592092001082
4537 1.0196238773494795
4549 2.6418008155610093
4711 3.8592108800607394
4765 2.8300266669378042
4783 2.1782280766455644
4852 7.5523003804282025
4862 3.047265923669174
4928 8.718904625270685
5039 2.735829765209286
5065 5.471659530418572
5067 2.2278250177849364
5161 3.047265923669174
5181 4.577958881876534
5316 2.236335707452845
5319 6.17297327364491
5528 1.4378280112350734
5552 6.9985096422506015
5590 1.4533321977710387
5615 10.248748759362165
5666 3.47214911763444
5687 2.0785287164224764
5795 4.22592092001082
5876 3.7796338173824005
5973 1.4770487243883548
6043 3.182675741580965
6064 2.138697237888929
6088 1.2146844599208637
6114 3.8630154263214513
6228 1.2947271675944
6235 1.2270685191205855
6239 5.8998973535824915
6365 15.629868755569142
6530 3.3609234825242154
6786 3.7026727762462723
6872 2.6095550068958033
6908 0.6707538925195963
6962 3.8630154263214513
6976 6.9985096422506015
7019 6.392925575385057
7028 2.764403137653342
7048 3.21432000833234
7104 -0.6634879166512921
7197 3.461302966374546
7306 2.4876501357337513
7346 3.5645224377654547
7427 3.9074671888922854
7435 7.640911623805311
7497 1.4028006446333317
7534 2.485534857327378
7578 1.0430745587218369
7591 2.0426825846493406
7633 11.247273977084053
7650 4.216321028057695
7699 3.7796338173824005
7764 1.7052048175261088
7892 1.5517722705842913
7906 1.4339892349279078
8086 3.3096301881366648
8439 0.4690908039883759
8478 3.502002080784121
8483 4.165296298194385
8566 5.019746545036923
8578 6.213378688279949
8621 7.925402446683028
8648 2.434161450782765
8731 2.0286963426746007
8736 2.3867493466682252
8880 1.67063347346102
8886 1.3081501879265407
8962 5.052599493195288
8965 4.8012850649143815
8978 1.6140145794615122
9170 2.446521291551825
9182 7.332610264150794
9310 3.4431615807611875
9345 2.66777630196427
9384 2.6710983242293107
9554 1.271661894663404
9709 3.246922738929498
9711 1.8686109273275278
9765 1.7835738846416156
9791 2.344549292093078
9809 10.105198986390576
9836 3.666305132075397
9970 0.9675939027561428
9987 6.9985096422506015
10008 2.0568672196412967
10028 5.612215281130711
10030 2.413542163580029
10031 7.4960999157610075
10069 3.4431615807611875
10114 1.3014161557451966
10121 5.206750173022546
10154 3.3609234825242154
10258 3.6000252219695508
10329 -0.4201813914191953
10422 1.4175881426832082
10487 1.981229805435677
10502 10.778143459633002
10504 5.052599493195288
10561 3.2006938814656967
10636 3.9539872045271784
10690 5.612215281130711
10868 -1.1121664368711084
10947 5.612215281130711
11032 1.087712998210074
11038 5.612215281130711
11046 2.3933394562625097
11050 3.9539872045271784
11051 2.9209721983448818
11102 0.6652300141109108
11299 -1.0423655237318759
11397 4.22592092001082
11409 3.502002080784121
11491 1.8745456628473423
11522 2.555858385760285
11539 4.407241664217533
11665 3.5645224377654547
11716 6.305362461690656
11770 5.612215281130711
11840 3.3804838896987928
11943 2.455214859980597
11969 1.5164675941596633
11984 2.4237986637472186
12047 1.4416815805510634
12049 5.135385686814575
12057 6.30200952689907
12093 1.6803896484063847
12171 4.165296298194385
12216 2.87137525720551
12241 2.579669034454003
12263 2.579669034454003
12357 2.1701959049483
12455 -0.2152586658680402
12488 11.615487655341806
12503 2.2278250177849364
12529 14.008008323136483
12553 2.1431672325603808
12674 1.5779746429783155
12781 4.997399943840672
12808 5.206750173022546
12826 2.5238746895428186
12891 3.7796338173824005
12929 3.7026727762462723
12935 5.612215281130711
12942 3.9539872045271784
12968 3.047265923669174
13053 4.695924549256556
13057 3.8204558119026557
13181 4.695924549256556
13251 4.290459441148391
13295 5.206750173022546
13314 2.0286963426746007
13319 1.8055527913603908
13376 4.359452312635343
13672 1.5262389685791264
13718 1.3425178314307487
13719 3.9074671888922854
13720 3.666305132075397
13750 4.324455470598246
13791 3.047265923669174
13897 2.7218435232345457
13922 1.8986432144264027
14033 6.305362461690656
14112 4.00277736869661
14118 15.452061705285805
14136 1.4810567457858934
14191 4.8012850649143815
14237 -1.3944966966083199
14267 -1.5294775732540604
14296 4.8012850649143815
14309 1.5137127087599462
14435 4.786678912525019
14463 1.67063347346102
14486 2.6164830075767194
14507 3.7020303308742966
14558 2.476721065201561
14582 3.7026727762462723
14603 5.612215281130711
14656 3.4217294633014257
14805 4.22592092001082
14891 4.22592092001082
15034 4.919068100570765
15155 0.6904112007410705
15326 3.2373095265570386
15332 -7.761558650728101
15341 1.5919482501253577
15348 2.10066984229969
15424 1.8111238364098463
15501 4.513602992462601
15612 4.165296298194385
15677 3.155949285956631
15685 0.8716404581364162
