203
50 6.305362461690656
64 5.612215281130711
174 3.2464624691328723
194 0.7699986386594181
488 3.6312138122641273
521 1.8986432144264027
666 3.260840023967233
744 3.3875917296063767
927 2.0785287164224764
993 5.612215281130711
1842 2.0286963426746007
1885 3.009525595686327
2070 1.4730567031188173
2095 6.9985096422506015
2176 2.383389125409342
2240 1.65617539028579
2269 1.8686109273275278
2290 6.305362461690656
2334 0.7939518796819108
2357 1.1873686492739008
2404 4.165296298194385
2412 4.108137884354437
2450 -4.2759982699252745
2513 1.8280256472124494
2536 1.7835738846416156
2674 2.054495604920277
2705 1.6657908489852322
2829 2.8088549002241754
2915 5.8998973535824915
2935 0.6320391945191633
3338 4.290459441148391
3485 5.389071729816501
3637 3.260840023967233
3646 5.135385686814575
3647 2.1081605140288473
3739 4.00277736869661
3763 3.597312260588446
3764 6.9985096422506015
3788 2.750014400201242
3862 3.0666840095262753
3898 3.047265923669174
4047 3.8630154263214513
4247 2.3163784151263815
4325 3.21432000833234
4416 2.727440078162703
4425 3.7473499690270438
4472 3.7026727762462723
4580 4.600614369452231
4616 1.8925641683500207
4655 5.8998973535824915
4683 11.799794707164983
4707 3.740413104229119
4759 3.21432000833234
4783 6.534684229936693
4818 3.8204558119026557
4933 5.612215281130711
4987 6.9985096422506015
4989 1.3355491621146554
5005 8.10814132616832
5014 2.3541187431092285
5015 4.8012850649143815
5029 3.2373095265570386
5053 6.9985096422506015
5154 2.4446327506500602
5339 2.356853423796479
5350 2.955458374416051
5392 2.130975191795019
5463 5.206750173022546
5641 4.359452312635343
5739 2.8876357780772897
5780 6.9985096422506015
5834 9.93705234171474
6172 4.919068100570765
6283 3.5327737394508745
6370 6.9985096422506015
6564 6.305362461690656
6660 2.7938170228596353
7044 3.761031659667692
7156 3.8204558119026557
7286 1.4112609838503516
7316 3.1273086313427103
7397 2.87137525720551
7407 6.9985096422506015
7413 5.206750173022546
7480 13.801843108356692
7578 0.5215372793609184
7586 4.433560284789064
7633 1.8745456628473423
7634 4.359452312635343
7813 1.0145733615634107
7892 1.5517722705842913
7914 4.292958756661968
7970 4.290459441148391
7991 1.3149298749119196
8032 0.5108256237659907
8143 6.9985096422506015
8153 2.8396265588909295
8188 6.305362461690656
8230 4.74707365793266
8392 4.600614369452231
8432 3.3875917296063767
8439 0.4690908039883759
8440 4.00277736869661
8445 6.305362461690656
8473 5.389071729816501
8568 4.919068100570765
8593 4.165296298194385
8664 5.587634045719271
8690 2.7938170228596353
8708 1.4810567457858934
8816 3.4510201673737084
8880 1.67063347346102
8886 1.3081501879265407
8904 2.1863252868781835
8908 3.6312138122641273
9169 3.4431615807611875
9313 10.413500346045092
9345 2.66777630196427
9393 2.12194687433635
9733 1.0850066366123312
9876 5.3888890980928625
10001 6.192107127359728
10064 3.3349479961209547
10154 3.3609234825242154
10199 2.3256808077886952
10221 2.434161450782765
10326 1.5692307766395337
10357 15.815948818108714
10393 1.9746291214043248
10431 0.7218661529089567
10601 3.740413104229119
10770 2.4876501357337513
10868 -0.18536107281185138
11066 4.05407066308416
11089 2.309930450438483
11102 3.326150070554554
11168 1.2781978656431896
11347 3.3492092822220987
11702 3.9539872045271784
11711 4.433560284789064
11714 8.580918882296782
11747 6.305362461690656
11785 1.9680717208581657
11794 5.206750173022546
11934 4.05407066308416
11984 2.4237986637472186
12021 6.9985096422506015
12022 0.8081923650016455
12024 6.305362461690656
12057 2.10066984229969
12151 3.1698682457615064
12249 3.9074671888922854
12383 1.2523064517104479
12397 4.433560284789064
12455 -0.4305173317360804
12589 6.305362461690656
12653 6.305362461690656
12674 1.5779746429783155
12790 1.5095719160939147
12819 5.389071729816501
12823 1.034930298632155
13001 1.4730567031188173
13043 3.4431615807611875
13104 3.2373095265570386
13317 4.290459441148391
13451 3.4431615807611875
13508 1.7255100836868542
13553 -0.37046075994419203
13572 1.8745456628473423
13588 3.5327737394508745
13596 3.502002080784121
13637 4.108137884354437
13705 5.052599493195288
13775 3.2849375755462935
13891 0.6065925288579992
13920 4.05407066308416
13930 1.3601549729168554
14074 3.7796338173824005
14208 4.749474597095603
14237 -8.36698017964992
14267 -1.5294775732540604
14297 10.893641436792382
14374 5.052599493195288
14381 0.2288676653980985
14395 2.7218435232345457
14396 6.9985096422506015
14416 0.7739512129752414
14427 5.8998973535824915
14455 4.911652429623528
14507 1.8510151654371483
14529 5.617709800448351
14819 4.919068100570765
14906 1.204091821091849
15121 3.1737271807911225
15129 2.8876357780772897
15214 6.9985096422506015
15332 -1.5523117301456202
15358 2.579669034454003
15586 5.612215281130711
15613 8.216275768708874
15648 2.5676928434072877
15650 2.130975191795019
15771 0.04619142958929879
