119
262 6.9985096422506015
532 3.4431615807611875
666 3.260840023967233
897 6.9985096422506015
977 6.305362461690656
1839 2.093234863812172
2036 1.9486536350010641
2324 4.00277736869661
2334 0.7939518796819108
2553 5.389071729816501
2597 2.1157077196642304
2638 2.130975191795019
2653 10.778143459633002
2940 1.6278716141229383
2959 3.5621059478217028
3386 10.516247159134318
3578 0.6015799870344548
3820 1.7890234894091803
3995 1.751485570090115
4156 6.17297327364491
4166 6.9985096422506015
4230 4.029806041084529
4398 3.9539872045271784
4416 1.3637200390813515
4551 7.814934377784571
4970 1.9746291214043248
5330 4.05407066308416
5394 4.919068100570765
5409 3.502002080784121
5518 1.5868635903955612
5524 6.9985096422506015
5613 6.305362461690656
5630 0.23830767558032406
5641 8.718904625270685
5657 6.305362461690656
5711 5.258123579567159
5812 3.1698682457615064
5872 2.5441623459970937
5889 2.4033897921160112
6007 4.290459441148391
6049 2.035665011990694
6155 4.359452312635343
6250 1.7727629685373998
6468 3.1483620405405426
7104 -0.6634879166512921
7299 2.8553749158590684
7311 6.7090071223585355
7813 1.0145733615634107
7838 2.1081605140288473
7994 6.9985096422506015
8150 4.433560284789064
8391 2.555858385760285
8420 6.9985096422506015
8442 3.8630154263214513
8799 3.502002080784121
8870 3.7026727762462723
8904 2.1863252868781835
9006 4.108137884354437
9021 6.9985096422506015
9353 9.906884260806244
9361 11.224430562261421
9559 -0.08319894385497392
9893 4.108137884354437
10275 6.305362461690656
10278 6.569875151092587
10307 2.5676928434072877
10431 0.7218661529089567
10447 0.6099482367049713
10868 -0.18536107281185138
10910 4.695924549256556
10936 3.9074671888922854
11027 1.2781978656431896
11089 1.1549652252192415
11296 2.764403137653342
11406 2.6418008155610093
11453 1.3637200390813515
11580 2.5441623459970937
11646 11.770593715546143
11826 5.389071729816501
12022 0.8081923650016455
12137 2.498699971920336
12349 8.867120569578129
12546 4.359452312635343
12595 2.344549292093078
12797 2.7218435232345457
12803 4.091160117244055
12805 3.713692171495883
12826 1.2619373447714093
12978 4.766778250818684
13029 3.3219431250985663
13045 1.886521853894058
13046 3.47214911763444
13189 1.8745456628473423
13395 5.612215281130711
13553 -0.37046075994419203
13572 9.372728314236712
13734 1.942263836902293
13891 0.6065925288579992
13933 3.7796338173824005
14056 6.305362461690656
14136 2.962113491571787
14267 -1.5294775732540604
14352 2.8392614199785533
14648 6.305362461690656
14978 4.513602992462601
15104 6.9985096422506015
15171 5.052599493195288
15192 1.489121305622624
15283 2.236335707452845
15332 -4.656935190436861
15373 1.628721502626236
15435 8.250043200603727
15471 2.08218251948586
15472 2.735829765209286
15484 2.9911764570181303
15685 1.7432809162728324
15721 5.389071729816501
15825 6.9985096422506015
15828 3.2794433825880924
