25
912 6.9985096422506015
2064 1.5647876386963615
2201 2.035665011990694
2406 2.9209721983448818
2638 2.130975191795019
2640 2.735829765209286
4852 1.258716730071367
5528 2.875656022470147
5615 2.049749751872433
5973 1.4770487243883548
6235 1.2270685191205855
7991 1.3149298749119196
8731 2.0286963426746007
8736 1.1933746733341126
9841 5.206750173022546
10221 2.434161450782765
12216 2.87137525720551
12488 1.9359146092236343
12553 1.0715836162801904
12942 3.9539872045271784
13921 2.1782280766455644
14416 0.7739512129752414
14435 2.3933394562625097
14916 5.389071729816501
15677 1.5779746429783155
