75
2269 1.8686109273275278
2302 3.009525595686327
2334 1.5879037593638217
2450 -0.6108568957036107
2901 6.669895992241909
2920 0.6795415285041667
2935 0.6320391945191633
2964 0.900435360084361
3320 6.9985096422506015
3349 6.9985096422506015
3578 0.6015799870344548
3780 2.465910149097345
4261 2.262311193856106
4568 5.8998973535824915
4750 0.33155284982139466
5065 2.735829765209286
5181 4.577958881876534
5470 3.740413104229119
5528 2.875656022470147
5615 2.049749751872433
5983 1.9878743481543455
6060 3.7796338173824005
6235 1.2270685191205855
6365 7.814934377784571
6530 3.3609234825242154
6908 0.33537694625979814
6986 5.389071729816501
7104 -0.6634879166512921
7430 3.3096301881366648
7506 3.740413104229119
7534 2.485534857327378
7646 5.206750173022546
7740 3.5327737394508745
8621 2.6418008155610093
8736 1.1933746733341126
8788 2.146479378330984
8816 1.7255100836868542
8880 1.67063347346102
8925 3.5327737394508745
8928 1.3355491621146554
9110 2.035665011990694
9133 11.224430562261421
9170 0.6116303228879563
9345 2.66777630196427
9660 5.206750173022546
9836 3.666305132075397
10329 -0.21009069570959765
10574 6.305362461690656
10868 -0.18536107281185138
11168 1.2781978656431896
11299 -0.5211827618659379
11344 3.1483620405405426
11539 1.4690805547391779
11908 1.5346778372249912
12022 0.40409618250082274
12455 -0.2152586658680402
12488 1.9359146092236343
12553 1.0715836162801904
12558 2.4446327506500602
12674 1.5779746429783155
12853 1.152070867192877
13029 1.6609715625492831
13080 0.8123010183501074
13922 5.695929643279208
13930 1.3601549729168554
14267 -0.3823693933135151
14309 1.5137127087599462
14507 1.8510151654371483
14696 5.052599493195288
14974 4.8012850649143815
15332 -1.5523117301456202
15397 2.001297368486486
15651 1.1377234187847354
15685 0.8716404581364162
15771 0.023095714794649395
