219
194 0.7699986386594181
519 6.9985096422506015
521 1.8986432144264027
595 6.9985096422506015
666 3.260840023967233
744 3.3875917296063767
787 2.035665011990694
879 3.666305132075397
1838 3.414990703794491
1839 4.186469727624344
1900 4.290459441148391
1938 5.33555260392854
1940 2.6944445490464313
1999 7.065547478901749
2036 3.8973072700021283
2064 3.129575277392723
2070 1.4730567031188173
2078 6.305362461690656
2211 5.8998973535824915
2291 3.5327737394508745
2334 0.7939518796819108
2406 2.9209721983448818
2412 4.108137884354437
2421 1.5431885268928998
2450 -12.217137914072214
2484 3.944789624735759
2485 5.8998973535824915
2592 8.814199895112546
2638 2.130975191795019
2964 0.900435360084361
3052 3.2373095265570386
3192 1.0095482253607377
3449 0.9823524825522477
3576 6.9985096422506015
3635 3.155949285956631
3721 4.513602992462601
3736 3.086486636822455
3737 1.8055527913603908
3807 2.3256808077886952
3982 1.0769312226067855
4063 4.433560284789064
4081 3.1066893441399746
4164 2.6418008155610093
4230 6.0447090616267936
4272 5.389071729816501
4302 1.8000126109847754
4378 4.695924549256556
4405 1.3460204619819507
4440 4.8012850649143815
4500 5.679253117781859
4522 0.2603571476546441
4529 4.22592092001082
4533 12.34594654728982
4549 5.283601631122019
4711 5.788816320091109
4750 1.6577642491069733
4765 2.8300266669378042
4783 2.1782280766455644
4825 6.9985096422506015
4934 3.7026727762462723
4947 3.414990703794491
5014 2.3541187431092285
5067 4.455650035569873
5119 2.3933394562625097
5122 5.587634045719271
5161 6.094531847338348
5181 13.733876645629604
5339 1.1784267118982394
5392 4.261950383590038
5517 1.6232312345664361
5528 7.189140056175367
5590 13.079989779939348
5615 4.099499503744866
5687 2.0785287164224764
5848 4.108137884354437
5876 3.7796338173824005
5898 3.9074671888922854
5930 5.052599493195288
5973 2.9540974487767095
6250 1.7727629685373998
6302 8.33059259638877
6362 6.9985096422506015
6365 7.814934377784571
6402 1.4112609838503516
6411 9.73664580313106
6530 3.3609234825242154
6754 1.2024518914852294
6856 3.2849375755462935
7019 2.130975191795019
7048 3.21432000833234
7104 -1.3269758333025843
7164 4.290459441148391
7309 4.8012850649143815
7312 2.3163784151263815
7338 4.8012850649143815
7435 3.8204558119026557
7462 1.942263836902293
7497 1.4028006446333317
7633 5.623636988542026
7772 4.165296298194385
7834 3.5327737394508745
7860 6.305362461690656
7904 2.211017899468555
7970 4.290459441148391
7991 3.944789624735759
8043 1.730651483187273
8276 9.64296002499702
8444 3.5780469788183606
8566 2.5098732725184614
8621 7.925402446683028
8648 2.434161450782765
8736 1.1933746733341126
8788 2.146479378330984
8822 2.2800107709555064
8823 6.213378688279949
8866 3.8630154263214513
8895 3.9539872045271784
8928 1.3355491621146554
8979 3.5780469788183606
9170 1.8348909686638688
9276 2.6944445490464313
9445 2.973157951515452
9765 7.134295538566462
9808 3.009525595686327
9809 5.052599493195288
9817 2.6366740664670676
9855 4.8012850649143815
10097 5.8998973535824915
10114 1.3014161557451966
10221 4.86832290156553
10258 1.8000126109847754
10302 2.6290617897835795
10420 8.580918882296782
10431 0.7218661529089567
10491 3.086486636822455
10545 6.9985096422506015
10546 9.602570129828763
10561 3.2006938814656967
10700 8.33059259638877
10749 3.526391240302747
10754 3.1698682457615064
10868 -1.6682496553066624
10990 3.597312260588446
11023 1.2880826248757316
11139 5.74275051441102
11287 2.0286963426746007
11299 -1.0423655237318759
11317 3.0666840095262753
11379 2.0426825846493406
11785 1.9680717208581657
11840 1.6902419448493964
11841 2.8396265588909295
11959 2.2449194511442365
11972 3.21432000833234
12022 0.40409618250082274
12047 10.091771063857443
12057 2.10066984229969
12075 2.938066631704182
12078 4.091160117244055
12218 2.6547042203969173
12241 7.73900710336201
12309 3.5645224377654547
12400 2.9209721983448818
12450 3.1483620405405426
12455 -0.2152586658680402
12488 9.679573046118172
12490 6.305362461690656
12503 6.683475053354809
12534 6.9985096422506015
12553 4.2863344651207615
12615 17.699692060747473
12674 6.311898571913262
12853 3.456212601578631
12960 12.767388609921126
13029 1.6609715625492831
13080 1.6246020367002147
13208 2.6230685718215625
13354 1.8280256472124494
13371 3.7026727762462723
13547 3.2006938814656967
13745 5.206750173022546
13817 3.5645224377654547
13827 4.695924549256556
13862 3.7796338173824005
13890 13.405107643571455
13921 2.1782280766455644
13922 1.8986432144264027
14032 4.8012850649143815
14038 6.9985096422506015
14044 1.4611753752320646
14104 11.971698280892463
14130 6.305362461690656
14237 -3.4862417415207996
14267 -1.9118469665675755
14381 0.457735330796197
14416 0.7739512129752414
14418 11.799794707164983
14507 5.553045496311444
14523 2.8553749158590684
14582 7.405345552492545
14633 2.6547042203969173
14878 4.513602992462601
14974 4.8012850649143815
15110 5.052599493195288
15121 1.5868635903955612
15155 2.0712336022232116
15332 -3.1046234602912404
15341 0.7959741250626788
15371 4.8012850649143815
15397 2.001297368486486
15471 0.6940608398286201
15575 4.108137884354437
15642 5.389071729816501
15643 5.389071729816501
15672 0.7275212103923018
15685 1.7432809162728324
15762 7.814934377784571
15770 4.165296298194385
15861 3.597312260588446
