131
241 1.6902419448493964
569 3.0282177286984795
683 6.721846965048431
1893 1.7567626271909589
2201 10.17832505995347
2757 3.2849375755462935
2908 4.290459441148391
2935 0.6320391945191633
2939 5.612215281130711
2964 0.900435360084361
3150 3.5327737394508745
3339 4.22592092001082
3394 3.047265923669174
3657 2.6164830075767194
3713 12.610724923381312
3737 1.8055527913603908
3982 1.0769312226067855
4070 1.1068654304248302
4302 1.8000126109847754
4405 1.3460204619819507
4476 3.740413104229119
4646 1.8686109273275278
4765 1.4150133334689021
5122 2.7938170228596353
5135 5.389071729816501
5181 2.288979440938267
5309 2.5326015235960173
5394 4.919068100570765
5484 1.8928409466523688
5528 2.875656022470147
5583 6.9985096422506015
5615 2.049749751872433
5722 3.3609234825242154
5802 3.1483620405405426
5840 6.9985096422506015
5891 3.1273086313427103
6158 2.455214859980597
6216 2.3933394562625097
6235 2.454137038241171
6548 2.0785287164224764
6553 3.8204558119026557
6801 8.867120569578129
7019 2.130975191795019
7104 -1.9904637499538764
7246 6.9985096422506015
7274 3.0666840095262753
7482 1.8055527913603908
7534 1.242767428663689
7552 1.9486536350010641
7569 5.0854771549806035
7578 0.5215372793609184
7614 2.5676928434072877
7932 1.8745456628473423
7969 3.5327737394508745
8043 1.730651483187273
8275 15.815948818108714
8592 3.740413104229119
8614 12.610724923381312
8621 2.6418008155610093
8736 1.1933746733341126
8741 6.17297327364491
8816 1.7255100836868542
8886 1.3081501879265407
8928 2.6710983242293107
8975 2.3933394562625097
8977 2.6290617897835795
9016 5.612215281130711
9122 1.3744921360632627
9150 6.305362461690656
9151 3.7761501902141013
9170 1.2232606457759125
9444 5.389071729816501
9504 7.065547478901749
9604 9.027205984925201
9772 6.9985096422506015
9817 1.3183370332335338
9836 10.998915396226192
9841 5.206750173022546
9983 3.1066893441399746
10114 1.3014161557451966
10221 2.434161450782765
10437 4.101893581287706
10472 5.389071729816501
10770 2.4876501357337513
10850 6.9985096422506015
10868 -0.18536107281185138
10998 4.8012850649143815
11168 1.2781978656431896
11375 2.681021528714291
11491 3.7490913256946845
11539 1.4690805547391779
11713 4.290459441148391
11717 5.876133263408364
11785 1.9680717208581657
12047 7.208407902755317
12375 3.260840023967233
12455 -0.8610346634721608
12488 3.8718292184472687
12490 6.305362461690656
12503 2.2278250177849364
12553 2.1431672325603808
12676 5.052599493195288
12785 2.8088549002241754
12817 22.448861124522843
12833 0.9630282097258448
12853 1.152070867192877
12960 3.1918471524802814
12978 2.383389125409342
13106 2.335070548138534
13403 3.502002080784121
13484 5.052599493195288
13681 2.498699971920336
13838 2.3163784151263815
13904 3.5327737394508745
13907 4.513602992462601
13908 4.290459441148391
13921 4.356456153291129
13922 3.7972864288528054
14267 -1.5294775732540604
14558 7.430163195604683
14799 6.305362461690656
14819 14.757204301712296
14906 0.4013639403639497
15173 3.009525595686327
15332 -10.866182111019342
15622 2.363780654020965
15677 3.155949285956631
15685 0.8716404581364162
15708 2.9911764570181303
15772 6.9985096422506015
15814 4.524622387712212
