33
57 3.7796338173824005
302 1.7153059135126125
389 1.6419233675785887
657 2.0640357091199095
2351 1.5647876386963615
2484 1.3149298749119196
2536 1.7835738846416156
2631 0.42584399448534344
3277 4.600614369452231
4158 0.061200880897434085
4425 1.249116656342348
4989 1.3355491621146554
5257 5.389071729816501
5539 1.7153059135126125
5668 2.955458374416051
7892 3.1035445411685827
8439 0.4690908039883759
8708 1.4810567457858934
9481 1.7727629685373998
9554 1.271661894663404
10306 2.15432255579201
10307 2.5676928434072877
10868 -0.18536107281185138
12078 1.3637200390813515
12151 6.339736491523013
12175 2.955458374416051
12460 0.7332084295128914
13440 1.4770487243883548
13553 -0.37046075994419203
14656 1.1405764877671418
15057 1.152070867192877
15709 2.1863252868781835
15783 0.48083836933832624
