330
194 1.5399972773188362
209 1.7001922757025645
371 5.389071729816501
389 1.6419233675785887
502 2.5676928434072877
512 2.0785287164224764
671 4.00277736869661
698 4.22592092001082
764 3.502002080784121
769 3.9539872045271784
810 2.8396265588909295
862 4.689098584186156
914 6.9985096422506015
919 5.612215281130711
927 2.0785287164224764
1060 0.12433381283310307
1114 3.9074671888922854
1350 6.9985096422506015
1374 5.206750173022546
1379 1.0740829317937672
1451 10.778143459633002
1750 2.2137308608496604
1839 2.093234863812172
2027 2.7938170228596353
2064 3.129575277392723
2168 6.9985096422506015
2201 10.17832505995347
2247 2.219386149139072
2296 4.290459441148391
2334 0.7939518796819108
2357 2.3747372985478017
2406 2.9209721983448818
2407 4.47267141490569
2424 2.219386149139072
2450 -0.6108568957036107
2484 1.3149298749119196
2513 3.656051294424899
2519 1.6902419448493964
2638 2.130975191795019
2674 1.0272478024601386
2701 2.7218435232345457
2705 3.3315816979704644
2706 3.6312138122641273
2858 3.8630154263214513
2935 1.2640783890383267
2968 6.886323161522375
3057 2.236335707452845
3085 14.757204301712296
3100 2.7938170228596353
3131 4.695924549256556
3143 4.438772298278144
3190 9.602570129828763
3192 3.028644676082213
3374 3.9361434417163315
3404 4.93182029819469
3461 6.721846965048431
3489 11.653583021413759
3550 6.9985096422506015
3557 6.9985096422506015
3561 5.389071729816501
3574 5.206750173022546
3578 0.6015799870344548
3635 4.733923928934947
3647 2.1081605140288473
3657 2.6164830075767194
3694 5.389071729816501
3769 4.695924549256556
3840 1.2980660688599148
3875 5.8998973535824915
3901 2.363780654020965
3970 4.05407066308416
3982 1.0769312226067855
4164 5.283601631122019
4167 2.0712559570933964
4196 5.389071729816501
4197 4.695924549256556
4226 3.3609234825242154
4230 2.0149030205422647
4405 1.3460204619819507
4455 6.305362461690656
4507 2.298029276458185
4549 2.6418008155610093
4765 2.8300266669378042
4777 4.359452312635343
4806 3.6312138122641273
4809 2.8088549002241754
4818 3.8204558119026557
4838 4.419170109356452
4852 1.258716730071367
4862 3.047265923669174
5020 3.21432000833234
5029 3.2373095265570386
5039 5.471659530418572
5049 4.359452312635343
5050 6.9985096422506015
5065 2.735829765209286
5083 1.5735596247691985
5110 1.8452180477528222
5161 6.094531847338348
5163 6.9985096422506015
5166 9.391849098513111
5309 2.5326015235960173
5319 15.432433184112275
5388 3.47214911763444
5470 3.740413104229119
5478 4.433560284789064
5518 1.5868635903955612
5525 6.6192603762733295
5528 1.4378280112350734
5529 6.9985096422506015
5615 4.099499503744866
5773 2.735829765209286
5779 3.21432000833234
5809 2.363780654020965
5876 3.7796338173824005
5937 8.33059259638877
5971 5.206750173022546
5973 1.4770487243883548
6043 1.5913378707904824
6064 4.277394475777858
6088 1.2146844599208637
6123 4.577958881876534
6158 2.455214859980597
6201 5.389071729816501
6202 6.305362461690656
6223 2.8088549002241754
6228 1.2947271675944
6235 4.908274076482342
6277 4.22592092001082
6365 3.9074671888922854
6366 6.9985096422506015
6402 1.4112609838503516
6411 7.302484352348294
6455 4.8012850649143815
6530 3.3609234825242154
6786 3.7026727762462723
6816 3.3875917296063767
6853 6.521680047934466
6872 1.3047775034479017
6876 5.206750173022546
6962 3.8630154263214513
7045 6.305362461690656
7048 3.21432000833234
7097 16.836645843392134
7104 -0.6634879166512921
7188 5.612215281130711
7203 3.1066893441399746
7316 3.1273086313427103
7318 11.799794707164983
7346 7.1290448755309095
7435 3.8204558119026557
7513 6.9985096422506015
7534 2.485534857327378
7552 1.9486536350010641
7569 2.0341908619922413
7578 5.215372793609184
7633 1.8745456628473423
7637 4.600614369452231
7679 5.8998973535824915
7790 5.8998973535824915
7906 1.4339892349279078
7907 2.6418008155610093
7991 1.3149298749119196
8086 3.3096301881366648
8317 6.305362461690656
8323 3.1698682457615064
8435 5.206750173022546
8457 4.600614369452231
8566 5.019746545036923
8574 6.305362461690656
8592 7.480826208458238
8621 10.567203262244037
8670 5.206750173022546
8731 2.0286963426746007
8741 3.086486636822455
8816 1.7255100836868542
8826 6.9985096422506015
8850 1.7153059135126125
8880 3.34126694692204
8886 1.3081501879265407
8896 2.938066631704182
8906 3.047265923669174
8928 1.3355491621146554
8978 3.2280291589230243
8979 1.7890234894091803
8993 5.946315903030904
9017 4.00277736869661
9093 6.9985096422506015
9095 4.513602992462601
9122 1.3744921360632627
9127 4.22592092001082
9151 2.517433460142734
9166 4.513602992462601
9170 1.8348909686638688
9357 4.00277736869661
9444 10.778143459633002
9482 4.919068100570765
9531 1.67063347346102
9554 1.271661894663404
9667 3.7796338173824005
9711 1.8686109273275278
9757 4.600614369452231
9791 4.689098584186156
9806 4.513602992462601
9817 1.3183370332335338
9820 11.224430562261421
9836 3.666305132075397
9839 5.389071729816501
9872 4.165296298194385
9967 6.9985096422506015
9970 0.4837969513780714
10006 5.3888890980928625
10008 4.113734439282593
10018 4.8012850649143815
10030 2.413542163580029
10031 7.4960999157610075
10050 5.612215281130711
10097 5.8998973535824915
10108 17.699692060747473
10114 1.3014161557451966
10217 2.15432255579201
10329 -0.630272087128793
10371 6.9985096422506015
10422 2.1263822140248125
10514 3.8630154263214513
10561 6.401387762931393
10636 3.9539872045271784
10655 3.8204558119026557
10702 4.919068100570765
10734 2.735829765209286
10752 9.027205984925201
10868 -0.5560832184355542
10945 4.919068100570765
10967 7.262427624528255
10981 3.086486636822455
11001 5.612215281130711
11065 6.305362461690656
11168 1.2781978656431896
11299 -1.0423655237318759
11407 3.1483620405405426
11491 5.623636988542026
11539 4.407241664217533
11671 2.2535775138873513
11769 1.6466515087745348
11774 3.0282177286984795
11775 10.778143459633002
11835 9.602570129828763
11870 3.5645224377654547
11943 2.455214859980597
11969 1.5164675941596633
11987 4.8012850649143815
12022 0.8081923650016455
12047 1.4416815805510634
12049 2.5676928434072877
12057 4.20133968459938
12122 1.1963912668735384
12172 3.9074671888922854
12216 2.87137525720551
12263 2.579669034454003
12317 5.206750173022546
12321 3.4431615807611875
12357 2.1701959049483
12379 4.8012850649143815
12383 1.2523064517104479
12488 5.807743827670903
12489 6.474619053114077
12491 8.45184184002164
12503 2.2278250177849364
12553 3.214750848840571
12593 4.359452312635343
12674 3.155949285956631
12781 2.498699971920336
12816 4.919068100570765
12853 2.304141734385754
12863 5.389071729816501
12891 3.7796338173824005
12935 5.612215281130711
12963 4.290459441148391
13001 2.9461134062376346
13045 1.886521853894058
13080 0.8123010183501074
13169 3.3349479961209547
13217 5.8998973535824915
13220 3.2849375755462935
13249 5.8998973535824915
13251 4.290459441148391
13289 1.7410142702228197
13324 5.612215281130711
13376 4.359452312635343
13417 5.612215281130711
13527 2.049749751872433
13553 -0.37046075994419203
13718 1.3425178314307487
13752 4.600614369452231
13772 5.206750173022546
13867 1.087712998210074
13913 2.8396265588909295
13922 1.8986432144264027
13951 4.22592092001082
13993 3.3609234825242154
14024 6.9985096422506015
14033 6.305362461690656
14107 2.4237986637472186
14123 4.22592092001082
14267 -1.1471081799405454
14357 2.476721065201561
14381 0.2288676653980985
14435 2.3933394562625097
14507 3.7020303308742966
14582 3.7026727762462723
14633 5.309408440793835
14643 6.9985096422506015
14652 11.224430562261421
14656 6.843458926602851
14787 6.305362461690656
14906 0.4013639403639497
14979 5.8998973535824915
15259 1.3320829541381691
15302 6.721846965048431
15332 -15.523117301456201
15348 4.20133968459938
15424 1.8111238364098463
15515 3.666305132075397
15517 1.886521853894058
15648 2.5676928434072877
15669 2.162227735299123
15712 4.165296298194385
15718 4.108137884354437
15719 3.597312260588446
15771 0.023095714794649395
