257
94 4.00277736869661
97 3.9539872045271784
101 5.8998973535824915
209 1.7001922757025645
215 4.8012850649143815
241 1.6902419448493964
302 1.7153059135126125
303 6.9985096422506015
344 5.558003874148989
352 6.9985096422506015
407 4.695924549256556
512 2.0785287164224764
582 5.389071729816501
646 2.219386149139072
652 3.5327737394508745
671 4.00277736869661
724 8.45184184002164
727 6.9985096422506015
778 6.9985096422506015
790 5.389071729816501
862 2.344549292093078
863 3.4431615807611875
865 5.042345655544789
866 17.62175277323088
867 9.654168654320117
868 6.086089028023802
932 8.614125771616528
1013 2.6547042203969173
1060 0.24866762566620615
1310 3.7796338173824005
1379 3.2222487953813017
1404 1.3708885285599641
1440 6.9985096422506015
1603 6.9985096422506015
1624 3.7026727762462723
1757 3.9539872045271784
1787 6.9985096422506015
1876 3.502002080784121
1964 3.260840023967233
2017 3.3875917296063767
2240 1.65617539028579
2320 2.973157951515452
2323 6.305362461690656
2350 6.9985096422506015
2488 3.7796338173824005
2523 16.167215189449504
2538 1.422560539104285
2577 3.5327737394508745
2668 7.004004161568242
2669 3.6447198193535444
2705 3.3315816979704644
2748 4.00277736869661
2755 6.521680047934466
2816 5.052599493195288
2913 10.322369898120504
2919 2.1944885975173447
2920 1.3590830570083334
2940 1.6278716141229383
2957 9.83813620114153
3046 2.9911764570181303
3048 2.5098732725184614
3090 6.094531847338348
3192 1.0095482253607377
3243 4.359452312635343
3329 1.981229805435677
3611 6.9985096422506015
3640 2.0149030205422647
3660 6.9985096422506015
3671 3.5645224377654547
3803 4.05407066308416
3812 4.507155027774703
3823 4.8012850649143815
3838 5.389071729816501
4013 6.9985096422506015
4070 1.1068654304248302
4114 1.3890378470656415
4284 3.9074671888922854
4314 8.293209412960024
4358 3.5645224377654547
4459 3.2849375755462935
4537 1.0196238773494795
4561 6.9985096422506015
4750 0.33155284982139466
4783 2.1782280766455644
4813 17.89068565962276
4912 1.9296054400303697
5110 1.8452180477528222
5119 2.3933394562625097
5324 3.6312138122641273
5333 4.22592092001082
5339 1.1784267118982394
5414 2.8876357780772897
5518 1.5868635903955612
5520 6.9985096422506015
5563 3.1066893441399746
5608 5.052599493195288
5652 3.3096301881366648
5839 2.579669034454003
5889 2.4033897921160112
6043 1.5913378707904824
6099 6.9985096422506015
6130 3.0666840095262753
6150 4.05407066308416
6169 2.4033897921160112
6183 4.00277736869661
6228 2.5894543351888
6236 2.9209721983448818
6311 6.305362461690656
6356 5.8998973535824915
6359 6.9985096422506015
6507 5.258123579567159
6530 3.3609234825242154
6609 6.383694304960563
6622 2.579669034454003
6630 6.305362461690656
6688 1.8925641683500207
6729 2.1944885975173447
6754 1.2024518914852294
6786 3.7026727762462723
6816 3.3875917296063767
6863 4.22592092001082
6872 1.3047775034479017
6992 5.8998973535824915
7023 8.718904625270685
7057 3.2849375755462935
7104 -2.6539516666051686
7150 5.612215281130711
7197 1.730651483187273
7215 2.344549292093078
7286 1.4112609838503516
7325 2.8088549002241754
7361 28.80771038948629
7362 4.108137884354437
7445 1.8686109273275278
7535 4.919068100570765
7593 3.9539872045271784
7705 5.206750173022546
7781 2.6040604875781623
7907 2.6418008155610093
8196 4.919068100570765
8199 3.009525595686327
8235 6.9985096422506015
8296 3.9539872045271784
8341 5.052599493195288
8444 1.7890234894091803
8628 3.9074671888922854
8637 6.9985096422506015
8708 1.4810567457858934
8848 3.0666840095262753
8880 10.02380084076612
8890 2.2800107709555064
8975 7.180018368787529
8978 3.2280291589230243
8979 1.7890234894091803
9016 5.612215281130711
9151 1.258716730071367
9195 3.7026727762462723
9258 3.260840023967233
9282 4.359996593313117
9399 4.22592092001082
9528 5.052599493195288
9608 6.9985096422506015
9613 6.305362461690656
9717 3.3875917296063767
9733 1.0850066366123312
9817 1.3183370332335338
9904 6.9985096422506015
10049 4.513602992462601
10054 3.0282177286984795
10106 4.695924549256556
10139 3.3875917296063767
10217 2.15432255579201
10221 2.434161450782765
10422 1.4175881426832082
10431 2.887464611635827
10443 7.462950407201253
10481 6.9985096422506015
10811 4.433560284789064
10971 3.502002080784121
11014 12.610724923381312
11027 8.947385059502327
11046 4.786678912525019
11089 3.4648956756577247
11218 0.5720211847929105
11491 1.8745456628473423
11546 3.9539872045271784
11634 6.6192603762733295
11677 1.7255100836868542
11707 6.474619053114077
11769 1.6466515087745348
11790 2.2449194511442365
12111 1.994563336305142
12228 3.047265923669174
12383 1.2523064517104479
12451 2.6290617897835795
12518 4.695924549256556
12537 6.9985096422506015
12558 2.4446327506500602
12598 2.5098732725184614
12699 5.052599493195288
12701 5.206750173022546
12721 5.5356541432584665
12740 5.065203047192035
12768 4.290459441148391
12809 2.8088549002241754
12823 3.104790895896465
12833 1.9260564194516896
12919 6.9985096422506015
12968 3.047265923669174
12992 2.3256808077886952
13001 1.4730567031188173
13029 1.6609715625492831
13153 2.2278250177849364
13205 5.206750173022546
13294 4.290459441148391
13316 3.047265923669174
13329 6.9985096422506015
13338 2.5211728277723946
13482 6.305362461690656
13714 4.165296298194385
13874 5.612215281130711
13950 5.206750173022546
13968 3.3349479961209547
14123 4.22592092001082
14166 4.108137884354437
14204 4.8012850649143815
14237 -0.6972483483041599
14267 -0.7647387866270302
14326 6.305362461690656
14332 4.22592092001082
14352 0.9464204733261844
14380 4.22592092001082
14381 0.2288676653980985
14399 10.506006242352363
14403 4.8892655013001205
14435 2.3933394562625097
14463 1.67063347346102
14486 2.6164830075767194
14501 2.1863252868781835
15024 3.2373095265570386
15120 6.9985096422506015
15121 1.5868635903955612
15149 2.465910149097345
15155 0.6904112007410705
15178 6.9985096422506015
15332 -15.523117301456201
15341 1.5919482501253577
15415 2.824122372354964
15468 1.1549652252192415
15528 3.666305132075397
15587 2.5894543351888
15595 6.660414770690846
15631 5.8998973535824915
15651 1.1377234187847354
15771 0.13857428876789638
15797 6.9985096422506015
15814 4.524622387712212
