314
194 1.5399972773188362
241 1.6902419448493964
316 6.305362461690656
347 5.8998973535824915
348 4.433560284789064
389 1.6419233675785887
512 2.0785287164224764
572 4.600614369452231
607 2.5211728277723946
657 2.0640357091199095
671 8.00555473739322
764 3.502002080784121
810 2.8396265588909295
918 6.9985096422506015
919 5.612215281130711
920 6.9985096422506015
934 6.9985096422506015
1060 0.1865007192496546
1114 3.9074671888922854
1171 2.9209721983448818
1379 0.5370414658968836
1703 4.00277736869661
1750 1.1068654304248302
1903 6.305362461690656
2064 1.5647876386963615
2201 2.035665011990694
2240 1.65617539028579
2291 3.5327737394508745
2296 4.290459441148391
2398 3.740413104229119
2427 5.612215281130711
2450 -0.6108568957036107
2518 6.305362461690656
2519 1.6902419448493964
2538 2.84512107820857
2674 1.0272478024601386
2705 4.997372546955697
2820 4.8892655013001205
2909 5.8998973535824915
2920 0.6795415285041667
2925 3.4431615807611875
2940 3.2557432282458767
2977 3.47214911763444
3019 6.9985096422506015
3100 2.7938170228596353
3143 2.219386149139072
3192 4.038192901442951
3243 4.359452312635343
3274 19.67627240228306
3293 3.6312138122641273
3319 5.206750173022546
3356 4.513602992462601
3374 5.904215162574497
3392 2.20271909665386
3407 2.085854756514549
3431 4.359452312635343
3489 3.884527673804586
3516 4.157057432844953
3578 0.6015799870344548
3635 4.733923928934947
3646 2.5676928434072877
3655 6.9985096422506015
3704 3.8630154263214513
3766 4.695924549256556
3769 9.391849098513111
3780 2.465910149097345
3968 5.8998973535824915
3982 1.0769312226067855
4164 2.6418008155610093
4167 2.0712559570933964
4196 5.389071729816501
4468 4.05407066308416
4529 8.45184184002164
4554 5.052599493195288
4608 1.4075226617397445
4636 2.955458374416051
4750 0.6631056996427893
4809 5.617709800448351
4852 5.034866920285468
5028 5.052599493195288
5029 3.2373095265570386
5083 3.147119249538397
5161 6.094531847338348
5164 5.8998973535824915
5272 3.597312260588446
5309 2.5326015235960173
5350 2.955458374416051
5363 3.0666840095262753
5427 12.871378323445173
5470 3.740413104229119
5489 4.359452312635343
5525 3.3096301881366648
5528 2.875656022470147
5541 4.290459441148391
5615 2.049749751872433
5636 2.973157951515452
5687 2.0785287164224764
5783 5.612215281130711
5876 3.7796338173824005
5899 4.695924549256556
6064 2.138697237888929
6106 4.919068100570765
6202 6.305362461690656
6223 2.8088549002241754
6235 2.454137038241171
6242 2.9041650800285006
6316 5.206750173022546
6351 2.8088549002241754
6411 14.604968704696589
6548 2.0785287164224764
6606 5.052599493195288
6622 2.579669034454003
6723 6.9985096422506015
6853 3.260840023967233
7025 2.0190964507214755
7029 4.108137884354437
7045 6.305362461690656
7048 3.21432000833234
7104 -1.3269758333025843
7170 1.6186122887101415
7255 3.9074671888922854
7310 4.513602992462601
7312 2.3163784151263815
7316 3.1273086313427103
7346 7.1290448755309095
7427 7.814934377784571
7497 2.8056012892666633
7534 2.485534857327378
7552 1.9486536350010641
7569 2.0341908619922413
7578 0.5215372793609184
7585 6.9985096422506015
7591 2.0426825846493406
7636 5.612215281130711
7637 4.600614369452231
7743 5.052599493195288
7906 1.4339892349279078
8086 3.3096301881366648
8275 3.9539872045271784
8435 5.206750173022546
8439 1.4072724119651276
8566 2.5098732725184614
8621 5.283601631122019
8643 4.002594736972972
8660 1.675499663112193
8736 1.1933746733341126
8741 3.086486636822455
8807 6.9985096422506015
8816 1.7255100836868542
8840 3.1698682457615064
8850 3.430611827025225
8886 2.6163003758530814
8904 4.372650573756367
8928 2.6710983242293107
8978 1.6140145794615122
9150 6.305362461690656
9170 2.446521291551825
9202 6.9985096422506015
9230 3.3096301881366648
9347 5.612215281130711
9357 4.00277736869661
9393 1.060973437168175
9402 6.305362461690656
9481 1.7727629685373998
9531 5.01190042038306
9757 4.600614369452231
9761 4.695924549256556
9765 1.7835738846416156
9808 6.019051191372654
9811 3.9074671888922854
9820 5.612215281130711
9872 4.165296298194385
9894 5.8998973535824915
9970 0.4837969513780714
10004 6.9985096422506015
10008 2.0568672196412967
10030 2.413542163580029
10031 4.997399943840672
10069 6.886323161522375
10114 1.3014161557451966
10258 1.8000126109847754
10325 1.8925641683500207
10393 1.9746291214043248
10422 0.7087940713416041
10431 2.16559845872687
10535 5.389071729816501
10561 1.6003469407328483
10629 3.7026727762462723
10851 5.612215281130711
10852 6.9985096422506015
10868 -1.482888582494811
10962 2.6290617897835795
10976 4.695924549256556
11011 4.22592092001082
11023 1.2880826248757316
11041 3.47214911763444
11042 8.867120569578129
11406 2.6418008155610093
11461 2.146479378330984
11486 6.9985096422506015
11491 3.7490913256946845
11512 6.9985096422506015
11539 2.9381611094783557
11555 3.5327737394508745
11580 2.5441623459970937
11660 4.359452312635343
11840 1.6902419448493964
11841 2.8396265588909295
11850 2.455214859980597
11918 4.433560284789064
11969 1.5164675941596633
11987 4.8012850649143815
11999 9.602570129828763
12022 0.40409618250082274
12047 2.883363161102127
12049 2.5676928434072877
12057 2.10066984229969
12084 4.513602992462601
12088 6.9985096422506015
12089 2.8088549002241754
12122 2.3927825337470767
12140 4.108137884354437
12241 2.579669034454003
12309 3.5645224377654547
12320 9.602570129828763
12357 4.3403918098966
12379 4.8012850649143815
12380 6.569875151092587
12411 6.305362461690656
12435 7.640911623805311
12488 5.807743827670903
12489 6.474619053114077
12503 6.683475053354809
12529 3.502002080784121
12558 2.4446327506500602
12573 6.9985096422506015
12645 6.305362461690656
12674 1.5779746429783155
12759 4.22592092001082
12785 5.617709800448351
12816 4.919068100570765
12826 1.2619373447714093
12833 0.9630282097258448
12849 4.22592092001082
12853 1.152070867192877
12890 5.389071729816501
12896 3.2373095265570386
12920 5.8998973535824915
12932 6.305362461690656
12960 3.1918471524802814
12991 3.1066893441399746
12995 4.165296298194385
13021 3.6312138122641273
13045 1.886521853894058
13104 3.2373095265570386
13160 6.9985096422506015
13192 6.305362461690656
13202 3.6312138122641273
13216 3.6312138122641273
13220 3.2849375755462935
13238 6.9985096422506015
13244 4.919068100570765
13314 2.0286963426746007
13411 2.8088549002241754
13451 3.4431615807611875
13481 5.8998973535824915
13553 -0.37046075994419203
13572 1.8745456628473423
13670 5.232966015153439
13718 1.3425178314307487
13809 6.9985096422506015
13890 2.681021528714291
13922 1.8986432144264027
13951 4.22592092001082
14118 3.8630154263214513
14136 1.4810567457858934
14237 -2.7889933932166397
14267 -0.3823693933135151
14377 6.305362461690656
14381 0.2288676653980985
14431 1.034930298632155
14435 2.3933394562625097
14447 3.1483620405405426
14481 6.9985096422506015
14507 3.7020303308742966
14523 2.8553749158590684
14626 2.750014400201242
14633 5.309408440793835
14636 5.389071729816501
14637 3.3349479961209547
14656 3.4217294633014257
14708 5.389071729816501
14754 3.8204558119026557
14906 0.4013639403639497
15038 5.612215281130711
15096 26.945358649082504
15161 6.9985096422506015
15250 3.7796338173824005
15302 3.3609234825242154
15332 -20.18005249189306
15348 2.10066984229969
15358 5.159338068908006
15363 2.555858385760285
15418 2.1233123190494494
15422 5.8998973535824915
15424 10.866743018459077
15468 3.4648956756577247
15472 2.735829765209286
15517 1.886521853894058
15578 1.7945029551738059
15624 3.8630154263214513
15672 1.4550424207846036
15679 5.206750173022546
15780 5.052599493195288
