133
794 4.600614369452231
866 2.20271909665386
867 4.827084327160058
979 4.22592092001082
1977 7.812181462734487
2033 3.3706073264176277
2271 1.3671324722888383
2320 5.946315903030904
2324 4.00277736869661
2345 3.9539872045271784
2450 -0.6108568957036107
2464 6.9985096422506015
2523 5.389071729816501
2668 3.502002080784121
2669 3.6447198193535444
2913 5.161184949060252
2920 0.6795415285041667
2958 5.052599493195288
3048 2.5098732725184614
3090 3.047265923669174
3196 6.9985096422506015
3379 3.1918471524802814
3640 2.0149030205422647
3671 3.5645224377654547
3757 5.206750173022546
3812 2.2535775138873513
4061 6.9985096422506015
4292 5.8998973535824915
4726 4.22592092001082
4750 0.33155284982139466
4813 4.47267141490569
4909 2.9381611094783557
4912 1.9296054400303697
5110 1.8452180477528222
5331 3.2373095265570386
5339 1.1784267118982394
5414 5.775271556154579
5517 1.6232312345664361
5559 4.513602992462601
5668 2.955458374416051
5699 5.8998973535824915
6078 2.555858385760285
6117 4.600614369452231
6156 3.6000252219695508
6165 3.3096301881366648
6169 2.4033897921160112
6180 6.9985096422506015
6242 2.9041650800285006
6507 2.6290617897835795
6525 6.296724081081085
6680 6.9985096422506015
6688 3.7851283367000415
6787 2.288979440938267
6867 5.389071729816501
6992 5.8998973535824915
7305 6.9985096422506015
7362 4.108137884354437
7667 5.8998973535824915
7813 1.0145733615634107
8199 3.009525595686327
8442 3.8630154263214513
8444 3.5780469788183606
8527 3.3609234825242154
8660 1.675499663112193
8849 6.305362461690656
8861 6.9985096422506015
8880 3.34126694692204
8975 2.3933394562625097
8979 1.7890234894091803
9195 3.7026727762462723
9259 4.695924549256556
9282 2.9066643955420775
9308 3.1698682457615064
9376 3.5645224377654547
9393 3.1829203115045246
9613 6.305362461690656
9709 1.082307579643166
9717 3.3875917296063767
9817 1.3183370332335338
10101 6.305362461690656
10114 1.3014161557451966
10258 1.8000126109847754
10353 4.8012850649143815
10372 6.9985096422506015
10431 1.4437323058179135
10583 4.433560284789064
10643 6.305362461690656
10794 2.938066631704182
10805 3.666305132075397
10929 3.1066893441399746
11005 5.052599493195288
11027 3.834593596929569
11655 2.66777630196427
11785 1.9680717208581657
11790 2.2449194511442365
12033 2.5211728277723946
12298 5.206750173022546
12404 2.970161792171238
12451 2.6290617897835795
12455 -0.2152586658680402
12499 2.2711218235382606
12518 4.695924549256556
12629 3.3096301881366648
12721 18.452180477528223
12740 5.065203047192035
12833 5.778169258355069
13125 3.3096301881366648
13196 6.9985096422506015
13204 5.612215281130711
13371 7.405345552492545
13553 -0.7409215198883841
13693 7.332610264150794
13979 7.332610264150794
14165 2.8088549002241754
14203 6.9985096422506015
14237 -0.6972483483041599
14267 -0.3823693933135151
14380 4.22592092001082
14381 0.457735330796197
14399 3.502002080784121
14416 0.7739512129752414
14501 2.1863252868781835
14880 4.22592092001082
14906 0.8027278807278994
15024 3.2373095265570386
15114 6.9985096422506015
15187 1.994563336305142
15332 -7.761558650728101
15468 1.1549652252192415
15528 3.666305132075397
15595 1.3320829541381691
15604 2.1233123190494494
15650 6.392925575385057
