67
314 6.305362461690656
627 5.206750173022546
1999 3.5327737394508745
2047 5.8998973535824915
2240 1.65617539028579
2630 4.22592092001082
2735 3.9074671888922854
2901 6.669895992241909
2935 0.6320391945191633
3307 12.610724923381312
3737 1.8055527913603908
3901 4.72756130804193
3982 1.0769312226067855
4265 3.5327737394508745
4286 2.130975191795019
4405 1.3460204619819507
4522 0.2603571476546441
4572 4.8012850649143815
4663 3.8630154263214513
4750 0.33155284982139466
4852 1.258716730071367
5044 6.9985096422506015
5083 1.5735596247691985
5428 6.9985096422506015
5528 2.875656022470147
5605 6.9985096422506015
5615 2.049749751872433
5687 2.0785287164224764
6004 3.1066893441399746
6043 1.5913378707904824
6120 4.8012850649143815
6480 6.9985096422506015
7104 -0.6634879166512921
7306 2.4876501357337513
7552 1.9486536350010641
7907 2.6418008155610093
8297 12.610724923381312
9133 11.224430562261421
9151 1.258716730071367
9604 4.513602992462601
9836 3.666305132075397
10868 -0.18536107281185138
11235 3.740413104229119
11379 2.0426825846493406
11491 1.8745456628473423
11539 1.4690805547391779
12022 0.8081923650016455
12216 2.87137525720551
12333 6.305362461690656
12440 4.8012850649143815
12488 3.8718292184472687
12503 2.2278250177849364
12553 1.0715836162801904
12820 3.3349479961209547
13208 1.3115342859107813
13460 2.955458374416051
13587 5.612215281130711
13664 5.206750173022546
13726 4.513602992462601
13922 1.8986432144264027
14267 -0.3823693933135151
14435 2.3933394562625097
15121 1.5868635903955612
15251 5.052599493195288
15332 -4.656935190436861
15383 5.389071729816501
15685 0.8716404581364162
