27
913 5.8998973535824915
2064 1.5647876386963615
2450 -0.6108568957036107
2484 2.629859749823839
4636 2.955458374416051
4765 1.4150133334689021
4812 3.9539872045271784
4928 4.359452312635343
5065 2.735829765209286
5528 1.4378280112350734
5615 2.049749751872433
6411 2.434161450782765
7325 2.8088549002241754
8439 0.4690908039883759
10329 -0.21009069570959765
10868 -0.18536107281185138
11850 2.455214859980597
11982 3.9074671888922854
12022 0.40409618250082274
12397 4.433560284789064
12488 1.9359146092236343
12553 1.0715836162801904
13761 2.6040604875781623
13919 3.597312260588446
15283 2.236335707452845
15424 1.8111238364098463
15677 1.5779746429783155
