432
107 6.9985096422506015
117 4.290459441148391
157 5.052599493195288
170 7.559267634764801
344 2.7790019370744945
532 3.4431615807611875
759 5.052599493195288
1060 0.1865007192496546
1078 6.9985096422506015
1147 5.052599493195288
1356 2.363780654020965
1379 1.0740829317937672
1483 6.9985096422506015
1557 5.052599493195288
1685 3.2373095265570386
1686 3.4648956756577247
1692 4.388977195034689
1702 3.3609234825242154
1838 3.414990703794491
1839 4.186469727624344
1846 4.290459441148391
1850 3.0666840095262753
1923 2.211017899468555
1933 4.05407066308416
1957 1.8223599096767722
1986 7.271395991241656
2002 5.206750173022546
2026 2.681021528714291
2036 1.9486536350010641
2231 6.9985096422506015
2240 3.31235078057158
2269 1.8686109273275278
2302 3.009525595686327
2328 8.97352937105439
2334 0.7939518796819108
2394 8.10814132616832
2402 4.513602992462601
2429 4.8012850649143815
2444 3.666305132075397
2450 -4.2759982699252745
2480 5.612215281130711
2484 1.3149298749119196
2492 6.094531847338348
2532 5.389071729816501
2567 32.59081235673964
2640 2.735829765209286
2645 2.591790394986348
2705 1.6657908489852322
2771 4.919068100570765
2780 3.9539872045271784
2796 2.335070548138534
2837 3.086486636822455
2862 4.407241664217533
2893 7.529619817555384
2920 2.718166114016667
2935 1.8961175835574902
3081 6.9985096422506015
3090 3.047265923669174
3094 8.00555473739322
3100 8.381451068578906
3189 3.5645224377654547
3500 6.305362461690656
3506 14.770179507600016
3545 12.038102382745308
3578 0.6015799870344548
3598 2.3332543299341686
3635 4.733923928934947
3637 3.260840023967233
3646 2.5676928434072877
3657 5.232966015153439
3678 4.0082302145263204
3840 2.5961321377198296
3844 3.7026727762462723
3857 4.695924549256556
3901 2.363780654020965
3923 15.636543156713552
3932 4.05407066308416
3938 4.433560284789064
3945 5.612215281130711
3946 3.414990703794491
3990 2.6290617897835795
4006 2.6547042203969173
4021 1.5054481989100525
4053 -0.07476007520910928
4070 1.1068654304248302
4110 2.764403137653342
4163 4.919068100570765
4170 4.22592092001082
4253 4.22592092001082
4275 8.33059259638877
4282 2.8553749158590684
4319 12.298498511234598
4321 5.710749831718137
4325 3.21432000833234
4333 2.9302403070461622
4334 3.1698682457615064
4359 4.8012850649143815
4363 15.118535269529602
4398 3.9539872045271784
4405 1.3460204619819507
4416 1.3637200390813515
4417 3.1918471524802814
4437 2.4033897921160112
4487 3.1066893441399746
4507 2.298029276458185
4522 0.2603571476546441
4536 2.70805020110221
4539 6.9985096422506015
4576 2.085854756514549
4682 4.433560284789064
4711 1.9296054400303697
4735 5.8998973535824915
4750 1.6577642491069733
4852 1.258716730071367
4857 2.0712559570933964
4876 2.2449194511442365
4878 1.3672978604292356
4909 2.9381611094783557
4912 1.9296054400303697
4914 1.4339892349279078
4923 5.206750173022546
4924 3.2849375755462935
4964 5.63963123463148
4989 1.3355491621146554
4997 5.8998973535824915
5016 6.9985096422506015
5021 6.9985096422506015
5116 1.961557039836972
5192 4.8012850649143815
5208 2.5676928434072877
5211 5.8998973535824915
5280 4.919068100570765
5284 10.693567313296365
5381 6.9985096422506015
5484 0.9464204733261844
5517 1.6232312345664361
5535 4.433560284789064
5537 7.194624521176892
5581 9.200052028578826
5582 5.206750173022546
5590 4.359996593313117
5630 0.5957691889508101
5687 2.0785287164224764
5705 4.695924549256556
5736 2.8088549002241754
5770 3.4431615807611875
5795 4.22592092001082
5807 4.00277736869661
5839 2.579669034454003
5848 4.108137884354437
5944 3.8204558119026557
5973 2.9540974487767095
5981 2.8553749158590684
5998 4.919068100570765
6016 4.359452312635343
6021 3.7796338173824005
6049 2.035665011990694
6186 5.8998973535824915
6188 6.9985096422506015
6216 19.146715650100077
6235 1.2270685191205855
6236 2.9209721983448818
6250 3.5455259370747996
6299 5.8998973535824915
6368 7.529619817555384
6389 6.254617262685421
6468 3.1483620405405426
6535 4.919068100570765
6586 2.288979440938267
6595 2.4237986637472186
6657 2.138697237888929
6675 5.019746545036923
6679 4.919068100570765
6705 6.9985096422506015
6729 2.1944885975173447
6751 2.5441623459970937
6754 1.2024518914852294
6771 5.8998973535824915
6776 7.769055347609172
6872 1.3047775034479017
6898 6.48668320589737
6919 2.84512107820857
6926 5.8998973535824915
6953 2.681021528714291
6958 6.9985096422506015
6996 5.8998973535824915
6999 5.612215281130711
7019 4.261950383590038
7025 1.0095482253607377
7034 6.9985096422506015
7076 2.434161450782765
7104 -1.3269758333025843
7170 1.6186122887101415
7181 3.260840023967233
7197 1.730651483187273
7203 3.1066893441399746
7210 1.8568460857479414
7247 4.22592092001082
7286 1.4112609838503516
7306 7.462950407201253
7311 11.181678537264226
7316 3.1273086313427103
7410 5.206750173022546
7430 3.3096301881366648
7431 2.6040604875781623
7534 1.242767428663689
7559 4.108137884354437
7561 6.9985096422506015
7622 2.764403137653342
7659 5.206750173022546
7693 9.201228738904462
7694 6.9985096422506015
7713 3.1066893441399746
7722 3.5327737394508745
7734 3.3096301881366648
7783 6.305362461690656
7797 3.047265923669174
7834 3.5327737394508745
7871 4.108137884354437
7926 6.9985096422506015
7935 2.335070548138534
7969 3.5327737394508745
7981 2.0426825846493406
7987 3.666305132075397
8018 4.22592092001082
8096 8.719993186626233
8182 2.681021528714291
8208 3.8630154263214513
8242 4.071330023981388
8256 5.041168945219154
8267 4.165296298194385
8345 5.612215281130711
8400 10.791936781765338
8439 0.4690908039883759
8444 1.7890234894091803
8564 16.167215189449504
8569 3.7026727762462723
8643 2.001297368486486
8660 1.675499663112193
8683 1.6803896484063847
8749 6.133368019052551
8750 6.9985096422506015
8845 5.206750173022546
8850 1.7153059135126125
8869 2.1782280766455644
8880 3.34126694692204
8928 1.3355491621146554
8943 5.612215281130711
8977 2.6290617897835795
8987 2.211017899468555
8993 2.973157951515452
9170 1.8348909686638688
9201 3.5645224377654547
9229 2.3933394562625097
9250 4.22592092001082
9372 4.6513616155773905
9380 6.9985096422506015
9399 4.22592092001082
9481 3.5455259370747996
9597 3.1273086313427103
9645 4.043551799660054
9656 5.612215281130711
9675 4.108137884354437
9680 3.597312260588446
9698 1.9878743481543455
9724 4.600614369452231
9758 6.305362461690656
9844 5.8998973535824915
9970 0.9675939027561428
10026 6.9985096422506015
10161 25.41849668584889
10163 7.814934377784571
10208 12.610724923381312
10233 3.4431615807611875
10293 6.9985096422506015
10326 0.5230769255465112
10337 4.919068100570765
10393 5.923887364212974
10422 2.1263822140248125
10443 4.9753002714675025
10447 1.2198964734099427
10455 4.513602992462601
10456 2.8553749158590684
10487 1.981229805435677
10611 4.433560284789064
10660 6.9985096422506015
10751 3.1758075187276433
10755 20.827000692090184
10770 2.4876501357337513
10774 4.513602992462601
10868 -0.18536107281185138
10889 3.086486636822455
10906 2.035665011990694
11027 3.834593596929569
11032 1.087712998210074
11034 1.5958322603783217
11057 2.555858385760285
11089 4.619860900876966
11106 2.021775899830027
11110 4.861473115008068
11140 2.15432255579201
11156 6.9985096422506015
11168 5.112791462572758
11170 2.5676928434072877
11176 5.8998973535824915
11217 4.513602992462601
11218 0.5720211847929105
11236 3.5645224377654547
11299 -0.5211827618659379
11304 1.2054960338664575
11416 2.1782280766455644
11433 4.513602992462601
11435 6.305362461690656
11450 2.262311193856106
11453 1.3637200390813515
11520 3.1066893441399746
11524 4.55361215672583
11570 8.353622713338789
11603 6.305362461690656
11608 6.9985096422506015
11615 4.695924549256556
11616 6.9985096422506015
11619 5.8998973535824915
11625 2.91449219418435
11629 8.33059259638877
11630 12.610724923381312
11671 2.2535775138873513
11743 11.799794707164983
11769 3.2933030175490696
11785 1.9680717208581657
11912 4.919068100570765
11955 5.206750173022546
11969 1.5164675941596633
12001 2.5676928434072877
12034 4.662007760734267
12111 1.994563336305142
12216 2.87137525720551
12247 3.8630154263214513
12275 6.305362461690656
12277 3.1273086313427103
12321 3.4431615807611875
12354 5.612215281130711
12383 2.5046129034208957
12447 2.8396265588909295
12455 -0.2152586658680402
12486 5.389071729816501
12595 2.344549292093078
12610 2.4237986637472186
12679 1.5958322603783217
12708 6.383329041513287
12741 4.05407066308416
12772 13.205652977258406
12773 7.060940134140538
12823 1.034930298632155
12826 1.2619373447714093
12833 1.9260564194516896
12900 16.66118519277754
12979 5.612215281130711
13001 1.4730567031188173
13029 1.6609715625492831
13220 3.2849375755462935
13222 3.414990703794491
13252 6.9985096422506015
13271 3.3875917296063767
13310 3.666305132075397
13312 2.955458374416051
13326 6.9985096422506015
13379 4.513602992462601
13423 3.9539872045271784
13491 2.288979440938267
13513 3.7026727762462723
13526 5.389071729816501
13547 1.6003469407328483
13553 -0.37046075994419203
13658 5.612215281130711
13711 9.201228738904462
13750 4.324455470598246
13761 5.208120975156325
13827 4.695924549256556
13891 0.6065925288579992
13904 3.5327737394508745
13913 2.8396265588909295
13986 3.47214911763444
14093 2.973157951515452
14237 -2.7889933932166397
14267 -3.058955146508121
14298 4.695924549256556
14308 2.0640357091199095
14315 3.009525595686327
14352 0.9464204733261844
14381 0.2288676653980985
14395 2.7218435232345457
14431 1.034930298632155
14446 4.8012850649143815
14461 3.740413104229119
14525 4.22592092001082
14610 3.7026727762462723
14637 3.3349479961209547
14682 3.0863770537857995
14741 5.8998973535824915
14744 3.4431615807611875
14864 4.8012850649143815
14884 5.389071729816501
14942 6.305362461690656
14998 3.5645224377654547
15019 4.8012850649143815
15155 1.380822401482141
15290 6.9985096422506015
15306 2.15996465425427
15313 3.834210554532276
15332 -15.523117301456201
15341 3.1838965002507154
15380 6.9985096422506015
15391 4.290459441148391
15405 5.389071729816501
15413 1.2781978656431896
15468 3.4648956756577247
15471 1.3881216796572402
15484 2.9911764570181303
15555 4.919068100570765
15576 3.009525595686327
15578 3.5890059103476117
15597 3.5327737394508745
15614 3.8630154263214513
15626 4.22592092001082
15627 6.9985096422506015
15635 6.305362461690656
15651 1.1377234187847354
15672 2.1825636311769054
15709 2.1863252868781835
15771 0.04619142958929879
15805 2.008077055471865
