315
66 5.052599493195288
109 4.359452312635343
117 4.290459441148391
194 0.7699986386594181
209 1.7001922757025645
302 1.7153059135126125
592 2.4446327506500602
666 3.260840023967233
730 4.59605855291637
1122 3.1698682457615064
1282 5.8998973535824915
1379 0.5370414658968836
1404 2.7417770571199283
1643 5.8998973535824915
1686 1.1549652252192415
1692 2.1944885975173447
1750 1.1068654304248302
1811 5.612215281130711
1871 3.5645224377654547
1893 1.7567626271909589
1912 12.610724923381312
1922 1.6952047341915255
1923 2.211017899468555
1928 2.4876501357337513
2038 1.880515829833846
2049 2.37353682896633
2176 2.383389125409342
2288 3.7796338173824005
2295 6.9985096422506015
2334 0.7939518796819108
2357 1.1873686492739008
2406 2.9209721983448818
2407 2.236335707452845
2421 1.5431885268928998
2438 14.757204301712296
2450 -5.497712061332496
2484 1.3149298749119196
2513 5.4840769416373485
2545 4.8012850649143815
2594 7.1290448755309095
2597 2.1157077196642304
2640 2.735829765209286
2646 4.22592092001082
2701 5.443687046469091
2705 1.6657908489852322
2747 5.389071729816501
2759 6.305362461690656
2920 0.6795415285041667
2924 2.0286963426746007
2964 5.402612160506166
2968 3.4431615807611875
3130 5.612215281130711
3131 4.695924549256556
3173 6.305362461690656
3203 5.206750173022546
3249 2.750014400201242
3407 4.171709513029098
3549 6.305362461690656
3578 0.6015799870344548
3646 5.135385686814575
3661 4.165296298194385
3690 1.4972514317058743
3700 5.1789086703776
3714 9.602570129828763
3808 4.108137884354437
3840 1.2980660688599148
3850 3.9074671888922854
3896 1.403798262648762
3898 3.047265923669174
4004 14.667796503900362
4034 14.403855194743144
4070 1.1068654304248302
4088 3.5645224377654547
4146 6.9985096422506015
4208 1.5220460903190904
4222 2.3256808077886952
4282 2.8553749158590684
4286 2.130975191795019
4314 2.764403137653342
4319 2.049749751872433
4341 5.309408440793835
4366 1.9878743481543455
4412 3.086486636822455
4420 4.00277736869661
4425 1.249116656342348
4522 0.2603571476546441
4551 3.9074671888922854
4562 3.3096301881366648
4592 3.0282177286984795
4613 4.42203579893711
4616 3.7851283367000415
4697 5.612215281130711
4709 9.391849098513111
4750 0.33155284982139466
4759 9.64296002499702
4783 2.1782280766455644
4852 1.258716730071367
4865 3.0282177286984795
4989 1.3355491621146554
5033 2.1233123190494494
5119 2.3933394562625097
5189 4.433560284789064
5248 6.305362461690656
5392 2.130975191795019
5523 5.389071729816501
5590 1.4533321977710387
5615 2.049749751872433
5670 4.513602992462601
5671 5.612215281130711
5713 4.359452312635343
5736 8.426564700672525
5758 3.666305132075397
5773 2.735829765209286
5834 4.96852617085737
5835 18.76385178805626
5852 2.4876501357337513
5891 3.1273086313427103
5895 2.4033897921160112
5901 2.455214859980597
5902 4.05407066308416
5983 1.9878743481543455
6083 10.004843988362865
6136 1.457246097092175
6140 6.633053698405666
6151 2.815045323479489
6223 2.8088549002241754
6224 6.9985096422506015
6433 0.5154022907934025
6476 4.600614369452231
6586 2.288979440938267
6609 6.383694304960563
6618 24.68240663569556
6660 2.7938170228596353
6692 3.7026727762462723
6776 1.942263836902293
6830 5.612215281130711
6872 2.6095550068958033
7025 3.028644676082213
7028 5.528806275306684
7029 4.108137884354437
7104 -3.3174395832564607
7286 1.4112609838503516
7339 3.5327737394508745
7350 6.9985096422506015
7363 3.2849375755462935
7397 2.87137525720551
7497 0.7014003223166658
7578 1.0430745587218369
7586 8.867120569578129
7614 2.5676928434072877
7633 3.7490913256946845
7641 6.9985096422506015
7724 3.597312260588446
7789 4.8012850649143815
7828 4.05407066308416
7838 2.1081605140288473
7904 2.211017899468555
7937 4.433560284789064
7970 4.290459441148391
8007 3.809518882887678
8032 4.086604990127926
8086 3.3096301881366648
8133 5.612215281130711
8155 3.1066893441399746
8256 1.6803896484063847
8337 1.9550845253313545
8439 0.4690908039883759
8643 2.001297368486486
8683 5.041168945219154
8708 7.405283728929467
8806 3.47214911763444
8880 1.67063347346102
8886 1.3081501879265407
9089 5.612215281130711
9106 2.1700132732246624
9110 2.035665011990694
9115 3.047265923669174
9169 3.4431615807611875
9170 0.6116303228879563
9250 12.67776276003246
9276 2.6944445490464313
9280 3.502002080784121
9282 1.4533321977710387
9307 4.108137884354437
9345 2.66777630196427
9353 2.476721065201561
9384 1.3355491621146554
9393 1.060973437168175
9445 5.946315903030904
9531 3.34126694692204
9644 4.359452312635343
9651 6.775183459212753
9709 1.082307579643166
9724 4.600614369452231
9876 2.6944445490464313
9884 3.2373095265570386
9912 6.9985096422506015
9970 0.4837969513780714
9988 6.9985096422506015
10154 3.3609234825242154
10221 4.86832290156553
10246 4.919068100570765
10258 1.8000126109847754
10326 2.615384627732556
10329 -2.310997652805574
10422 1.4175881426832082
10456 5.710749831718137
10609 3.5327737394508745
10754 3.1698682457615064
10765 4.513602992462601
10794 2.938066631704182
10801 4.433560284789064
10835 11.224430562261421
10868 -0.7414442912474055
11042 8.867120569578129
11062 3.6312138122641273
11089 1.1549652252192415
11102 1.9956900423327322
11168 2.556395731286379
11170 2.5676928434072877
11228 3.3096301881366648
11239 6.9985096422506015
11347 1.6746046411110493
11481 3.237224577420283
11491 1.8745456628473423
11520 9.320068032419924
11524 1.5178707189086098
11570 1.1933746733341126
11580 2.5441623459970937
11704 3.1483620405405426
11711 4.433560284789064
11943 9.820859439922389
11969 2.274701391239495
12022 2.0204809125041137
12023 7.262427624528255
12040 3.5645224377654547
12093 1.6803896484063847
12227 3.1698682457615064
12242 3.8630154263214513
12249 3.9074671888922854
12250 7.4960999157610075
12275 6.305362461690656
12337 4.22592092001082
12455 -1.076293329340201
12582 6.305362461690656
12627 6.305362461690656
12629 3.3096301881366648
12650 5.8998973535824915
12674 3.155949285956631
12725 11.224430562261421
12793 2.87137525720551
12826 3.785812034314228
12833 0.9630282097258448
12853 1.152070867192877
12896 3.2373095265570386
13041 4.513602992462601
13043 6.886323161522375
13080 0.8123010183501074
13197 3.2849375755462935
13354 1.8280256472124494
13392 2.764403137653342
13440 1.4770487243883548
13449 2.6418008155610093
13459 4.919068100570765
13460 2.955458374416051
13461 6.305362461690656
13505 3.0666840095262753
13553 -1.8523037997209602
13572 3.7490913256946845
13680 4.489838902288473
13723 3.597312260588446
13782 6.9985096422506015
13818 4.600614369452231
13894 5.612215281130711
13918 2.8396265588909295
13930 2.7203099458337108
14008 2.001297368486486
14085 3.1698682457615064
14160 5.612215281130711
14174 1.7945029551738059
14208 11.873686492739008
14237 -4.18349008982496
14267 -0.3823693933135151
14308 4.128071418239819
14309 1.5137127087599462
14381 0.2288676653980985
14395 16.331061139407275
14398 6.9985096422506015
14422 2.1233123190494494
14461 3.740413104229119
14507 1.8510151654371483
14527 2.938066631704182
14610 7.405345552492545
14682 1.5431885268928998
14731 5.206750173022546
14744 3.4431615807611875
14798 11.224430562261421
14898 6.9985096422506015
14918 3.5327737394508745
15034 4.919068100570765
15063 3.2373095265570386
15065 10.105198986390576
15099 6.94429823526888
15116 3.8630154263214513
15121 3.1737271807911225
15187 1.994563336305142
15241 1.7462362142039713
15242 3.414990703794491
15332 -7.761558650728101
15361 6.9985096422506015
15418 2.1233123190494494
15453 2.236335707452845
15471 2.7762433593144804
15704 3.7026727762462723
15731 2.9911764570181303
