187
94 4.00277736869661
102 6.305362461690656
241 1.6902419448493964
327 2.20271909665386
345 6.305362461690656
356 2.591790394986348
387 6.305362461690656
422 2.66777630196427
502 5.135385686814575
516 4.108137884354437
652 7.065547478901749
787 2.035665011990694
792 4.600614369452231
863 6.886323161522375
865 10.084691311089578
866 8.81087638661544
867 9.654168654320117
868 2.0286963426746007
927 2.0785287164224764
930 3.2849375755462935
932 5.74275051441102
1013 2.6547042203969173
1130 6.305362461690656
1404 1.3708885285599641
1839 2.093234863812172
2042 3.7796338173824005
2166 2.6418008155610093
2249 4.165296298194385
2266 5.206750173022546
2271 0.6835662361444191
2279 6.305362461690656
2321 3.8630154263214513
2357 1.1873686492739008
2428 4.695924549256556
2524 4.108137884354437
2631 0.21292199724267172
2640 2.735829765209286
2669 1.8223599096767722
2913 5.161184949060252
2914 3.4431615807611875
2919 2.1944885975173447
2970 4.919068100570765
3100 2.7938170228596353
3132 3.2373095265570386
3168 2.824122372354964
3658 2.938066631704182
3737 1.8055527913603908
3812 2.2535775138873513
3840 1.2980660688599148
4006 2.6547042203969173
4031 2.555858385760285
4070 1.1068654304248302
4075 3.597312260588446
4136 3.3349479961209547
4205 3.666305132075397
4358 3.5645224377654547
4424 5.389071729816501
4536 2.70805020110221
4646 1.8686109273275278
4909 1.4690805547391779
4959 5.052599493195288
5100 6.305362461690656
5419 3.8630154263214513
5421 3.8630154263214513
5517 1.6232312345664361
5534 3.3875917296063767
5563 3.1066893441399746
5645 5.206750173022546
5652 6.6192603762733295
5764 6.305362461690656
5966 3.4431615807611875
6064 2.138697237888929
6165 3.3096301881366648
6203 6.305362461690656
6228 2.5894543351888
6293 5.206750173022546
6294 6.305362461690656
6389 3.1273086313427103
6433 0.5154022907934025
6445 3.666305132075397
6543 11.224430562261421
6688 3.7851283367000415
6696 4.513602992462601
6828 3.8630154263214513
6941 4.356456153291129
7344 1.6325336272287498
7533 4.919068100570765
7569 1.0170954309961207
7614 2.5676928434072877
7781 2.6040604875781623
7991 1.3149298749119196
8342 9.320068032419924
8436 10.105198986390576
8975 2.3933394562625097
8978 1.6140145794615122
8994 6.305362461690656
9170 0.6116303228879563
9213 3.7026727762462723
9217 6.305362461690656
9257 2.8396265588909295
9282 4.359996593313117
9299 4.695924549256556
9352 5.052599493195288
9367 5.8998973535824915
9393 1.060973437168175
9678 5.612215281130711
9683 5.052599493195288
9817 1.3183370332335338
10008 2.0568672196412967
10054 6.056435457396959
10105 5.8998973535824915
10106 4.695924549256556
10368 6.305362461690656
10375 3.9539872045271784
10422 0.7087940713416041
10431 1.4437323058179135
10443 2.4876501357337513
10537 5.206750173022546
10582 4.919068100570765
10603 3.9074671888922854
10754 3.1698682457615064
10770 2.4876501357337513
10984 4.695924549256556
11027 1.2781978656431896
11089 5.774826126096207
11241 6.305362461690656
11467 5.612215281130711
11546 3.9539872045271784
11560 3.502002080784121
11591 2.7218435232345457
11769 1.6466515087745348
11836 4.74707365793266
11959 2.2449194511442365
11969 0.7582337970798316
12010 3.6312138122641273
12075 2.938066631704182
12081 2.363780654020965
12222 5.206750173022546
12390 8.10814132616832
12550 4.290459441148391
12721 3.6904360955056443
12768 4.290459441148391
12826 2.5238746895428186
12833 1.9260564194516896
12905 15.157798479585864
12955 4.290459441148391
12992 2.3256808077886952
13065 4.919068100570765
13068 6.305362461690656
13088 2.7790019370744945
13145 5.389071729816501
13153 2.2278250177849364
13216 3.6312138122641273
13220 3.2849375755462935
13459 4.919068100570765
13508 1.7255100836868542
13613 1.8111238364098463
13648 4.359452312635343
13825 2.7218435232345457
13989 4.22592092001082
14039 6.305362461690656
14165 2.8088549002241754
14267 -0.7647387866270302
14287 4.8012850649143815
14352 0.9464204733261844
14367 4.513602992462601
14381 0.457735330796197
14403 2.4446327506500602
14463 3.34126694692204
14712 6.305362461690656
14719 4.919068100570765
15000 5.8998973535824915
15149 2.465910149097345
15192 1.489121305622624
15299 7.640911623805311
15332 -7.761558650728101
15341 0.7959741250626788
15435 2.750014400201242
15551 1.1578679848772029
15587 9.0630901731608
15595 2.6641659082763383
15604 4.246624638098899
15648 2.5676928434072877
15651 2.2754468375694707
15671 7.559267634764801
15771 0.023095714794649395
15796 3.666305132075397
