46
730 2.298029276458185
1977 2.6040604875781623
2334 0.7939518796819108
2365 3.7026727762462723
2450 -1.832570687110832
2664 6.9985096422506015
2957 4.919068100570765
3048 2.5098732725184614
4097 2.955458374416051
6100 6.9985096422506015
6816 3.3875917296063767
6941 2.1782280766455644
6970 2.1863252868781835
7092 4.165296298194385
7104 -0.6634879166512921
7295 3.7026727762462723
7445 1.8686109273275278
7569 1.0170954309961207
7813 1.0145733615634107
8153 2.8396265588909295
8342 3.1066893441399746
8392 4.600614369452231
9170 0.6116303228879563
9213 3.7026727762462723
9258 3.260840023967233
9282 1.4533321977710387
9365 1.4972514317058743
9602 2.2800107709555064
10198 3.8204558119026557
10431 0.7218661529089567
10647 3.5327737394508745
10984 4.695924549256556
11027 1.2781978656431896
11554 6.9985096422506015
12062 3.47214911763444
13102 2.735829765209286
13186 5.8998973535824915
13449 2.6418008155610093
14267 -0.3823693933135151
14501 2.1863252868781835
15149 2.465910149097345
15332 -1.5523117301456202
15587 1.2947271675944
15595 2.6641659082763383
15651 2.2754468375694707
15771 0.04619142958929879
