148
87 5.052599493195288
125 6.305362461690656
209 3.400384551405129
499 6.9985096422506015
512 2.0785287164224764
529 4.695924549256556
532 6.886323161522375
717 5.679253117781859
787 2.035665011990694
794 4.600614369452231
867 2.413542163580029
868 4.0573926853492015
932 2.87137525720551
1060 0.06216690641655154
1310 3.7796338173824005
1404 1.3708885285599641
1416 4.359452312635343
1459 6.9985096422506015
1637 4.600614369452231
1641 6.305362461690656
1750 1.1068654304248302
1782 2.7218435232345457
1964 3.260840023967233
1977 2.6040604875781623
2247 2.219386149139072
2344 4.600614369452231
2345 3.9539872045271784
2406 2.9209721983448818
2669 9.11179954838386
2874 3.047265923669174
2920 1.3590830570083334
2935 0.6320391945191633
3473 5.206750173022546
3582 5.8998973535824915
3640 2.0149030205422647
3812 4.507155027774703
4199 11.589046278964354
4813 2.236335707452845
4912 1.9296054400303697
4924 3.2849375755462935
5110 3.6904360955056443
5116 1.961557039836972
5151 2.555858385760285
5324 3.6312138122641273
5363 18.40010405715765
5368 6.9985096422506015
5414 5.775271556154579
5416 4.108137884354437
5615 2.049749751872433
5735 3.502002080784121
5811 6.305362461690656
6218 4.00277736869661
6228 2.5894543351888
6503 4.695924549256556
6667 6.9985096422506015
6729 2.1944885975173447
6941 4.356456153291129
6970 2.1863252868781835
7104 -0.6634879166512921
7274 3.0666840095262753
7445 13.080276491292695
7447 6.9985096422506015
7519 4.05407066308416
7904 2.211017899468555
8065 6.305362461690656
8196 4.919068100570765
8199 3.009525595686327
8527 3.3609234825242154
8848 3.0666840095262753
8866 3.8630154263214513
8975 2.3933394562625097
8977 2.6290617897835795
9213 3.7026727762462723
9258 3.260840023967233
9282 1.4533321977710387
9365 4.491754295117623
9376 3.5645224377654547
9717 10.16277518881913
10375 3.9539872045271784
10422 0.7087940713416041
10431 4.33119691745374
10487 3.962459610871354
10521 4.433560284789064
10522 2.9911764570181303
10583 4.433560284789064
10739 2.37353682896633
10759 6.133368019052551
10760 5.389071729816501
10984 4.695924549256556
11027 6.390989328215948
11046 2.3933394562625097
11228 3.3096301881366648
11397 4.22592092001082
11459 3.047265923669174
11460 4.513602992462601
11625 1.457246097092175
11707 12.949238106228155
11745 15.620250519067639
11900 2.049749751872433
11929 4.600614369452231
11991 6.9985096422506015
12070 2.87137525720551
12190 11.799794707164983
12213 3.047265923669174
12404 1.485080896085619
12699 10.105198986390576
12721 7.380872191011289
12740 15.195609141576103
12809 2.8088549002241754
12996 4.22592092001082
13034 6.9985096422506015
13088 11.116007748297978
13102 2.735829765209286
13153 4.455650035569873
13384 2.0568672196412967
13723 3.597312260588446
13761 2.6040604875781623
13763 26.945358649082504
13813 5.612215281130711
13825 2.7218435232345457
13976 4.108137884354437
14104 3.420485223112132
14237 -4.18349008982496
14333 5.389071729816501
14343 3.7796338173824005
14352 0.9464204733261844
14381 0.6866029961942954
14403 4.8892655013001205
14405 6.305362461690656
14422 2.1233123190494494
14463 1.67063347346102
14493 3.3096301881366648
14501 2.1863252868781835
14618 4.22592092001082
14869 4.433560284789064
14871 5.612215281130711
14963 4.359452312635343
15121 1.5868635903955612
15149 2.465910149097345
15332 -3.1046234602912404
15415 5.648244744709928
15587 2.5894543351888
15593 3.597312260588446
15595 3.9962488624145074
15650 4.261950383590038
15651 3.4131702563542063
15685 0.8716404581364162
15771 0.04619142958929879
