23
3 3.0666840095262753
190 4.600614369452231
194 0.7699986386594181
862 2.344549292093078
927 2.0785287164224764
2269 1.8686109273275278
2450 -0.6108568957036107
3062 2.8396265588909295
4405 1.3460204619819507
4765 2.8300266669378042
5039 2.735829765209286
5528 1.4378280112350734
5590 1.4533321977710387
5852 2.4876501357337513
7497 0.7014003223166658
9092 2.973157951515452
9170 0.6116303228879563
10868 -0.18536107281185138
11433 4.513602992462601
11539 2.9381611094783557
11841 2.8396265588909295
13354 1.8280256472124494
15669 2.162227735299123
