369
194 0.7699986386594181
327 2.20271909665386
328 6.305362461690656
356 2.591790394986348
495 2.8396265588909295
500 2.1701959049483
530 2.66777630196427
837 4.919068100570765
843 5.052599493195288
966 5.612215281130711
1060 0.12433381283310307
1202 6.305362461690656
1379 1.6111243976906509
1538 6.9985096422506015
1567 4.22592092001082
1612 6.305362461690656
1636 6.305362461690656
1660 6.305362461690656
1686 2.309930450438483
1692 4.388977195034689
1739 5.206750173022546
1750 1.1068654304248302
1820 3.3875917296063767
1888 4.600614369452231
1893 1.7567626271909589
1909 2.8876357780772897
1922 3.390409468383051
1933 4.05407066308416
1940 5.3888890980928625
1957 1.8223599096767722
1986 2.4237986637472186
1997 3.009525595686327
2036 1.9486536350010641
2051 2.66777630196427
2064 3.129575277392723
2162 6.339736491523013
2167 2.66777630196427
2224 3.962459610871354
2240 3.31235078057158
2331 3.6312138122641273
2334 1.5879037593638217
2357 1.1873686492739008
2380 3.7796338173824005
2450 -1.2217137914072214
2519 5.070725834548189
2611 3.260840023967233
2674 1.0272478024601386
2679 3.414990703794491
2701 2.7218435232345457
2787 9.575541457440844
2940 1.6278716141229383
2959 4.749474597095603
2964 0.900435360084361
2968 3.4431615807611875
2997 3.047265923669174
3039 5.8998973535824915
3090 3.047265923669174
3108 4.108137884354437
3110 2.8876357780772897
3143 2.219386149139072
3221 6.305362461690656
3243 4.359452312635343
3266 6.305362461690656
3380 2.3541187431092285
3386 2.6290617897835795
3392 2.20271909665386
3419 4.22592092001082
3449 0.9823524825522477
3578 1.2031599740689096
3635 3.155949285956631
3690 2.9945028634117485
3698 4.8012850649143815
3759 4.8067795842320225
3774 1.7255100836868542
3814 2.236335707452845
3835 5.8998973535824915
3896 1.403798262648762
3915 4.695924549256556
3923 3.1273086313427103
3982 2.153862445213571
3985 2.5098732725184614
3990 2.6290617897835795
3991 2.8088549002241754
3995 1.751485570090115
4021 1.5054481989100525
4050 4.919068100570765
4070 1.1068654304248302
4110 2.764403137653342
4116 4.695924549256556
4223 2.1863252868781835
4261 2.262311193856106
4265 3.5327737394508745
4282 2.8553749158590684
4291 8.216275768708874
4314 2.764403137653342
4319 2.049749751872433
4321 2.8553749158590684
4331 3.3875917296063767
4366 1.9878743481543455
4371 4.433560284789064
4381 4.029806041084529
4412 3.086486636822455
4416 2.727440078162703
4422 4.359452312635343
4507 2.298029276458185
4522 0.7810714429639324
4537 3.0588716320484384
4563 4.695924549256556
4583 6.305362461690656
4613 2.211017899468555
4616 3.7851283367000415
4621 8.165530569703638
4631 7.907974409054357
4750 0.994658549464184
4866 2.5211728277723946
4882 2.130975191795019
4909 1.4690805547391779
4964 1.127926246926296
5033 2.1233123190494494
5046 4.47267141490569
5067 2.2278250177849364
5129 5.612215281130711
5243 3.6312138122641273
5384 4.05407066308416
5398 4.919068100570765
5484 1.8928409466523688
5491 3.597312260588446
5517 1.6232312345664361
5533 3.7026727762462723
5555 2.4033897921160112
5630 0.3574615133704861
5635 2.20271909665386
5812 3.1698682457615064
5839 2.579669034454003
5861 5.500028800402484
5864 4.290459441148391
5872 5.088324691994187
5874 5.159338068908006
5889 2.4033897921160112
5990 2.938066631704182
5999 2.5098732725184614
6060 3.7796338173824005
6088 1.2146844599208637
6184 6.305362461690656
6255 6.305362461690656
6414 3.1483620405405426
6433 1.030804581586805
6447 2.576165249751463
6468 3.1483620405405426
6567 5.159338068908006
6583 6.040613258182036
6595 2.4237986637472186
6657 2.138697237888929
6675 2.5098732725184614
6721 2.383389125409342
6908 1.0061308387793944
6929 4.8012850649143815
6950 4.433560284789064
6970 2.1863252868781835
7006 4.05407066308416
7104 -2.6539516666051686
7118 3.1273086313427103
7161 4.513602992462601
7401 3.773043707788116
7459 2.1944885975173447
7525 5.612215281130711
7534 1.242767428663689
7539 4.600614369452231
7544 5.206750173022546
7591 2.0426825846493406
7614 2.5676928434072877
7633 1.8745456628473423
7688 3.086486636822455
7700 3.7026727762462723
7764 5.115614452578326
7767 10.244972111383474
7770 4.165296298194385
7797 3.047265923669174
7838 2.1081605140288473
7845 2.4237986637472186
7846 8.165530569703638
7949 2.5441623459970937
7968 6.094531847338348
7991 2.629859749823839
8030 3.1918471524802814
8041 3.597312260588446
8086 6.6192603762733295
8117 13.339791984483819
8137 5.052599493195288
8262 2.0712559570933964
8439 0.4690908039883759
8514 4.01615411094373
8523 13.061387442679806
8672 2.8876357780772897
8683 1.6803896484063847
8710 2.204815118837552
8731 2.0286963426746007
8736 4.7734986933364505
8745 2.5441623459970937
8784 2.146479378330984
8816 3.4510201673737084
8822 2.2800107709555064
8880 1.67063347346102
8928 1.3355491621146554
8954 3.5645224377654547
8975 2.3933394562625097
8978 1.6140145794615122
9069 3.260840023967233
9106 1.0850066366123312
9122 1.3744921360632627
9229 2.3933394562625097
9234 4.22592092001082
9353 2.476721065201561
9365 1.4972514317058743
9423 2.8876357780772897
9428 2.498699971920336
9525 4.695924549256556
9559 -1.9967746525193741
9561 5.206750173022546
9567 8.580918882296782
9589 2.6230685718215625
9602 2.2800107709555064
9674 3.6312138122641273
9970 2.418984756890357
9979 2.3933394562625097
10012 4.290459441148391
10058 2.6040604875781623
10196 5.042345655544789
10197 6.9985096422506015
10225 3.8630154263214513
10272 4.108137884354437
10276 4.8012850649143815
10306 2.15432255579201
10324 4.00277736869661
10325 5.677692505050063
10329 -0.4201813914191953
10393 1.9746291214043248
10445 3.3875917296063767
10522 2.9911764570181303
10742 7.156093957636721
10749 1.1754637467675824
10751 1.5879037593638217
10814 4.359452312635343
10825 2.0149030205422647
10868 -0.37072214562370276
11027 3.834593596929569
11052 3.740413104229119
11057 5.11171677152057
11110 4.051227595840057
11163 3.7796338173824005
11168 2.556395731286379
11191 4.600614369452231
11218 3.432127108757463
11299 -2.0847310474637517
11302 10.416447352903319
11304 2.410992067732915
11308 2.5098732725184614
11334 3.989126672610284
11379 2.0426825846493406
11386 2.1157077196642304
11398 3.009525595686327
11415 3.7796338173824005
11419 3.1273086313427103
11422 5.052599493195288
11446 3.597312260588446
11453 4.091160117244055
11505 5.052599493195288
11524 1.5178707189086098
11526 1.6419233675785887
11658 4.513602992462601
11691 5.206750173022546
11769 1.6466515087745348
11775 5.389071729816501
11781 2.591790394986348
11826 5.389071729816501
11907 4.86832290156553
11932 4.919068100570765
11940 10.778143459633002
11969 2.274701391239495
11984 4.847597327494437
12022 0.8081923650016455
12081 2.363780654020965
12122 2.3927825337470767
12228 3.047265923669174
12246 4.290459441148391
12292 7.563518483317184
12375 3.260840023967233
12404 2.970161792171238
12407 1.67038967643192
12455 -0.2152586658680402
12508 11.31155596928053
12513 3.740413104229119
12553 2.1431672325603808
12595 2.344549292093078
12708 1.5958322603783217
12717 0.5999147077153936
12723 6.866938322814802
12801 1.9109133070182172
12803 2.727440078162703
12805 3.713692171495883
13045 1.886521853894058
13046 3.47214911763444
13052 3.260840023967233
13080 0.8123010183501074
13189 1.8745456628473423
13272 2.7790019370744945
13303 5.206750173022546
13385 4.00277736869661
13401 4.93182029819469
13411 2.8088549002241754
13439 3.7796338173824005
13494 3.21432000833234
13501 2.5211728277723946
13547 3.2006938814656967
13553 -2.222764559665152
13613 1.8111238364098463
13675 6.9985096422506015
13683 3.0666840095262753
13718 1.3425178314307487
13723 3.597312260588446
13750 2.162227735299123
13755 4.919068100570765
13777 6.305362461690656
13806 5.612215281130711
13825 2.7218435232345457
13859 2.955458374416051
13891 2.4263701154319968
13969 4.695924549256556
14063 4.00277736869661
14136 1.4810567457858934
14237 -1.3944966966083199
14309 1.5137127087599462
14352 1.8928409466523688
14381 0.2288676653980985
14422 2.1233123190494494
14431 1.034930298632155
14444 6.305362461690656
14453 3.414990703794491
14556 2.8876357780772897
14590 1.8337236683270872
14597 3.2849375755462935
14606 3.6312138122641273
14682 1.5431885268928998
14901 2.5326015235960173
14906 1.204091821091849
14933 3.7026727762462723
15067 5.206750173022546
15155 0.6904112007410705
15192 4.467363916867872
15223 5.612215281130711
15241 3.4924724284079427
15278 2.465910149097345
15292 2.211017899468555
15332 -7.761558650728101
15341 1.5919482501253577
15351 3.5645224377654547
15373 4.886164507878708
15387 4.600614369452231
15413 1.2781978656431896
15517 1.886521853894058
15518 5.641547489501538
15580 3.8630154263214513
15604 2.1233123190494494
15629 5.389071729816501
15672 0.7275212103923018
15685 0.8716404581364162
15771 0.06928714438394819
15827 7.643653228072869
15828 6.558886765176185
