42
174 1.6232312345664361
516 4.108137884354437
724 4.22592092001082
867 2.413542163580029
868 2.0286963426746007
1014 5.052599493195288
2365 3.7026727762462723
2913 1.720394983020084
2914 6.886323161522375
4070 1.1068654304248302
4097 2.955458374416051
4405 1.3460204619819507
4537 1.0196238773494795
5331 3.2373095265570386
6941 2.1782280766455644
6972 3.9539872045271784
6984 3.7796338173824005
7092 4.165296298194385
7104 -0.6634879166512921
7295 3.7026727762462723
7569 1.0170954309961207
8153 2.8396265588909295
8392 4.600614369452231
8546 3.7026727762462723
8547 6.9985096422506015
10258 1.8000126109847754
11046 2.3933394562625097
11375 2.681021528714291
12399 9.602570129828763
12721 1.8452180477528222
13153 2.2278250177849364
13314 2.0286963426746007
13390 2.236335707452845
13449 2.6418008155610093
13499 4.108137884354437
14165 2.8088549002241754
14381 0.2288676653980985
14463 1.67063347346102
15121 1.5868635903955612
15155 0.6904112007410705
15192 1.489121305622624
15685 0.8716404581364162
