228
194 2.3099959159782544
209 1.7001922757025645
291 6.9985096422506015
302 1.7153059135126125
461 4.05407066308416
480 4.359452312635343
491 3.1066893441399746
695 2.9911764570181303
744 3.3875917296063767
787 2.035665011990694
862 2.344549292093078
937 4.433560284789064
958 6.305362461690656
978 2.298029276458185
986 3.9539872045271784
1060 0.24866762566620615
1107 5.206750173022546
1329 6.305362461690656
1390 3.260840023967233
1685 3.2373095265570386
1686 1.1549652252192415
1690 2.455214859980597
1755 3.47214911763444
1982 6.305362461690656
2051 2.66777630196427
2170 5.389071729816501
2271 0.34178311807220957
2357 1.1873686492739008
2450 -0.6108568957036107
2484 1.3149298749119196
2585 3.9074671888922854
2626 4.290459441148391
2898 6.9985096422506015
2919 2.1944885975173447
2920 0.6795415285041667
2935 1.2640783890383267
3043 6.9985096422506015
3089 11.799794707164983
3143 2.219386149139072
3215 0.589980851191103
3407 4.171709513029098
3462 5.052599493195288
3489 1.942263836902293
3516 2.0785287164224764
3578 0.6015799870344548
3597 2.8876357780772897
3629 5.8998973535824915
3635 3.155949285956631
3700 2.5894543351888
3732 5.052599493195288
3737 1.8055527913603908
3759 2.4033897921160112
3774 1.7255100836868542
3780 2.465910149097345
3782 3.7026727762462723
3857 32.87147184479589
3900 5.612215281130711
3990 2.6290617897835795
4021 1.5054481989100525
4167 4.142511914186793
4226 3.3609234825242154
4325 3.21432000833234
4333 1.4651201535230811
4416 2.727440078162703
4522 1.0414285906185765
4571 5.8998973535824915
4750 0.6631056996427893
4783 2.1782280766455644
4852 1.258716730071367
4876 2.2449194511442365
4914 1.4339892349279078
4917 5.389071729816501
4975 6.9985096422506015
5083 3.147119249538397
5099 6.305362461690656
5181 2.288979440938267
5208 2.5676928434072877
5210 4.695924549256556
5418 4.00277736869661
5427 4.290459441148391
5484 1.8928409466523688
5528 4.313484033705221
5550 3.666305132075397
5555 2.4033897921160112
5563 3.1066893441399746
5615 8.198999007489732
5773 2.735829765209286
5859 5.052599493195288
5899 4.695924549256556
6043 1.5913378707904824
6074 18.054411969850403
6088 2.4293689198417274
6128 3.5327737394508745
6156 1.8000126109847754
6191 5.206750173022546
6460 4.8012850649143815
6729 2.1944885975173447
6819 1.7153059135126125
6853 6.521680047934466
6988 6.9985096422506015
7025 2.0190964507214755
7028 2.764403137653342
7053 15.629868755569142
7076 2.434161450782765
7104 -0.6634879166512921
7163 6.9985096422506015
7170 1.6186122887101415
7215 2.344549292093078
7230 5.206750173022546
7316 3.1273086313427103
7462 1.942263836902293
7497 0.7014003223166658
7506 3.740413104229119
7515 6.9985096422506015
7622 2.764403137653342
7642 5.612215281130711
7813 1.0145733615634107
8043 1.730651483187273
8296 3.9539872045271784
8439 1.8763632159535035
8440 4.00277736869661
8574 6.305362461690656
8643 4.002594736972972
8648 2.434161450782765
8660 1.675499663112193
8710 0.551203779709388
8736 1.1933746733341126
8738 6.9985096422506015
8739 3.8204558119026557
8816 5.176530251060562
8850 3.430611827025225
8978 1.6140145794615122
9106 1.0850066366123312
9122 2.7489842721265254
9188 4.359452312635343
9270 3.1066893441399746
9441 6.9985096422506015
9531 1.67063347346102
9537 0.6546292081242703
9554 1.271661894663404
9597 3.1273086313427103
9668 5.8998973535824915
9722 6.9985096422506015
9808 3.009525595686327
9872 4.165296298194385
9937 6.9985096422506015
9970 0.4837969513780714
9983 3.1066893441399746
10008 2.0568672196412967
10196 2.5211728277723946
10258 1.8000126109847754
10325 1.8925641683500207
10487 3.962459610871354
10504 5.052599493195288
10583 4.433560284789064
10666 6.9985096422506015
10749 2.3509274935351647
10751 0.7939518796819108
10754 3.1698682457615064
10825 2.0149030205422647
10868 -1.1121664368711084
10876 5.206750173022546
10889 3.086486636822455
11026 4.695924549256556
11110 3.2409820766720454
11114 3.047265923669174
11140 2.15432255579201
11218 0.5720211847929105
11232 10.778143459633002
11250 5.8998973535824915
11403 5.8998973535824915
11444 2.434161450782765
11524 1.5178707189086098
11539 1.4690805547391779
11671 2.2535775138873513
11896 4.290459441148391
11908 1.5346778372249912
11961 6.6192603762733295
12057 2.10066984229969
12058 4.513602992462601
12061 10.413500346045092
12131 4.433560284789064
12201 6.9985096422506015
12263 2.579669034454003
12297 4.8012850649143815
12302 5.206750173022546
12320 33.60899545440067
12333 6.305362461690656
12383 1.2523064517104479
12455 -0.2152586658680402
12488 7.743658436894537
12489 16.186547632785192
12543 3.5645224377654547
12553 2.1431672325603808
12853 3.456212601578631
13043 3.4431615807611875
13045 1.886521853894058
13088 2.7790019370744945
13104 3.2373095265570386
13208 2.6230685718215625
13432 3.7796338173824005
13462 3.3096301881366648
13479 3.7796338173824005
13547 1.6003469407328483
13845 2.001297368486486
13867 1.087712998210074
14153 2.4876501357337513
14156 6.9985096422506015
14168 5.808330160057001
14237 -2.09174504491248
14267 -0.7647387866270302
14309 1.5137127087599462
14313 1.6466515087745348
14416 1.5479024259504828
14450 4.165296298194385
14682 1.5431885268928998
14830 2.7790019370744945
15037 2.3163784151263815
15095 5.612215281130711
15241 3.4924724284079427
15306 0.7199882180847567
15332 -9.313870380873722
15373 5.700525259191826
15385 6.9985096422506015
15416 5.389071729816501
15672 1.4550424207846036
15714 6.305362461690656
15771 0.06928714438394819
