142
3 3.0666840095262753
174 3.2464624691328723
389 1.6419233675785887
805 6.9985096422506015
1822 4.766778250818684
1884 1.9486536350010641
1928 2.4876501357337513
1964 3.260840023967233
2025 4.165296298194385
2450 -1.2217137914072214
2631 0.8516879889706869
2705 1.6657908489852322
2874 3.047265923669174
2893 2.5098732725184614
2935 1.2640783890383267
3062 2.8396265588909295
3110 2.8876357780772897
3120 3.2097641917964794
3166 4.600614369452231
3180 2.7938170228596353
3192 1.0095482253607377
3242 5.052599493195288
3359 3.8630154263214513
3578 0.6015799870344548
3593 3.666305132075397
3643 3.21432000833234
3647 2.1081605140288473
3670 5.389071729816501
3758 6.305362461690656
4158 0.061200880897434085
4522 0.2603571476546441
4549 2.6418008155610093
4608 2.815045323479489
4611 4.165296298194385
4796 5.8998973535824915
4824 5.612215281130711
4840 2.938066631704182
4862 3.047265923669174
4881 5.587634045719271
5043 3.502002080784121
5083 1.5735596247691985
5110 1.8452180477528222
5350 2.955458374416051
5431 4.22592092001082
5640 6.9985096422506015
5755 4.513602992462601
5973 2.9540974487767095
5986 3.3609234825242154
5993 1.7043607691634077
6006 5.8998973535824915
6064 2.138697237888929
6158 2.455214859980597
6169 2.4033897921160112
6228 1.2947271675944
6364 3.260840023967233
6595 2.4237986637472186
6697 4.22592092001082
6853 6.521680047934466
7076 2.434161450782765
7139 6.9985096422506015
7462 1.942263836902293
7487 1.8167260919585162
7497 0.7014003223166658
7569 1.0170954309961207
8256 3.3607792968127694
8439 0.9381816079767518
8444 1.7890234894091803
8581 5.389071729816501
8592 3.740413104229119
8816 1.7255100836868542
8983 8.45184184002164
9017 4.00277736869661
9029 4.165296298194385
9061 3.6312138122641273
9151 1.258716730071367
9340 4.919068100570765
9365 1.4972514317058743
9400 3.1273086313427103
9698 3.975748696308691
9752 3.5327737394508745
9790 6.9985096422506015
9990 1.1343571206342449
10302 2.6290617897835795
10307 2.5676928434072877
10431 0.7218661529089567
10464 4.695924549256556
10561 1.6003469407328483
10749 1.1754637467675824
10772 12.610724923381312
10867 1.4533321977710387
10979 3.1066893441399746
11011 4.22592092001082
11040 6.305362461690656
11450 2.262311193856106
11503 2.8876357780772897
11654 5.612215281130711
11785 1.9680717208581657
11836 2.37353682896633
11975 2.9209721983448818
12022 0.40409618250082274
12383 1.2523064517104479
12455 -0.2152586658680402
12460 2.932833718051566
12668 4.22592092001082
12783 1.8986432144264027
12878 3.5327737394508745
12946 2.9664059210987985
12951 4.00277736869661
12960 3.1918471524802814
12992 2.3256808077886952
13001 1.4730567031188173
13007 6.9985096422506015
13029 3.3219431250985663
13104 3.2373095265570386
13330 6.9985096422506015
13353 1.961557039836972
13403 3.502002080784121
13527 2.049749751872433
13547 1.6003469407328483
13553 -0.37046075994419203
13572 1.8745456628473423
13596 3.502002080784121
13613 1.8111238364098463
14012 3.8630154263214513
14196 0.8373023205555247
14267 -1.1471081799405454
14308 2.0640357091199095
14416 0.7739512129752414
14486 2.6164830075767194
14529 2.8088549002241754
14700 4.00277736869661
14843 6.9985096422506015
14922 6.9985096422506015
15057 1.152070867192877
15058 6.9985096422506015
15195 3.0282177286984795
15326 3.2373095265570386
15332 -17.07542903160182
15363 2.555858385760285
15370 4.290459441148391
15523 8.33059259638877
15603 6.9985096422506015
