211
3 6.133368019052551
164 6.9985096422506015
194 1.5399972773188362
209 3.400384551405129
309 6.305362461690656
336 6.305362461690656
356 2.591790394986348
491 3.1066893441399746
521 1.8986432144264027
657 2.0640357091199095
862 4.689098584186156
921 6.9985096422506015
1001 5.8998973535824915
1024 5.8998973535824915
1060 0.12433381283310307
1279 4.695924549256556
1691 4.108137884354437
1839 2.093234863812172
1885 3.009525595686327
2064 1.5647876386963615
2087 2.8876357780772897
2235 3.2849375755462935
2353 4.108137884354437
2357 1.1873686492739008
2450 -1.832570687110832
2484 2.629859749823839
2487 4.108137884354437
2538 1.422560539104285
2589 6.9985096422506015
2646 4.22592092001082
2820 2.4446327506500602
2893 2.5098732725184614
2909 5.8998973535824915
2920 2.0386245855125003
2924 2.0286963426746007
2935 1.8961175835574902
2940 3.2557432282458767
3051 4.919068100570765
3062 5.679253117781859
3143 2.219386149139072
3359 3.8630154263214513
3407 4.171709513029098
3431 4.359452312635343
3436 4.695924549256556
3489 5.8267915107068795
3578 0.6015799870344548
3597 2.8876357780772897
3635 1.5779746429783155
3700 1.2947271675944
3737 1.8055527913603908
3807 2.3256808077886952
3982 1.0769312226067855
3990 2.6290617897835795
4050 4.919068100570765
4070 1.1068654304248302
4138 30.48832556645739
4140 6.9985096422506015
4167 4.142511914186793
4185 5.612215281130711
4216 4.695924549256556
4405 1.3460204619819507
4412 3.086486636822455
4416 1.3637200390813515
4502 2.8088549002241754
4522 2.343214328891797
4586 6.019051191372654
4619 3.2849375755462935
4634 5.8998973535824915
4694 6.305362461690656
4711 1.9296054400303697
4750 0.33155284982139466
4765 2.8300266669378042
4838 1.4730567031188173
5039 5.471659530418572
5065 2.735829765209286
5067 2.2278250177849364
5156 2.211017899468555
5181 2.288979440938267
5242 6.305362461690656
5326 3.1483620405405426
5484 0.9464204733261844
5528 2.875656022470147
5555 2.4033897921160112
5563 3.1066893441399746
5590 1.4533321977710387
5615 8.198999007489732
5722 3.3609234825242154
5843 12.610724923381312
5852 2.4876501357337513
5955 2.434161450782765
5973 1.4770487243883548
6088 1.2146844599208637
6205 5.910916748832102
6235 2.454137038241171
6337 3.2373095265570386
6365 3.9074671888922854
6387 2.9911764570181303
6447 1.2880826248757316
6530 3.3609234825242154
6908 0.33537694625979814
6971 3.597312260588446
7048 3.21432000833234
7104 -1.9904637499538764
7157 7.726030852642903
7224 4.22592092001082
7252 6.9985096422506015
7435 3.8204558119026557
7462 3.884527673804586
7497 4.208401933899995
7506 3.740413104229119
7734 3.3096301881366648
7813 1.0145733615634107
7817 7.814934377784571
7864 7.004004161568242
7885 3.9539872045271784
7991 1.3149298749119196
8030 3.1918471524802814
8155 3.1066893441399746
8242 4.071330023981388
8245 6.305362461690656
8439 0.4690908039883759
8578 3.1066893441399746
8621 2.6418008155610093
8643 2.001297368486486
8648 2.434161450782765
8886 9.157051315485784
8978 1.6140145794615122
9095 4.513602992462601
9122 1.3744921360632627
9170 1.2232606457759125
9191 6.9985096422506015
9365 1.4972514317058743
9498 5.206750173022546
9549 5.612215281130711
9554 1.271661894663404
9711 1.8686109273275278
9808 12.038102382745308
9809 5.052599493195288
9956 3.47214911763444
10008 2.0568672196412967
10199 2.3256808077886952
10329 -0.21009069570959765
10393 1.9746291214043248
10422 0.7087940713416041
10491 3.086486636822455
10561 3.2006938814656967
10739 2.37353682896633
10868 -0.37072214562370276
10872 6.419528383592959
10973 2.7938170228596353
11023 1.2880826248757316
11038 5.612215281130711
11287 2.0286963426746007
11299 -0.5211827618659379
11327 3.5645224377654547
11386 2.1157077196642304
11393 9.85481272663888
11419 3.1273086313427103
11539 7.34540277369589
11704 3.1483620405405426
11804 3.7796338173824005
11836 2.37353682896633
11841 2.8396265588909295
11896 4.290459441148391
12132 6.305362461690656
12171 4.165296298194385
12241 7.73900710336201
12264 6.9985096422506015
12321 3.4431615807611875
12337 4.22592092001082
12488 11.615487655341806
12489 12.949238106228155
12503 4.455650035569873
12553 1.0715836162801904
12697 6.305362461690656
12833 0.9630282097258448
12853 2.304141734385754
12867 4.695924549256556
13080 1.6246020367002147
13156 5.612215281130711
13197 3.2849375755462935
13208 1.3115342859107813
13353 5.884671119510916
13459 4.919068100570765
13553 -1.4818430397767681
13680 2.2449194511442365
13761 2.6040604875781623
13818 4.600614369452231
13922 1.8986432144264027
14153 2.4876501357337513
14237 -2.7889933932166397
14267 -0.3823693933135151
14283 5.389071729816501
14309 1.5137127087599462
14352 0.9464204733261844
14519 3.086486636822455
14521 3.666305132075397
14558 2.476721065201561
14626 2.750014400201242
14662 4.919068100570765
14906 1.204091821091849
15095 5.612215281130711
15224 2.9041650800285006
15332 -3.1046234602912404
15373 1.628721502626236
15435 2.750014400201242
15612 4.165296298194385
15651 1.1377234187847354
15672 0.7275212103923018
15677 4.733923928934947
15771 0.023095714794649395
