178
94 4.00277736869661
279 2.6418008155610093
327 2.20271909665386
356 2.591790394986348
391 4.513602992462601
513 5.389071729816501
516 4.108137884354437
518 6.9985096422506015
646 2.219386149139072
652 3.5327737394508745
718 5.206750173022546
724 4.22592092001082
862 2.344549292093078
863 6.886323161522375
865 12.605864138861973
866 4.40543819330772
867 9.654168654320117
868 8.114785370698403
893 5.052599493195288
932 2.87137525720551
1014 5.052599493195288
1018 3.7796338173824005
1060 0.06216690641655154
1379 1.0740829317937672
1404 4.112665585679892
1686 1.1549652252192415
1782 2.7218435232345457
2247 2.219386149139072
2407 2.236335707452845
2450 -0.6108568957036107
2523 5.389071729816501
2669 1.8223599096767722
2748 4.00277736869661
2788 3.3096301881366648
2913 8.60197491510042
3090 3.047265923669174
3180 2.7938170228596353
3582 5.8998973535824915
3757 5.206750173022546
3774 1.7255100836868542
3812 2.2535775138873513
3814 2.236335707452845
3850 3.9074671888922854
4018 6.9985096422506015
4042 12.871378323445173
4070 3.320596291274491
4533 3.086486636822455
4537 1.0196238773494795
4640 5.389071729816501
4750 0.33155284982139466
4813 20.127021367075606
4909 1.4690805547391779
4912 1.9296054400303697
4934 3.7026727762462723
5005 4.05407066308416
5116 1.961557039836972
5324 3.6312138122641273
5331 3.2373095265570386
5339 1.1784267118982394
5535 4.433560284789064
5536 6.305362461690656
5615 2.049749751872433
5648 10.778143459633002
5652 3.3096301881366648
5752 3.9539872045271784
5826 4.919068100570765
5895 2.4033897921160112
5973 2.9540974487767095
6103 11.224430562261421
6145 6.9985096422506015
6207 5.8998973535824915
6228 3.8841815027832003
6282 4.919068100570765
6507 5.258123579567159
6583 0.8629447511688624
6642 6.305362461690656
6688 9.462820841750103
6816 3.3875917296063767
6872 1.3047775034479017
6984 3.7796338173824005
6992 5.8998973535824915
7004 5.206750173022546
7023 4.359452312635343
7092 4.165296298194385
7104 -0.6634879166512921
7204 5.612215281130711
7218 5.052599493195288
7445 1.8686109273275278
7462 3.884527673804586
7482 1.8055527913603908
7591 2.0426825846493406
8104 5.389071729816501
8196 4.919068100570765
8442 7.726030852642903
8546 3.7026727762462723
8578 3.1066893441399746
8708 1.4810567457858934
8848 3.0666840095262753
8891 11.224430562261421
8928 1.3355491621146554
8978 3.2280291589230243
8979 1.7890234894091803
9151 1.258716730071367
9154 2.465910149097345
9170 0.6116303228879563
9195 3.7026727762462723
9257 2.8396265588909295
9258 3.260840023967233
9282 14.533321977710386
9367 5.8998973535824915
9393 1.060973437168175
9455 5.8998973535824915
9602 2.2800107709555064
9817 1.3183370332335338
9921 6.9985096422506015
10083 6.9985096422506015
10263 5.8998973535824915
10364 4.695924549256556
10431 0.7218661529089567
10443 2.4876501357337513
10938 6.9985096422506015
11005 10.105198986390576
11027 3.834593596929569
11046 2.3933394562625097
11089 2.309930450438483
11218 0.5720211847929105
11322 3.4431615807611875
11497 4.433560284789064
11522 2.555858385760285
11546 3.9539872045271784
11625 1.457246097092175
11677 1.7255100836868542
11769 1.6466515087745348
12399 4.8012850649143815
12451 2.6290617897835795
12639 4.165296298194385
12701 5.206750173022546
12721 3.6904360955056443
12809 2.8088549002241754
12823 3.104790895896465
12833 1.9260564194516896
12905 5.052599493195288
12992 2.3256808077886952
13030 12.871378323445173
13067 5.8998973535824915
13374 6.305362461690656
13761 5.208120975156325
13772 5.206750173022546
14011 5.8998973535824915
14146 4.22592092001082
14237 -1.3944966966083199
14267 -0.3823693933135151
14291 5.8998973535824915
14325 4.919068100570765
14326 6.305362461690656
14352 1.8928409466523688
14381 0.6866029961942954
14419 3.597312260588446
14466 7.559267634764801
14493 6.6192603762733295
14501 2.1863252868781835
14626 2.750014400201242
15121 3.1737271807911225
15149 2.465910149097345
15155 0.6904112007410705
15192 2.978242611245248
15332 -4.656935190436861
15341 0.7959741250626788
15393 6.9985096422506015
15587 2.5894543351888
15595 2.6641659082763383
15604 2.1233123190494494
15650 2.130975191795019
15651 1.1377234187847354
15758 6.305362461690656
15771 0.04619142958929879
15814 2.262311193856106
15817 5.206750173022546
