32
2033 1.6853036632088139
2320 2.973157951515452
2450 -0.6108568957036107
2491 4.695924549256556
2669 1.8223599096767722
3640 2.0149030205422647
3871 4.513602992462601
4097 2.955458374416051
4813 2.236335707452845
6507 2.6290617897835795
6583 0.8629447511688624
7295 3.7026727762462723
7696 5.612215281130711
8156 6.9985096422506015
8204 5.612215281130711
8296 3.9539872045271784
8329 5.612215281130711
8527 3.3609234825242154
8585 3.47214911763444
8848 3.0666840095262753
9195 3.7026727762462723
9817 1.3183370332335338
10431 0.7218661529089567
10929 3.1066893441399746
11522 2.555858385760285
12451 2.6290617897835795
12499 2.2711218235382606
12833 0.9630282097258448
13029 1.6609715625492831
13449 2.6418008155610093
15024 3.2373095265570386
15332 -1.5523117301456202
