257
81 5.8998973535824915
94 4.00277736869661
302 3.430611827025225
327 11.0135954832693
344 5.558003874148989
371 5.389071729816501
373 2.750014400201242
391 4.513602992462601
407 4.695924549256556
502 5.135385686814575
512 4.157057432844953
513 5.389071729816501
516 4.108137884354437
646 2.219386149139072
652 7.065547478901749
712 6.305362461690656
724 12.67776276003246
788 5.389071729816501
862 2.344549292093078
863 6.886323161522375
865 20.169382622179157
866 17.62175277323088
867 4.827084327160058
868 20.286963426746006
915 5.8998973535824915
930 6.569875151092587
932 5.74275051441102
978 2.298029276458185
1013 2.6547042203969173
1032 6.305362461690656
1060 0.12433381283310307
1379 2.685207329484418
1404 2.7417770571199283
1498 3.7796338173824005
1692 2.1944885975173447
1929 2.1081605140288473
1977 7.812181462734487
1986 2.4237986637472186
2033 15.167732968879324
2247 2.219386149139072
2271 0.34178311807220957
2320 2.973157951515452
2324 4.00277736869661
2334 1.5879037593638217
2345 3.9539872045271784
2357 3.5621059478217028
2404 4.165296298194385
2491 4.695924549256556
2668 3.502002080784121
2669 1.8223599096767722
2705 1.6657908489852322
2788 3.3096301881366648
2833 7.332610264150794
2913 18.924344813220923
2935 1.2640783890383267
2957 9.83813620114153
3090 3.047265923669174
3204 6.305362461690656
3329 7.924919221742708
3345 5.206750173022546
3374 1.9680717208581657
3392 2.20271909665386
3394 3.047265923669174
3448 3.1273086313427103
3640 2.0149030205422647
3671 3.5645224377654547
3737 1.8055527913603908
3757 5.206750173022546
3812 6.760732541662054
3871 22.568014962313004
3951 3.9539872045271784
4042 4.290459441148391
4108 3.1066893441399746
4226 3.3609234825242154
4245 3.597312260588446
4537 3.0588716320484384
4647 6.305362461690656
4726 4.22592092001082
4783 2.1782280766455644
4813 4.47267141490569
4815 2.7218435232345457
4866 2.5211728277723946
4909 1.4690805547391779
4912 3.8592108800607394
4924 6.569875151092587
5033 2.1233123190494494
5110 1.8452180477528222
5174 3.740413104229119
5333 4.22592092001082
5339 2.356853423796479
5363 3.0666840095262753
5403 6.305362461690656
5484 0.9464204733261844
5518 3.1737271807911225
5522 3.8630154263214513
5534 3.3875917296063767
5590 1.4533321977710387
5648 5.389071729816501
5652 3.3096301881366648
5699 5.8998973535824915
5828 2.5676928434072877
5960 3.6312138122641273
5973 1.4770487243883548
6003 3.3609234825242154
6060 3.7796338173824005
6103 5.612215281130711
6156 1.8000126109847754
6165 3.3096301881366648
6169 7.210169376348034
6183 4.00277736869661
6235 1.2270685191205855
6242 2.9041650800285006
6270 5.612215281130711
6283 3.5327737394508745
6467 2.2535775138873513
6507 7.887185369350739
6509 5.389071729816501
6583 0.8629447511688624
6671 6.305362461690656
6688 13.247949178450146
6729 2.1944885975173447
6794 3.9074671888922854
6867 5.389071729816501
6941 2.1782280766455644
7104 -1.9904637499538764
7189 3.8630154263214513
7222 4.695924549256556
7321 10.16277518881913
7361 4.8012850649143815
7560 4.433560284789064
7569 4.068381723984483
7593 3.9539872045271784
7696 5.612215281130711
7705 10.413500346045092
7906 2.8679784698558155
8103 4.600614369452231
8199 3.009525595686327
8236 4.600614369452231
8296 7.907974409054357
8318 3.9074671888922854
8341 5.052599493195288
8371 5.8998973535824915
8429 4.359452312635343
8442 3.8630154263214513
8444 1.7890234894091803
8527 3.3609234825242154
8534 6.305362461690656
8544 5.8998973535824915
8708 2.962113491571787
8848 3.0666840095262753
8880 1.67063347346102
8891 5.612215281130711
8928 1.3355491621146554
8975 2.3933394562625097
8977 2.6290617897835795
8979 1.7890234894091803
9195 3.7026727762462723
9244 6.305362461690656
9253 6.305362461690656
9257 5.679253117781859
9282 10.173325384397272
9365 5.989005726823497
9393 1.060973437168175
9455 5.8998973535824915
9456 5.612215281130711
9506 4.919068100570765
9602 2.2800107709555064
10054 3.0282177286984795
10098 4.695924549256556
10263 5.8998973535824915
10422 0.7087940713416041
10431 2.887464611635827
10759 3.0666840095262753
10764 6.305362461690656
10794 2.938066631704182
10805 3.666305132075397
10817 6.305362461690656
10929 3.1066893441399746
10971 3.502002080784121
11005 5.052599493195288
11027 3.834593596929569
11046 2.3933394562625097
11089 2.309930450438483
11341 15.620250519067639
11379 2.0426825846493406
11460 4.513602992462601
11491 3.7490913256946845
11493 5.206750173022546
11546 3.9539872045271784
11560 3.502002080784121
11625 1.457246097092175
11634 6.6192603762733295
11655 2.66777630196427
11769 1.6466515087745348
11836 2.37353682896633
12111 1.994563336305142
12122 1.1963912668735384
12225 5.052599493195288
12262 6.305362461690656
12353 6.305362461690656
12390 4.05407066308416
12404 1.485080896085619
12415 6.305362461690656
12451 2.6290617897835795
12499 24.98234005892087
12518 4.695924549256556
12558 2.4446327506500602
12600 5.8998973535824915
12639 4.165296298194385
12721 9.226090238764112
12823 2.06986059726431
12825 5.206750173022546
12833 9.630282097258448
12850 7.004004161568242
13067 5.8998973535824915
13108 2.2800107709555064
13153 4.455650035569873
13183 7.004004161568242
13216 3.6312138122641273
13371 7.405345552492545
13376 4.359452312635343
13412 2.5098732725184614
13672 1.5262389685791264
13714 4.165296298194385
13879 6.305362461690656
13979 3.666305132075397
14011 5.8998973535824915
14123 4.22592092001082
14204 4.8012850649143815
14242 2.5326015235960173
14267 -0.3823693933135151
14367 9.027205984925201
14381 0.457735330796197
14399 3.502002080784121
14403 2.4446327506500602
14419 3.597312260588446
14486 2.6164830075767194
14501 2.1863252868781835
14527 5.876133263408364
14530 4.290459441148391
14719 4.919068100570765
14743 6.305362461690656
15101 4.8012850649143815
15121 6.347454361582245
15155 0.6904112007410705
15247 2.498699971920336
15299 7.640911623805311
15332 -9.313870380873722
15341 0.7959741250626788
15415 2.824122372354964
15471 1.3881216796572402
15595 2.6641659082763383
15604 8.493249276197798
15650 2.130975191795019
15651 3.4131702563542063
15672 0.7275212103923018
15821 6.305362461690656
