61
174 3.2464624691328723
1977 2.6040604875781623
2033 1.6853036632088139
2345 3.9539872045271784
2450 -1.832570687110832
2491 4.695924549256556
2620 5.612215281130711
2669 1.8223599096767722
3448 3.1273086313427103
3640 2.0149030205422647
3871 4.513602992462601
4097 5.910916748832102
4258 3.3096301881366648
4259 3.8630154263214513
4813 2.236335707452845
4924 3.2849375755462935
5339 1.1784267118982394
5436 2.8876357780772897
5895 2.4033897921160112
6156 3.6000252219695508
6402 1.4112609838503516
6507 2.6290617897835795
6583 0.8629447511688624
7295 7.405345552492545
7696 5.612215281130711
8199 3.009525595686327
8204 11.224430562261421
8296 3.9539872045271784
8329 11.224430562261421
8342 3.1066893441399746
8527 3.3609234825242154
8585 3.47214911763444
8671 6.305362461690656
8848 3.0666840095262753
9195 3.7026727762462723
9711 7.474443709310111
9817 1.3183370332335338
10431 0.7218661529089567
10602 6.9985096422506015
10659 3.4431615807611875
10910 4.695924549256556
11027 5.112791462572758
11046 2.3933394562625097
11358 12.871378323445173
11397 4.22592092001082
11677 1.7255100836868542
11772 4.108137884354437
11892 6.305362461690656
12451 2.6290617897835795
12499 2.2711218235382606
12721 1.8452180477528222
12833 0.9630282097258448
13029 1.6609715625492831
13449 7.925402446683028
14165 2.8088549002241754
14403 2.4446327506500602
14823 6.9985096422506015
15155 0.6904112007410705
15471 0.6940608398286201
15770 4.165296298194385
15796 7.332610264150794
