204
3 3.0666840095262753
302 1.7153059135126125
389 1.6419233675785887
874 3.2849375755462935
1114 3.9074671888922854
1404 1.3708885285599641
1595 5.8998973535824915
1690 2.455214859980597
1703 4.00277736869661
1782 2.7218435232345457
1842 2.0286963426746007
1896 1.7835738846416156
1902 2.0149030205422647
1923 2.211017899468555
1942 2.537330842639491
1954 2.750014400201242
2036 1.9486536350010641
2049 2.37353682896633
2077 3.3875917296063767
2085 4.600614369452231
2247 2.219386149139072
2356 5.362043057428582
2357 2.3747372985478017
2421 1.5431885268928998
2437 4.108137884354437
2442 8.381451068578906
2445 4.513602992462601
2450 -0.6108568957036107
2484 1.3149298749119196
2592 2.938066631704182
2601 3.1066893441399746
2631 0.6387659917280152
2640 8.207489295627859
2920 1.3590830570083334
2935 0.6320391945191633
2964 3.601741440337444
3062 2.8396265588909295
3182 5.389071729816501
3186 3.8642478746271944
3215 2.359923404764412
3643 3.21432000833234
3658 2.938066631704182
3690 1.4972514317058743
3700 2.5894543351888
3802 13.078356937906028
3807 2.3256808077886952
3896 1.403798262648762
3974 3.3875917296063767
3981 3.3609234825242154
4004 7.333898251950181
4070 2.2137308608496604
4096 3.3609234825242154
4114 1.3890378470656415
4145 18.072693499246785
4158 0.27540396403845335
4172 3.414990703794491
4208 4.566138270957271
4286 2.130975191795019
4295 5.8419443966897635
4302 1.8000126109847754
4438 3.47214911763444
4566 10.791936781765338
4608 1.4075226617397445
4750 0.33155284982139466
4878 1.3672978604292356
4882 2.130975191795019
4914 8.603935409567447
4989 1.3355491621146554
5040 1.4378280112350734
5055 2.2278250177849364
5073 4.290459441148391
5189 4.433560284789064
5246 4.513602992462601
5340 3.3349479961209547
5687 2.0785287164224764
5770 3.4431615807611875
5779 3.21432000833234
5850 3.047265923669174
5973 2.9540974487767095
5989 5.206750173022546
5998 4.919068100570765
6078 2.555858385760285
6088 1.2146844599208637
6117 4.600614369452231
6128 7.065547478901749
6228 2.5894543351888
6235 1.2270685191205855
6250 5.318288905612199
6433 0.5154022907934025
6583 4.314723755844312
6622 2.579669034454003
6908 0.33537694625979814
7047 6.305362461690656
7060 8.216275768708874
7104 -2.6539516666051686
7210 5.5705382572438245
7401 1.886521853894058
7550 12.67776276003246
7689 4.513602992462601
7757 4.22592092001082
7781 2.6040604875781623
7793 5.052599493195288
7838 2.1081605140288473
7854 3.3609234825242154
7892 1.5517722705842913
7965 1.886521853894058
8007 1.904759441443839
8032 1.0216512475319814
8096 1.4533321977710387
8242 8.142660047962776
8439 0.4690908039883759
8452 4.165296298194385
8736 1.1933746733341126
8863 12.767388609921126
9122 1.3744921360632627
9223 3.047265923669174
9346 2.498699971920336
9384 1.3355491621146554
9537 1.963887624372811
9983 3.1066893441399746
9986 2.0568672196412967
9990 0.5671785603171224
10001 4.128071418239819
10008 2.0568672196412967
10015 3.5645224377654547
10028 5.612215281130711
10258 1.8000126109847754
10279 4.433560284789064
10306 2.15432255579201
10326 0.5230769255465112
10329 -0.8403627828383906
10437 1.3672978604292356
10658 2.9041650800285006
10698 7.726030852642903
10859 3.086486636822455
10909 2.7790019370744945
11023 1.2880826248757316
11032 1.087712998210074
11044 3.9074671888922854
11148 3.5352801356947183
11252 3.3096301881366648
11287 2.0286963426746007
11293 5.8998973535824915
11320 2.764403137653342
11323 3.597312260588446
11450 4.524622387712212
11461 4.292958756661968
11503 5.775271556154579
11778 2.8553749158590684
11790 2.2449194511442365
11828 2.955458374416051
11894 3.0357414378172196
11952 1.5958322603783217
12011 4.8012850649143815
12022 0.8081923650016455
12375 3.260840023967233
12382 5.052599493195288
12455 -0.2152586658680402
12460 1.466416859025783
12554 1.6609715625492831
12667 15.157798479585864
12708 3.1916645207566434
12709 5.612215281130711
12717 2.3996588308615743
12783 1.8986432144264027
12823 1.034930298632155
12826 1.2619373447714093
12946 2.9664059210987985
13001 1.4730567031188173
13208 3.9346028577323438
13289 1.7410142702228197
13338 2.5211728277723946
13359 2.6290617897835795
13384 4.113734439282593
13390 2.236335707452845
13553 -0.37046075994419203
13565 1.9878743481543455
13720 3.666305132075397
13828 3.3349479961209547
13839 4.22592092001082
13845 2.001297368486486
13872 5.052599493195288
13891 0.6065925288579992
14195 1.7781538171722764
14196 6.698418564444197
14237 -2.7889933932166397
14313 9.879909052647209
14381 0.2288676653980985
14395 2.7218435232345457
14546 5.775271556154579
14559 4.433560284789064
14747 5.8998973535824915
14896 5.8998973535824915
14933 3.7026727762462723
15057 1.152070867192877
15158 3.8204558119026557
15326 3.2373095265570386
15332 -12.418493841164961
15341 0.7959741250626788
15446 3.5327737394508745
15587 1.2947271675944
15685 0.8716404581364162
15728 3.009525595686327
15783 0.48083836933832624
