294
159 6.305362461690656
473 3.1273086313427103
482 4.695924549256556
485 3.8630154263214513
486 2.70805020110221
512 2.0785287164224764
800 2.434161450782765
810 2.8396265588909295
1060 0.06216690641655154
1835 4.919068100570765
1838 3.414990703794491
1884 3.8973072700021283
1893 1.7567626271909589
2042 3.7796338173824005
2162 6.339736491523013
2238 5.8998973535824915
2240 1.65617539028579
2422 4.919068100570765
2519 1.6902419448493964
2705 1.6657908489852322
2862 4.407241664217533
2919 2.1944885975173447
2948 4.695924549256556
2959 2.3747372985478017
2964 0.900435360084361
3192 1.0095482253607377
3249 2.750014400201242
3259 3.1918471524802814
3269 4.600614369452231
3392 2.20271909665386
3416 5.612215281130711
3466 5.8998973535824915
3526 5.612215281130711
3578 0.6015799870344548
3767 4.919068100570765
3850 3.9074671888922854
4022 5.8998973535824915
4053 -0.07476007520910928
4230 2.0149030205422647
4232 2.3256808077886952
4258 3.3096301881366648
4282 2.8553749158590684
4321 2.8553749158590684
4358 3.5645224377654547
4396 4.695924549256556
4507 4.59605855291637
4522 0.5207142953092883
4528 4.919068100570765
4576 2.085854756514549
4626 10.778143459633002
4627 4.359452312635343
4629 6.305362461690656
4806 3.6312138122641273
4866 2.5211728277723946
4876 2.2449194511442365
4909 2.9381611094783557
4912 1.9296054400303697
4952 6.305362461690656
4955 6.305362461690656
4956 2.413542163580029
4963 2.3933394562625097
4969 5.612215281130711
5012 4.108137884354437
5014 2.3541187431092285
5103 3.414990703794491
5110 3.6904360955056443
5116 1.961557039836972
5119 2.3933394562625097
5220 6.305362461690656
5280 4.919068100570765
5309 2.5326015235960173
5451 4.695924549256556
5484 3.7856818933047376
5510 4.108137884354437
5517 1.6232312345664361
5540 6.339736491523013
5581 3.0666840095262753
5587 2.5326015235960173
5594 6.305362461690656
5630 0.4766153511606481
5634 5.389071729816501
5635 2.20271909665386
5653 5.052599493195288
5731 8.66290733423187
5861 2.750014400201242
5872 5.088324691994187
5874 2.579669034454003
5892 6.305362461690656
5970 4.165296298194385
5986 3.3609234825242154
5993 0.8521803845817039
6068 3.1273086313427103
6111 5.8998973535824915
6151 1.4075226617397445
6156 1.8000126109847754
6169 2.4033897921160112
6199 6.305362461690656
6219 2.298029276458185
6228 1.2947271675944
6250 1.7727629685373998
6433 0.5154022907934025
6447 1.2880826248757316
6532 5.8998973535824915
6632 6.305362461690656
6637 5.206750173022546
6802 3.47214911763444
7025 1.0095482253607377
7042 3.8630154263214513
7104 -0.6634879166512921
7170 1.6186122887101415
7178 5.8998973535824915
7397 2.87137525720551
7401 1.886521853894058
7482 1.8055527913603908
7527 2.681021528714291
7591 2.0426825846493406
7698 5.612215281130711
7699 3.7796338173824005
7701 3.6312138122641273
7740 3.5327737394508745
7813 1.0145733615634107
7881 5.8998973535824915
7883 5.612215281130711
7932 1.8745456628473423
7991 1.3149298749119196
8028 5.052599493195288
8078 1.9359146092236343
8106 6.305362461690656
8142 2.9041650800285006
8242 2.035665011990694
8439 0.4690908039883759
8454 4.919068100570765
8471 2.7938170228596353
8513 5.8998973535824915
8514 4.01615411094373
8592 3.740413104229119
8648 2.434161450782765
8660 3.350999326224386
8708 1.4810567457858934
8710 1.102407559418776
8736 3.580124020002338
8753 4.513602992462601
8880 1.67063347346102
8919 5.389071729816501
8928 2.6710983242293107
8935 6.305362461690656
8938 6.305362461690656
8977 2.6290617897835795
8978 3.2280291589230243
9007 4.108137884354437
9122 1.3744921360632627
9154 2.465910149097345
9170 1.2232606457759125
9175 3.597312260588446
9188 4.359452312635343
9554 1.271661894663404
9559 -1.1647852139696349
9597 3.1273086313427103
9653 10.413500346045092
9818 3.21432000833234
9876 2.6944445490464313
9895 4.577958881876534
9900 6.305362461690656
9974 15.452061705285805
10000 5.8998973535824915
10030 2.413542163580029
10073 4.919068100570765
10326 0.5230769255465112
10329 -0.4201813914191953
10422 0.7087940713416041
10447 1.2198964734099427
10473 1.7781538171722764
10516 5.206750173022546
10532 2.9209721983448818
10561 1.6003469407328483
10724 5.8998973535824915
10736 5.389071729816501
10751 1.5879037593638217
10868 -0.37072214562370276
10873 6.305362461690656
10911 3.6312138122641273
10968 3.740413104229119
11023 1.2880826248757316
11062 3.6312138122641273
11068 6.305362461690656
11102 0.6652300141109108
11106 2.021775899830027
11110 1.6204910383360227
11137 0.8870423027479227
11140 2.15432255579201
11143 9.602570129828763
11196 5.612215281130711
11212 3.9539872045271784
11218 0.5720211847929105
11299 -2.0847310474637517
11416 2.1782280766455644
11430 4.359452312635343
11450 2.262311193856106
11457 4.22592092001082
11463 3.47214911763444
11490 6.305362461690656
11491 1.8745456628473423
11500 5.206750173022546
11570 1.1933746733341126
11576 3.3096301881366648
11646 4.708237486218457
11677 1.7255100836868542
11696 3.2373095265570386
11900 2.049749751872433
11907 2.434161450782765
11943 2.455214859980597
11962 4.695924549256556
11969 0.7582337970798316
11975 2.9209721983448818
12033 2.5211728277723946
12053 4.290459441148391
12070 2.87137525720551
12093 3.3607792968127694
12117 4.290459441148391
12129 3.3349479961209547
12186 4.108137884354437
12377 1.3460204619819507
12538 5.389071729816501
12660 2.035665011990694
12801 34.39643952632791
12803 8.18232023448811
12805 3.713692171495883
12896 3.2373095265570386
12904 3.4431615807611875
12978 2.383389125409342
12992 2.3256808077886952
13002 6.305362461690656
13005 3.8630154263214513
13029 1.6609715625492831
13035 9.201228738904462
13077 3.047265923669174
13080 0.8123010183501074
13189 1.8745456628473423
13312 2.955458374416051
13316 3.047265923669174
13430 5.8998973535824915
13462 3.3096301881366648
13547 1.6003469407328483
13553 -1.4818430397767681
13576 3.9074671888922854
13588 3.5327737394508745
13710 3.6312138122641273
13743 3.8204558119026557
13750 2.162227735299123
13761 2.6040604875781623
13773 4.433560284789064
13867 1.087712998210074
13896 4.359452312635343
13921 4.356456153291129
13998 4.8012850649143815
14136 2.962113491571787
14188 3.597312260588446
14195 1.7781538171722764
14237 -2.09174504491248
14242 2.5326015235960173
14267 -0.3823693933135151
14381 0.2288676653980985
14406 5.052599493195288
14422 2.1233123190494494
14484 4.290459441148391
14558 2.476721065201561
14573 3.260840023967233
14588 2.0785287164224764
14626 2.750014400201242
14655 10.413500346045092
14735 6.305362461690656
14830 2.7790019370744945
14901 2.5326015235960173
14906 0.4013639403639497
14914 3.3096301881366648
15187 1.994563336305142
15259 1.3320829541381691
15306 2.15996465425427
15313 1.917105277266138
15332 -18.627740761747443
15341 0.7959741250626788
15373 5.700525259191826
15471 0.6940608398286201
15478 4.359452312635343
15517 1.886521853894058
15528 3.666305132075397
15595 3.9962488624145074
15632 6.305362461690656
15650 2.130975191795019
15651 1.1377234187847354
15685 2.6149213744092488
15771 0.06928714438394819
15827 1.9109133070182172
15828 4.372591176784123
