66
174 1.6232312345664361
1940 2.6944445490464313
2049 2.37353682896633
2639 2.6040604875781623
4282 2.8553749158590684
4331 6.775183459212753
4522 0.2603571476546441
4625 1.8452180477528222
4909 1.4690805547391779
4963 2.3933394562625097
5046 2.236335707452845
5208 2.5676928434072877
5518 1.5868635903955612
5630 0.23830767558032406
5999 2.5098732725184614
6045 6.9985096422506015
6447 1.2880826248757316
6583 1.7258895023377248
6819 1.7153059135126125
6961 5.389071729816501
7700 3.7026727762462723
7797 3.047265923669174
8117 6.669895992241909
8262 2.0712559570933964
8523 2.9025305428177344
8710 0.551203779709388
8712 3.3349479961209547
9384 1.3355491621146554
9428 4.997399943840672
9537 0.6546292081242703
9559 -0.41599471927486964
9589 1.3115342859107813
9733 1.0850066366123312
9817 1.3183370332335338
10276 4.8012850649143815
10329 -0.21009069570959765
10742 1.7890234894091803
10825 2.0149030205422647
11023 1.2880826248757316
11032 1.087712998210074
11110 0.8102455191680114
11218 0.5720211847929105
11304 1.2054960338664575
11596 6.305362461690656
11969 0.7582337970798316
12407 0.83519483821596
12455 -0.6457759976041206
12553 2.1431672325603808
12805 3.713692171495883
13189 1.8745456628473423
13390 2.236335707452845
13553 -0.37046075994419203
13681 2.498699971920336
13825 2.7218435232345457
13828 3.3349479961209547
13953 4.919068100570765
14074 3.7796338173824005
14136 2.962113491571787
14431 1.034930298632155
14463 1.67063347346102
14546 2.8876357780772897
14906 0.4013639403639497
15292 2.211017899468555
15306 0.7199882180847567
15595 1.3320829541381691
15828 4.372591176784123
