260
28 6.305362461690656
174 1.6232312345664361
194 0.7699986386594181
1886 3.1273086313427103
1891 4.600614369452231
1896 1.7835738846416156
1922 1.6952047341915255
1923 2.211017899468555
1928 4.9753002714675025
1929 2.1081605140288473
1957 1.8223599096767722
1963 6.305362461690656
1964 9.782520071901699
2038 1.880515829833846
2046 5.052599493195288
2049 2.37353682896633
2051 2.66777630196427
2233 3.260840023967233
2271 1.0253493542166288
2291 3.5327737394508745
2334 1.5879037593638217
2351 1.5647876386963615
2357 1.1873686492739008
2435 5.8998973535824915
2450 -3.665141374221664
2506 6.296724081081085
2546 6.9985096422506015
2920 3.3977076425208335
2935 0.6320391945191633
3048 2.5098732725184614
3057 2.236335707452845
3189 3.5645224377654547
3228 3.9074671888922854
3374 1.9680717208581657
3506 0.8205655282000008
3545 3.009525595686327
3700 3.8841815027832003
3780 2.465910149097345
3836 4.165296298194385
3977 4.359452312635343
4040 6.9985096422506015
4053 -1.0466410529275298
4070 1.1068654304248302
4080 5.052599493195288
4124 10.105198986390576
4295 5.8419443966897635
4307 2.824122372354964
4341 2.6547042203969173
4361 3.8630154263214513
4366 7.951497392617382
4381 2.0149030205422647
4396 4.695924549256556
4425 3.7473499690270438
4504 10.893641436792382
4507 2.298029276458185
4549 5.283601631122019
4636 2.955458374416051
4750 0.994658549464184
4815 2.7218435232345457
4846 4.043551799660054
4847 5.206750173022546
4870 6.9985096422506015
4878 2.7345957208584712
4886 3.009525595686327
4970 1.9746291214043248
4989 1.3355491621146554
5001 5.612215281130711
5046 2.236335707452845
5110 1.8452180477528222
5184 5.612215281130711
5318 3.1066893441399746
5372 4.600614369452231
5484 0.9464204733261844
5518 1.5868635903955612
5812 3.1698682457615064
5875 2.750014400201242
5883 4.290459441148391
5934 2.8876357780772897
5959 6.94429823526888
5973 1.4770487243883548
6043 1.5913378707904824
6083 6.669895992241909
6088 1.2146844599208637
6122 3.502002080784121
6123 2.288979440938267
6136 2.91449219418435
6146 4.919068100570765
6169 2.4033897921160112
6219 4.59605855291637
6228 6.473635837972001
6236 5.8419443966897635
6402 1.4112609838503516
6586 4.577958881876534
6628 3.1918471524802814
6729 4.388977195034689
6848 4.05407066308416
6872 1.3047775034479017
6908 0.6707538925195963
6941 2.1782280766455644
7065 2.6040604875781623
7104 -4.644415416559045
7215 2.344549292093078
7245 6.305362461690656
7255 3.9074671888922854
7321 3.3875917296063767
7363 3.2849375755462935
7534 1.242767428663689
7569 1.0170954309961207
7577 6.9985096422506015
7578 2.0861491174436737
7581 6.9985096422506015
7602 4.695924549256556
7813 2.0291467231268214
7838 6.3244815420865415
7846 8.165530569703638
7935 2.335070548138534
7981 2.0426825846493406
8089 2.681021528714291
8090 2.236335707452845
8097 5.8998973535824915
8132 10.105198986390576
8142 2.9041650800285006
8208 3.8630154263214513
8242 2.035665011990694
8256 5.041168945219154
8268 4.433560284789064
8269 7.405345552492545
8300 9.602570129828763
8301 2.413542163580029
8326 4.695924549256556
8331 4.00277736869661
8337 1.9550845253313545
8397 17.699692060747473
8439 0.4690908039883759
8447 3.9074671888922854
8482 6.9985096422506015
8683 1.6803896484063847
8688 6.9985096422506015
8695 1.9550845253313545
8723 1.5262389685791264
8736 2.3867493466682252
8769 4.433560284789064
8792 25.26299746597644
8806 3.47214911763444
8817 6.9985096422506015
8845 5.206750173022546
8850 3.430611827025225
8869 2.1782280766455644
8880 1.67063347346102
8901 5.052599493195288
8954 3.5645224377654547
8978 1.6140145794615122
9006 4.108137884354437
9044 3.8630154263214513
9106 1.0850066366123312
9292 5.088324691994187
9365 1.4972514317058743
9384 1.3355491621146554
9454 3.1698682457615064
9547 5.283601631122019
9711 1.8686109273275278
9717 10.16277518881913
9970 0.4837969513780714
9978 4.05407066308416
10029 2.4237986637472186
10114 2.6028323114903933
10261 3.9539872045271784
10272 4.108137884354437
10302 2.6290617897835795
10326 1.5692307766395337
10329 -0.21009069570959765
10473 1.7781538171722764
10658 2.9041650800285006
10729 6.117743264096877
10749 1.1754637467675824
10806 6.305362461690656
10849 2.938066631704182
10867 1.4533321977710387
10868 -0.37072214562370276
10893 4.919068100570765
10930 7.004004161568242
11056 6.305362461690656
11110 0.8102455191680114
11117 4.695924549256556
11168 1.2781978656431896
11218 1.144042369585821
11299 -4.690644856793441
11308 2.5098732725184614
11347 0.8373023205555247
11443 3.260840023967233
11450 2.262311193856106
11481 3.237224577420283
11520 3.1066893441399746
11522 2.555858385760285
11591 2.7218435232345457
11660 17.43780925054137
11713 4.290459441148391
11825 2.9041650800285006
11900 2.049749751872433
11952 1.5958322603783217
11975 2.9209721983448818
12043 2.498699971920336
12060 1.5220460903190904
12078 1.3637200390813515
12154 5.8998973535824915
12254 4.670141096277068
12312 2.7938170228596353
12455 -0.2152586658680402
12578 4.847597327494437
12773 0.8826175167675673
12789 4.695924549256556
12823 2.06986059726431
12853 2.304141734385754
12996 4.22592092001082
13014 5.206750173022546
13053 4.695924549256556
13080 0.8123010183501074
13319 1.8055527913603908
13353 1.961557039836972
13392 2.764403137653342
13440 2.9540974487767095
13471 2.6040604875781623
13681 2.498699971920336
13718 1.3425178314307487
13722 3.5327737394508745
13836 4.919068100570765
13926 3.260840023967233
13933 3.7796338173824005
14008 2.001297368486486
14093 2.973157951515452
14200 13.88859647053776
14237 -2.09174504491248
14260 4.165296298194385
14267 -2.2942163598810907
14276 6.9985096422506015
14313 1.6466515087745348
14345 3.9539872045271784
14381 1.1443383269904925
14416 4.6437072778514485
14422 2.1233123190494494
14431 1.034930298632155
14455 3.274434953082352
14588 2.0785287164224764
14617 6.9985096422506015
14644 3.597312260588446
14647 3.8630154263214513
14648 6.305362461690656
15155 3.4520560037053527
15240 3.414990703794491
15332 -15.523117301456201
15358 2.579669034454003
15363 2.555858385760285
15413 1.2781978656431896
15466 4.919068100570765
15471 0.6940608398286201
15549 6.9985096422506015
15551 5.789339924386015
15587 1.2947271675944
15669 6.48668320589737
15771 0.023095714794649395
