148
174 3.2464624691328723
389 1.6419233675785887
1838 3.414990703794491
1896 3.567147769283231
1918 6.305362461690656
1976 4.695924549256556
2042 3.7796338173824005
2051 2.66777630196427
2247 2.219386149139072
2271 0.34178311807220957
2437 4.108137884354437
2450 -1.832570687110832
2488 3.7796338173824005
2513 1.8280256472124494
2631 0.21292199724267172
2924 2.0286963426746007
2944 4.8012850649143815
3110 2.8876357780772897
3131 4.695924549256556
3215 0.589980851191103
3578 1.2031599740689096
3643 6.42864001666468
3658 2.938066631704182
3802 4.359452312635343
3820 1.7890234894091803
3939 4.359452312635343
3985 2.5098732725184614
4070 1.1068654304248302
4145 8.03230822188746
4158 0.09180132134615113
4208 1.5220460903190904
4412 3.086486636822455
4551 3.9074671888922854
4608 1.4075226617397445
4695 2.87137525720551
4750 1.3262113992855786
4857 2.0712559570933964
4914 5.735956939711631
5416 4.108137884354437
5895 2.4033897921160112
5900 5.710749831718137
6058 6.9985096422506015
6150 4.05407066308416
6165 6.6192603762733295
6228 1.2947271675944
6433 0.5154022907934025
6455 4.8012850649143815
6488 3.0666840095262753
6609 3.1918471524802814
6628 3.1918471524802814
6959 4.165296298194385
6970 2.1863252868781835
7044 1.880515829833846
7104 -0.6634879166512921
7189 3.8630154263214513
7421 3.2373095265570386
7813 1.0145733615634107
7981 2.0426825846493406
7991 1.3149298749119196
8096 1.4533321977710387
8160 4.165296298194385
8242 2.035665011990694
8439 0.4690908039883759
8638 3.8630154263214513
8718 5.648244744709928
8723 1.5262389685791264
8816 1.7255100836868542
8850 1.7153059135126125
8886 2.6163003758530814
8890 2.2800107709555064
9122 1.3744921360632627
9151 1.258716730071367
9170 1.2232606457759125
9292 2.5441623459970937
9310 3.4431615807611875
9393 1.060973437168175
9817 1.3183370332335338
9970 0.4837969513780714
10029 2.4237986637472186
10114 1.3014161557451966
10188 5.612215281130711
10303 6.9985096422506015
10393 1.9746291214043248
10756 6.305362461690656
10868 -0.18536107281185138
11106 2.021775899830027
11287 2.0286963426746007
11353 5.617709800448351
11481 8.093061443550708
11503 2.8876357780772897
11524 1.5178707189086098
11570 1.1933746733341126
11596 6.305362461690656
11887 3.3349479961209547
11969 0.7582337970798316
12022 0.40409618250082274
12028 2.591790394986348
12078 4.091160117244055
12081 2.363780654020965
12151 3.1698682457615064
12218 2.6547042203969173
12455 -0.6457759976041206
12460 0.7332084295128914
12558 2.4446327506500602
12708 9.574993562269931
12717 1.1998294154307871
12773 1.7652350335351346
12785 5.617709800448351
12823 2.06986059726431
12826 3.785812034314228
12827 6.9985096422506015
12946 1.1865623684395195
12996 4.22592092001082
13021 3.6312138122641273
13029 1.6609715625492831
13290 4.8012850649143815
13412 2.5098732725184614
13527 2.049749751872433
13547 1.6003469407328483
13553 -0.37046075994419203
13867 1.087712998210074
13953 9.83813620114153
14136 1.4810567457858934
14196 0.8373023205555247
14237 -0.6972483483041599
14267 -0.7647387866270302
14381 0.457735330796197
14416 0.7739512129752414
14894 7.480826208458238
14906 0.4013639403639497
15057 1.152070867192877
15091 6.9985096422506015
15121 3.1737271807911225
15153 3.1483620405405426
15303 11.799794707164983
15332 -3.1046234602912404
15341 0.7959741250626788
15372 6.9985096422506015
15413 1.2781978656431896
15456 3.1273086313427103
15578 1.7945029551738059
15587 2.5894543351888
15648 2.5676928434072877
15650 2.130975191795019
15769 3.3349479961209547
15771 0.023095714794649395
15783 0.48083836933832624
15819 6.9985096422506015
