61
1923 2.211017899468555
1942 0.845776947546497
2247 2.219386149139072
2334 1.5879037593638217
2394 8.10814132616832
2450 -0.6108568957036107
2935 0.6320391945191633
3215 0.589980851191103
3643 3.21432000833234
3802 4.359452312635343
4036 5.612215281130711
4145 4.01615411094373
4158 0.061200880897434085
4208 3.044092180638181
4222 2.3256808077886952
4472 3.7026727762462723
4588 6.305362461690656
4914 1.4339892349279078
5040 1.4378280112350734
5190 5.206750173022546
5316 2.236335707452845
5773 2.735829765209286
5779 3.21432000833234
5991 5.052599493195288
6043 1.5913378707904824
6064 4.277394475777858
6128 3.5327737394508745
6235 2.454137038241171
6433 0.5154022907934025
7724 3.597312260588446
7854 3.3609234825242154
8242 2.035665011990694
8444 1.7890234894091803
9346 2.498699971920336
9537 0.6546292081242703
9733 1.0850066366123312
9990 1.1343571206342449
10867 1.4533321977710387
11148 1.1784267118982394
11261 5.8998973535824915
11828 2.955458374416051
11952 1.5958322603783217
12022 0.8081923650016455
12455 -0.4305173317360804
12674 1.5779746429783155
12708 1.5958322603783217
12717 0.5999147077153936
12946 0.5932811842197597
13077 3.047265923669174
13143 5.052599493195288
13845 2.001297368486486
14196 1.6746046411110493
14313 3.2933030175490696
14416 0.7739512129752414
14463 1.67063347346102
15057 1.152070867192877
15446 7.065547478901749
15587 1.2947271675944
15685 0.8716404581364162
15783 0.48083836933832624
15786 0.8981906902305371
