102
502 2.5676928434072877
1902 2.0149030205422647
1931 9.602570129828763
2534 3.2373095265570386
2669 1.8223599096767722
2920 0.6795415285041667
3534 5.052599493195288
3684 9.201228738904462
3812 2.2535775138873513
3840 1.2980660688599148
3844 3.7026727762462723
3847 6.305362461690656
3898 6.094531847338348
4099 6.9985096422506015
4222 2.3256808077886952
4375 3.5645224377654547
4405 1.3460204619819507
4750 0.33155284982139466
4812 3.9539872045271784
4844 5.8998973535824915
4852 1.258716730071367
4878 1.3672978604292356
4912 1.9296054400303697
4934 3.7026727762462723
4943 4.22592092001082
5039 2.735829765209286
5188 5.612215281130711
5316 2.236335707452845
5700 3.1483620405405426
5852 2.4876501357337513
6043 3.182675741580965
6120 4.8012850649143815
6168 4.290459441148391
6250 1.7727629685373998
6252 4.433560284789064
6416 4.600614369452231
6583 0.8629447511688624
6817 5.8998973535824915
7065 15.624362925468974
7104 -1.3269758333025843
7445 1.8686109273275278
7591 2.0426825846493406
7953 4.165296298194385
7971 3.414990703794491
8142 2.9041650800285006
8202 6.9985096422506015
8301 2.413542163580029
8331 12.008332106089831
8342 3.1066893441399746
8372 31.240501038135278
8604 6.9985096422506015
8713 4.919068100570765
9258 3.260840023967233
9282 1.4533321977710387
9376 3.5645224377654547
9393 1.060973437168175
9876 10.777778196185725
9970 0.4837969513780714
10199 2.3256808077886952
10233 3.4431615807611875
10258 1.8000126109847754
10301 4.22592092001082
10375 3.9539872045271784
10431 0.7218661529089567
10491 3.086486636822455
10658 2.9041650800285006
10698 3.8630154263214513
10705 6.9985096422506015
10854 3.6312138122641273
11032 1.087712998210074
11046 4.786678912525019
11273 5.389071729816501
11433 4.513602992462601
11660 4.359452312635343
11769 1.6466515087745348
11774 3.0282177286984795
11816 1.9296054400303697
12022 0.40409618250082274
12081 2.363780654020965
12093 1.6803896484063847
12122 1.1963912668735384
12404 1.485080896085619
12553 1.0715836162801904
12969 3.7026727762462723
12992 2.3256808077886952
13001 1.4730567031188173
13449 5.283601631122019
13891 0.6065925288579992
13979 3.666305132075397
14165 5.617709800448351
14381 0.2288676653980985
14501 2.1863252868781835
14696 5.052599493195288
14759 10.105198986390576
14773 6.9985096422506015
15153 12.59344816216217
15332 -9.313870380873722
15570 2.7218435232345457
15650 2.130975191795019
15685 0.8716404581364162
15771 0.023095714794649395
15796 3.666305132075397
