26
1923 2.211017899468555
2334 0.7939518796819108
2394 4.05407066308416
3215 0.589980851191103
4145 2.008077055471865
4158 0.030600440448717042
4208 1.5220460903190904
4914 1.4339892349279078
5040 1.4378280112350734
5190 5.206750173022546
5316 2.236335707452845
6064 2.138697237888929
9537 0.6546292081242703
9733 1.0850066366123312
9990 0.5671785603171224
11828 2.955458374416051
11952 1.5958322603783217
12022 0.40409618250082274
12455 -0.2152586658680402
12708 1.5958322603783217
13845 2.001297368486486
14313 1.6466515087745348
14416 0.7739512129752414
14463 1.67063347346102
15587 1.2947271675944
15783 0.48083836933832624
