28
194 0.7699986386594181
829 3.5645224377654547
917 6.9985096422506015
2450 -1.2217137914072214
2674 1.0272478024601386
3700 1.2947271675944
5065 2.735829765209286
5099 6.305362461690656
5528 1.4378280112350734
5803 6.305362461690656
7306 2.4876501357337513
7506 3.740413104229119
7826 3.1273086313427103
7879 5.206750173022546
8439 0.4690908039883759
8736 1.1933746733341126
10329 -0.21009069570959765
10868 -0.18536107281185138
11168 1.2781978656431896
11481 1.6186122887101415
11539 1.4690805547391779
12022 0.8081923650016455
12073 6.305362461690656
12489 3.2373095265570386
12553 1.0715836162801904
13922 1.8986432144264027
15351 3.5645224377654547
15397 2.001297368486486
