139
97 3.9539872045271784
193 6.9985096422506015
209 1.7001922757025645
318 4.919068100570765
342 6.9985096422506015
356 2.591790394986348
373 8.250043200603727
391 4.513602992462601
401 3.1698682457615064
502 5.135385686814575
513 5.389071729816501
549 4.919068100570765
710 2.8553749158590684
720 4.8012850649143815
848 3.7796338173824005
865 7.563518483317184
866 2.20271909665386
867 2.413542163580029
868 14.200874398722206
930 3.2849375755462935
932 2.87137525720551
1018 3.7796338173824005
1060 0.06216690641655154
1428 6.9985096422506015
1948 5.612215281130711
1977 5.208120975156325
2042 3.7796338173824005
2266 5.206750173022546
2351 1.5647876386963615
2524 4.108137884354437
2669 3.6447198193535444
2705 1.6657908489852322
2748 4.00277736869661
2913 10.322369898120504
2935 0.6320391945191633
2970 4.919068100570765
3329 1.981229805435677
3330 6.9985096422506015
3392 2.20271909665386
3654 3.4431615807611875
3803 4.05407066308416
3812 2.2535775138873513
3820 3.5780469788183606
4031 2.555858385760285
4070 1.1068654304248302
4537 2.039247754698959
4750 0.33155284982139466
4876 2.2449194511442365
5334 5.612215281130711
5436 2.8876357780772897
5478 4.433560284789064
5484 0.9464204733261844
5510 4.108137884354437
5828 2.5676928434072877
5903 5.612215281130711
6151 1.4075226617397445
6164 2.6290617897835795
6228 1.2947271675944
6507 2.6290617897835795
6567 2.579669034454003
6573 6.9985096422506015
6574 6.305362461690656
6688 1.8925641683500207
6765 6.9985096422506015
6941 2.1782280766455644
7016 3.0666840095262753
7104 -1.9904637499538764
7220 5.8998973535824915
7251 12.610724923381312
7321 6.775183459212753
7445 9.343054636637639
7446 6.9985096422506015
7569 1.0170954309961207
7907 2.6418008155610093
7998 4.433560284789064
8114 5.206750173022546
8158 4.8012850649143815
8255 5.8998973535824915
8262 2.0712559570933964
8708 1.4810567457858934
8761 4.919068100570765
8890 2.2800107709555064
8975 2.3933394562625097
8978 4.842043738384536
9121 10.105198986390576
9258 6.521680047934466
9282 2.9066643955420775
9283 5.206750173022546
9299 18.783698197026222
9481 1.7727629685373998
9602 9.120043083822026
10054 3.0282177286984795
10431 2.16559845872687
10445 3.3875917296063767
11046 2.3933394562625097
11089 1.1549652252192415
11168 1.2781978656431896
11419 3.1273086313427103
11491 1.8745456628473423
11560 3.502002080784121
11677 1.7255100836868542
11707 3.2373095265570386
11749 15.620250519067639
12222 5.206750173022546
12283 2.6040604875781623
12390 4.05407066308416
12553 1.0715836162801904
12688 4.165296298194385
12721 1.8452180477528222
12809 5.617709800448351
12823 2.06986059726431
12833 3.852112838903379
12963 8.580918882296782
12978 2.383389125409342
13080 0.8123010183501074
13125 6.6192603762733295
13132 6.305362461690656
13183 3.502002080784121
13267 5.052599493195288
13462 3.3096301881366648
13761 2.6040604875781623
13857 3.9074671888922854
13865 6.9985096422506015
14050 5.206750173022546
14059 11.224430562261421
14146 4.22592092001082
14297 3.6312138122641273
14381 0.2288676653980985
14466 7.559267634764801
14753 5.206750173022546
14963 8.718904625270685
15246 5.612215281130711
15332 -7.761558650728101
15435 2.750014400201242
15580 3.8630154263214513
15587 5.1789086703776
15595 1.3320829541381691
15604 2.1233123190494494
15771 0.023095714794649395
