64
3 3.0666840095262753
35 5.052599493195288
194 0.7699986386594181
254 2.498699971920336
401 3.1698682457615064
551 3.9074671888922854
569 3.0282177286984795
2064 1.5647876386963615
2351 1.5647876386963615
2358 3.1273086313427103
3062 2.8396265588909295
3228 3.9074671888922854
3700 1.2947271675944
4039 4.165296298194385
4053 -0.14952015041821856
4341 2.6547042203969173
4366 1.9878743481543455
4425 4.996466625369392
4750 0.33155284982139466
5372 4.600614369452231
5973 1.4770487243883548
6168 4.290459441148391
6228 1.2947271675944
6234 2.6290617897835795
6236 2.9209721983448818
6539 2.434161450782765
6541 5.206750173022546
6941 2.1782280766455644
7569 1.0170954309961207
7602 4.695924549256556
7813 1.0145733615634107
8032 0.5108256237659907
8326 4.695924549256556
8331 4.00277736869661
8447 3.9074671888922854
8745 2.5441623459970937
8869 2.1782280766455644
8898 3.3875917296063767
9108 4.359452312635343
9454 3.1698682457615064
9547 2.6418008155610093
9733 3.2550199098369936
9765 1.7835738846416156
10580 6.9985096422506015
10659 3.4431615807611875
10729 2.039247754698959
10868 -0.18536107281185138
11168 1.2781978656431896
11299 -0.5211827618659379
11304 1.2054960338664575
11416 2.1782280766455644
11570 1.1933746733341126
11900 2.049749751872433
11945 1.9550845253313545
12455 -0.2152586658680402
12717 0.5999147077153936
12823 3.104790895896465
13263 4.695924549256556
13926 3.260840023967233
14267 -0.3823693933135151
15332 -4.656935190436861
15466 4.919068100570765
15553 3.3096301881366648
15672 0.7275212103923018
