110
174 1.6232312345664361
327 2.20271909665386
484 4.513602992462601
936 6.9985096422506015
1839 2.093234863812172
2297 27.081617954775602
2327 7.814934377784571
2357 1.1873686492739008
2597 2.1157077196642304
2705 1.6657908489852322
2920 0.6795415285041667
2935 0.6320391945191633
2964 0.900435360084361
3143 2.219386149139072
3249 2.750014400201242
3578 1.2031599740689096
3616 11.224430562261421
3982 1.0769312226067855
4097 5.910916748832102
4391 3.260840023967233
4405 1.3460204619819507
4668 3.3609234825242154
4838 1.4730567031188173
4994 6.9985096422506015
5029 3.2373095265570386
5116 5.884671119510916
5418 4.00277736869661
5430 5.500028800402484
5528 4.313484033705221
5534 3.3875917296063767
5615 4.099499503744866
5946 4.433560284789064
6088 4.858737839683455
6140 2.211017899468555
6156 3.6000252219695508
6235 1.2270685191205855
6351 2.8088549002241754
6583 0.8629447511688624
6586 4.577958881876534
6993 4.05407066308416
7104 -0.6634879166512921
7203 3.1066893441399746
7255 3.9074671888922854
7505 3.740413104229119
7512 4.22592092001082
7517 5.206750173022546
7534 1.242767428663689
7734 3.3096301881366648
7828 4.05407066308416
7932 1.8745456628473423
8284 3.9539872045271784
8723 3.052477937158253
8745 2.5441623459970937
8886 2.6163003758530814
8890 2.2800107709555064
8895 7.907974409054357
9499 12.32441365306331
9667 3.7796338173824005
9696 5.389071729816501
9765 1.7835738846416156
9791 18.756394336744624
9817 1.3183370332335338
9947 6.9985096422506015
10031 2.498699971920336
10049 4.513602992462601
10154 3.3609234825242154
10325 1.8925641683500207
10710 6.305362461690656
10773 5.389071729816501
10868 -0.18536107281185138
10962 2.6290617897835795
11023 3.8642478746271944
11781 2.591790394986348
11854 6.9985096422506015
12122 2.3927825337470767
12488 5.807743827670903
12489 3.2373095265570386
12503 8.911300071139745
12674 3.155949285956631
12853 1.152070867192877
13029 1.6609715625492831
13080 0.8123010183501074
13183 3.502002080784121
13310 3.666305132075397
13312 2.955458374416051
13379 4.513602992462601
13403 3.502002080784121
13411 2.8088549002241754
13576 3.9074671888922854
13718 1.3425178314307487
13875 6.9985096422506015
13922 1.8986432144264027
13926 6.521680047934466
14151 4.359452312635343
14237 -0.6972483483041599
14267 -0.3823693933135151
14381 0.6866029961942954
14507 1.8510151654371483
14637 3.3349479961209547
14771 5.206750173022546
15147 22.448861124522843
15332 -1.5523117301456202
15341 0.7959741250626788
15471 0.6940608398286201
15648 5.135385686814575
15651 1.1377234187847354
15672 0.7275212103923018
15702 2.8553749158590684
15771 0.023095714794649395
15814 2.262311193856106
