248
592 2.4446327506500602
1060 0.06216690641655154
1094 2.335070548138534
1138 6.9985096422506015
1141 6.305362461690656
1264 6.305362461690656
1379 0.5370414658968836
1404 1.3708885285599641
1559 6.9985096422506015
1609 6.9985096422506015
1692 2.1944885975173447
1755 3.47214911763444
1924 2.288979440938267
1929 2.1081605140288473
1957 9.11179954838386
1983 5.8998973535824915
1997 3.009525595686327
2049 2.37353682896633
2064 1.5647876386963615
2103 2.4446327506500602
2224 1.981229805435677
2269 1.8686109273275278
2271 0.34178311807220957
2334 0.7939518796819108
2513 3.656051294424899
2640 2.735829765209286
2708 4.05407066308416
2920 1.3590830570083334
2959 1.1873686492739008
3270 4.695924549256556
3374 3.9361434417163315
3506 10.667351866600011
3578 0.6015799870344548
3598 4.666508659868337
3614 4.313484033705221
3754 5.8998973535824915
3759 2.4033897921160112
3820 1.7890234894091803
3877 12.679472983046026
3881 6.305362461690656
3995 1.751485570090115
4053 -0.22428022562732786
4214 2.465910149097345
4219 1.7567626271909589
4223 4.372650573756367
4230 2.0149030205422647
4261 2.262311193856106
4319 2.049749751872433
4333 1.4651201535230811
4411 5.389071729816501
4427 3.597312260588446
4522 0.5207142953092883
4593 7.814934377784571
4625 1.8452180477528222
4695 2.87137525720551
4711 1.9296054400303697
4750 0.33155284982139466
4846 2.021775899830027
4857 10.356279785466981
4892 5.8998973535824915
4912 1.9296054400303697
4914 4.301967704783723
4924 3.2849375755462935
4964 1.127926246926296
4998 4.695924549256556
5019 4.290459441148391
5033 2.1233123190494494
5034 6.9985096422506015
5101 3.414990703794491
5110 3.6904360955056443
5116 3.923114079673944
5154 2.4446327506500602
5208 2.5676928434072877
5232 6.6192603762733295
5249 6.6192603762733295
5330 4.05407066308416
5392 2.130975191795019
5430 2.750014400201242
5484 0.9464204733261844
5590 1.4533321977710387
5630 0.11915383779016203
5737 3.740413104229119
5795 4.22592092001082
5929 3.3096301881366648
5981 11.421499663436274
6228 1.2947271675944
6368 2.5098732725184614
6390 3.047265923669174
6447 11.592743623881583
6583 2.588834253506587
6628 3.1918471524802814
6696 4.513602992462601
6776 1.942263836902293
6819 1.7153059135126125
6834 6.886323161522375
6878 2.8553749158590684
6879 6.9985096422506015
6887 10.368637804735894
6919 1.422560539104285
7104 -4.644415416559045
7112 5.052599493195288
7306 2.4876501357337513
7578 0.5215372793609184
7591 2.0426825846493406
7688 9.259459910467365
7734 3.3096301881366648
7813 3.043720084690232
7892 1.5517722705842913
7935 2.335070548138534
7938 4.695924549256556
7948 5.389071729816501
7981 2.0426825846493406
7991 1.3149298749119196
8003 4.108137884354437
8041 3.597312260588446
8043 5.191954449561819
8046 4.108137884354437
8096 7.266660988855193
8117 3.3349479961209547
8148 3.7796338173824005
8276 3.21432000833234
8318 3.9074671888922854
8391 2.555858385760285
8523 2.9025305428177344
8578 3.1066893441399746
8660 1.675499663112193
8710 1.102407559418776
8723 1.5262389685791264
8767 6.9985096422506015
8784 2.146479378330984
8790 5.8998973535824915
8810 3.502002080784121
8840 3.1698682457615064
8880 1.67063347346102
8890 2.2800107709555064
8979 1.7890234894091803
9122 1.3744921360632627
9201 3.5645224377654547
9282 1.4533321977710387
9292 2.5441623459970937
9346 2.498699971920336
9354 7.640911623805311
9365 1.4972514317058743
9384 1.3355491621146554
9385 5.612215281130711
9445 2.973157951515452
9537 2.618516832497081
9559 -0.41599471927486964
9589 2.6230685718215625
9640 2.8088549002241754
9756 6.9985096422506015
9779 1.8337236683270872
9970 0.9675939027561428
10030 2.413542163580029
10114 1.3014161557451966
10250 2.9209721983448818
10329 -0.21009069570959765
10331 4.600614369452231
10443 2.4876501357337513
10447 0.6099482367049713
10514 3.8630154263214513
10522 2.9911764570181303
10868 -0.18536107281185138
10906 2.035665011990694
10911 3.6312138122641273
10962 2.6290617897835795
11032 2.175425996420148
11106 12.13065539898016
11299 -4.169462094927503
11304 4.82198413546583
11334 1.994563336305142
11418 3.597312260588446
11438 3.3349479961209547
11526 4.9257701027357665
11704 3.1483620405405426
11712 4.600614369452231
11778 2.8553749158590684
11825 5.808330160057001
11836 2.37353682896633
11945 1.9550845253313545
12009 3.502002080784121
12034 1.8648031042937068
12070 2.87137525720551
12093 1.6803896484063847
12220 4.290459441148391
12292 7.563518483317184
12404 2.970161792171238
12407 6.68155870572768
12455 -0.4305173317360804
12553 1.0715836162801904
12708 1.5958322603783217
12717 0.5999147077153936
12773 2.647852550302702
12796 2.9209721983448818
12823 1.034930298632155
12826 1.2619373447714093
12896 3.2373095265570386
12903 4.359452312635343
12984 6.305362461690656
13001 1.4730567031188173
13039 3.21432000833234
13189 1.8745456628473423
13233 4.8012850649143815
13314 2.0286963426746007
13382 6.9985096422506015
13438 5.11171677152057
13440 2.9540974487767095
13553 -0.7409215198883841
13565 1.9878743481543455
13613 3.6222476728196926
13683 3.0666840095262753
13843 2.1782280766455644
13891 1.8197775865739976
14159 4.600614369452231
14208 1.1873686492739008
14237 -0.6972483483041599
14267 -0.3823693933135151
14271 12.610724923381312
14352 0.9464204733261844
14431 1.034930298632155
14516 2.1782280766455644
14546 2.8876357780772897
14644 3.597312260588446
14656 1.1405764877671418
14682 1.5431885268928998
14897 6.9985096422506015
14906 0.4013639403639497
15005 6.305362461690656
15037 4.632756830252763
15181 5.254456710270345
15191 4.359452312635343
15209 2.579669034454003
15219 6.9985096422506015
15278 2.465910149097345
15292 2.211017899468555
15332 -17.07542903160182
15391 4.290459441148391
15415 2.824122372354964
15468 1.1549652252192415
15471 0.6940608398286201
15472 2.735829765209286
15484 2.9911764570181303
15551 1.1578679848772029
15570 2.7218435232345457
15604 2.1233123190494494
15685 0.8716404581364162
15771 0.04619142958929879
15828 4.372591176784123
