32
373 2.750014400201242
2669 1.8223599096767722
3093 6.9985096422506015
3446 5.052599493195288
3942 3.3875917296063767
6488 3.0666840095262753
7445 1.8686109273275278
8262 2.0712559570933964
8342 3.1066893441399746
9096 4.359452312635343
9213 3.7026727762462723
9258 3.260840023967233
9817 2.6366740664670676
10198 3.8204558119026557
10431 0.7218661529089567
10984 4.695924549256556
11499 4.513602992462601
12721 5.5356541432584665
12809 2.8088549002241754
12833 1.9260564194516896
12850 3.502002080784121
13693 3.666305132075397
13695 6.9985096422506015
14362 4.290459441148391
14463 1.67063347346102
15024 3.2373095265570386
15149 2.465910149097345
15332 -1.5523117301456202
15587 1.2947271675944
15595 2.6641659082763383
15664 4.22592092001082
15796 3.666305132075397
