277
87 10.105198986390576
94 4.00277736869661
97 7.907974409054357
209 3.400384551405129
237 4.359452312635343
241 3.3804838896987928
289 3.086486636822455
318 4.919068100570765
327 2.20271909665386
356 2.591790394986348
373 5.500028800402484
391 4.513602992462601
424 4.513602992462601
502 5.135385686814575
512 2.0785287164224764
515 5.8998973535824915
516 4.108137884354437
532 6.886323161522375
607 2.5211728277723946
646 2.219386149139072
652 7.065547478901749
717 2.8396265588909295
720 4.8012850649143815
721 5.389071729816501
722 5.612215281130711
787 2.035665011990694
788 5.389071729816501
862 2.344549292093078
863 3.4431615807611875
865 15.127036966634368
866 11.0135954832693
867 14.481252981480175
868 20.286963426746006
870 4.433560284789064
927 2.0785287164224764
930 6.569875151092587
932 11.48550102882204
952 5.052599493195288
1013 2.6547042203969173
1031 5.8998973535824915
1060 0.06216690641655154
1356 2.363780654020965
1379 1.6111243976906509
1404 2.7417770571199283
1685 3.2373095265570386
1686 1.1549652252192415
1703 4.00277736869661
1768 5.612215281130711
1839 2.093234863812172
1876 7.004004161568242
1922 1.6952047341915255
1929 2.1081605140288473
1950 10.778143459633002
1977 5.208120975156325
2070 1.4730567031188173
2179 4.433560284789064
2249 4.165296298194385
2266 5.206750173022546
2271 0.34178311807220957
2321 3.8630154263214513
2357 1.1873686492739008
2488 3.7796338173824005
2491 4.695924549256556
2524 4.108137884354437
2669 5.467079729030317
2705 1.6657908489852322
2788 6.6192603762733295
2913 15.483554847180756
2919 2.1944885975173447
2927 11.799794707164983
3329 3.962459610871354
3392 4.40543819330772
3394 3.047265923669174
3488 6.305362461690656
3565 6.305362461690656
3654 3.4431615807611875
3723 4.22592092001082
3812 6.760732541662054
3814 2.236335707452845
3850 3.9074671888922854
3919 5.8998973535824915
3942 3.3875917296063767
4031 2.555858385760285
4082 3.9074671888922854
4136 3.3349479961209547
4434 6.305362461690656
4500 2.8396265588909295
4537 5.098119386747397
4544 6.305362461690656
4627 4.359452312635343
4726 8.45184184002164
4752 6.305362461690656
4934 7.405345552492545
4959 15.157798479585864
4980 5.8998973535824915
5110 3.6904360955056443
5174 3.740413104229119
5334 5.612215281130711
5517 1.6232312345664361
5518 1.5868635903955612
5537 3.597312260588446
5606 4.22592092001082
5645 5.206750173022546
5790 5.8998973535824915
5828 2.5676928434072877
5903 5.612215281130711
6151 1.4075226617397445
6156 1.8000126109847754
6158 2.455214859980597
6164 2.6290617897835795
6181 5.8998973535824915
6228 1.2947271675944
6238 4.513602992462601
6242 2.9041650800285006
6293 5.206750173022546
6433 0.5154022907934025
6482 4.22592092001082
6507 5.258123579567159
6525 3.1483620405405426
6567 2.579669034454003
6675 2.5098732725184614
6688 11.355385010100125
6786 7.405345552492545
6863 4.22592092001082
6872 2.6095550068958033
6941 2.1782280766455644
6984 3.7796338173824005
7013 6.305362461690656
7016 6.133368019052551
7092 4.165296298194385
7104 -0.6634879166512921
7164 4.290459441148391
7286 1.4112609838503516
7321 6.775183459212753
7325 2.8088549002241754
7344 1.6325336272287498
7401 1.886521853894058
7418 3.1483620405405426
7445 3.7372218546550555
7462 1.942263836902293
7560 4.433560284789064
7569 3.0512862929883617
7614 2.5676928434072877
7647 3.3096301881366648
7907 2.6418008155610093
8103 4.600614369452231
8114 5.206750173022546
8255 5.8998973535824915
8342 9.320068032419924
8471 2.7938170228596353
8546 7.405345552492545
8640 5.8998973535824915
8680 4.00277736869661
8708 2.962113491571787
8880 3.34126694692204
8928 1.3355491621146554
8978 4.842043738384536
9089 5.612215281130711
9096 4.359452312635343
9110 2.035665011990694
9121 5.052599493195288
9213 3.7026727762462723
9237 6.305362461690656
9258 3.260840023967233
9282 5.813328791084155
9299 4.695924549256556
9352 10.105198986390576
9365 7.486257158529371
9393 1.060973437168175
9602 2.2800107709555064
9651 3.3875917296063767
9817 2.6366740664670676
9828 4.22592092001082
10006 2.6944445490464313
10139 3.3875917296063767
10198 7.640911623805311
10375 11.861961613581535
10431 2.16559845872687
10522 5.982352914036261
10707 5.8998973535824915
10874 4.359452312635343
10971 3.502002080784121
10984 4.695924549256556
11027 8.947385059502327
11046 4.786678912525019
11052 3.740413104229119
11089 1.1549652252192415
11165 2.1863252868781835
11168 1.2781978656431896
11266 2.9041650800285006
11317 6.133368019052551
11320 2.764403137653342
11379 2.0426825846493406
11546 3.9539872045271784
11561 5.612215281130711
11677 1.7255100836868542
11749 5.206750173022546
11769 1.6466515087745348
11785 1.9680717208581657
11887 3.3349479961209547
11959 2.2449194511442365
12222 5.206750173022546
12273 3.7026727762462723
12283 2.6040604875781623
12345 4.600614369452231
12390 8.10814132616832
12399 14.403855194743144
12553 2.1431672325603808
12688 4.165296298194385
12721 12.916526334269754
12767 2.6547042203969173
12768 4.290459441148391
12809 19.661984301569227
12823 4.13972119452862
12833 6.741197468080913
12839 6.305362461690656
13029 1.6609715625492831
13065 4.919068100570765
13102 5.471659530418572
13125 3.3096301881366648
13183 3.502002080784121
13267 5.052599493195288
13371 3.7026727762462723
13403 3.502002080784121
13411 2.8088549002241754
13499 4.108137884354437
13508 1.7255100836868542
13547 3.2006938814656967
13714 4.165296298194385
13723 3.597312260588446
13751 4.108137884354437
13754 3.8204558119026557
13761 2.6040604875781623
13784 10.778143459633002
13862 3.7796338173824005
13921 2.1782280766455644
13959 6.305362461690656
13960 5.206750173022546
13979 3.666305132075397
14050 10.413500346045092
14059 5.612215281130711
14146 16.90368368004328
14223 6.305362461690656
14262 6.305362461690656
14297 3.6312138122641273
14367 4.513602992462601
14416 0.7739512129752414
14463 3.34126694692204
14879 3.9539872045271784
15001 5.8998973535824915
15024 3.2373095265570386
15149 14.795460894584071
15155 1.380822401482141
15192 1.489121305622624
15232 11.224430562261421
15246 5.612215281130711
15299 3.8204558119026557
15332 -18.627740761747443
15341 1.5919482501253577
15363 2.555858385760285
15396 5.612215281130711
15415 2.824122372354964
15440 5.206750173022546
15482 6.305362461690656
15483 5.8998973535824915
15580 3.8630154263214513
15587 2.5894543351888
15593 3.597312260588446
15595 2.6641659082763383
15597 7.065547478901749
15604 2.1233123190494494
15650 2.130975191795019
15651 2.2754468375694707
15664 12.67776276003246
15708 2.9911764570181303
15771 0.023095714794649395
15796 3.666305132075397
