171
3 3.0666840095262753
52 5.8998973535824915
486 2.70805020110221
1031 5.8998973535824915
1141 6.305362461690656
1356 2.363780654020965
1923 2.211017899468555
1924 2.288979440938267
1929 2.1081605140288473
1957 1.8223599096767722
1963 6.305362461690656
2049 2.37353682896633
2064 1.5647876386963615
2247 2.219386149139072
2421 1.5431885268928998
2424 2.219386149139072
2443 4.00277736869661
2503 4.8012850649143815
2645 5.183580789972696
2829 2.8088549002241754
2841 4.433560284789064
2862 1.4690805547391779
2920 1.3590830570083334
2935 1.2640783890383267
2940 1.6278716141229383
3062 2.8396265588909295
3374 1.9680717208581657
3407 2.085854756514549
3496 5.389071729816501
3516 6.235586149267429
3575 3.260840023967233
3614 1.4378280112350734
3840 1.2980660688599148
3990 2.6290617897835795
4029 2.9041650800285006
4053 -0.3738003760455464
4219 3.5135252543819178
4259 7.726030852642903
4366 3.975748696308691
4388 3.8204558119026557
4401 4.695924549256556
4405 1.3460204619819507
4425 1.249116656342348
4504 7.262427624528255
4507 2.298029276458185
4846 2.021775899830027
4857 2.0712559570933964
4964 0.563963123463148
5156 2.211017899468555
5174 3.740413104229119
5347 4.600614369452231
5581 3.0666840095262753
5736 5.617709800448351
5839 2.579669034454003
5891 3.1273086313427103
5933 2.955458374416051
5944 7.640911623805311
6049 2.035665011990694
6154 4.919068100570765
6169 2.4033897921160112
6228 1.2947271675944
6234 2.6290617897835795
6236 2.9209721983448818
6539 2.434161450782765
6634 3.9539872045271784
6657 2.138697237888929
6754 1.2024518914852294
6771 5.8998973535824915
6953 2.681021528714291
6970 2.1863252868781835
7064 5.612215281130711
7065 2.6040604875781623
7104 -1.3269758333025843
7215 2.344549292093078
7438 6.9985096422506015
7578 0.5215372793609184
7688 3.086486636822455
7796 4.8012850649143815
7813 1.0145733615634107
7864 3.502002080784121
7904 2.211017899468555
8030 3.1918471524802814
8096 1.4533321977710387
8142 2.9041650800285006
8239 4.600614369452231
8683 1.6803896484063847
8710 0.551203779709388
8718 2.824122372354964
8723 1.5262389685791264
8803 5.8998973535824915
8816 1.7255100836868542
8869 2.1782280766455644
8880 1.67063347346102
8886 1.3081501879265407
9081 4.433560284789064
9087 5.8998973535824915
9168 8.33059259638877
9213 3.7026727762462723
9355 2.1782280766455644
9454 3.1698682457615064
9547 29.0598089711711
9554 1.271661894663404
9748 5.309408440793835
10008 4.113734439282593
10215 4.695924549256556
10278 3.2849375755462935
10326 0.5230769255465112
10329 -0.21009069570959765
10455 4.513602992462601
10473 1.7781538171722764
10491 3.086486636822455
10659 3.4431615807611875
10729 7.137367141446356
10749 1.1754637467675824
10751 0.7939518796819108
10854 3.6312138122641273
10911 3.6312138122641273
10952 5.8998973535824915
11050 3.9539872045271784
11051 2.9209721983448818
11057 2.555858385760285
11299 -1.0423655237318759
11304 1.2054960338664575
11305 2.0640357091199095
11338 5.206750173022546
11347 1.6746046411110493
11443 3.260840023967233
11453 2.727440078162703
11461 2.146479378330984
11485 3.3875917296063767
11816 5.788816320091109
11836 2.37353682896633
12022 0.40409618250082274
12051 3.5645224377654547
12085 5.389071729816501
12093 1.6803896484063847
12122 1.1963912668735384
12175 2.955458374416051
12263 2.579669034454003
12303 3.666305132075397
12553 1.0715836162801904
12690 5.389071729816501
12717 2.9995735385769677
12823 2.06986059726431
12837 3.4431615807611875
12838 4.919068100570765
12853 1.152070867192877
13046 3.47214911763444
13353 1.961557039836972
13440 1.4770487243883548
13508 1.7255100836868542
13718 1.3425178314307487
13750 2.162227735299123
13884 5.206750173022546
13891 0.6065925288579992
14237 -0.6972483483041599
14267 -0.3823693933135151
14422 2.1233123190494494
14431 1.034930298632155
14837 6.9985096422506015
15113 3.7796338173824005
15240 3.414990703794491
15332 -10.866182111019342
15360 4.00277736869661
15363 2.555858385760285
15471 1.3881216796572402
15551 2.3157359697544058
15672 0.7275212103923018
15728 3.009525595686327
15771 0.06928714438394819
15808 5.612215281130711
