64
254 2.498699971920336
1922 1.6952047341915255
2271 0.34178311807220957
2357 1.1873686492739008
2820 2.4446327506500602
3057 2.236335707452845
3404 2.465910149097345
3516 2.0785287164224764
3840 3.8941982065797447
3896 1.403798262648762
3964 3.5327737394508745
3977 4.359452312635343
4053 -0.2990403008364371
4277 3.7026727762462723
4341 7.964112661190752
4425 1.249116656342348
4616 1.8925641683500207
5063 3.5645224377654547
5372 4.600614369452231
5443 2.9041650800285006
6003 3.3609234825242154
6043 1.5913378707904824
6136 1.457246097092175
6219 2.298029276458185
6228 1.2947271675944
6234 2.6290617897835795
7065 2.6040604875781623
7315 4.359452312635343
7363 3.2849375755462935
7497 0.7014003223166658
7578 0.5215372793609184
7602 4.695924549256556
7813 1.0145733615634107
8256 1.6803896484063847
8432 3.3875917296063767
8795 3.502002080784121
8869 2.1782280766455644
9454 3.1698682457615064
9547 2.6418008155610093
9621 4.513602992462601
9628 5.052599493195288
9654 5.206750173022546
9970 0.4837969513780714
10411 4.05407066308416
10729 4.078495509397918
10759 3.0666840095262753
10802 5.206750173022546
10818 4.359452312635343
11051 2.9209721983448818
11299 -1.0423655237318759
11347 0.8373023205555247
11816 1.9296054400303697
12250 2.498699971920336
12283 2.6040604875781623
12707 2.2278250177849364
12708 1.5958322603783217
13718 1.3425178314307487
13926 3.260840023967233
14237 -0.6972483483041599
15187 1.994563336305142
15332 -1.5523117301456202
15363 2.555858385760285
15466 4.919068100570765
15553 6.6192603762733295
