75
174 1.6232312345664361
213 5.8998973535824915
373 2.750014400201242
865 5.042345655544789
866 2.20271909665386
867 2.413542163580029
868 2.0286963426746007
930 3.2849375755462935
1923 2.211017899468555
2491 4.695924549256556
2668 3.502002080784121
2669 1.8223599096767722
3138 6.9985096422506015
3345 5.206750173022546
3671 3.5645224377654547
3919 5.8998973535824915
4097 2.955458374416051
4726 4.22592092001082
4980 5.8998973535824915
5534 3.3875917296063767
6208 6.9985096422506015
6293 5.206750173022546
6507 2.6290617897835795
6525 3.1483620405405426
7036 5.389071729816501
7295 3.7026727762462723
7387 4.600614369452231
7445 1.8686109273275278
7813 1.0145733615634107
8341 5.052599493195288
8342 3.1066893441399746
8478 3.502002080784121
8892 4.919068100570765
9096 4.359452312635343
9213 3.7026727762462723
9258 3.260840023967233
9282 2.9066643955420775
9376 3.5645224377654547
9393 2.12194687433635
9824 4.359452312635343
10198 3.8204558119026557
10258 1.8000126109847754
10422 0.7087940713416041
10431 0.7218661529089567
10522 2.9911764570181303
10647 3.5327737394508745
10707 5.8998973535824915
10984 4.695924549256556
11749 5.206750173022546
12033 2.5211728277723946
12721 14.761744382022577
12809 2.8088549002241754
12850 7.004004161568242
13026 4.919068100570765
13029 3.3219431250985663
13125 3.3096301881366648
13449 2.6418008155610093
13672 1.5262389685791264
13784 5.389071729816501
14050 5.206750173022546
14058 6.9985096422506015
14171 5.8998973535824915
14463 1.67063347346102
15024 3.2373095265570386
15149 2.465910149097345
15192 1.489121305622624
15246 5.612215281130711
15332 -4.656935190436861
15365 5.8998973535824915
15440 5.206750173022546
15587 1.2947271675944
15604 2.1233123190494494
15650 4.261950383590038
15685 0.8716404581364162
15796 3.666305132075397
