247
3 3.0666840095262753
302 1.7153059135126125
348 4.433560284789064
356 5.183580789972696
474 9.027205984925201
477 4.8012850649143815
478 4.22592092001082
498 3.3349479961209547
521 1.8986432144264027
607 2.5211728277723946
642 6.9985096422506015
702 3.7796338173824005
848 7.559267634764801
849 6.9985096422506015
862 2.344549292093078
950 6.9985096422506015
1094 2.335070548138534
1624 3.7026727762462723
1671 6.9985096422506015
1686 1.1549652252192415
1896 1.7835738846416156
1922 3.390409468383051
1923 2.211017899468555
1938 2.66777630196427
1964 3.260840023967233
2064 1.5647876386963615
2240 1.65617539028579
2247 2.219386149139072
2271 0.34178311807220957
2334 0.7939518796819108
2418 3.7796338173824005
2484 2.629859749823839
2513 1.8280256472124494
2519 1.6902419448493964
2521 4.165296298194385
2536 1.7835738846416156
2631 0.21292199724267172
2645 5.183580789972696
2690 3.1483620405405426
2812 3.9539872045271784
2820 2.4446327506500602
2824 5.206750173022546
2920 1.3590830570083334
2935 1.2640783890383267
3100 2.7938170228596353
3172 12.610724923381312
3180 2.7938170228596353
3215 0.589980851191103
3375 46.48513012011902
3407 4.171709513029098
3429 4.8012850649143815
3578 0.6015799870344548
3647 6.3244815420865415
3654 3.4431615807611875
3700 5.1789086703776
3736 3.086486636822455
3820 1.7890234894091803
3830 5.389071729816501
3840 10.384528550879319
3844 3.7026727762462723
3884 6.305362461690656
3981 3.3609234825242154
4053 -0.22428022562732786
4070 1.1068654304248302
4214 2.465910149097345
4219 7.0270505087638355
4222 2.3256808077886952
4237 12.767388609921126
4243 5.612215281130711
4285 4.919068100570765
4307 2.824122372354964
4339 6.9985096422506015
4366 3.975748696308691
4375 3.5645224377654547
4397 3.666305132075397
4425 2.498233312684696
4472 3.7026727762462723
4500 2.8396265588909295
4504 3.6312138122641273
4507 2.298029276458185
4537 2.039247754698959
4592 3.0282177286984795
4613 13.266107396811332
4707 3.740413104229119
4776 12.610724923381312
4838 1.4730567031188173
4946 5.389071729816501
4976 6.866938322814802
4977 5.389071729816501
5067 2.2278250177849364
5206 5.612215281130711
5232 3.3096301881366648
5273 3.21432000833234
5432 3.4431615807611875
5436 5.775271556154579
5465 3.3349479961209547
5484 0.9464204733261844
5502 5.612215281130711
5651 4.600614369452231
5905 1.7835738846416156
5934 2.8876357780772897
5955 2.434161450782765
5993 3.4087215383268155
5998 4.919068100570765
6047 3.009525595686327
6077 4.22592092001082
6088 1.2146844599208637
6151 2.815045323479489
6221 2.8553749158590684
6235 2.454137038241171
6331 4.22592092001082
6335 2.476721065201561
6337 3.2373095265570386
6548 2.0785287164224764
6586 2.288979440938267
6616 4.8012850649143815
6675 2.5098732725184614
6729 4.388977195034689
6797 4.8012850649143815
6818 4.433560284789064
6908 0.6707538925195963
6953 2.681021528714291
7019 2.130975191795019
7044 3.761031659667692
7065 2.6040604875781623
7076 2.434161450782765
7094 22.448861124522843
7104 -2.6539516666051686
7122 12.610724923381312
7274 3.0666840095262753
7430 3.3096301881366648
7569 1.0170954309961207
7590 4.22592092001082
7691 3.5645224377654547
7775 4.22592092001082
7800 5.612215281130711
7813 4.058293446253643
7846 5.443687046469091
7914 2.146479378330984
8000 6.305362461690656
8032 0.5108256237659907
8043 6.922605932749092
8096 1.4533321977710387
8182 2.681021528714291
8208 3.8630154263214513
8239 4.600614369452231
8301 2.413542163580029
8340 4.513602992462601
8439 0.9381816079767518
8660 1.675499663112193
8695 1.9550845253313545
8736 2.3867493466682252
8761 4.919068100570765
8762 4.8012850649143815
8799 3.502002080784121
8803 5.8998973535824915
8886 1.3081501879265407
9142 5.052599493195288
9168 8.33059259638877
9170 0.6116303228879563
9213 3.7026727762462723
9222 5.612215281130711
9384 2.6710983242293107
9554 1.271661894663404
9679 4.433560284789064
9765 3.567147769283231
9948 12.610724923381312
10227 5.206750173022546
10233 3.4431615807611875
10278 3.2849375755462935
10306 2.15432255579201
10326 4.18461540437209
10329 -0.4201813914191953
10422 0.7087940713416041
10446 3.1483620405405426
10473 1.7781538171722764
10559 3.8630154263214513
10729 1.0196238773494795
10748 24.72941617615612
10868 -0.5560832184355542
10882 4.359452312635343
10893 4.919068100570765
11032 1.087712998210074
11050 3.9539872045271784
11051 2.9209721983448818
11102 1.3304600282218215
11167 4.108137884354437
11209 3.666305132075397
11299 -1.5635482855978138
11347 10.047627846666296
11385 3.8630154263214513
11386 2.1157077196642304
11394 4.165296298194385
11406 2.6418008155610093
11415 3.7796338173824005
11444 7.302484352348294
11634 3.3096301881366648
11644 3.5327737394508745
11790 2.2449194511442365
11935 6.305362461690656
11952 6.383329041513287
11969 0.7582337970798316
12242 3.8630154263214513
12247 3.8630154263214513
12250 17.490899803442353
12322 63.857546167960095
12366 4.695924549256556
12377 1.3460204619819507
12455 -0.2152586658680402
12553 5.3579180814009515
12717 1.1998294154307871
12790 12.076575328751318
12823 5.174651493160774
12971 5.8998973535824915
13001 1.4730567031188173
13273 3.3096301881366648
13794 6.305362461690656
13890 2.681021528714291
13926 3.260840023967233
14196 0.8373023205555247
14237 -0.6972483483041599
14242 2.5326015235960173
14381 0.915470661592394
14390 5.389071729816501
14431 1.034930298632155
14556 2.8876357780772897
14588 4.157057432844953
14590 3.6674473366541744
14626 2.750014400201242
14633 2.6547042203969173
14640 4.290459441148391
14819 4.919068100570765
14874 4.8012850649143815
14921 4.600614369452231
14945 5.389071729816501
15233 5.8998973535824915
15242 3.414990703794491
15332 -37.255481523494886
15358 2.579669034454003
15384 5.612215281130711
15453 4.47267141490569
15458 2.8088549002241754
15551 2.3157359697544058
15587 1.2947271675944
15672 0.7275212103923018
15771 0.25405286274114336
15805 4.01615411094373
