517
194 0.7699986386594181
209 1.7001922757025645
241 3.3804838896987928
254 2.498699971920336
302 1.7153059135126125
344 2.7790019370744945
360 5.206750173022546
373 2.750014400201242
380 6.9985096422506015
396 5.612215281130711
417 6.9985096422506015
420 5.8998973535824915
424 4.513602992462601
429 6.9985096422506015
447 6.9985096422506015
485 3.8630154263214513
491 6.213378688279949
532 3.4431615807611875
646 2.219386149139072
730 2.298029276458185
759 5.052599493195288
800 2.434161450782765
829 3.5645224377654547
833 6.9985096422506015
927 2.0785287164224764
1060 0.43516834491586076
1094 2.335070548138534
1153 6.305362461690656
1185 6.9985096422506015
1186 5.8998973535824915
1253 6.305362461690656
1257 6.9985096422506015
1340 6.305362461690656
1375 4.8012850649143815
1379 2.1481658635875345
1443 6.9985096422506015
1533 4.108137884354437
1585 6.305362461690656
1616 5.8998973535824915
1686 1.1549652252192415
1692 2.1944885975173447
1702 6.721846965048431
1751 6.305362461690656
1755 3.47214911763444
1884 1.9486536350010641
1922 1.6952047341915255
1923 4.42203579893711
1931 4.8012850649143815
1940 8.083333647139295
1956 4.695924549256556
1957 1.8223599096767722
1977 2.6040604875781623
1990 4.165296298194385
2004 5.052599493195288
2030 3.3349479961209547
2070 2.9461134062376346
2103 2.4446327506500602
2269 1.8686109273275278
2271 2.7342649445776765
2324 4.00277736869661
2357 1.1873686492739008
2371 6.9985096422506015
2407 2.236335707452845
2429 4.8012850649143815
2450 -1.832570687110832
2484 1.3149298749119196
2536 1.7835738846416156
2538 1.422560539104285
2576 4.22592092001082
2588 8.216275768708874
2631 0.21292199724267172
2644 4.513602992462601
2683 5.389071729816501
2689 6.9985096422506015
2695 4.919068100570765
2701 2.7218435232345457
2705 1.6657908489852322
2760 4.359452312635343
2788 3.3096301881366648
2796 2.335070548138534
2833 3.666305132075397
2862 1.4690805547391779
2913 1.720394983020084
2919 2.1944885975173447
2920 0.6795415285041667
2924 2.0286963426746007
2935 4.424274361634144
2940 1.6278716141229383
2964 0.900435360084361
3041 5.206750173022546
3048 2.5098732725184614
3057 4.47267141490569
3080 6.305362461690656
3100 8.381451068578906
3103 6.305362461690656
3143 6.6581584474172155
3157 4.919068100570765
3374 1.9680717208581657
3404 2.465910149097345
3417 10.413500346045092
3449 1.9647049651044954
3506 25.437531374200027
3516 4.157057432844953
3545 9.02857678705898
3578 0.6015799870344548
3598 3.4998814949012527
3637 19.565040143803397
3657 2.6164830075767194
3709 5.808330160057001
3767 9.83813620114153
3785 8.614125771616528
3807 2.3256808077886952
3825 3.3609234825242154
3836 8.33059259638877
3862 6.133368019052551
3864 6.305362461690656
3867 3.2373095265570386
3877 9.50960473728452
3896 1.403798262648762
3939 4.359452312635343
3961 2.6290617897835795
3985 10.039493090073845
3990 2.6290617897835795
4021 3.010896397820105
4053 -1.2709212785548578
4138 6.775183459212753
4156 3.086486636822455
4163 4.919068100570765
4174 3.3875917296063767
4205 3.666305132075397
4217 3.3096301881366648
4226 3.3609234825242154
4230 2.0149030205422647
4248 10.413500346045092
4284 3.9074671888922854
4307 2.824122372354964
4319 2.049749751872433
4325 3.21432000833234
4333 2.9302403070461622
4334 3.1698682457615064
4400 5.876133263408364
4402 4.919068100570765
4416 1.3637200390813515
4425 3.7473499690270438
4427 3.597312260588446
4466 3.9539872045271784
4507 2.298029276458185
4522 0.5207142953092883
4534 8.867120569578129
4537 4.078495509397918
4586 3.009525595686327
4646 1.8686109273275278
4711 3.8592108800607394
4750 1.3262113992855786
4777 4.359452312635343
4809 2.8088549002241754
4846 2.021775899830027
4878 2.7345957208584712
4882 4.261950383590038
4886 3.009525595686327
4899 3.0666840095262753
4909 4.407241664217533
4912 1.9296054400303697
4914 2.8679784698558155
4964 1.127926246926296
4970 1.9746291214043248
4989 1.3355491621146554
5020 3.21432000833234
5043 3.502002080784121
5101 3.414990703794491
5116 1.961557039836972
5151 2.555858385760285
5249 6.6192603762733295
5316 4.47267141490569
5323 5.8998973535824915
5419 3.8630154263214513
5434 6.9985096422506015
5435 6.9985096422506015
5443 2.9041650800285006
5495 6.305362461690656
5518 1.5868635903955612
5534 3.3875917296063767
5555 4.8067795842320225
5581 6.133368019052551
5587 5.065203047192035
5590 1.4533321977710387
5612 5.8998973535824915
5627 5.206750173022546
5630 1.1915383779016202
5633 6.305362461690656
5635 2.20271909665386
5685 7.814934377784571
5700 6.296724081081085
5713 4.359452312635343
5770 3.4431615807611875
5773 2.735829765209286
5785 5.052599493195288
5805 5.8998973535824915
5807 4.00277736869661
5859 5.052599493195288
5955 7.302484352348294
6026 2.66777630196427
6083 3.3349479961209547
6088 1.2146844599208637
6101 4.165296298194385
6123 11.444897204691335
6151 1.4075226617397445
6156 1.8000126109847754
6228 2.5894543351888
6262 3.4431615807611875
6308 5.206750173022546
6387 2.9911764570181303
6402 1.4112609838503516
6433 0.5154022907934025
6442 4.8012850649143815
6512 6.305362461690656
6523 5.389071729816501
6595 4.847597327494437
6675 2.5098732725184614
6721 2.383389125409342
6729 2.1944885975173447
6776 5.8267915107068795
6833 6.9985096422506015
6840 5.612215281130711
6872 1.3047775034479017
6878 2.8553749158590684
6887 4.608283468771508
6908 0.6707538925195963
6919 2.84512107820857
6924 5.206750173022546
6971 3.597312260588446
6983 3.414990703794491
7060 8.216275768708874
7126 6.9985096422506015
7145 6.9985096422506015
7170 9.711673732260849
7186 5.8998973535824915
7210 1.8568460857479414
7315 4.359452312635343
7341 5.206750173022546
7369 6.9985096422506015
7401 1.886521853894058
7431 5.208120975156325
7448 4.695924549256556
7457 4.919068100570765
7458 3.502002080784121
7459 4.388977195034689
7497 0.7014003223166658
7527 2.681021528714291
7534 1.242767428663689
7569 2.0341908619922413
7578 6.258447352331022
7624 4.433560284789064
7633 1.8745456628473423
7738 6.305362461690656
7745 3.9074671888922854
7764 1.7052048175261088
7767 3.414990703794491
7797 39.61445700769926
7813 2.0291467231268214
7817 11.722401566676856
7846 2.7218435232345457
7932 1.8745456628473423
7981 2.0426825846493406
8082 3.47214911763444
8096 5.813328791084155
8198 6.305362461690656
8256 5.041168945219154
8276 3.21432000833234
8337 7.820338101325418
8400 7.194624521176892
8587 6.305362461690656
8615 2.6944445490464313
8643 2.001297368486486
8655 6.9985096422506015
8675 10.413500346045092
8708 1.4810567457858934
8710 1.6536113391281642
8712 3.3349479961209547
8731 2.0286963426746007
8736 5.966873366670563
8753 4.513602992462601
8840 3.1698682457615064
8841 4.433560284789064
8844 5.052599493195288
8886 1.3081501879265407
8976 9.391849098513111
9030 5.8998973535824915
9142 5.052599493195288
9154 2.465910149097345
9270 3.1066893441399746
9346 2.498699971920336
9356 8.580918882296782
9365 1.4972514317058743
9384 4.006647486343966
9391 2.735829765209286
9413 4.433560284789064
9423 2.8876357780772897
9461 6.305362461690656
9531 1.67063347346102
9597 6.254617262685421
9602 2.2800107709555064
9640 2.8088549002241754
9701 4.359452312635343
9741 11.224430562261421
9755 5.206750173022546
9765 1.7835738846416156
9844 5.8998973535824915
9958 4.8012850649143815
9970 3.870375611024571
9977 3.8630154263214513
10030 2.413542163580029
10069 3.4431615807611875
10076 2.750014400201242
10161 3.6312138122641273
10191 4.433560284789064
10231 3.2373095265570386
10272 12.32441365306331
10298 4.05407066308416
10325 3.7851283367000415
10326 4.707692329918601
10329 -0.21009069570959765
10393 1.9746291214043248
10422 2.8351762853664164
10431 0.7218661529089567
10445 6.775183459212753
10446 3.1483620405405426
10473 8.890769085861383
10538 4.8012850649143815
10552 4.22592092001082
10622 11.799794707164983
10648 5.612215281130711
10656 6.305362461690656
10713 10.693567313296365
10729 3.0588716320484384
10734 2.735829765209286
10739 2.37353682896633
10751 0.7939518796819108
10759 3.0666840095262753
10802 5.206750173022546
10863 6.886323161522375
10868 -0.37072214562370276
10884 3.502002080784121
10939 5.206750173022546
11032 1.087712998210074
11041 3.47214911763444
11057 2.555858385760285
11058 6.305362461690656
11089 2.309930450438483
11102 0.6652300141109108
11110 0.8102455191680114
11122 6.9985096422506015
11140 2.15432255579201
11165 2.1863252868781835
11217 4.513602992462601
11218 1.144042369585821
11243 3.8630154263214513
11270 4.05407066308416
11287 2.0286963426746007
11296 2.764403137653342
11299 -10.423655237318759
11304 2.410992067732915
11340 6.9985096422506015
11343 4.290459441148391
11356 4.8012850649143815
11406 2.6418008155610093
11416 8.712912306582258
11417 6.9985096422506015
11453 4.091160117244055
11457 4.22592092001082
11481 4.855836866130424
11520 6.213378688279949
11524 1.5178707189086098
11570 1.1933746733341126
11588 5.8998973535824915
11646 2.3541187431092285
11666 6.9985096422506015
11668 6.305362461690656
11671 2.2535775138873513
11677 1.7255100836868542
11754 6.383694304960563
11836 2.37353682896633
11840 1.6902419448493964
11889 5.558003874148989
11925 11.799794707164983
12017 4.165296298194385
12034 2.7972046564405604
12042 2.6418008155610093
12078 2.727440078162703
12090 5.612215281130711
12151 3.1698682457615064
12226 5.8998973535824915
12277 3.1273086313427103
12283 2.6040604875781623
12314 6.9985096422506015
12341 2.8088549002241754
12383 1.2523064517104479
12455 -0.4305173317360804
12487 4.8012850649143815
12553 3.214750848840571
12578 2.4237986637472186
12583 10.778143459633002
12598 2.5098732725184614
12610 2.4237986637472186
12679 3.1916645207566434
12708 1.5958322603783217
12717 1.7997441231461808
12723 2.288979440938267
12772 1.886521853894058
12773 1.7652350335351346
12792 3.8204558119026557
12818 3.1483620405405426
12823 2.06986059726431
12826 2.5238746895428186
12833 2.8890846291775345
12837 3.4431615807611875
12860 4.600614369452231
12896 6.474619053114077
12911 6.9985096422506015
12968 3.047265923669174
12991 3.1066893441399746
13045 3.773043707788116
13080 3.2492040734004295
13088 2.7790019370744945
13108 2.2800107709555064
13156 5.612215281130711
13197 3.2849375755462935
13258 4.600614369452231
13271 3.3875917296063767
13291 5.612215281130711
13319 7.222211165441563
13379 4.513602992462601
13384 2.0568672196412967
13390 2.236335707452845
13392 2.764403137653342
13396 9.602570129828763
13423 3.9539872045271784
13491 2.288979440938267
13505 3.0666840095262753
13513 3.7026727762462723
13527 2.049749751872433
13553 -1.111382279832576
13565 1.9878743481543455
13613 9.05561918204923
13670 5.232966015153439
13720 3.666305132075397
13740 4.359452312635343
13745 5.206750173022546
13789 5.052599493195288
13791 3.047265923669174
13828 3.3349479961209547
13867 1.087712998210074
13891 1.2131850577159984
13897 8.165530569703638
13985 5.8998973535824915
13986 3.47214911763444
14008 2.001297368486486
14093 5.946315903030904
14107 2.4237986637472186
14177 6.9985096422506015
14208 1.1873686492739008
14237 -0.6972483483041599
14241 5.052599493195288
14249 6.305362461690656
14309 6.054850835039785
14338 5.206750173022546
14347 5.8998973535824915
14366 5.206750173022546
14381 0.2288676653980985
14399 3.502002080784121
14431 1.034930298632155
14503 6.305362461690656
14512 4.165296298194385
14519 6.17297327364491
14544 3.666305132075397
14588 2.0785287164224764
14682 1.5431885268928998
14698 5.206750173022546
14715 6.9985096422506015
14824 4.359452312635343
14906 0.8027278807278994
14907 3.5645224377654547
14933 3.7026727762462723
15181 1.751485570090115
15192 1.489121305622624
15243 6.305362461690656
15263 6.9985096422506015
15306 2.8799528723390266
15313 3.834210554532276
15332 -27.941611142621163
15348 2.10066984229969
15358 2.579669034454003
15360 8.00555473739322
15413 1.2781978656431896
15418 6.369936957148348
15435 2.750014400201242
15458 2.8088549002241754
15471 2.7762433593144804
15476 4.600614369452231
15517 3.773043707788116
15551 12.736547833649231
15553 3.3096301881366648
15570 2.7218435232345457
15578 5.383508865521417
15587 1.2947271675944
15595 1.3320829541381691
15604 4.246624638098899
15610 5.612215281130711
15622 2.363780654020965
15650 2.130975191795019
15669 2.162227735299123
15672 5.092648472746112
15700 4.22592092001082
15771 0.09238285917859758
15805 4.01615411094373
15817 5.206750173022546
15861 3.597312260588446
