124
174 3.2464624691328723
254 2.498699971920336
348 4.433560284789064
592 2.4446327506500602
964 6.9985096422506015
978 2.298029276458185
1822 2.383389125409342
1891 4.600614369452231
1957 1.8223599096767722
2026 2.681021528714291
2271 0.34178311807220957
2450 -0.6108568957036107
2935 0.6320391945191633
2968 3.4431615807611875
3057 6.7090071223585355
3506 0.8205655282000008
3833 4.600614369452231
3867 3.2373095265570386
3964 3.5327737394508745
3977 4.359452312635343
4010 3.1918471524802814
4053 -0.4485604512546557
4124 5.052599493195288
4425 2.498233312684696
4646 1.8686109273275278
4743 4.513602992462601
4750 0.33155284982139466
5063 3.5645224377654547
5156 2.211017899468555
5350 2.955458374416051
5372 4.600614369452231
5414 2.8876357780772897
5700 3.1483620405405426
5895 2.4033897921160112
6101 8.33059259638877
6136 1.457246097092175
6167 4.8012850649143815
6228 1.2947271675944
6586 4.577958881876534
6657 2.138697237888929
6729 2.1944885975173447
6776 1.942263836902293
6819 1.7153059135126125
6872 1.3047775034479017
6874 5.612215281130711
6908 0.33537694625979814
6953 8.043064586142872
6970 2.1863252868781835
7065 2.6040604875781623
7104 -1.3269758333025843
7136 6.9985096422506015
7311 2.236335707452845
7315 4.359452312635343
7363 3.2849375755462935
7482 1.8055527913603908
7497 0.7014003223166658
7527 2.681021528714291
7569 4.068381723984483
7578 2.0861491174436737
7644 6.9985096422506015
7647 3.3096301881366648
7813 1.0145733615634107
7834 3.5327737394508745
8018 8.45184184002164
8142 2.9041650800285006
8256 3.3607792968127694
8660 1.675499663112193
8723 3.052477937158253
8816 1.7255100836868542
8890 4.560021541911013
8946 8.165530569703638
8978 1.6140145794615122
9044 3.8630154263214513
9106 1.0850066366123312
9170 1.2232606457759125
9285 3.047265923669174
9628 5.052599493195288
9696 5.389071729816501
9820 5.612215281130711
10114 1.3014161557451966
10729 3.0588716320484384
10749 1.1754637467675824
10802 5.206750173022546
10868 -0.18536107281185138
11051 2.9209721983448818
11218 1.144042369585821
11299 -3.1270965711956276
11304 1.2054960338664575
11356 4.8012850649143815
11457 4.22592092001082
11677 1.7255100836868542
11785 1.9680717208581657
11900 4.099499503744866
12186 4.108137884354437
12283 2.6040604875781623
12455 -0.4305173317360804
12563 6.305362461690656
12708 1.5958322603783217
12773 0.8826175167675673
12823 2.06986059726431
13169 3.3349479961209547
13423 3.9539872045271784
13452 4.359452312635343
13553 -1.111382279832576
13891 0.6065925288579992
13926 3.260840023967233
13986 3.47214911763444
14200 3.47214911763444
14237 -0.6972483483041599
14267 -1.5294775732540604
14381 0.6866029961942954
14431 1.034930298632155
14556 2.8876357780772897
14588 4.157057432844953
14906 0.8027278807278994
15332 -6.209246920582481
15358 2.579669034454003
15413 2.556395731286379
15551 3.4736039546316086
15638 6.305362461690656
15672 1.4550424207846036
15771 0.023095714794649395
15794 2.5676928434072877
15805 2.008077055471865
