82
5 4.513602992462601
174 1.6232312345664361
241 1.6902419448493964
521 1.8986432144264027
1839 2.093234863812172
1928 2.4876501357337513
1940 5.3888890980928625
2064 1.5647876386963615
2244 5.612215281130711
2247 2.219386149139072
2351 1.5647876386963615
2450 -0.6108568957036107
3003 6.9985096422506015
4053 -0.07476007520910928
4058 6.9985096422506015
4205 3.666305132075397
4750 1.3262113992855786
5372 4.600614369452231
5587 2.5326015235960173
5643 3.9074671888922854
5812 3.1698682457615064
6049 2.035665011990694
6110 5.389071729816501
6216 2.3933394562625097
6776 3.884527673804586
6819 1.7153059135126125
6874 5.612215281130711
6953 2.681021528714291
7181 3.260840023967233
7442 5.8998973535824915
7459 4.388977195034689
7460 5.052599493195288
7569 1.0170954309961207
7578 0.5215372793609184
7745 7.814934377784571
7772 4.165296298194385
7797 3.047265923669174
7892 1.5517722705842913
8262 2.0712559570933964
8283 5.775271556154579
8301 2.413542163580029
8823 3.1066893441399746
8890 2.2800107709555064
8928 2.6710983242293107
8979 3.5780469788183606
9343 3.8630154263214513
9454 6.339736491523013
9554 1.271661894663404
9602 2.2800107709555064
9765 1.7835738846416156
10393 1.9746291214043248
10729 1.0196238773494795
10868 -0.18536107281185138
11102 0.6652300141109108
11299 -0.5211827618659379
11524 1.5178707189086098
11646 2.3541187431092285
11781 2.591790394986348
11969 0.7582337970798316
12043 2.498699971920336
12122 1.1963912668735384
12578 2.4237986637472186
13080 0.8123010183501074
13401 9.86364059638938
13616 6.9985096422506015
13718 1.3425178314307487
13810 5.206750173022546
13926 3.260840023967233
14237 -0.6972483483041599
14267 -0.3823693933135151
14381 0.6866029961942954
14416 0.7739512129752414
14431 1.034930298632155
14455 1.637217476541176
14682 3.0863770537857995
14933 3.7026727762462723
15121 1.5868635903955612
15332 -6.209246920582481
15551 1.1578679848772029
15672 0.7275212103923018
15702 2.8553749158590684
15771 0.04619142958929879
