176
569 6.056435457396959
592 2.4446327506500602
1060 0.12433381283310307
1381 2.6547042203969173
1460 6.9985096422506015
1836 2.5326015235960173
1893 1.7567626271909589
2019 2.344549292093078
2021 2.70805020110221
2159 3.502002080784121
2217 2.4876501357337513
2334 3.1758075187276433
2433 6.775183459212753
2444 3.666305132075397
2450 -0.6108568957036107
2492 3.047265923669174
2601 3.1066893441399746
2829 2.8088549002241754
2928 3.47214911763444
3046 2.9911764570181303
3224 6.305362461690656
3259 3.1918471524802814
3494 4.695924549256556
3498 2.87137525720551
3505 4.00277736869661
3545 3.009525595686327
3578 1.2031599740689096
3586 6.569875151092587
3614 4.313484033705221
3615 4.165296298194385
3635 1.5779746429783155
3658 2.938066631704182
3990 2.6290617897835795
3991 5.617709800448351
3995 1.751485570090115
4006 2.6547042203969173
4070 1.1068654304248302
4114 5.556151388262566
4130 4.22592092001082
4138 3.3875917296063767
4217 3.3096301881366648
4376 4.433560284789064
4381 2.0149030205422647
4481 2.146479378330984
4508 4.108137884354437
4522 0.7810714429639324
4531 5.362043057428582
4537 3.0588716320484384
4865 3.0282177286984795
4992 3.260840023967233
5001 5.612215281130711
5033 2.1233123190494494
5116 1.961557039836972
5312 2.8553749158590684
5369 3.047265923669174
5408 4.290459441148391
5484 0.9464204733261844
5555 2.4033897921160112
5587 2.5326015235960173
5630 0.3574615133704861
5651 4.600614369452231
5687 2.0785287164224764
5690 5.389071729816501
5949 3.5645224377654547
5996 4.00277736869661
6065 4.22592092001082
6113 4.695924549256556
6219 2.298029276458185
6234 2.6290617897835795
6433 0.5154022907934025
6583 0.8629447511688624
6631 4.359452312635343
6739 1.6140145794615122
6751 5.088324691994187
7051 7.266904367834065
7104 -3.980927499907753
7183 5.612215281130711
7247 4.22592092001082
7363 3.2849375755462935
7578 0.5215372793609184
7813 1.0145733615634107
7904 4.42203579893711
7935 2.335070548138534
7991 1.3149298749119196
8007 1.904759441443839
8064 4.165296298194385
8123 6.6438862501971325
8124 5.946315903030904
8327 11.296489489419857
8501 4.290459441148391
8660 1.675499663112193
8677 3.5645224377654547
8710 2.204815118837552
8745 2.5441623459970937
8869 2.1782280766455644
8954 3.5645224377654547
8978 1.6140145794615122
9110 4.071330023981388
9170 0.6116303228879563
9343 3.8630154263214513
9537 0.6546292081242703
9589 1.3115342859107813
9765 1.7835738846416156
9791 4.689098584186156
9970 1.9351878055122855
10015 3.5645224377654547
10030 2.413542163580029
10196 2.5211728277723946
10306 4.30864511158402
10329 -0.21009069570959765
10422 1.4175881426832082
10447 1.829844710114914
10491 3.086486636822455
10517 13.038978436402376
10522 2.9911764570181303
10734 5.471659530418572
10751 0.7939518796819108
10753 2.7790019370744945
10868 -0.18536107281185138
10897 4.00277736869661
11110 0.8102455191680114
11114 3.047265923669174
11168 1.2781978656431896
11218 1.144042369585821
11299 -0.5211827618659379
11304 1.2054960338664575
11322 3.4431615807611875
11400 3.5327737394508745
11416 2.1782280766455644
11576 3.3096301881366648
11677 1.7255100836868542
11704 3.1483620405405426
11774 3.0282177286984795
11790 2.2449194511442365
11939 2.681021528714291
11969 0.7582337970798316
12032 5.206750173022546
12078 1.3637200390813515
12089 2.8088549002241754
12254 2.335070548138534
12377 5.384081847927803
12383 2.5046129034208957
12553 2.1431672325603808
12717 0.5999147077153936
12736 3.414990703794491
12853 2.304141734385754
13080 0.8123010183501074
13208 1.3115342859107813
13508 1.7255100836868542
13527 2.049749751872433
13553 -0.7409215198883841
13613 1.8111238364098463
13680 2.2449194511442365
13718 1.3425178314307487
13785 5.8998973535824915
13801 3.6312138122641273
13846 3.3096301881366648
13891 2.4263701154319968
13897 8.165530569703638
14135 2.3541187431092285
14237 -0.6972483483041599
14242 2.5326015235960173
14283 5.389071729816501
14313 1.6466515087745348
14365 3.8630154263214513
14516 2.1782280766455644
14696 5.052599493195288
14894 3.740413104229119
14949 3.9074671888922854
15037 2.3163784151263815
15063 3.2373095265570386
15241 3.4924724284079427
15306 1.4399764361695133
15332 -6.209246920582481
15397 2.001297368486486
15517 1.886521853894058
