35
174 1.6232312345664361
348 4.433560284789064
1940 2.6944445490464313
2919 2.1944885975173447
3404 2.465910149097345
3449 0.9823524825522477
3506 0.8205655282000008
4053 -0.07476007520910928
5484 0.9464204733261844
6228 1.2947271675944
6776 1.942263836902293
6874 5.612215281130711
7797 3.047265923669174
7813 1.0145733615634107
8337 1.9550845253313545
9110 2.035665011990694
9698 1.9878743481543455
9970 0.4837969513780714
10191 4.433560284789064
10326 0.5230769255465112
10445 3.3875917296063767
10729 1.0196238773494795
10868 -0.18536107281185138
11218 0.5720211847929105
11299 -1.5635482855978138
11416 2.1782280766455644
12137 2.498699971920336
13088 2.7790019370744945
13553 -0.37046075994419203
13681 2.498699971920336
14416 0.7739512129752414
14544 3.666305132075397
14906 0.4013639403639497
15413 1.2781978656431896
15672 0.7275212103923018
