44
1960 3.1483620405405426
2070 1.4730567031188173
2412 4.108137884354437
2862 1.4690805547391779
2919 2.1944885975173447
2935 0.6320391945191633
3516 2.0785287164224764
3867 3.2373095265570386
4053 -0.3738003760455464
4989 1.3355491621146554
5339 1.1784267118982394
5421 3.8630154263214513
5851 4.00277736869661
6219 2.298029276458185
6433 0.5154022907934025
7497 0.7014003223166658
7578 0.5215372793609184
7633 1.8745456628473423
8032 0.5108256237659907
8096 1.4533321977710387
8391 2.555858385760285
8723 1.5262389685791264
8736 1.1933746733341126
8890 2.2800107709555064
9326 5.8998973535824915
10326 1.0461538510930224
10561 1.6003469407328483
10729 2.039247754698959
10759 3.0666840095262753
11026 4.695924549256556
11052 3.740413104229119
11299 -1.0423655237318759
11304 1.2054960338664575
11343 4.290459441148391
11781 2.591790394986348
12455 -0.4305173317360804
13045 1.886521853894058
13926 3.260840023967233
14416 1.5479024259504828
15332 -1.5523117301456202
15413 1.2781978656431896
15424 1.8111238364098463
15551 2.3157359697544058
15805 2.008077055471865
