35
2033 3.3706073264176277
2320 2.973157951515452
2324 4.00277736869661
2450 -0.6108568957036107
2669 3.6447198193535444
3534 5.052599493195288
3812 2.2535775138873513
4527 5.052599493195288
4537 1.0196238773494795
4812 3.9539872045271784
4813 2.236335707452845
4912 1.9296054400303697
5648 5.389071729816501
6228 2.5894543351888
7321 3.3875917296063767
8849 6.305362461690656
9257 2.8396265588909295
9376 3.5645224377654547
10431 0.7218661529089567
10929 3.1066893441399746
11027 1.2781978656431896
11555 3.5327737394508745
11769 1.6466515087745348
12499 2.2711218235382606
12721 1.8452180477528222
13449 5.283601631122019
13451 3.4431615807611875
13553 -0.37046075994419203
14165 2.8088549002241754
14237 -0.6972483483041599
14416 0.7739512129752414
14419 3.597312260588446
14501 2.1863252868781835
14682 1.5431885268928998
14906 0.4013639403639497
