36
1960 3.1483620405405426
2070 1.4730567031188173
2862 1.4690805547391779
2919 2.1944885975173447
2935 0.6320391945191633
3516 2.0785287164224764
3867 3.2373095265570386
4053 -0.2990403008364371
4989 1.3355491621146554
5421 3.8630154263214513
5851 4.00277736869661
6219 2.298029276458185
6433 0.5154022907934025
7497 0.7014003223166658
7633 1.8745456628473423
8032 0.5108256237659907
8096 1.4533321977710387
8391 2.555858385760285
8723 1.5262389685791264
9326 5.8998973535824915
10326 0.5230769255465112
10561 1.6003469407328483
10729 2.039247754698959
10759 3.0666840095262753
11026 4.695924549256556
11299 -1.0423655237318759
11304 1.2054960338664575
11343 4.290459441148391
11781 2.591790394986348
13926 3.260840023967233
14416 1.5479024259504828
15332 -1.5523117301456202
15413 1.2781978656431896
15424 1.8111238364098463
15551 1.1578679848772029
15805 2.008077055471865
