157
280 6.9985096422506015
301 4.919068100570765
348 4.433560284789064
373 2.750014400201242
385 6.9985096422506015
454 6.305362461690656
484 4.513602992462601
488 3.6312138122641273
495 2.8396265588909295
502 2.5676928434072877
514 6.9985096422506015
702 3.7796338173824005
730 2.298029276458185
869 5.206750173022546
1117 6.305362461690656
1127 5.8998973535824915
1285 6.9985096422506015
1333 11.799794707164983
1498 3.7796338173824005
1750 1.1068654304248302
1929 2.1081605140288473
2150 5.206750173022546
2424 4.438772298278144
2450 -0.6108568957036107
2598 5.8998973535824915
2645 5.183580789972696
2924 2.0286963426746007
3131 9.391849098513111
3165 3.7796338173824005
3449 0.9823524825522477
3572 6.9985096422506015
3578 0.6015799870344548
3700 2.5894543351888
3818 40.540706630841605
3820 1.7890234894091803
3901 2.363780654020965
3972 4.919068100570765
3982 1.0769312226067855
3995 1.751485570090115
4021 1.5054481989100525
4053 -0.3738003760455464
4237 12.767388609921126
4301 3.597312260588446
4397 3.666305132075397
4425 1.249116656342348
4520 3.1273086313427103
4533 3.086486636822455
4537 4.078495509397918
4750 0.33155284982139466
4806 3.6312138122641273
4815 2.7218435232345457
4852 6.293583650356835
4860 11.224430562261421
4878 2.7345957208584712
5111 6.42864001666468
5273 3.21432000833234
5443 5.808330160057001
5518 1.5868635903955612
5587 5.065203047192035
5955 4.86832290156553
5973 1.4770487243883548
6151 5.630090646958978
6418 5.206750173022546
6754 1.2024518914852294
6853 3.260840023967233
6908 1.0061308387793944
7064 5.612215281130711
7104 -0.6634879166512921
7271 12.610724923381312
7344 1.6325336272287498
7591 2.0426825846493406
7601 22.448861124522843
7833 6.305362461690656
7905 4.919068100570765
7914 2.146479378330984
7917 6.829981407588982
8005 4.165296298194385
8160 4.165296298194385
8276 3.21432000833234
8301 2.413542163580029
8306 3.7026727762462723
8315 5.528806275306684
8439 0.9381816079767518
8683 1.6803896484063847
8695 1.9550845253313545
8718 2.824122372354964
8743 4.433560284789064
8784 2.146479378330984
8816 1.7255100836868542
8850 3.430611827025225
8856 2.3163784151263815
9106 1.0850066366123312
9110 2.035665011990694
9115 3.047265923669174
9221 5.052599493195288
9257 2.8396265588909295
9335 6.9985096422506015
9344 4.359452312635343
9876 2.6944445490464313
10008 2.0568672196412967
10200 4.695924549256556
10217 2.15432255579201
10307 2.5676928434072877
10357 3.9539872045271784
10473 1.7781538171722764
10628 4.165296298194385
10629 3.7026727762462723
10698 7.726030852642903
10729 1.0196238773494795
10748 3.5327737394508745
10868 -0.37072214562370276
10906 6.106995035972082
10936 3.9074671888922854
11089 1.1549652252192415
11235 7.480826208458238
11299 -1.5635482855978138
11347 1.6746046411110493
11386 2.1157077196642304
11438 3.3349479961209547
11443 3.260840023967233
11453 1.3637200390813515
11524 3.0357414378172196
11811 4.919068100570765
11816 1.9296054400303697
11939 5.362043057428582
11992 4.695924549256556
12029 5.8998973535824915
12135 3.740413104229119
12204 4.513602992462601
12305 4.433560284789064
12383 1.2523064517104479
12553 2.1431672325603808
12598 2.5098732725184614
12790 9.057431496563488
12833 0.9630282097258448
12853 1.152070867192877
13017 6.9985096422506015
13080 0.8123010183501074
13151 4.22592092001082
13509 5.8998973535824915
13897 2.7218435232345457
14183 12.610724923381312
14202 3.666305132075397
14267 -0.3823693933135151
14308 2.0640357091199095
14321 6.9985096422506015
14381 0.2288676653980985
14390 5.389071729816501
14522 3.8630154263214513
14590 1.8337236683270872
15002 6.9985096422506015
15306 1.4399764361695133
15332 -9.313870380873722
15578 3.5890059103476117
15622 2.363780654020965
15735 2.938066631704182
15771 0.023095714794649395
