343
67 5.8998973535824915
73 5.389071729816501
237 4.359452312635343
240 5.8998973535824915
346 5.8998973535824915
401 3.1698682457615064
424 4.513602992462601
465 5.052599493195288
473 3.1273086313427103
474 4.513602992462601
476 3.8630154263214513
477 4.8012850649143815
478 4.22592092001082
485 7.726030852642903
486 2.70805020110221
491 3.1066893441399746
495 5.679253117781859
496 2.2800107709555064
498 3.3349479961209547
502 2.5676928434072877
512 2.0785287164224764
521 1.8986432144264027
551 3.9074671888922854
696 5.8998973535824915
764 3.502002080784121
769 3.9539872045271784
771 4.513602992462601
819 3.8204558119026557
822 4.05407066308416
825 4.433560284789064
848 3.7796338173824005
862 2.344549292093078
886 5.052599493195288
946 5.052599493195288
1135 5.8998973535824915
1356 2.363780654020965
1893 1.7567626271909589
1916 4.919068100570765
1924 2.288979440938267
2169 5.8998973535824915
2240 1.65617539028579
2327 3.9074671888922854
2357 1.1873686492739008
2501 5.052599493195288
2513 1.8280256472124494
2519 1.6902419448493964
2521 4.165296298194385
2536 3.567147769283231
2593 4.433560284789064
2597 2.1157077196642304
2645 2.591790394986348
2701 2.7218435232345457
2820 2.4446327506500602
2823 5.206750173022546
2829 2.8088549002241754
2862 1.4690805547391779
2935 1.8961175835574902
3064 4.695924549256556
3076 5.8998973535824915
3215 1.179961702382206
3249 8.250043200603727
3311 5.8998973535824915
3354 3.2373095265570386
3375 4.22592092001082
3404 2.465910149097345
3448 3.1273086313427103
3473 5.206750173022546
3598 3.4998814949012527
3637 6.521680047934466
3645 5.612215281130711
3647 2.1081605140288473
3696 4.695924549256556
3700 1.2947271675944
3840 7.788396413159489
3893 5.206750173022546
3901 2.363780654020965
3964 7.065547478901749
3977 13.078356937906028
3982 1.0769312226067855
3995 3.50297114018023
4010 3.1918471524802814
4053 -0.4485604512546557
4123 4.919068100570765
4222 2.3256808077886952
4225 4.600614369452231
4237 6.383694304960563
4238 6.305362461690656
4241 2.4033897921160112
4261 2.262311193856106
4277 7.405345552492545
4307 2.824122372354964
4314 2.764403137653342
4341 2.6547042203969173
4366 1.9878743481543455
4374 4.8012850649143815
4375 14.258089751061819
4396 4.695924549256556
4416 1.3637200390813515
4425 6.24558328171174
4507 2.298029276458185
4520 3.1273086313427103
4531 2.681021528714291
4537 1.0196238773494795
4594 5.612215281130711
4616 1.8925641683500207
4685 5.8998973535824915
4750 0.33155284982139466
4838 1.4730567031188173
4840 2.938066631704182
4846 4.043551799660054
4852 1.258716730071367
4871 2.4876501357337513
4878 1.3672978604292356
4912 1.9296054400303697
4914 1.4339892349279078
4964 0.563963123463148
4989 1.3355491621146554
5054 4.600614369452231
5063 14.258089751061819
5156 2.211017899468555
5184 5.612215281130711
5272 3.597312260588446
5273 3.21432000833234
5282 4.919068100570765
5436 2.8876357780772897
5443 2.9041650800285006
5484 3.7856818933047376
5517 1.6232312345664361
5731 2.8876357780772897
5834 1.65617539028579
5880 13.801843108356692
5883 4.290459441148391
5921 5.8998973535824915
5993 0.8521803845817039
6015 3.1918471524802814
6083 3.3349479961209547
6088 1.2146844599208637
6140 2.211017899468555
6151 1.4075226617397445
6221 2.8553749158590684
6252 4.433560284789064
6300 7.405345552492545
6335 2.476721065201561
6433 0.5154022907934025
6476 4.600614369452231
6506 5.052599493195288
6530 3.3609234825242154
6616 9.602570129828763
6754 1.2024518914852294
6808 6.305362461690656
6818 4.433560284789064
6898 2.162227735299123
6908 0.6707538925195963
6938 8.45184184002164
7044 1.880515829833846
7065 15.624362925468974
7104 -2.6539516666051686
7258 14.403855194743144
7306 2.4876501357337513
7315 8.718904625270685
7341 5.206750173022546
7342 5.612215281130711
7344 1.6325336272287498
7363 3.2849375755462935
7424 3.3609234825242154
7497 1.4028006446333317
7578 1.0430745587218369
7633 1.8745456628473423
7713 6.213378688279949
7745 3.9074671888922854
7759 4.359452312635343
7767 3.414990703794491
7811 5.052599493195288
7898 6.305362461690656
7937 4.433560284789064
7991 1.3149298749119196
7993 4.00277736869661
8032 0.5108256237659907
8096 1.4533321977710387
8256 1.6803896484063847
8262 2.0712559570933964
8294 3.666305132075397
8301 2.413542163580029
8315 2.764403137653342
8430 5.206750173022546
8432 3.3875917296063767
8439 0.4690908039883759
8615 2.6944445490464313
8648 2.434161450782765
8695 1.9550845253313545
8710 1.102407559418776
8723 1.5262389685791264
8736 2.3867493466682252
8795 3.502002080784121
8799 3.502002080784121
8841 4.433560284789064
8845 5.206750173022546
8869 2.1782280766455644
8895 3.9539872045271784
8898 3.3875917296063767
8906 3.047265923669174
9044 3.8630154263214513
9056 17.43780925054137
9106 1.0850066366123312
9201 3.5645224377654547
9204 2.5098732725184614
9225 4.8012850649143815
9285 3.047265923669174
9310 3.4431615807611875
9327 6.886323161522375
9355 2.1782280766455644
9383 5.612215281130711
9384 1.3355491621146554
9448 4.290459441148391
9554 2.543323789326808
9621 4.513602992462601
9654 5.206750173022546
9679 4.433560284789064
9685 5.389071729816501
9711 1.8686109273275278
9733 2.1700132732246624
9817 1.3183370332335338
9970 1.4513908541342142
9985 5.052599493195288
10058 2.6040604875781623
10076 2.750014400201242
10294 2.70805020110221
10325 1.8925641683500207
10326 0.5230769255465112
10327 5.052599493195288
10400 5.8998973535824915
10411 4.05407066308416
10473 3.5563076343445528
10633 4.433560284789064
10658 2.9041650800285006
10729 1.0196238773494795
10732 6.305362461690656
10753 5.558003874148989
10793 4.919068100570765
10818 4.359452312635343
10867 1.4533321977710387
10868 -0.18536107281185138
10893 9.83813620114153
10906 2.035665011990694
10930 3.502002080784121
11051 14.604860991724408
11102 0.6652300141109108
11105 4.22592092001082
11106 2.021775899830027
11167 4.108137884354437
11299 -1.5635482855978138
11323 3.597312260588446
11343 4.290459441148391
11347 6.698418564444197
11376 5.052599493195288
11377 3.414990703794491
11386 2.1157077196642304
11415 3.7796338173824005
11426 3.8630154263214513
11444 2.434161450782765
11453 2.727440078162703
11634 6.6192603762733295
11644 7.065547478901749
11816 1.9296054400303697
11900 6.149249255617299
11905 3.2849375755462935
11945 1.9550845253313545
11969 0.7582337970798316
11984 2.4237986637472186
11994 5.389071729816501
12060 1.5220460903190904
12093 1.6803896484063847
12157 14.403855194743144
12173 1.981229805435677
12210 6.339736491523013
12250 4.997399943840672
12263 2.579669034454003
12271 5.052599493195288
12283 2.6040604875781623
12292 5.042345655544789
12322 10.082770447572646
12366 4.695924549256556
12383 1.2523064517104479
12503 2.2278250177849364
12553 1.0715836162801904
12707 2.2278250177849364
12708 1.5958322603783217
12773 0.8826175167675673
12790 12.076575328751318
12823 7.244512090425085
12826 1.2619373447714093
12833 0.9630282097258448
12846 5.8998973535824915
12860 4.600614369452231
12861 4.00277736869661
12942 3.9539872045271784
13071 3.086486636822455
13079 5.8998973535824915
13080 0.8123010183501074
13088 2.7790019370744945
13134 4.359452312635343
13377 5.8998973535824915
13412 2.5098732725184614
13487 5.8998973535824915
13553 -0.7409215198883841
13680 2.2449194511442365
13836 4.919068100570765
13838 2.3163784151263815
13891 1.2131850577159984
13926 6.521680047934466
13976 4.108137884354437
13979 3.666305132075397
13992 5.612215281130711
14093 2.973157951515452
14123 4.22592092001082
14136 1.4810567457858934
14174 5.383508865521417
14187 5.206750173022546
14200 6.94429823526888
14208 1.1873686492739008
14237 -0.6972483483041599
14247 5.8998973535824915
14381 0.6866029961942954
14516 2.1782280766455644
14518 4.513602992462601
14590 3.6674473366541744
14593 3.8630154263214513
14723 5.052599493195288
14812 5.612215281130711
14909 5.8998973535824915
14938 5.612215281130711
14962 5.612215281130711
15332 -27.941611142621163
15413 1.2781978656431896
15453 2.236335707452845
15553 3.3096301881366648
15587 2.5894543351888
15600 3.009525595686327
15677 1.5779746429783155
15704 3.7026727762462723
15734 4.919068100570765
15771 0.13857428876789638
15805 4.01615411094373
