390
237 4.359452312635343
348 4.433560284789064
401 3.1698682457615064
424 4.513602992462601
461 12.16221198925248
466 3.8204558119026557
473 3.1273086313427103
474 4.513602992462601
476 3.8630154263214513
478 4.22592092001082
485 7.726030852642903
491 3.1066893441399746
495 2.8396265588909295
496 4.560021541911013
498 3.3349479961209547
502 2.5676928434072877
646 2.219386149139072
695 2.9911764570181303
702 3.7796338173824005
730 2.298029276458185
825 4.433560284789064
848 3.7796338173824005
946 5.052599493195288
1060 0.1865007192496546
1072 11.799794707164983
1079 6.9985096422506015
1086 5.8998973535824915
1333 5.8998973535824915
1379 1.0740829317937672
1404 1.3708885285599641
1690 2.455214859980597
1750 1.1068654304248302
1859 6.9985096422506015
1922 1.6952047341915255
1924 2.288979440938267
1925 4.00277736869661
1964 3.260840023967233
2038 1.880515829833846
2049 2.37353682896633
2064 1.5647876386963615
2066 5.389071729816501
2150 10.413500346045092
2217 4.9753002714675025
2233 3.260840023967233
2269 1.8686109273275278
2271 0.6835662361444191
2302 3.009525595686327
2328 5.982352914036261
2334 0.7939518796819108
2351 1.5647876386963615
2358 3.1273086313427103
2402 4.513602992462601
2424 2.219386149139072
2450 -0.6108568957036107
2484 1.3149298749119196
2501 5.052599493195288
2502 5.052599493195288
2506 3.1483620405405426
2519 1.6902419448493964
2521 4.165296298194385
2598 5.8998973535824915
2674 1.0272478024601386
2820 7.333898251950181
2919 2.1944885975173447
2920 1.3590830570083334
2935 2.5281567780766534
3057 2.236335707452845
3131 4.695924549256556
3157 4.919068100570765
3215 0.589980851191103
3375 4.22592092001082
3404 4.93182029819469
3448 3.1273086313427103
3473 5.206750173022546
3516 6.235586149267429
3545 3.009525595686327
3598 2.3332543299341686
3637 3.260840023967233
3647 2.1081605140288473
3658 2.938066631704182
3696 4.695924549256556
3700 2.5894543351888
3804 2.750014400201242
3818 12.16221198925248
3840 5.192264275439659
3893 5.206750173022546
3896 2.807596525297524
3977 8.718904625270685
3990 2.6290617897835795
4010 3.1918471524802814
4021 1.5054481989100525
4029 2.9041650800285006
4053 -1.0466410529275298
4070 1.1068654304248302
4082 3.9074671888922854
4123 4.919068100570765
4132 4.695924549256556
4225 4.600614369452231
4230 2.0149030205422647
4237 9.575541457440844
4277 3.7026727762462723
4286 2.130975191795019
4314 2.764403137653342
4341 5.309408440793835
4374 4.8012850649143815
4375 3.5645224377654547
4396 4.695924549256556
4417 3.1918471524802814
4425 9.992933250738783
4437 2.4033897921160112
4507 2.298029276458185
4520 3.1273086313427103
4537 1.0196238773494795
4616 3.7851283367000415
4668 3.3609234825242154
4711 1.9296054400303697
4750 0.6631056996427893
4815 2.7218435232345457
4838 1.4730567031188173
4846 10.108879499150135
4852 1.258716730071367
4860 5.612215281130711
4876 2.2449194511442365
4878 1.3672978604292356
4912 1.9296054400303697
4917 5.389071729816501
4989 1.3355491621146554
5063 10.693567313296365
5156 2.211017899468555
5208 2.5676928434072877
5272 3.597312260588446
5339 1.1784267118982394
5443 5.808330160057001
5484 0.9464204733261844
5587 2.5326015235960173
5590 1.4533321977710387
5737 3.740413104229119
5766 6.305362461690656
5773 2.735829765209286
5775 5.389071729816501
5813 4.600614369452231
5834 1.65617539028579
5880 4.600614369452231
5883 4.290459441148391
5891 3.1273086313427103
5915 6.305362461690656
5916 6.9985096422506015
5917 5.612215281130711
5955 4.86832290156553
6015 3.1918471524802814
6043 1.5913378707904824
6064 2.138697237888929
6083 3.3349479961209547
6087 5.052599493195288
6136 2.91449219418435
6151 5.630090646958978
6168 4.290459441148391
6209 6.305362461690656
6219 4.59605855291637
6228 2.5894543351888
6234 5.258123579567159
6252 4.433560284789064
6335 2.476721065201561
6390 3.047265923669174
6476 4.600614369452231
6530 3.3609234825242154
6539 9.73664580313106
6555 2.9911764570181303
6583 0.8629447511688624
6618 2.0568672196412967
6729 2.1944885975173447
6819 1.7153059135126125
6898 2.162227735299123
6908 0.33537694625979814
6919 1.422560539104285
6922 4.22592092001082
6941 2.1782280766455644
6959 4.165296298194385
6960 5.8998973535824915
6990 6.305362461690656
7044 1.880515829833846
7065 5.208120975156325
7104 -1.9904637499538764
7210 1.8568460857479414
7245 6.305362461690656
7295 3.7026727762462723
7315 8.718904625270685
7341 10.413500346045092
7363 3.2849375755462935
7431 2.6040604875781623
7458 3.502002080784121
7482 1.8055527913603908
7486 4.695924549256556
7497 0.7014003223166658
7569 3.0512862929883617
7578 0.5215372793609184
7591 2.0426825846493406
7602 4.695924549256556
7622 2.764403137653342
7624 4.433560284789064
7650 2.1081605140288473
7701 3.6312138122641273
7713 3.1066893441399746
7775 4.22592092001082
7813 1.0145733615634107
7814 6.9985096422506015
7815 6.9985096422506015
7842 2.37353682896633
7846 5.443687046469091
7892 1.5517722705842913
7969 3.5327737394508745
8027 5.389071729816501
8032 2.043302495063963
8092 6.9985096422506015
8142 2.9041650800285006
8153 2.8396265588909295
8169 2.7218435232345457
8256 1.6803896484063847
8268 4.433560284789064
8301 4.827084327160058
8331 4.00277736869661
8337 1.9550845253313545
8432 6.775183459212753
8439 0.9381816079767518
8569 3.7026727762462723
8648 2.434161450782765
8660 1.675499663112193
8683 3.3607792968127694
8710 1.102407559418776
8723 1.5262389685791264
8736 2.3867493466682252
8769 4.433560284789064
8779 5.612215281130711
8792 5.052599493195288
8795 3.502002080784121
8799 3.502002080784121
8806 3.47214911763444
8869 4.356456153291129
8898 3.3875917296063767
9056 8.718904625270685
9151 2.517433460142734
9201 3.5645224377654547
9327 20.658969484567123
9355 2.1782280766455644
9383 5.612215281130711
9454 3.1698682457615064
9537 0.6546292081242703
9548 6.9985096422506015
9621 13.540808977387801
9628 10.105198986390576
9654 5.206750173022546
9667 3.7796338173824005
9679 4.433560284789064
9717 3.3875917296063767
9733 2.1700132732246624
9876 2.6944445490464313
9899 4.8012850649143815
9970 0.9675939027561428
9978 8.10814132616832
9983 3.1066893441399746
9985 15.157798479585864
9990 0.5671785603171224
10215 4.695924549256556
10272 4.108137884354437
10326 0.5230769255465112
10329 -0.21009069570959765
10411 8.10814132616832
10422 0.7087940713416041
10473 7.1126152686891055
10628 4.165296298194385
10636 3.9539872045271784
10729 10.196238773494795
10730 6.9985096422506015
10749 1.1754637467675824
10753 2.7790019370744945
10759 9.200052028578826
10793 4.919068100570765
10818 4.359452312635343
10849 2.938066631704182
10867 1.4533321977710387
10868 -0.18536107281185138
10906 4.071330023981388
10930 3.502002080784121
11050 7.907974409054357
11051 5.8419443966897635
11105 4.22592092001082
11117 4.695924549256556
11168 1.2781978656431896
11235 3.740413104229119
11299 -3.1270965711956276
11347 12.55953480833287
11377 3.414990703794491
11379 2.0426825846493406
11444 14.604968704696589
11453 1.3637200390813515
11570 2.3867493466682252
11634 3.3096301881366648
11644 7.065547478901749
11671 2.2535775138873513
11816 1.9296054400303697
11836 4.74707365793266
11900 2.049749751872433
11952 1.5958322603783217
11969 1.5164675941596633
11994 5.389071729816501
12001 2.5676928434072877
12034 0.9324015521468534
12042 2.6418008155610093
12054 3.8204558119026557
12060 1.5220460903190904
12089 2.8088549002241754
12122 2.3927825337470767
12157 4.8012850649143815
12173 1.981229805435677
12210 6.339736491523013
12250 2.498699971920336
12263 2.579669034454003
12271 5.052599493195288
12277 3.1273086313427103
12283 5.208120975156325
12292 2.5211728277723946
12305 4.433560284789064
12321 3.4431615807611875
12322 6.721846965048431
12503 2.2278250177849364
12553 2.1431672325603808
12558 2.4446327506500602
12578 2.4237986637472186
12707 2.2278250177849364
12708 1.5958322603783217
12773 0.8826175167675673
12790 10.567003412657403
12823 1.034930298632155
12837 6.886323161522375
12853 1.152070867192877
12860 4.600614369452231
12978 2.383389125409342
12979 5.612215281130711
13045 3.773043707788116
13080 2.436903055050322
13169 3.3349479961209547
13222 6.829981407588982
13343 5.946315903030904
13379 18.054411969850403
13471 5.208120975156325
13501 2.5211728277723946
13505 3.0666840095262753
13617 4.919068100570765
13672 1.5262389685791264
13718 1.3425178314307487
13774 6.9985096422506015
13836 4.919068100570765
13926 3.260840023967233
13976 4.108137884354437
13979 3.666305132075397
13992 5.612215281130711
13994 11.799794707164983
14093 2.973157951515452
14107 2.4237986637472186
14172 4.8012850649143815
14174 3.5890059103476117
14200 6.94429823526888
14202 7.332610264150794
14208 1.1873686492739008
14237 -0.6972483483041599
14452 5.052599493195288
14463 1.67063347346102
14518 4.513602992462601
14519 3.086486636822455
14590 1.8337236683270872
14594 4.695924549256556
14723 5.052599493195288
14811 6.9985096422506015
14812 5.612215281130711
15197 3.5327737394508745
15240 3.414990703794491
15332 -27.941611142621163
15363 2.555858385760285
15373 0.814360751313118
15466 4.919068100570765
15470 5.8998973535824915
15553 23.167411316956652
15578 1.7945029551738059
15589 6.9985096422506015
15600 3.009525595686327
15613 4.108137884354437
15677 1.5779746429783155
15685 0.8716404581364162
15704 3.7026727762462723
15771 0.06928714438394819
