493
194 0.7699986386594181
209 1.7001922757025645
241 1.6902419448493964
300 6.9985096422506015
301 4.919068100570765
316 6.305362461690656
322 6.9985096422506015
348 4.433560284789064
360 5.206750173022546
396 5.612215281130711
419 6.9985096422506015
424 4.513602992462601
461 4.05407066308416
473 3.1273086313427103
491 3.1066893441399746
553 6.305362461690656
623 6.305362461690656
629 6.9985096422506015
657 2.0640357091199095
750 6.9985096422506015
759 5.052599493195288
792 4.600614369452231
800 2.434161450782765
828 6.9985096422506015
927 2.0785287164224764
1036 6.9985096422506015
1060 0.5595021577489638
1094 2.335070548138534
1153 6.305362461690656
1167 6.9985096422506015
1186 5.8998973535824915
1253 6.305362461690656
1335 5.8998973535824915
1379 1.6111243976906509
1488 5.052599493195288
1533 4.108137884354437
1549 4.8012850649143815
1585 6.305362461690656
1643 5.8998973535824915
1686 1.1549652252192415
1702 3.3609234825242154
1750 3.320596291274491
1751 6.305362461690656
1806 6.305362461690656
1850 3.0666840095262753
1852 4.433560284789064
1884 1.9486536350010641
1902 2.0149030205422647
1922 1.6952047341915255
1923 6.633053698405666
1931 4.8012850649143815
1940 2.6944445490464313
1957 1.8223599096767722
1968 4.165296298194385
1990 4.165296298194385
2038 1.880515829833846
2064 1.5647876386963615
2070 1.4730567031188173
2103 2.4446327506500602
2205 6.9985096422506015
2269 7.474443709310111
2271 1.7089155903610478
2324 4.00277736869661
2357 1.1873686492739008
2364 5.206750173022546
2412 4.108137884354437
2429 4.8012850649143815
2444 3.666305132075397
2448 6.9985096422506015
2450 -0.6108568957036107
2538 1.422560539104285
2705 1.6657908489852322
2788 6.6192603762733295
2812 3.9539872045271784
2833 7.332610264150794
2859 4.22592092001082
2862 1.4690805547391779
2893 5.019746545036923
2910 3.740413104229119
2919 2.1944885975173447
2920 0.6795415285041667
2935 2.5281567780766534
2940 1.6278716141229383
3041 10.413500346045092
3057 2.236335707452845
3094 4.00277736869661
3100 8.381451068578906
3103 6.305362461690656
3130 5.612215281130711
3140 5.389071729816501
3143 4.438772298278144
3168 2.824122372354964
3342 5.389071729816501
3392 2.20271909665386
3404 2.465910149097345
3407 2.085854756514549
3449 0.9823524825522477
3472 6.9985096422506015
3503 4.695924549256556
3506 23.796400317800025
3516 2.0785287164224764
3545 12.038102382745308
3578 1.2031599740689096
3598 1.1666271649670843
3602 6.9985096422506015
3637 6.521680047934466
3647 4.216321028057695
3690 1.4972514317058743
3695 6.9985096422506015
3774 1.7255100836868542
3803 4.05407066308416
3807 2.3256808077886952
3820 1.7890234894091803
3836 4.165296298194385
3840 1.2980660688599148
3867 3.2373095265570386
3877 6.339736491523013
3896 1.403798262648762
3961 2.6290617897835795
3964 3.5327737394508745
3985 2.5098732725184614
4053 -0.8223608273002021
4070 1.1068654304248302
4076 3.4431615807611875
4118 4.8012850649143815
4156 3.086486636822455
4163 4.919068100570765
4208 1.5220460903190904
4248 5.206750173022546
4254 3.740413104229119
4277 3.7026727762462723
4307 2.824122372354964
4319 2.049749751872433
4325 3.21432000833234
4333 2.9302403070461622
4334 3.1698682457615064
4400 2.938066631704182
4402 4.919068100570765
4421 4.919068100570765
4500 2.8396265588909295
4522 0.7810714429639324
4534 4.433560284789064
4537 2.039247754698959
4636 2.955458374416051
4646 5.605832781982583
4711 1.9296054400303697
4743 9.027205984925201
4750 0.994658549464184
4777 13.078356937906028
4809 2.8088549002241754
4878 1.3672978604292356
4882 2.130975191795019
4899 9.200052028578826
4909 2.9381611094783557
4914 4.301967704783723
4946 5.389071729816501
4964 2.255852493852592
4970 3.9492582428086496
4989 1.3355491621146554
5043 3.502002080784121
5063 3.5645224377654547
5116 1.961557039836972
5156 2.211017899468555
5249 3.3096301881366648
5283 3.2849375755462935
5284 3.5645224377654547
5340 3.3349479961209547
5414 2.8876357780772897
5419 3.8630154263214513
5443 2.9041650800285006
5484 0.9464204733261844
5555 2.4033897921160112
5563 6.213378688279949
5590 1.4533321977710387
5592 5.206750173022546
5612 5.8998973535824915
5630 0.3574615133704861
5633 6.305362461690656
5635 4.40543819330772
5735 3.502002080784121
5770 3.4431615807611875
5795 4.22592092001082
5805 5.8998973535824915
5807 4.00277736869661
5812 3.1698682457615064
5850 3.047265923669174
5859 5.052599493195288
5888 5.206750173022546
5895 2.4033897921160112
5955 4.86832290156553
5973 1.4770487243883548
5974 6.9985096422506015
6003 3.3609234825242154
6026 2.66777630196427
6043 1.5913378707904824
6088 3.644053379762591
6123 11.444897204691335
6151 1.4075226617397445
6158 2.455214859980597
6228 1.2947271675944
6238 4.513602992462601
6242 5.808330160057001
6298 6.9985096422506015
6299 5.8998973535824915
6307 3.2373095265570386
6358 4.290459441148391
6368 2.5098732725184614
6387 2.9911764570181303
6402 2.822521967700703
6433 0.5154022907934025
6468 3.1483620405405426
6488 3.0666840095262753
6512 6.305362461690656
6563 6.305362461690656
6595 2.4237986637472186
6742 4.600614369452231
6754 2.4049037829704587
6776 3.884527673804586
6819 1.7153059135126125
6836 6.305362461690656
6850 6.9985096422506015
6887 5.760354335964385
6894 6.9985096422506015
6924 5.206750173022546
6983 3.414990703794491
7004 5.206750173022546
7025 2.0190964507214755
7060 4.108137884354437
7157 3.8630154263214513
7170 9.711673732260849
7197 1.730651483187273
7215 2.344549292093078
7286 1.4112609838503516
7304 4.22592092001082
7315 8.718904625270685
7325 5.617709800448351
7344 3.2650672544574997
7431 2.6040604875781623
7452 4.513602992462601
7459 4.388977195034689
7482 3.6111055827207816
7497 1.4028006446333317
7549 5.8998973535824915
7569 1.0170954309961207
7578 3.650760955526429
7613 4.290459441148391
7687 5.8998973535824915
7797 21.33086146568422
7813 2.0291467231268214
7900 5.612215281130711
7990 5.389071729816501
8142 2.9041650800285006
8193 7.262427624528255
8198 6.305362461690656
8256 5.041168945219154
8318 3.9074671888922854
8337 7.820338101325418
8585 3.47214911763444
8587 6.305362461690656
8660 1.675499663112193
8675 10.413500346045092
8690 2.7938170228596353
8691 5.389071729816501
8708 1.4810567457858934
8710 1.102407559418776
8723 1.5262389685791264
8736 4.7734986933364505
8753 4.513602992462601
8841 13.300680854367194
8978 1.6140145794615122
8979 1.7890234894091803
8989 5.206750173022546
9030 5.8998973535824915
9122 2.7489842721265254
9229 4.786678912525019
9270 3.1066893441399746
9327 3.4431615807611875
9356 8.580918882296782
9365 1.4972514317058743
9384 2.6710983242293107
9423 2.8876357780772897
9597 3.1273086313427103
9628 5.052599493195288
9640 2.8088549002241754
9698 1.9878743481543455
9701 4.359452312635343
9765 1.7835738846416156
9800 4.433560284789064
9817 2.6366740664670676
9956 3.47214911763444
9970 3.870375611024571
10034 5.389071729816501
10069 3.4431615807611875
10114 1.3014161557451966
10161 3.6312138122641273
10221 2.434161450782765
10231 3.2373095265570386
10272 16.432551537417748
10325 1.8925641683500207
10326 2.092307702186045
10422 0.7087940713416041
10424 4.8012850649143815
10431 0.7218661529089567
10445 13.550366918425507
10446 3.1483620405405426
10464 4.695924549256556
10473 5.334461451516829
10487 1.981229805435677
10595 4.05407066308416
10656 6.305362461690656
10713 10.693567313296365
10729 2.039247754698959
10739 2.37353682896633
10749 1.1754637467675824
10759 3.0666840095262753
10793 4.919068100570765
10802 5.206750173022546
10805 3.666305132075397
10998 4.8012850649143815
11023 1.2880826248757316
11027 1.2781978656431896
11057 5.11171677152057
11058 6.305362461690656
11089 2.309930450438483
11102 1.3304600282218215
11110 0.8102455191680114
11123 6.9985096422506015
11125 11.224430562261421
11140 2.15432255579201
11176 5.8998973535824915
11217 4.513602992462601
11258 4.00277736869661
11299 -5.211827618659379
11304 1.2054960338664575
11330 4.359452312635343
11385 3.8630154263214513
11415 3.7796338173824005
11416 10.891140383227821
11450 4.524622387712212
11453 4.091160117244055
11524 1.5178707189086098
11570 1.1933746733341126
11580 2.5441623459970937
11584 4.433560284789064
11588 5.8998973535824915
11665 7.1290448755309095
11677 3.4510201673737084
11696 3.2373095265570386
11743 5.8998973535824915
11769 1.6466515087745348
11784 3.47214911763444
11816 1.9296054400303697
11821 6.9985096422506015
11831 3.597312260588446
11840 1.6902419448493964
11850 2.455214859980597
11889 2.7790019370744945
11925 5.8998973535824915
11977 3.7026727762462723
12001 2.5676928434072877
12034 3.7296062085874135
12035 6.9985096422506015
12078 1.3637200390813515
12081 2.363780654020965
12130 4.695924549256556
12151 3.1698682457615064
12175 2.955458374416051
12187 6.9985096422506015
12210 3.1698682457615064
12216 2.87137525720551
12228 3.047265923669174
12277 3.1273086313427103
12283 2.6040604875781623
12293 3.7026727762462723
12341 2.8088549002241754
12377 2.6920409239639014
12382 5.052599493195288
12383 1.2523064517104479
12455 -0.2152586658680402
12487 9.602570129828763
12553 1.0715836162801904
12583 5.389071729816501
12610 2.4237986637472186
12707 4.455650035569873
12708 6.383329041513287
12717 1.7997441231461808
12772 1.886521853894058
12773 4.413087583837837
12783 1.8986432144264027
12820 3.3349479961209547
12826 1.2619373447714093
12833 0.9630282097258448
12896 3.2373095265570386
12903 4.359452312635343
12908 5.052599493195288
12972 2.8553749158590684
13042 5.8998973535824915
13045 1.886521853894058
13058 4.00277736869661
13080 1.6246020367002147
13088 5.558003874148989
13220 9.85481272663888
13239 9.201228738904462
13271 3.3875917296063767
13291 5.612215281130711
13319 3.6111055827207816
13390 2.236335707452845
13392 2.764403137653342
13396 9.602570129828763
13410 5.206750173022546
13412 2.5098732725184614
13423 3.9539872045271784
13432 3.7796338173824005
13438 2.555858385760285
13451 3.4431615807611875
13491 2.288979440938267
13501 2.5211728277723946
13530 3.9539872045271784
13547 1.6003469407328483
13548 6.305362461690656
13553 -0.7409215198883841
13613 1.8111238364098463
13654 6.9985096422506015
13670 2.6164830075767194
13672 1.5262389685791264
13723 3.597312260588446
13745 5.206750173022546
13801 3.6312138122641273
13823 4.433560284789064
13891 1.2131850577159984
13897 5.443687046469091
13926 3.260840023967233
13953 4.919068100570765
13969 4.695924549256556
13985 5.8998973535824915
13986 10.416447352903319
14008 2.001297368486486
14078 2.5098732725184614
14093 2.973157951515452
14104 1.710242611556066
14107 4.847597327494437
14151 4.359452312635343
14209 6.9985096422506015
14267 -0.7647387866270302
14343 3.7796338173824005
14366 5.206750173022546
14381 0.2288676653980985
14422 4.246624638098899
14431 1.034930298632155
14484 4.290459441148391
14512 4.165296298194385
14519 3.086486636822455
14553 4.359452312635343
14570 6.305362461690656
14618 4.22592092001082
14675 5.612215281130711
14698 5.206750173022546
14751 6.305362461690656
14901 2.5326015235960173
14907 3.5645224377654547
14998 3.5645224377654547
15103 6.305362461690656
15181 3.50297114018023
15192 1.489121305622624
15306 3.5999410904237834
15313 1.917105277266138
15332 -15.523117301456201
15358 2.579669034454003
15360 4.00277736869661
15413 2.556395731286379
15415 2.824122372354964
15418 10.616561595247248
15456 3.1273086313427103
15471 0.6940608398286201
15484 2.9911764570181303
15517 1.886521853894058
15551 5.789339924386015
15553 3.3096301881366648
15570 2.7218435232345457
15578 7.1780118206952235
15587 2.5894543351888
15597 3.5327737394508745
15600 3.009525595686327
15604 2.1233123190494494
15612 4.165296298194385
15621 6.9985096422506015
15622 2.363780654020965
15650 2.130975191795019
15651 2.2754468375694707
15672 4.365127262353811
15700 4.22592092001082
15771 0.09238285917859758
15805 4.01615411094373
