453
152 6.9985096422506015
160 4.919068100570765
332 4.433560284789064
443 10.105198986390576
459 4.8012850649143815
480 4.359452312635343
482 4.695924549256556
485 7.726030852642903
486 2.70805020110221
488 3.6312138122641273
986 3.9539872045271784
1024 5.8998973535824915
1060 0.6838359705820669
1094 2.335070548138534
1195 5.8998973535824915
1237 6.9985096422506015
1238 6.9985096422506015
1390 3.260840023967233
1498 3.7796338173824005
1511 6.9985096422506015
1686 4.619860900876966
1922 3.390409468383051
1940 2.6944445490464313
1979 3.9539872045271784
2042 3.7796338173824005
2162 3.1698682457615064
2194 5.8998973535824915
2235 3.2849375755462935
2240 1.65617539028579
2247 6.6581584474172155
2302 3.009525595686327
2334 1.5879037593638217
2416 6.9985096422506015
2424 2.219386149139072
2450 -1.832570687110832
2492 3.047265923669174
2519 8.451209724246983
2578 6.9985096422506015
2626 4.290459441148391
2638 2.130975191795019
2652 4.108137884354437
2674 1.0272478024601386
2675 7.262427624528255
2787 3.1918471524802814
2862 1.4690805547391779
2873 4.22592092001082
2881 5.206750173022546
2908 4.290459441148391
2919 4.388977195034689
2920 0.6795415285041667
2935 1.8961175835574902
2940 1.6278716141229383
2959 2.3747372985478017
2964 0.900435360084361
2998 9.602570129828763
3100 2.7938170228596353
3108 4.108137884354437
3157 4.919068100570765
3159 6.305362461690656
3215 0.589980851191103
3240 3.5645224377654547
3249 2.750014400201242
3286 4.600614369452231
3329 3.962459610871354
3380 4.708237486218457
3382 13.300680854367194
3387 6.305362461690656
3400 6.9985096422506015
3419 8.45184184002164
3449 2.9470574476567433
3566 4.695924549256556
3646 2.5676928434072877
3720 6.9985096422506015
3752 6.9985096422506015
3780 4.93182029819469
3782 3.7026727762462723
3788 2.750014400201242
3815 5.389071729816501
3837 5.052599493195288
3840 1.2980660688599148
3896 1.403798262648762
3902 9.602570129828763
3906 2.973157951515452
3908 8.867120569578129
4021 6.02179279564021
4026 2.8876357780772897
4098 6.9985096422506015
4108 3.1066893441399746
4111 6.9985096422506015
4199 7.726030852642903
4208 1.5220460903190904
4222 2.3256808077886952
4230 2.0149030205422647
4232 2.3256808077886952
4250 4.695924549256556
4321 2.8553749158590684
4325 6.42864001666468
4359 4.8012850649143815
4381 2.0149030205422647
4405 1.3460204619819507
4416 2.727440078162703
4522 0.2603571476546441
4536 5.41610040220442
4537 1.0196238773494795
4549 2.6418008155610093
4563 4.695924549256556
4613 4.42203579893711
4619 3.2849375755462935
4625 3.6904360955056443
4717 5.8998973535824915
4750 0.994658549464184
4878 1.3672978604292356
4923 5.206750173022546
4944 5.052599493195288
4947 3.414990703794491
4956 2.413542163580029
4963 2.3933394562625097
4964 0.563963123463148
5033 2.1233123190494494
5045 11.224430562261421
5067 2.2278250177849364
5103 3.414990703794491
5105 9.201228738904462
5127 4.8012850649143815
5154 2.4446327506500602
5203 5.052599493195288
5246 4.513602992462601
5339 1.1784267118982394
5484 0.9464204733261844
5492 12.610724923381312
5517 1.6232312345664361
5555 2.4033897921160112
5587 5.065203047192035
5630 0.23830767558032406
5643 3.9074671888922854
5645 5.206750173022546
5731 5.775271556154579
5773 2.735829765209286
5828 2.5676928434072877
5839 5.159338068908006
5848 4.108137884354437
5859 5.052599493195288
5872 7.632487037991281
5889 2.4033897921160112
5955 4.86832290156553
5963 6.305362461690656
5965 7.480826208458238
5981 2.8553749158590684
5991 5.052599493195288
6028 6.9985096422506015
6043 1.5913378707904824
6049 2.035665011990694
6055 3.7796338173824005
6064 6.416091713666788
6078 15.335150314561709
6122 3.502002080784121
6141 6.9985096422506015
6151 5.630090646958978
6165 3.3096301881366648
6174 6.9985096422506015
6228 2.5894543351888
6250 10.636577811224399
6307 3.2373095265570386
6309 5.612215281130711
6433 2.5770114539670126
6435 6.9985096422506015
6455 4.8012850649143815
6487 5.389071729816501
6583 0.8629447511688624
6657 2.138697237888929
6660 2.7938170228596353
6690 4.600614369452231
6754 1.2024518914852294
6784 5.389071729816501
6786 3.7026727762462723
6787 2.288979440938267
6834 3.4431615807611875
6839 6.305362461690656
6856 3.2849375755462935
6908 0.33537694625979814
6950 4.433560284789064
7104 -4.644415416559045
7118 6.254617262685421
7170 1.6186122887101415
7215 2.344549292093078
7384 9.83813620114153
7444 5.206750173022546
7459 2.1944885975173447
7482 3.6111055827207816
7497 0.7014003223166658
7622 5.528806275306684
7685 5.389071729816501
7688 3.086486636822455
7722 14.131094957803498
7724 3.597312260588446
7812 5.612215281130711
7813 1.0145733615634107
7818 6.305362461690656
7827 10.244972111383474
7838 2.1081605140288473
7845 2.4237986637472186
7846 2.7218435232345457
7865 5.389071729816501
7866 6.305362461690656
7889 4.919068100570765
7902 6.9985096422506015
7905 4.919068100570765
7945 6.305362461690656
7954 4.22592092001082
7991 2.629859749823839
8067 6.305362461690656
8086 3.3096301881366648
8129 3.9539872045271784
8262 2.0712559570933964
8268 4.433560284789064
8421 6.9985096422506015
8444 1.7890234894091803
8496 3.502002080784121
8514 6.0242311664155945
8523 2.9025305428177344
8660 1.675499663112193
8683 1.6803896484063847
8695 1.9550845253313545
8710 0.551203779709388
8723 1.5262389685791264
8731 6.086089028023802
8823 3.1066893441399746
8840 3.1698682457615064
8880 1.67063347346102
8928 2.6710983242293107
8946 2.7218435232345457
8978 3.2280291589230243
9084 6.305362461690656
9151 1.258716730071367
9164 3.597312260588446
9170 1.2232606457759125
9175 3.597312260588446
9208 3.8204558119026557
9211 3.502002080784121
9235 4.359452312635343
9257 2.8396265588909295
9276 2.6944445490464313
9304 6.305362461690656
9353 2.476721065201561
9393 1.060973437168175
9408 4.165296298194385
9423 2.8876357780772897
9438 4.290459441148391
9559 -1.1647852139696349
9589 1.3115342859107813
9603 5.612215281130711
9651 3.3875917296063767
9681 3.8204558119026557
9698 1.9878743481543455
9728 3.21432000833234
9779 3.6674473366541744
9818 9.64296002499702
9840 5.8998973535824915
9970 0.4837969513780714
9974 3.8630154263214513
9979 2.3933394562625097
10012 4.290459441148391
10016 4.695924549256556
10106 4.695924549256556
10161 3.6312138122641273
10189 17.734241139156257
10256 4.8012850649143815
10302 2.6290617897835795
10325 1.8925641683500207
10393 3.9492582428086496
10431 0.7218661529089567
10447 1.2198964734099427
10473 3.5563076343445528
10546 4.8012850649143815
10629 3.7026727762462723
10714 6.9985096422506015
10742 7.156093957636721
10752 4.513602992462601
10775 6.305362461690656
10801 8.867120569578129
10814 4.359452312635343
10825 2.0149030205422647
10868 -0.7414442912474055
10882 4.359452312635343
10886 2.87137525720551
10905 4.695924549256556
10912 6.9985096422506015
10958 11.224430562261421
10968 7.480826208458238
11003 6.9985096422506015
11011 4.22592092001082
11018 5.206750173022546
11023 1.2880826248757316
11027 2.556395731286379
11037 4.05407066308416
11055 6.305362461690656
11070 5.8998973535824915
11089 1.1549652252192415
11102 3.326150070554554
11110 2.430736557504034
11140 2.15432255579201
11171 6.9985096422506015
11172 6.9985096422506015
11218 1.7160635543787315
11222 6.9985096422506015
11228 3.3096301881366648
11234 6.9985096422506015
11266 2.9041650800285006
11302 3.47214911763444
11304 1.2054960338664575
11306 6.9985096422506015
11308 2.5098732725184614
11334 1.994563336305142
11407 3.1483620405405426
11422 5.052599493195288
11426 3.8630154263214513
11453 9.54604027356946
11459 9.141797771007521
11463 3.47214911763444
11522 2.555858385760285
11528 5.052599493195288
11563 6.9985096422506015
11570 4.7734986933364505
11591 2.7218435232345457
11778 2.8553749158590684
11907 9.73664580313106
11928 12.610724923381312
11939 2.681021528714291
11969 0.7582337970798316
11984 2.4237986637472186
12029 5.8998973535824915
12030 4.600614369452231
12033 2.5211728277723946
12062 10.416447352903319
12091 5.8998973535824915
12143 8.33059259638877
12144 6.9985096422506015
12145 12.767388609921126
12146 6.9985096422506015
12148 4.513602992462601
12216 5.74275051441102
12228 3.047265923669174
12298 5.206750173022546
12299 5.8998973535824915
12345 4.600614369452231
12375 3.260840023967233
12377 2.6920409239639014
12378 3.3349479961209547
12455 -0.4305173317360804
12456 6.9985096422506015
12571 4.00277736869661
12593 4.359452312635343
12614 5.206750173022546
12664 4.22592092001082
12707 4.455650035569873
12785 2.8088549002241754
12801 5.732739921054652
12803 12.273480351732164
12805 11.141076514487649
12833 0.9630282097258448
12990 6.305362461690656
13005 3.8630154263214513
13139 6.305362461690656
13189 1.8745456628473423
13199 6.9985096422506015
13227 3.666305132075397
13279 8.718904625270685
13289 1.7410142702228197
13298 6.305362461690656
13338 2.5211728277723946
13365 10.004843988362865
13380 4.05407066308416
13411 2.8088549002241754
13417 5.612215281130711
13460 2.955458374416051
13479 3.7796338173824005
13494 3.21432000833234
13533 4.919068100570765
13553 -1.111382279832576
13572 1.8745456628473423
13658 5.612215281130711
13670 2.6164830075767194
13683 9.200052028578826
13699 5.389071729816501
13708 3.9539872045271784
13710 3.6312138122641273
13734 1.942263836902293
13738 4.22592092001082
13743 3.8204558119026557
13751 4.108137884354437
13755 4.919068100570765
13767 10.61881688158767
13781 7.640911623805311
13825 2.7218435232345457
13891 0.6065925288579992
13896 8.718904625270685
13916 3.1066893441399746
14008 2.001297368486486
14064 3.7026727762462723
14107 2.4237986637472186
14115 2.973157951515452
14136 1.4810567457858934
14166 4.108137884354437
14181 6.9985096422506015
14237 -0.6972483483041599
14248 6.9985096422506015
14267 -2.6765857531946056
14338 5.206750173022546
14359 6.9985096422506015
14364 4.433560284789064
14381 0.6866029961942954
14416 1.5479024259504828
14453 3.414990703794491
14470 3.7796338173824005
14487 6.9985096422506015
14489 6.9985096422506015
14523 2.8553749158590684
14586 4.05407066308416
14597 6.569875151092587
14647 3.8630154263214513
14744 6.886323161522375
14789 3.7026727762462723
14830 2.7790019370744945
14832 4.600614369452231
14901 2.5326015235960173
15003 4.695924549256556
15014 5.389071729816501
15037 2.3163784151263815
15155 1.380822401482141
15188 6.9985096422506015
15192 1.489121305622624
15241 1.7462362142039713
15242 6.829981407588982
15252 6.9985096422506015
15292 2.211017899468555
15306 0.7199882180847567
15332 -26.389299412475545
15341 1.5919482501253577
15363 5.11171677152057
15368 6.305362461690656
15373 4.886164507878708
15468 1.1549652252192415
15471 2.08218251948586
15537 5.8998973535824915
15578 3.5890059103476117
15606 6.9985096422506015
15677 1.5779746429783155
15692 3.8204558119026557
15771 0.04619142958929879
15796 3.666305132075397
15827 3.8218266140364343
15828 1.0931477941960308
15847 6.9985096422506015
