218
3 3.0666840095262753
57 3.7796338173824005
194 1.5399972773188362
254 2.498699971920336
327 2.20271909665386
348 4.433560284789064
361 6.9985096422506015
401 6.339736491523013
480 4.359452312635343
493 3.1698682457615064
495 5.679253117781859
496 6.840032312866519
551 3.9074671888922854
1146 6.305362461690656
1379 2.1481658635875345
1381 2.6547042203969173
1404 1.3708885285599641
1690 2.455214859980597
1692 2.1944885975173447
1864 3.047265923669174
1922 1.6952047341915255
1990 4.165296298194385
2038 1.880515829833846
2328 2.9911764570181303
2334 0.7939518796819108
2337 4.600614369452231
2351 1.5647876386963615
2358 3.1273086313427103
2424 2.219386149139072
2436 11.799794707164983
2450 -1.2217137914072214
2504 6.9985096422506015
2506 6.296724081081085
2538 1.422560539104285
2591 3.8630154263214513
2820 2.4446327506500602
2824 5.206750173022546
2920 1.3590830570083334
2935 0.6320391945191633
3057 2.236335707452845
3481 5.052599493195288
3516 6.235586149267429
3690 2.9945028634117485
3700 1.2947271675944
3840 1.2980660688599148
3942 3.3875917296063767
4029 2.9041650800285006
4053 -0.6728406768819836
4214 2.465910149097345
4230 4.029806041084529
4241 2.4033897921160112
4302 1.8000126109847754
4366 1.9878743481543455
4375 7.1290448755309095
4396 4.695924549256556
4405 1.3460204619819507
4425 9.992933250738783
4500 8.518879676672789
4504 3.6312138122641273
4507 4.59605855291637
4616 1.8925641683500207
4668 3.3609234825242154
4846 4.043551799660054
4857 2.0712559570933964
4871 2.4876501357337513
4964 0.563963123463148
4989 1.3355491621146554
5051 8.867120569578129
5083 1.5735596247691985
5339 1.1784267118982394
5484 0.9464204733261844
5851 4.00277736869661
6043 1.5913378707904824
6064 2.138697237888929
6083 6.669895992241909
6151 1.4075226617397445
6167 4.8012850649143815
6168 8.580918882296782
6221 2.8553749158590684
6228 1.2947271675944
6236 5.8419443966897635
6262 6.886323161522375
6539 9.73664580313106
6586 2.288979440938267
6633 2.8088549002241754
6898 2.162227735299123
6910 6.9985096422506015
6953 2.681021528714291
6959 4.165296298194385
6970 2.1863252868781835
7043 11.799794707164983
7057 3.2849375755462935
7065 13.020302437890813
7104 -0.6634879166512921
7306 2.4876501357337513
7431 5.208120975156325
7482 1.8055527913603908
7497 1.4028006446333317
7543 4.919068100570765
7569 1.0170954309961207
7578 0.5215372793609184
7602 9.391849098513111
7622 2.764403137653342
7638 3.7026727762462723
7650 4.216321028057695
7781 2.6040604875781623
7813 1.0145733615634107
7838 2.1081605140288473
7917 6.829981407588982
8007 1.904759441443839
8032 2.043302495063963
8043 1.730651483187273
8153 2.8396265588909295
8230 2.37353682896633
8242 2.035665011990694
8301 2.413542163580029
8323 3.1698682457615064
8331 4.00277736869661
8337 1.9550845253313545
8396 5.052599493195288
8444 1.7890234894091803
8615 2.6944445490464313
8683 5.041168945219154
8758 4.433560284789064
8816 1.7255100836868542
8822 4.560021541911013
8856 2.3163784151263815
8869 2.1782280766455644
8880 1.67063347346102
8886 1.3081501879265407
8890 2.2800107709555064
8898 6.775183459212753
8928 1.3355491621146554
9072 11.224430562261421
9170 0.6116303228879563
9204 2.5098732725184614
9327 34.43161580761188
9615 6.305362461690656
9621 4.513602992462601
9733 5.425033183061656
9983 3.1066893441399746
10221 2.434161450782765
10326 0.5230769255465112
10329 -0.21009069570959765
10422 1.4175881426832082
10685 13.078356937906028
10729 7.137367141446356
10759 9.200052028578826
10856 4.433560284789064
10868 -0.37072214562370276
11051 11.683888793379527
11110 0.8102455191680114
11228 3.3096301881366648
11299 -1.5635482855978138
11347 3.3492092822220987
11376 10.105198986390576
11379 2.0426825846493406
11398 6.019051191372654
11481 1.6186122887101415
11522 2.555858385760285
11570 1.1933746733341126
11769 3.2933030175490696
11781 2.591790394986348
11900 2.049749751872433
11934 4.05407066308416
11952 1.5958322603783217
12254 2.335070548138534
12263 2.579669034454003
12277 6.254617262685421
12321 3.4431615807611875
12383 2.5046129034208957
12403 6.9985096422506015
12479 5.8998973535824915
12553 3.214750848840571
12558 2.4446327506500602
12723 2.288979440938267
12790 7.547859580469574
12791 6.9985096422506015
12823 6.20958179179293
12826 1.2619373447714093
13080 1.6246020367002147
13222 10.244972111383474
13312 2.955458374416051
13343 2.973157951515452
13485 6.305362461690656
13545 12.610724923381312
13565 1.9878743481543455
13609 4.22592092001082
13617 4.919068100570765
13667 3.9539872045271784
13672 1.5262389685791264
13926 6.521680047934466
14107 2.4237986637472186
14110 6.9985096422506015
14135 2.3541187431092285
14174 1.7945029551738059
14237 -0.6972483483041599
14267 -0.3823693933135151
14381 0.6866029961942954
14501 2.1863252868781835
14590 3.6674473366541744
14653 12.610724923381312
14723 5.052599493195288
14779 4.290459441148391
14908 7.430163195604683
14945 5.389071729816501
15306 0.7199882180847567
15332 -15.523117301456201
15335 10.413500346045092
15415 2.824122372354964
15466 4.919068100570765
15529 5.8998973535824915
15553 13.238520752546659
15554 6.9985096422506015
15650 2.130975191795019
15669 4.324455470598246
15672 0.7275212103923018
15771 0.06928714438394819
