70
327 2.20271909665386
512 2.0785287164224764
646 4.438772298278144
2033 1.6853036632088139
2271 0.34178311807220957
2320 2.973157951515452
2324 4.00277736869661
2668 3.502002080784121
2669 1.8223599096767722
2913 1.720394983020084
2935 0.6320391945191633
3345 5.206750173022546
4097 2.955458374416051
4222 2.3256808077886952
4593 3.9074671888922854
5110 1.8452180477528222
5238 3.6312138122641273
5333 4.22592092001082
5339 1.1784267118982394
5517 1.6232312345664361
5606 4.22592092001082
5889 2.4033897921160112
6156 3.6000252219695508
6236 2.9209721983448818
6819 1.7153059135126125
6941 2.1782280766455644
6970 2.1863252868781835
7295 3.7026727762462723
7362 4.108137884354437
7497 0.7014003223166658
7593 3.9539872045271784
7614 2.5676928434072877
7705 5.206750173022546
8341 5.052599493195288
8478 3.502002080784121
9195 3.7026727762462723
9257 2.8396265588909295
9282 1.4533321977710387
9365 1.4972514317058743
10431 1.4437323058179135
10443 2.4876501357337513
10522 2.9911764570181303
10794 2.938066631704182
10929 6.213378688279949
11027 3.834593596929569
11135 5.206750173022546
11560 3.502002080784121
11655 2.66777630196427
11785 1.9680717208581657
12451 2.6290617897835795
12499 2.2711218235382606
12721 11.071308286516933
12823 1.034930298632155
12833 2.8890846291775345
13125 3.3096301881366648
13153 2.2278250177849364
13449 2.6418008155610093
14308 2.0640357091199095
14362 4.290459441148391
14380 4.22592092001082
14381 0.2288676653980985
14416 0.7739512129752414
14419 3.597312260588446
15155 0.6904112007410705
15332 -4.656935190436861
15341 1.5919482501253577
15365 5.8998973535824915
15604 2.1233123190494494
15651 1.1377234187847354
15685 0.8716404581364162
