36
174 1.6232312345664361
648 6.305362461690656
863 3.4431615807611875
868 2.0286963426746007
2345 3.9539872045271784
2833 3.666305132075397
3640 2.0149030205422647
4042 4.290459441148391
4813 2.236335707452845
5316 2.236335707452845
5436 2.8876357780772897
5608 5.052599493195288
6043 1.5913378707904824
6507 2.6290617897835795
8199 3.009525595686327
8442 3.8630154263214513
8527 3.3609234825242154
8848 3.0666840095262753
8890 2.2800107709555064
9717 3.3875917296063767
11555 3.5327737394508745
11560 3.502002080784121
12122 1.1963912668735384
12225 5.052599493195288
12407 0.83519483821596
12588 4.05407066308416
12701 5.206750173022546
12721 3.6904360955056443
12740 2.5326015235960173
12978 2.383389125409342
13029 1.6609715625492831
13921 2.1782280766455644
14325 4.919068100570765
14612 2.1863252868781835
15650 2.130975191795019
15672 0.7275212103923018
