147
21 4.695924549256556
63 6.305362461690656
194 0.7699986386594181
348 8.867120569578129
389 3.2838467351571774
476 3.8630154263214513
899 4.22592092001082
1822 4.766778250818684
1902 2.0149030205422647
2086 4.8012850649143815
2240 1.65617539028579
2334 0.7939518796819108
2450 -1.2217137914072214
2645 2.591790394986348
2862 1.4690805547391779
2935 0.6320391945191633
3057 2.236335707452845
3064 9.391849098513111
3270 4.695924549256556
3448 3.1273086313427103
3646 2.5676928434072877
3657 2.6164830075767194
3700 3.8841815027832003
3737 1.8055527913603908
3820 1.7890234894091803
3833 4.600614369452231
3840 3.8941982065797447
3850 3.9074671888922854
3985 2.5098732725184614
4053 -0.3738003760455464
4070 1.1068654304248302
4222 2.3256808077886952
4241 2.4033897921160112
4412 3.086486636822455
4500 2.8396265588909295
4504 3.6312138122641273
4507 2.298029276458185
4621 2.7218435232345457
4750 0.33155284982139466
4863 4.05407066308416
4964 0.563963123463148
4979 3.9074671888922854
5073 4.290459441148391
5110 1.8452180477528222
5372 4.600614369452231
5484 0.9464204733261844
5590 1.4533321977710387
5687 2.0785287164224764
5736 2.8088549002241754
5872 2.5441623459970937
5883 4.290459441148391
5926 4.695924549256556
5986 3.3609234825242154
6068 3.1273086313427103
6236 2.9209721983448818
6335 2.476721065201561
6618 2.0568672196412967
6622 5.159338068908006
6634 3.9539872045271784
6729 2.1944885975173447
6792 12.610724923381312
6818 4.433560284789064
6872 1.3047775034479017
6953 5.362043057428582
7104 -1.3269758333025843
7315 4.359452312635343
7477 5.612215281130711
7557 3.3349479961209547
7569 1.0170954309961207
7813 1.0145733615634107
7846 2.7218435232345457
7887 2.973157951515452
8050 4.165296298194385
8085 4.108137884354437
8129 7.907974409054357
8277 12.610724923381312
8658 4.695924549256556
8683 3.3607792968127694
8723 1.5262389685791264
8869 2.1782280766455644
8979 1.7890234894091803
9122 1.3744921360632627
9151 1.258716730071367
9154 2.465910149097345
9170 0.6116303228879563
9201 7.1290448755309095
9250 4.22592092001082
9310 3.4431615807611875
9554 1.271661894663404
9711 1.8686109273275278
10324 4.00277736869661
10326 0.5230769255465112
10329 -0.21009069570959765
10341 3.1698682457615064
10393 1.9746291214043248
10626 6.305362461690656
10659 13.77264632304475
10729 5.098119386747397
10802 5.206750173022546
10868 -0.37072214562370276
10911 3.6312138122641273
11299 -2.0847310474637517
11327 3.5645224377654547
11353 2.8088549002241754
11444 2.434161450782765
11481 1.6186122887101415
11570 1.1933746733341126
11589 7.559267634764801
11634 3.3096301881366648
11790 2.2449194511442365
11836 2.37353682896633
11870 3.5645224377654547
11969 0.7582337970798316
12173 17.831068248921092
12337 4.22592092001082
12422 6.9985096422506015
12455 -0.6457759976041206
12960 3.1918471524802814
13080 0.8123010183501074
13273 3.3096301881366648
13411 2.8088549002241754
13412 7.529619817555384
13553 -0.37046075994419203
13926 3.260840023967233
13979 7.332610264150794
14093 2.973157951515452
14237 -1.3944966966083199
14254 6.9985096422506015
14381 0.2288676653980985
14455 1.637217476541176
14493 3.3096301881366648
14507 1.8510151654371483
14516 2.1782280766455644
14518 4.513602992462601
14590 1.8337236683270872
14814 4.8012850649143815
14906 0.4013639403639497
14992 6.305362461690656
15116 3.8630154263214513
15121 1.5868635903955612
15155 1.380822401482141
15332 -6.209246920582481
15501 4.513602992462601
15551 1.1578679848772029
15771 0.09238285917859758
15794 2.5676928434072877
15805 6.0242311664155945
