167
111 6.9985096422506015
123 6.9985096422506015
139 6.9985096422506015
235 6.9985096422506015
237 4.359452312635343
241 1.6902419448493964
363 6.305362461690656
373 2.750014400201242
378 4.8012850649143815
463 4.919068100570765
496 4.560021541911013
498 3.3349479961209547
500 2.1701959049483
512 2.0785287164224764
646 2.219386149139072
648 6.305362461690656
650 6.9985096422506015
787 2.035665011990694
791 4.433560284789064
863 3.4431615807611875
865 2.5211728277723946
866 4.40543819330772
867 2.413542163580029
868 2.0286963426746007
1060 0.12433381283310307
1281 4.695924549256556
1299 6.305362461690656
1328 5.389071729816501
1379 1.6111243976906509
1463 6.9985096422506015
1700 6.305362461690656
1977 2.6040604875781623
2247 4.438772298278144
2341 6.305362461690656
2345 3.9539872045271784
2394 4.05407066308416
2450 -0.6108568957036107
2669 7.289439638707089
2833 3.666305132075397
2913 1.720394983020084
2914 3.4431615807611875
2919 2.1944885975173447
2935 0.6320391945191633
3048 2.5098732725184614
3329 1.981229805435677
3392 2.20271909665386
3503 4.695924549256556
3586 3.2849375755462935
3942 3.3875917296063767
4006 2.6547042203969173
4042 4.290459441148391
4537 1.0196238773494795
4650 4.695924549256556
4813 6.7090071223585355
4864 6.9985096422506015
4899 3.0666840095262753
4912 1.9296054400303697
4924 3.2849375755462935
5062 4.513602992462601
5119 2.3933394562625097
5331 3.2373095265570386
5363 6.133368019052551
5414 2.8876357780772897
5670 4.513602992462601
5812 3.1698682457615064
5897 3.6312138122641273
5946 4.433560284789064
6043 1.5913378707904824
6156 1.8000126109847754
6216 2.3933394562625097
6228 1.2947271675944
6242 2.9041650800285006
6349 6.305362461690656
6402 2.822521967700703
6445 3.666305132075397
6507 10.516247159134318
6688 3.7851283367000415
6696 4.513602992462601
6863 4.22592092001082
6872 1.3047775034479017
6941 8.712912306582258
6970 2.1863252868781835
7104 -1.3269758333025843
7149 6.9985096422506015
7197 1.730651483187273
7203 3.1066893441399746
7287 6.305362461690656
7344 1.6325336272287498
7420 6.9985096422506015
7445 1.8686109273275278
7604 5.8998973535824915
7617 6.9985096422506015
7813 1.0145733615634107
8114 5.206750173022546
8442 3.8630154263214513
8527 36.97015830776637
8708 2.962113491571787
8788 2.146479378330984
8822 2.2800107709555064
8848 9.200052028578826
8850 1.7153059135126125
8890 2.2800107709555064
8975 2.3933394562625097
8978 3.2280291589230243
8993 2.973157951515452
9016 5.612215281130711
9121 5.052599493195288
9122 1.3744921360632627
9213 3.7026727762462723
9258 6.521680047934466
9282 5.813328791084155
9351 4.695924549256556
9376 3.5645224377654547
10298 4.05407066308416
10375 3.9539872045271784
10422 0.7087940713416041
10431 4.33119691745374
10739 2.37353682896633
10973 2.7938170228596353
11027 5.112791462572758
11046 9.573357825050039
11089 1.1549652252192415
11359 5.206750173022546
11393 3.2849375755462935
11555 7.065547478901749
11560 7.004004161568242
11677 1.7255100836868542
11769 3.2933030175490696
11785 3.9361434417163315
11836 2.37353682896633
11970 5.206750173022546
12093 1.6803896484063847
12131 4.433560284789064
12225 20.210397972781152
12383 1.2523064517104479
12455 -0.2152586658680402
12721 7.380872191011289
12761 4.513602992462601
12768 4.290459441148391
12823 1.034930298632155
13088 2.7790019370744945
13125 3.3096301881366648
13153 8.911300071139745
13547 1.6003469407328483
13857 3.9074671888922854
13867 2.175425996420148
13961 4.00277736869661
14267 -0.3823693933135151
14381 1.1443383269904925
14403 4.8892655013001205
14405 6.305362461690656
14493 6.6192603762733295
14498 3.0282177286984795
14963 4.359452312635343
15024 3.2373095265570386
15121 4.760590771186684
15332 -7.761558650728101
15415 2.824122372354964
15471 0.6940608398286201
15593 7.194624521176892
15594 6.305362461690656
15595 1.3320829541381691
15604 6.369936957148348
15648 2.5676928434072877
15685 0.8716404581364162
15771 0.09238285917859758
15794 2.5676928434072877
