241
87 5.052599493195288
100 6.305362461690656
209 1.7001922757025645
302 3.430611827025225
327 4.40543819330772
344 2.7790019370744945
389 1.6419233675785887
495 2.8396265588909295
498 3.3349479961209547
512 4.157057432844953
638 3.502002080784121
717 2.8396265588909295
790 5.389071729816501
791 4.433560284789064
866 4.40543819330772
867 7.2406264907400875
868 6.086089028023802
870 4.433560284789064
932 2.87137525720551
978 4.59605855291637
1060 0.12433381283310307
1094 2.335070548138534
1171 2.9209721983448818
1379 3.7592902612781853
1553 6.9985096422506015
1703 4.00277736869661
1876 3.502002080784121
1933 4.05407066308416
1956 4.695924549256556
2033 5.055910989626442
2271 0.34178311807220957
2320 5.946315903030904
2345 3.9539872045271784
2351 1.5647876386963615
2357 2.3747372985478017
2601 3.1066893441399746
2669 5.467079729030317
2693 5.052599493195288
2705 1.6657908489852322
2867 4.00277736869661
2914 3.4431615807611875
2935 1.2640783890383267
2970 4.919068100570765
3002 6.305362461690656
3052 3.2373095265570386
3090 3.047265923669174
3132 3.2373095265570386
3137 6.305362461690656
3165 3.7796338173824005
3329 1.981229805435677
3362 3.8204558119026557
3392 2.20271909665386
3394 3.047265923669174
3586 3.2849375755462935
3640 2.0149030205422647
3687 5.8998973535824915
3812 4.507155027774703
3814 2.236335707452845
3993 5.389071729816501
4015 6.9985096422506015
4222 2.3256808077886952
4226 3.3609234825242154
4261 2.262311193856106
4424 5.389071729816501
4500 2.8396265588909295
4522 0.2603571476546441
4533 6.17297327364491
4562 6.6192603762733295
4593 3.9074671888922854
4642 4.00277736869661
4750 0.6631056996427893
4798 6.9985096422506015
4806 3.6312138122641273
4813 2.236335707452845
4886 3.009525595686327
4909 4.407241664217533
4912 3.8592108800607394
5029 3.2373095265570386
5055 2.2278250177849364
5110 1.8452180477528222
5119 2.3933394562625097
5174 3.740413104229119
5243 3.6312138122641273
5331 3.2373095265570386
5333 4.22592092001082
5339 3.5352801356947183
5436 2.8876357780772897
5441 6.9985096422506015
5652 3.3096301881366648
5670 4.513602992462601
5889 2.4033897921160112
6055 7.559267634764801
6064 2.138697237888929
6156 1.8000126109847754
6165 3.3096301881366648
6213 6.9985096422506015
6228 2.5894543351888
6236 2.9209721983448818
6414 3.1483620405405426
6445 3.666305132075397
6567 2.579669034454003
6586 4.577958881876534
6622 2.579669034454003
6688 1.8925641683500207
6819 1.7153059135126125
6872 1.3047775034479017
6941 2.1782280766455644
7057 3.2849375755462935
7092 4.165296298194385
7104 -1.3269758333025843
7181 3.260840023967233
7198 6.9985096422506015
7220 5.8998973535824915
7362 4.108137884354437
7593 7.907974409054357
7637 4.600614369452231
7859 5.206750173022546
8199 3.009525595686327
8299 4.433560284789064
8527 3.3609234825242154
8546 3.7026727762462723
8643 2.001297368486486
8664 2.7938170228596353
8708 5.924226983143574
8736 1.1933746733341126
8848 3.0666840095262753
8880 1.67063347346102
8975 9.573357825050039
8977 5.258123579567159
8978 4.842043738384536
9106 1.0850066366123312
9122 4.123476408189788
9170 1.8348909686638688
9195 3.7026727762462723
9257 34.075518706691156
9282 7.266660988855193
9283 5.206750173022546
9376 3.5645224377654547
9393 1.060973437168175
9428 2.498699971920336
9528 5.052599493195288
9573 3.3096301881366648
9717 3.3875917296063767
10054 6.056435457396959
10422 1.4175881426832082
10431 3.609330764544784
10443 2.4876501357337513
10522 2.9911764570181303
10526 6.9985096422506015
10535 5.389071729816501
10661 3.3349479961209547
10754 3.1698682457615064
10782 4.433560284789064
10794 2.938066631704182
10929 6.213378688279949
11027 5.112791462572758
11046 7.180018368787529
11052 3.740413104229119
11089 3.4648956756577247
11135 5.206750173022546
11202 2.9209721983448818
11287 2.0286963426746007
11317 3.0666840095262753
11379 2.0426825846493406
11459 3.047265923669174
11524 1.5178707189086098
11560 10.506006242352363
11655 5.33555260392854
11696 3.2373095265570386
11769 1.6466515087745348
11800 5.052599493195288
11816 1.9296054400303697
11836 2.37353682896633
11848 6.305362461690656
11856 6.9985096422506015
11900 2.049749751872433
11969 1.5164675941596633
12111 1.994563336305142
12122 2.3927825337470767
12345 4.600614369452231
12400 2.9209721983448818
12451 5.258123579567159
12499 31.79570552953565
12628 6.9985096422506015
12677 3.9539872045271784
12721 1.8452180477528222
12740 2.5326015235960173
12797 2.7218435232345457
12823 6.20958179179293
12826 1.2619373447714093
12833 2.8890846291775345
12880 6.305362461690656
13003 4.433560284789064
13045 3.773043707788116
13077 3.047265923669174
13080 0.8123010183501074
13153 4.455650035569873
13207 5.389071729816501
13208 1.3115342859107813
13239 4.600614369452231
13434 4.513602992462601
13513 3.7026727762462723
13714 8.33059259638877
13761 2.6040604875781623
13867 2.175425996420148
13868 6.9985096422506015
13904 3.5327737394508745
13997 4.919068100570765
14044 1.4611753752320646
14267 -0.3823693933135151
14287 4.8012850649143815
14320 5.612215281130711
14352 0.9464204733261844
14380 4.22592092001082
14381 0.915470661592394
14403 2.4446327506500602
14416 0.7739512129752414
14419 3.597312260588446
14463 1.67063347346102
14501 8.745301147512734
14611 6.9985096422506015
14656 1.1405764877671418
14754 3.8204558119026557
15024 6.474619053114077
15063 3.2373095265570386
15121 1.5868635903955612
15173 3.009525595686327
15192 5.956485222490496
15299 3.8204558119026557
15332 -9.313870380873722
15351 3.5645224377654547
15415 2.824122372354964
15436 6.305362461690656
15458 2.8088549002241754
15515 3.666305132075397
15593 7.194624521176892
15595 3.9962488624145074
15604 4.246624638098899
15650 2.130975191795019
15685 1.7432809162728324
15771 0.09238285917859758
