284
52 5.8998973535824915
58 4.433560284789064
68 6.305362461690656
252 4.513602992462601
475 5.612215281130711
486 5.41610040220442
492 3.3609234825242154
495 2.8396265588909295
500 2.1701959049483
569 3.0282177286984795
657 2.0640357091199095
829 3.5645224377654547
1140 4.165296298194385
1205 6.9985096422506015
1300 6.305362461690656
1356 4.72756130804193
1379 1.0740829317937672
1381 2.6547042203969173
1469 6.9985096422506015
1472 5.8998973535824915
1554 6.9985096422506015
1588 6.9985096422506015
1839 2.093234863812172
1881 5.612215281130711
1893 1.7567626271909589
1906 3.597312260588446
1909 2.8876357780772897
1924 11.444897204691335
1957 1.8223599096767722
1964 3.260840023967233
2042 3.7796338173824005
2049 4.74707365793266
2154 5.052599493195288
2217 2.4876501357337513
2328 2.9911764570181303
2334 0.7939518796819108
2406 5.8419443966897635
2450 -0.6108568957036107
2484 1.3149298749119196
2492 6.094531847338348
2597 4.231415439328461
2638 2.130975191795019
2674 2.054495604920277
2705 1.6657908489852322
2820 4.8892655013001205
2822 4.695924549256556
2829 2.8088549002241754
2919 2.1944885975173447
2940 1.6278716141229383
2944 4.8012850649143815
2964 0.900435360084361
3228 3.9074671888922854
3374 1.9680717208581657
3386 2.6290617897835795
3390 12.610724923381312
3395 4.695924549256556
3396 6.9985096422506015
3454 3.47214911763444
3516 10.392643582112381
3575 3.260840023967233
3613 19.987624411013478
3631 4.05407066308416
3658 2.938066631704182
3700 2.5894543351888
3737 1.8055527913603908
3761 6.9985096422506015
3804 2.750014400201242
3820 3.5780469788183606
3824 4.00277736869661
3842 10.105198986390576
3990 2.6290617897835795
3995 1.751485570090115
4053 -0.14952015041821856
4170 4.22592092001082
4219 1.7567626271909589
4241 7.210169376348034
4261 2.262311193856106
4314 2.764403137653342
4366 1.9878743481543455
4396 4.695924549256556
4405 1.3460204619819507
4412 3.086486636822455
4462 6.9985096422506015
4467 4.22592092001082
4507 4.59605855291637
4522 0.2603571476546441
4616 1.8925641683500207
4632 5.206750173022546
4690 6.9985096422506015
4750 0.33155284982139466
4792 6.9985096422506015
4840 2.938066631704182
4976 4.577958881876534
5064 6.9985096422506015
5085 5.389071729816501
5116 1.961557039836972
5156 2.211017899468555
5203 5.052599493195288
5210 9.391849098513111
5339 1.1784267118982394
5422 6.9985096422506015
5484 0.9464204733261844
5513 6.9985096422506015
5581 6.133368019052551
5590 1.4533321977710387
5666 3.47214911763444
5736 2.8088549002241754
5839 2.579669034454003
5934 2.8876357780772897
5944 3.8204558119026557
6042 5.612215281130711
6049 2.035665011990694
6060 3.7796338173824005
6088 3.644053379762591
6149 5.8998973535824915
6151 7.037613308698722
6154 9.83813620114153
6156 1.8000126109847754
6168 4.290459441148391
6233 6.383694304960563
6234 7.887185369350739
6425 6.9985096422506015
6487 5.389071729816501
6490 3.9539872045271784
6539 4.86832290156553
6586 4.577958881876534
6633 5.617709800448351
6742 4.600614369452231
6754 1.2024518914852294
6761 6.9985096422506015
6771 5.8998973535824915
6930 5.206750173022546
7065 5.208120975156325
7104 -3.980927499907753
7170 1.6186122887101415
7238 4.695924549256556
7255 3.9074671888922854
7286 1.4112609838503516
7333 4.8012850649143815
7401 3.773043707788116
7578 0.5215372793609184
7713 3.1066893441399746
7722 3.5327737394508745
7740 3.5327737394508745
7767 3.414990703794491
7813 1.0145733615634107
7904 2.211017899468555
7949 5.088324691994187
8030 6.383694304960563
8032 0.5108256237659907
8326 4.695924549256556
8483 8.33059259638877
8672 2.8876357780772897
8683 3.3607792968127694
8710 0.551203779709388
8718 2.824122372354964
8745 2.5441623459970937
8806 3.47214911763444
8816 1.7255100836868542
8821 5.612215281130711
8886 1.3081501879265407
8979 1.7890234894091803
9106 4.340026546449325
9151 1.258716730071367
9170 2.446521291551825
9229 2.3933394562625097
9230 16.548150940683325
9250 4.22592092001082
9355 4.356456153291129
9384 1.3355491621146554
9413 4.433560284789064
9428 2.498699971920336
9454 3.1698682457615064
9547 76.61222365126928
9554 3.814985683990212
9573 3.3096301881366648
9617 6.9985096422506015
9651 3.3875917296063767
9733 1.0850066366123312
9748 5.309408440793835
9817 1.3183370332335338
9970 0.4837969513780714
10184 5.8998973535824915
10226 5.612215281130711
10287 3.009525595686327
10324 4.00277736869661
10326 0.5230769255465112
10329 -0.21009069570959765
10422 0.7087940713416041
10446 3.1483620405405426
10514 7.726030852642903
10611 4.433560284789064
10729 8.156991018795836
10774 4.513602992462601
10854 3.6312138122641273
10868 -0.37072214562370276
10952 5.8998973535824915
10953 10.413500346045092
11023 1.2880826248757316
11032 1.087712998210074
11050 3.9539872045271784
11051 5.8419443966897635
11057 2.555858385760285
11287 2.0286963426746007
11299 -2.6059138093296896
11304 2.410992067732915
11347 1.6746046411110493
11398 6.019051191372654
11419 3.1273086313427103
11443 3.260840023967233
11444 2.434161450782765
11448 11.799794707164983
11461 2.146479378330984
11481 4.855836866130424
11506 3.8630154263214513
11576 3.3096301881366648
11759 5.612215281130711
11816 1.9296054400303697
11917 4.433560284789064
11922 5.206750173022546
11939 2.681021528714291
11952 3.1916645207566434
11979 4.433560284789064
12003 5.612215281130711
12042 2.6418008155610093
12051 21.38713462659273
12075 2.938066631704182
12089 2.8088549002241754
12095 3.502002080784121
12122 1.1963912668735384
12175 2.955458374416051
12455 -0.4305173317360804
12501 4.919068100570765
12610 4.847597327494437
12623 4.290459441148391
12629 3.3096301881366648
12690 5.389071729816501
12717 4.199402954007755
12783 1.8986432144264027
12790 1.5095719160939147
12823 1.034930298632155
12853 1.152070867192877
12894 12.610724923381312
12941 4.919068100570765
13001 1.4730567031188173
13346 2.9041650800285006
13359 2.6290617897835795
13411 2.8088549002241754
13440 2.9540974487767095
13576 3.9074671888922854
13718 2.6850356628614973
13783 5.612215281130711
13838 2.3163784151263815
13843 2.1782280766455644
14021 4.108137884354437
14064 3.7026727762462723
14119 5.612215281130711
14237 -2.09174504491248
14381 0.2288676653980985
14640 4.290459441148391
14685 6.9985096422506015
14822 4.290459441148391
14908 9.906884260806244
14918 7.065547478901749
15112 4.8012850649143815
15121 1.5868635903955612
15181 3.50297114018023
15240 6.829981407588982
15247 2.498699971920336
15249 5.8998973535824915
15332 -7.761558650728101
15360 12.008332106089831
15363 5.11171677152057
15398 4.919068100570765
15449 4.8012850649143815
15551 1.1578679848772029
15595 1.3320829541381691
15672 0.7275212103923018
15685 0.8716404581364162
15704 3.7026727762462723
15708 2.9911764570181303
15735 5.876133263408364
15771 0.023095714794649395
15814 2.262311193856106
