292
87 5.052599493195288
100 6.305362461690656
302 1.7153059135126125
327 2.20271909665386
355 6.9985096422506015
373 2.750014400201242
390 6.9985096422506015
495 2.8396265588909295
496 2.2800107709555064
665 4.600614369452231
771 4.513602992462601
789 6.305362461690656
790 5.389071729816501
866 4.40543819330772
867 7.2406264907400875
868 6.086089028023802
870 4.433560284789064
932 2.87137525720551
1110 6.9985096422506015
1281 4.695924549256556
1379 4.296331727175069
1381 2.6547042203969173
1404 1.3708885285599641
1685 6.474619053114077
1686 1.1549652252192415
1782 2.7218435232345457
1797 5.8998973535824915
1952 5.206750173022546
1977 5.208120975156325
2017 6.775183459212753
2033 3.3706073264176277
2247 4.438772298278144
2320 5.946315903030904
2357 1.1873686492739008
2407 4.47267141490569
2432 4.108137884354437
2442 2.7938170228596353
2488 3.7796338173824005
2665 4.695924549256556
2668 3.502002080784121
2669 1.8223599096767722
2748 4.00277736869661
2788 3.3096301881366648
2859 4.22592092001082
2867 8.00555473739322
2914 3.4431615807611875
2920 0.6795415285041667
2935 4.424274361634144
2936 6.9985096422506015
2964 0.900435360084361
2977 3.47214911763444
3048 5.019746545036923
3057 2.236335707452845
3137 6.305362461690656
3192 2.0190964507214755
3314 5.206750173022546
3489 1.942263836902293
3503 4.695924549256556
3523 4.8012850649143815
3658 5.876133263408364
3759 2.4033897921160112
3774 1.7255100836868542
3814 4.47267141490569
3894 6.305362461690656
4106 4.165296298194385
4202 4.05407066308416
4205 3.666305132075397
4222 4.6513616155773905
4241 2.4033897921160112
4258 3.3096301881366648
4269 5.206750173022546
4314 5.528806275306684
4416 1.3637200390813515
4500 2.8396265588909295
4533 3.086486636822455
4537 3.0588716320484384
4586 3.009525595686327
4622 5.8998973535824915
4646 1.8686109273275278
4783 2.1782280766455644
4909 2.9381611094783557
4922 4.359452312635343
4947 3.414990703794491
4969 5.612215281130711
4989 1.3355491621146554
5103 3.414990703794491
5110 9.226090238764112
5333 4.22592092001082
5339 2.356853423796479
5414 2.8876357780772897
5488 4.05407066308416
5533 3.7026727762462723
5563 3.1066893441399746
5608 5.052599493195288
5735 3.502002080784121
5779 3.21432000833234
5804 6.9985096422506015
5828 7.7030785302218625
5834 1.65617539028579
5946 4.433560284789064
5955 2.434161450782765
5966 3.4431615807611875
5981 2.8553749158590684
5990 2.938066631704182
6003 3.3609234825242154
6043 1.5913378707904824
6064 2.138697237888929
6156 7.2000504439391015
6158 2.455214859980597
6169 9.613559168464045
6223 2.8088549002241754
6228 3.8841815027832003
6235 1.2270685191205855
6236 8.762916595034646
6332 6.305362461690656
6384 6.305362461690656
6400 4.919068100570765
6433 0.5154022907934025
6482 4.22592092001082
6586 2.288979440938267
6688 9.462820841750103
6721 2.383389125409342
6724 6.9985096422506015
6860 6.9985096422506015
6872 2.6095550068958033
6970 2.1863252868781835
6972 3.9539872045271784
7057 3.2849375755462935
7076 4.86832290156553
7104 -4.644415416559045
7170 1.6186122887101415
7189 3.8630154263214513
7197 3.461302966374546
7228 4.359452312635343
7344 3.2650672544574997
7353 5.612215281130711
7362 12.32441365306331
7379 4.22592092001082
7380 5.052599493195288
7462 1.942263836902293
7498 6.305362461690656
7593 3.9539872045271784
7614 2.5676928434072877
7813 2.0291467231268214
7932 1.8745456628473423
8150 4.433560284789064
8471 2.7938170228596353
8680 4.00277736869661
8708 1.4810567457858934
8746 5.389071729816501
8822 2.2800107709555064
8873 5.052599493195288
8880 1.67063347346102
8928 2.6710983242293107
8975 2.3933394562625097
8977 2.6290617897835795
8978 3.2280291589230243
9122 2.7489842721265254
9141 6.9985096422506015
9195 3.7026727762462723
9257 39.75477182447301
9282 14.533321977710386
9376 3.5645224377654547
9389 5.612215281130711
9391 2.735829765209286
9392 6.9985096422506015
9604 4.513602992462601
9628 5.052599493195288
9675 4.108137884354437
9698 3.975748696308691
9817 1.3183370332335338
10009 5.612215281130711
10037 5.612215281130711
10048 5.389071729816501
10054 3.0282177286984795
10221 4.86832290156553
10298 4.05407066308416
10422 1.4175881426832082
10431 0.7218661529089567
10445 3.3875917296063767
10647 3.5327737394508745
10770 2.4876501357337513
10794 2.938066631704182
10825 2.0149030205422647
10877 6.9985096422506015
10882 4.359452312635343
10929 6.213378688279949
10971 3.502002080784121
11027 7.669187193859138
11032 1.087712998210074
11046 2.3933394562625097
11089 2.309930450438483
11135 5.206750173022546
11168 1.2781978656431896
11287 2.0286963426746007
11296 2.764403137653342
11308 2.5098732725184614
11317 3.0666840095262753
11459 3.047265923669174
11560 7.004004161568242
11584 4.433560284789064
11591 2.7218435232345457
11634 3.3096301881366648
11655 8.00332890589281
11677 1.7255100836868542
11784 3.47214911763444
11836 2.37353682896633
11959 2.2449194511442365
11973 5.206750173022546
12010 3.6312138122641273
12054 3.8204558119026557
12057 2.10066984229969
12092 4.108137884354437
12273 3.7026727762462723
12341 2.8088549002241754
12451 10.516247159134318
12454 6.9985096422506015
12499 29.524583705997387
12550 4.290459441148391
12595 2.344549292093078
12677 3.9539872045271784
12701 5.206750173022546
12702 6.305362461690656
12823 6.20958179179293
12826 2.5238746895428186
12833 0.9630282097258448
12970 6.9985096422506015
12995 4.165296298194385
13080 0.8123010183501074
13153 2.2278250177849364
13198 6.9985096422506015
13205 5.206750173022546
13288 4.05407066308416
13314 4.0573926853492015
13426 6.9985096422506015
13452 4.359452312635343
13542 5.052599493195288
13637 4.108137884354437
13670 2.6164830075767194
13672 1.5262389685791264
13693 3.666305132075397
13714 4.165296298194385
13761 2.6040604875781623
13764 6.9985096422506015
13766 4.8012850649143815
13789 5.052599493195288
13867 2.175425996420148
13915 5.612215281130711
13955 5.612215281130711
13974 6.9985096422506015
14078 2.5098732725184614
14147 6.9985096422506015
14163 4.359452312635343
14267 -0.7647387866270302
14287 4.8012850649143815
14313 1.6466515087745348
14365 3.8630154263214513
14380 4.22592092001082
14381 1.1443383269904925
14386 6.305362461690656
14416 4.6437072778514485
14419 3.597312260588446
14422 2.1233123190494494
14431 1.034930298632155
14452 5.052599493195288
14493 3.3096301881366648
14498 3.0282177286984795
14507 1.8510151654371483
14682 1.5431885268928998
14794 6.9985096422506015
14879 11.861961613581535
14941 4.919068100570765
14975 6.9985096422506015
14998 3.5645224377654547
15063 6.474619053114077
15121 3.1737271807911225
15155 2.761644802964282
15192 2.978242611245248
15256 3.3349479961209547
15299 3.8204558119026557
15332 -35.70316979334926
15341 3.979870625313394
15413 1.2781978656431896
15415 2.824122372354964
15471 1.3881216796572402
15569 6.9985096422506015
15593 7.194624521176892
15595 1.3320829541381691
15651 1.1377234187847354
15672 0.7275212103923018
15708 2.9911764570181303
15771 0.04619142958929879
