643
3 6.133368019052551
4 4.8012850649143815
34 4.513602992462601
64 5.612215281130711
66 5.052599493195288
67 5.8998973535824915
73 5.389071729816501
194 3.0799945546376724
237 4.359452312635343
240 5.8998973535824915
279 2.6418008155610093
327 2.20271909665386
344 2.7790019370744945
346 5.8998973535824915
401 3.1698682457615064
418 6.9985096422506015
424 4.513602992462601
454 6.305362461690656
463 4.919068100570765
465 10.105198986390576
473 3.1273086313427103
474 4.513602992462601
476 3.8630154263214513
477 19.205140259657526
482 4.695924549256556
484 4.513602992462601
485 7.726030852642903
486 2.70805020110221
488 10.893641436792382
492 3.3609234825242154
493 3.1698682457615064
495 14.198132794454647
496 2.2800107709555064
498 6.669895992241909
500 2.1701959049483
502 10.27077137362915
512 2.0785287164224764
521 1.8986432144264027
551 3.9074671888922854
607 2.5211728277723946
657 10.320178545599548
671 4.00277736869661
696 5.8998973535824915
730 2.298029276458185
751 4.22592092001082
764 3.502002080784121
769 7.907974409054357
771 4.513602992462601
819 3.8204558119026557
822 8.10814132616832
825 4.433560284789064
829 3.5645224377654547
848 7.559267634764801
862 2.344549292093078
874 3.2849375755462935
880 6.9985096422506015
886 5.052599493195288
888 4.05407066308416
935 3.740413104229119
946 5.052599493195288
1135 5.8998973535824915
1147 5.052599493195288
1499 6.9985096422506015
1575 6.9985096422506015
1686 1.1549652252192415
1884 1.9486536350010641
1893 1.7567626271909589
1896 1.7835738846416156
1916 9.83813620114153
1924 4.577958881876534
1964 3.260840023967233
2038 1.880515829833846
2150 5.206750173022546
2169 5.8998973535824915
2240 1.65617539028579
2267 6.305362461690656
2316 13.801843108356692
2327 3.9074671888922854
2357 1.1873686492739008
2424 4.438772298278144
2433 3.3875917296063767
2436 5.8998973535824915
2492 3.047265923669174
2501 10.105198986390576
2502 5.052599493195288
2506 6.296724081081085
2513 1.8280256472124494
2519 1.6902419448493964
2521 4.165296298194385
2527 5.8998973535824915
2536 5.350721653924847
2559 6.9985096422506015
2593 8.867120569578129
2597 4.231415439328461
2598 5.8998973535824915
2638 2.130975191795019
2639 2.6040604875781623
2645 2.591790394986348
2701 2.7218435232345457
2820 12.2231637532503
2823 5.206750173022546
2824 15.620250519067639
2829 2.8088549002241754
2919 2.1944885975173447
2935 2.5281567780766534
2964 0.900435360084361
3052 3.2373095265570386
3057 6.7090071223585355
3061 5.052599493195288
3064 4.695924549256556
3076 5.8998973535824915
3100 2.7938170228596353
3143 2.219386149139072
3215 1.7699425535733089
3249 8.250043200603727
3311 5.8998973535824915
3375 4.22592092001082
3380 2.3541187431092285
3402 17.699692060747473
3404 4.93182029819469
3448 3.1273086313427103
3473 5.206750173022546
3516 8.314114865689906
3524 12.610724923381312
3578 1.2031599740689096
3598 3.4998814949012527
3614 1.4378280112350734
3637 6.521680047934466
3645 5.612215281130711
3647 2.1081605140288473
3684 9.201228738904462
3696 4.695924549256556
3700 9.0630901731608
3737 3.6111055827207816
3774 1.7255100836868542
3804 2.750014400201242
3818 12.16221198925248
3820 1.7890234894091803
3840 10.384528550879319
3844 3.7026727762462723
3862 3.0666840095262753
3874 14.403855194743144
3884 6.305362461690656
3893 5.206750173022546
3901 2.363780654020965
3951 3.9539872045271784
3964 7.065547478901749
3977 13.078356937906028
3979 6.9985096422506015
3980 6.305362461690656
3982 4.307724890427142
3985 2.5098732725184614
3990 2.6290617897835795
3995 3.50297114018023
4004 12.2231637532503
4010 6.383694304960563
4016 3.9074671888922854
4035 12.610724923381312
4039 8.33059259638877
4053 -0.7476007520910928
4123 4.919068100570765
4174 3.3875917296063767
4222 2.3256808077886952
4225 4.600614369452231
4230 8.059612082169059
4237 15.959235762401407
4239 6.9985096422506015
4241 7.210169376348034
4261 2.262311193856106
4262 3.1698682457615064
4277 7.405345552492545
4286 2.130975191795019
4301 3.597312260588446
4307 2.824122372354964
4314 2.764403137653342
4341 2.6547042203969173
4366 1.9878743481543455
4374 14.403855194743144
4375 24.951657064358184
4396 9.391849098513111
4405 1.3460204619819507
4408 5.052599493195288
4416 1.3637200390813515
4425 19.985866501477567
4453 5.389071729816501
4502 8.426564700672525
4507 6.894087829374555
4508 4.108137884354437
4520 12.509234525370841
4537 5.098119386747397
4593 3.9074671888922854
4594 5.612215281130711
4616 1.8925641683500207
4631 3.9539872045271784
4685 5.8998973535824915
4709 4.695924549256556
4805 5.612215281130711
4806 3.6312138122641273
4815 5.443687046469091
4838 1.4730567031188173
4846 2.021775899830027
4852 1.258716730071367
4871 2.4876501357337513
4911 5.612215281130711
4912 1.9296054400303697
4914 1.4339892349279078
4929 5.8998973535824915
4964 0.563963123463148
4989 1.3355491621146554
5051 4.433560284789064
5063 14.258089751061819
5067 4.455650035569873
5110 3.6904360955056443
5111 3.21432000833234
5156 2.211017899468555
5184 5.612215281130711
5200 3.3096301881366648
5272 3.597312260588446
5273 3.21432000833234
5282 4.919068100570765
5326 9.445086121621628
5340 3.3349479961209547
5436 2.8876357780772897
5443 11.616660320114002
5444 6.9985096422506015
5456 6.9985096422506015
5484 3.7856818933047376
5517 1.6232312345664361
5625 12.610724923381312
5630 0.11915383779016203
5709 4.290459441148391
5731 2.8876357780772897
5743 6.305362461690656
5795 4.22592092001082
5834 1.65617539028579
5839 2.579669034454003
5842 3.086486636822455
5851 4.00277736869661
5880 13.801843108356692
5883 4.290459441148391
5921 5.8998973535824915
5955 7.302484352348294
5993 0.8521803845817039
6015 3.1918471524802814
6020 3.9074671888922854
6043 1.5913378707904824
6065 4.22592092001082
6083 13.339791984483819
6084 6.9985096422506015
6088 1.2146844599208637
6105 4.8012850649143815
6151 21.112839926096168
6168 8.580918882296782
6200 16.167215189449504
6209 6.305362461690656
6221 8.566124747577206
6233 9.575541457440844
6234 2.6290617897835795
6236 11.683888793379527
6250 1.7727629685373998
6252 4.433560284789064
6272 6.305362461690656
6300 7.405345552492545
6305 7.907974409054357
6335 4.953442130403122
6337 3.2373095265570386
6402 1.4112609838503516
6418 5.206750173022546
6433 0.5154022907934025
6506 5.052599493195288
6530 3.3609234825242154
6539 7.302484352348294
6586 2.288979440938267
6616 9.602570129828763
6633 5.617709800448351
6634 3.9539872045271784
6646 6.305362461690656
6704 9.391849098513111
6754 1.2024518914852294
6818 4.433560284789064
6819 1.7153059135126125
6863 4.22592092001082
6867 10.778143459633002
6898 2.162227735299123
6908 1.0061308387793944
6919 1.422560539104285
6938 4.22592092001082
6941 2.1782280766455644
6953 8.043064586142872
6966 6.9985096422506015
7025 2.0190964507214755
7028 2.764403137653342
7029 4.108137884354437
7043 5.8998973535824915
7044 1.880515829833846
7050 5.8998973535824915
7065 28.644665363359785
7104 -1.3269758333025843
7197 3.461302966374546
7254 16.167215189449504
7258 14.403855194743144
7299 2.8553749158590684
7308 6.9985096422506015
7315 8.718904625270685
7341 5.206750173022546
7342 5.612215281130711
7344 1.6325336272287498
7363 3.2849375755462935
7397 2.87137525720551
7404 6.9985096422506015
7424 3.3609234825242154
7431 2.6040604875781623
7459 2.1944885975173447
7474 6.9985096422506015
7497 2.8056012892666633
7578 2.0861491174436737
7590 4.22592092001082
7591 2.0426825846493406
7633 1.8745456628473423
7658 11.799794707164983
7703 4.8012850649143815
7713 6.213378688279949
7745 7.814934377784571
7767 3.414990703794491
7813 1.0145733615634107
7846 2.7218435232345457
7917 3.414990703794491
7937 4.433560284789064
7958 4.513602992462601
7965 3.773043707788116
7991 1.3149298749119196
7993 4.00277736869661
8032 0.5108256237659907
8059 6.9985096422506015
8096 4.359996593313117
8135 6.9985096422506015
8142 5.808330160057001
8153 2.8396265588909295
8158 4.8012850649143815
8167 14.52485524905651
8218 15.157798479585864
8242 2.035665011990694
8256 5.041168945219154
8262 2.0712559570933964
8283 2.8876357780772897
8294 3.666305132075397
8301 9.654168654320117
8315 5.528806275306684
8331 4.00277736869661
8337 1.9550845253313545
8349 6.9985096422506015
8430 5.206750173022546
8432 3.3875917296063767
8439 0.9381816079767518
8598 5.206750173022546
8615 2.6944445490464313
8627 12.610724923381312
8648 4.86832290156553
8683 1.6803896484063847
8692 4.513602992462601
8695 3.910169050662709
8710 0.551203779709388
8714 4.22592092001082
8721 6.9985096422506015
8723 1.5262389685791264
8736 2.3867493466682252
8795 3.502002080784121
8799 3.502002080784121
8816 1.7255100836868542
8841 4.433560284789064
8845 5.206750173022546
8850 1.7153059135126125
8869 2.1782280766455644
8880 1.67063347346102
8895 3.9539872045271784
8898 30.48832556645739
8901 5.052599493195288
8906 3.047265923669174
8969 6.9985096422506015
8987 2.211017899468555
9009 6.9985096422506015
9044 3.8630154263214513
9056 17.43780925054137
9072 5.612215281130711
9081 4.433560284789064
9106 1.0850066366123312
9151 3.7761501902141013
9154 2.465910149097345
9162 4.8012850649143815
9188 8.718904625270685
9201 3.5645224377654547
9204 2.5098732725184614
9221 15.157798479585864
9225 4.8012850649143815
9282 1.4533321977710387
9285 3.047265923669174
9310 6.886323161522375
9327 10.329484742283562
9336 4.695924549256556
9349 9.201228738904462
9365 1.4972514317058743
9377 4.8012850649143815
9383 5.612215281130711
9384 2.6710983242293107
9393 2.12194687433635
9448 4.290459441148391
9537 0.6546292081242703
9554 10.173295157307232
9615 6.305362461690656
9621 9.027205984925201
9654 5.206750173022546
9659 6.305362461690656
9675 4.108137884354437
9679 4.433560284789064
9685 5.389071729816501
9711 7.474443709310111
9733 10.850066366123311
9763 17.699692060747473
9789 6.9985096422506015
9817 1.3183370332335338
9876 2.6944445490464313
9887 5.612215281130711
9906 6.9985096422506015
9907 6.9985096422506015
9970 2.9027817082684284
9985 10.105198986390576
9986 2.0568672196412967
10058 2.6040604875781623
10076 5.500028800402484
10174 6.9985096422506015
10200 4.695924549256556
10202 2.591790394986348
10292 5.8998973535824915
10294 5.41610040220442
10307 2.5676928434072877
10323 4.108137884354437
10324 4.00277736869661
10325 1.8925641683500207
10326 0.5230769255465112
10327 5.052599493195288
10331 4.600614369452231
10400 5.8998973535824915
10411 4.05407066308416
10431 0.7218661529089567
10446 3.1483620405405426
10473 8.890769085861383
10628 4.165296298194385
10633 4.433560284789064
10658 5.808330160057001
10659 3.4431615807611875
10685 8.718904625270685
10729 1.0196238773494795
10733 6.9985096422506015
10753 5.558003874148989
10759 6.133368019052551
10793 4.919068100570765
10805 3.666305132075397
10818 4.359452312635343
10823 12.610724923381312
10864 5.8998973535824915
10867 1.4533321977710387
10868 -0.37072214562370276
10893 4.919068100570765
10906 8.142660047962776
10930 3.502002080784121
10968 3.740413104229119
10993 4.22592092001082
11023 1.2880826248757316
11051 32.1306941817937
11089 1.1549652252192415
11102 0.6652300141109108
11105 4.22592092001082
11106 2.021775899830027
11167 4.108137884354437
11170 2.5676928434072877
11201 5.8998973535824915
11218 0.5720211847929105
11299 -3.6482793330615655
11323 3.597312260588446
11343 4.290459441148391
11347 13.396837128888395
11359 5.206750173022546
11376 10.105198986390576
11377 3.414990703794491
11383 4.8012850649143815
11386 2.1157077196642304
11398 3.009525595686327
11415 7.559267634764801
11426 3.8630154263214513
11443 3.260840023967233
11444 12.170807253913825
11447 17.699692060747473
11453 2.727440078162703
11459 3.047265923669174
11485 3.3875917296063767
11506 3.8630154263214513
11520 3.1066893441399746
11522 2.555858385760285
11634 6.6192603762733295
11644 7.065547478901749
11671 2.2535775138873513
11696 6.474619053114077
11704 9.445086121621628
11741 12.610724923381312
11781 2.591790394986348
11816 1.9296054400303697
11836 2.37353682896633
11870 10.693567313296365
11900 6.149249255617299
11945 3.910169050662709
11969 0.7582337970798316
11994 5.389071729816501
12003 16.836645843392134
12034 0.9324015521468534
12060 3.044092180638181
12089 2.8088549002241754
12122 1.1963912668735384
12157 9.602570129828763
12173 1.981229805435677
12204 13.540808977387801
12210 3.1698682457615064
12218 2.6547042203969173
12250 4.997399943840672
12254 2.335070548138534
12263 7.73900710336201
12270 5.052599493195288
12271 20.210397972781152
12277 3.1273086313427103
12283 2.6040604875781623
12292 10.084691311089578
12305 4.433560284789064
12322 10.082770447572646
12366 4.695924549256556
12383 2.5046129034208957
12486 5.389071729816501
12501 4.919068100570765
12503 2.2278250177849364
12539 5.612215281130711
12553 1.0715836162801904
12558 4.8892655013001205
12599 4.695924549256556
12634 11.799794707164983
12707 4.455650035569873
12708 1.5958322603783217
12717 0.5999147077153936
12759 8.45184184002164
12773 1.7652350335351346
12790 42.26801365062961
12793 2.87137525720551
12823 13.454093882218014
12826 1.2619373447714093
12833 1.9260564194516896
12846 5.8998973535824915
12860 4.600614369452231
12861 4.00277736869661
12942 3.9539872045271784
13071 3.086486636822455
13080 0.8123010183501074
13088 2.7790019370744945
13134 4.359452312635343
13222 6.829981407588982
13271 3.3875917296063767
13277 6.9985096422506015
13319 1.8055527913603908
13346 2.9041650800285006
13354 3.656051294424899
13377 5.8998973535824915
13385 4.00277736869661
13411 2.8088549002241754
13471 2.6040604875781623
13487 5.8998973535824915
13491 2.288979440938267
13530 3.9539872045271784
13553 -0.7409215198883841
13565 1.9878743481543455
13588 14.131094957803498
13609 8.45184184002164
13617 4.919068100570765
13623 5.8998973535824915
13624 8.33059259638877
13680 2.2449194511442365
13683 3.0666840095262753
13742 12.871378323445173
13801 3.6312138122641273
13836 4.919068100570765
13838 2.3163784151263815
13849 6.9985096422506015
13891 2.4263701154319968
13926 6.521680047934466
13933 3.7796338173824005
13936 3.3349479961209547
13979 7.332610264150794
13992 5.612215281130711
13993 3.3609234825242154
13994 5.8998973535824915
14093 5.946315903030904
14123 4.22592092001082
14136 1.4810567457858934
14142 6.9985096422506015
14153 7.462950407201253
14167 3.7026727762462723
14174 5.383508865521417
14200 10.416447352903319
14237 -2.09174504491248
14247 5.8998973535824915
14332 4.22592092001082
14340 4.108137884354437
14381 0.457735330796197
14431 1.034930298632155
14516 2.1782280766455644
14518 4.513602992462601
14522 3.8630154263214513
14556 2.8876357780772897
14576 6.9985096422506015
14590 7.334894673308349
14593 11.589046278964354
14594 4.695924549256556
14723 5.052599493195288
14812 5.612215281130711
14901 2.5326015235960173
14908 4.953442130403122
14909 5.8998973535824915
14938 5.612215281130711
14962 5.612215281130711
15065 5.052599493195288
15241 1.7462362142039713
15332 -79.16789823742663
15335 10.413500346045092
15373 0.814360751313118
15413 2.556395731286379
15430 6.9985096422506015
15446 3.5327737394508745
15453 2.236335707452845
15476 4.600614369452231
15553 19.857781128819987
15587 3.8841815027832003
15600 6.019051191372654
15677 1.5779746429783155
15735 2.938066631704182
15771 0.4157228663036891
15793 17.699692060747473
15805 10.040385277359325
15820 4.165296298194385
