262
44 6.9985096422506015
58 4.433560284789064
241 1.6902419448493964
302 1.7153059135126125
371 5.389071729816501
391 9.027205984925201
493 3.1698682457615064
506 6.9985096422506015
512 2.0785287164224764
532 3.4431615807611875
533 9.391849098513111
632 6.9985096422506015
680 4.433560284789064
748 5.612215281130711
788 5.389071729816501
863 3.4431615807611875
868 2.0286963426746007
927 2.0785287164224764
1056 5.389071729816501
1060 0.1865007192496546
1062 12.95895197493174
1140 4.165296298194385
1171 2.9209721983448818
1356 2.363780654020965
1404 2.7417770571199283
1637 4.600614369452231
1896 1.7835738846416156
1977 2.6040604875781623
2033 5.055910989626442
2051 2.66777630196427
2320 2.973157951515452
2334 0.7939518796819108
2446 5.065203047192035
2450 -3.0542844785180536
2491 4.695924549256556
2665 4.695924549256556
2668 17.510010403920603
2669 5.467079729030317
2670 11.224430562261421
2925 3.4431615807611875
2957 4.919068100570765
2958 10.105198986390576
2959 1.1873686492739008
2981 4.00277736869661
3168 5.648244744709928
3259 3.1918471524802814
3292 6.9985096422506015
3404 4.93182029819469
3532 6.9985096422506015
3640 2.0149030205422647
3643 3.21432000833234
3671 7.1290448755309095
3774 1.7255100836868542
3788 2.750014400201242
3812 9.014310055549405
3942 3.3875917296063767
3970 4.05407066308416
4042 12.871378323445173
4070 1.1068654304248302
4081 6.213378688279949
4106 4.165296298194385
4254 7.480826208458238
4261 2.262311193856106
4407 3.414990703794491
4427 3.597312260588446
4537 2.039247754698959
4627 4.359452312635343
4686 28.756965190481058
4726 4.22592092001082
4750 0.6631056996427893
4813 13.418014244717071
4814 15.620250519067639
4846 2.021775899830027
4857 2.0712559570933964
4909 2.9381611094783557
4912 5.788816320091109
5103 3.414990703794491
5110 1.8452180477528222
5267 4.919068100570765
5316 2.236335707452845
5324 14.52485524905651
5363 9.200052028578826
5414 2.8876357780772897
5415 6.9985096422506015
5465 3.3349479961209547
5518 3.1737271807911225
5535 4.433560284789064
5673 6.9985096422506015
5810 4.513602992462601
5875 2.750014400201242
5889 4.8067795842320225
5891 3.1273086313427103
6068 3.1273086313427103
6088 1.2146844599208637
6112 5.052599493195288
6123 2.288979440938267
6150 20.270353315420802
6151 1.4075226617397445
6205 2.955458374416051
6235 1.2270685191205855
6242 2.9041650800285006
6269 3.9539872045271784
6307 3.2373095265570386
6402 1.4112609838503516
6509 5.389071729816501
6525 3.1483620405405426
6622 2.579669034454003
6754 2.4049037829704587
6787 2.288979440938267
6817 5.8998973535824915
6941 4.356456153291129
6970 2.1863252868781835
7104 -1.9904637499538764
7203 3.1066893441399746
7274 3.0666840095262753
7331 6.9985096422506015
7387 18.402457477808923
7448 4.695924549256556
7534 1.242767428663689
7635 5.8998973535824915
7690 6.42864001666468
7731 2.001297368486486
7813 2.0291467231268214
7826 3.1273086313427103
7854 3.3609234825242154
7991 2.629859749823839
8103 4.600614369452231
8108 6.9985096422506015
8168 1.9746291214043248
8196 4.919068100570765
8199 3.009525595686327
8256 1.6803896484063847
8315 2.764403137653342
8318 3.9074671888922854
8342 3.1066893441399746
8442 7.726030852642903
8643 2.001297368486486
8775 6.9985096422506015
8848 12.266736038105101
8853 5.612215281130711
8866 3.8630154263214513
8869 2.1782280766455644
8892 9.83813620114153
8977 2.6290617897835795
8978 3.2280291589230243
8979 1.7890234894091803
9122 1.3744921360632627
9203 6.305362461690656
9282 7.266660988855193
9294 6.9985096422506015
9330 25.26299746597644
9353 2.476721065201561
9376 7.1290448755309095
9384 1.3355491621146554
9554 2.543323789326808
9711 11.211665563965166
9717 3.3875917296063767
9733 2.1700132732246624
9765 1.7835738846416156
9817 2.6366740664670676
9824 13.078356937906028
9970 0.9675939027561428
10025 4.513602992462601
10114 2.6028323114903933
10233 6.886323161522375
10329 -0.21009069570959765
10431 2.16559845872687
10443 2.4876501357337513
10457 6.9985096422506015
10739 4.74707365793266
10794 5.876133263408364
10820 6.9985096422506015
11027 6.390989328215948
11046 14.360036737575058
11089 1.1549652252192415
11168 1.2781978656431896
11322 3.4431615807611875
11358 8.580918882296782
11546 3.9539872045271784
11555 3.5327737394508745
11560 3.502002080784121
11591 2.7218435232345457
11745 5.206750173022546
11816 1.9296054400303697
11850 4.910429719961194
11908 1.5346778372249912
12022 0.40409618250082274
12033 2.5211728277723946
12093 1.6803896484063847
12209 6.305362461690656
12228 3.047265923669174
12377 4.038061385945852
12383 1.2523064517104479
12404 1.485080896085619
12407 0.83519483821596
12455 -0.2152586658680402
12457 3.2373095265570386
12553 3.214750848840571
12721 5.5356541432584665
12740 2.5326015235960173
12741 4.05407066308416
12761 4.513602992462601
12767 5.309408440793835
12793 2.87137525720551
12803 1.3637200390813515
12833 0.9630282097258448
12896 3.2373095265570386
12955 12.871378323445173
12978 4.766778250818684
12992 2.3256808077886952
13104 3.2373095265570386
13145 5.389071729816501
13153 4.455650035569873
13195 4.513602992462601
13314 2.0286963426746007
13371 11.108018328738817
13372 5.206750173022546
13439 3.7796338173824005
13444 4.22592092001082
13445 6.305362461690656
13538 3.414990703794491
13547 1.6003469407328483
13553 -1.111382279832576
13672 1.5262389685791264
13693 3.666305132075397
13823 4.433560284789064
13867 3.263138994630222
13891 0.6065925288579992
13893 4.05407066308416
13913 2.8396265588909295
13950 5.206750173022546
13968 3.3349479961209547
13979 3.666305132075397
14044 1.4611753752320646
14104 8.55121305778033
14136 1.4810567457858934
14165 5.617709800448351
14267 -0.3823693933135151
14286 6.9985096422506015
14498 6.056435457396959
14501 4.372650573756367
14519 3.086486636822455
14692 2.8396265588909295
14906 1.204091821091849
15024 3.2373095265570386
15121 1.5868635903955612
15187 1.994563336305142
15258 6.9985096422506015
15332 -7.761558650728101
15418 2.1233123190494494
15456 9.38192589402813
15471 2.08218251948586
15551 3.4736039546316086
15604 2.1233123190494494
15650 2.130975191795019
15651 1.1377234187847354
15664 4.22592092001082
15671 7.559267634764801
15737 11.224430562261421
15771 0.09238285917859758
15796 3.666305132075397
15829 7.559267634764801
