277
4 4.8012850649143815
168 6.9985096422506015
170 3.7796338173824005
279 2.6418008155610093
348 4.433560284789064
521 3.7972864288528054
1060 0.24866762566620615
1094 2.335070548138534
1252 4.8012850649143815
1356 4.72756130804193
1369 6.305362461690656
1379 1.0740829317937672
1404 2.7417770571199283
1439 10.778143459633002
1491 6.305362461690656
1507 7.726030852642903
1637 4.600614369452231
1692 2.1944885975173447
1782 2.7218435232345457
1800 6.9985096422506015
1839 2.093234863812172
1896 1.7835738846416156
1940 2.6944445490464313
1986 4.847597327494437
2038 1.880515829833846
2064 1.5647876386963615
2247 2.219386149139072
2264 4.359452312635343
2411 4.359452312635343
2433 3.3875917296063767
2437 4.108137884354437
2450 -0.6108568957036107
2521 4.165296298194385
2538 4.267681617312855
2680 12.610724923381312
2760 4.359452312635343
2935 0.6320391945191633
3057 4.47267141490569
3240 3.5645224377654547
3293 3.6312138122641273
3409 4.00277736869661
3471 4.8012850649143815
3506 1.6411310564000017
3578 0.6015799870344548
3647 2.1081605140288473
3690 1.4972514317058743
3759 2.4033897921160112
3820 1.7890234894091803
3854 6.9985096422506015
3873 8.216275768708874
3953 6.305362461690656
3958 6.305362461690656
3985 5.019746545036923
3987 4.359452312635343
3998 5.8998973535824915
4047 3.8630154263214513
4053 -1.1214011281366392
4138 6.775183459212753
4156 3.086486636822455
4222 2.3256808077886952
4245 3.597312260588446
4508 4.108137884354437
4549 5.283601631122019
4646 1.8686109273275278
4686 8.216275768708874
4750 0.6631056996427893
4809 8.426564700672525
4876 2.2449194511442365
4882 2.130975191795019
4912 1.9296054400303697
4942 12.610724923381312
4973 6.9985096422506015
5110 1.8452180477528222
5470 3.740413104229119
5484 0.9464204733261844
5517 1.6232312345664361
5592 10.413500346045092
5752 7.907974409054357
5889 2.4033897921160112
5999 2.5098732725184614
6072 4.22592092001082
6094 6.305362461690656
6223 2.8088549002241754
6265 4.600614369452231
6455 4.8012850649143815
6468 3.1483620405405426
6548 2.0785287164224764
6575 5.8998973535824915
6622 5.159338068908006
6657 2.138697237888929
6816 3.3875917296063767
6872 1.3047775034479017
6922 4.22592092001082
6941 2.1782280766455644
6953 2.681021528714291
6983 3.414990703794491
7076 4.86832290156553
7104 -1.3269758333025843
7170 6.474449154840566
7181 6.521680047934466
7286 2.822521967700703
7346 7.1290448755309095
7431 5.208120975156325
7459 2.1944885975173447
7497 1.4028006446333317
7527 2.681021528714291
7528 6.9985096422506015
7578 2.0861491174436737
7650 2.1081605140288473
7797 3.047265923669174
7935 2.335070548138534
7971 3.414990703794491
8141 5.612215281130711
8193 3.6312138122641273
8379 5.612215281130711
8624 12.610724923381312
8656 6.9985096422506015
8723 4.578716905737379
8788 2.146479378330984
8816 3.4510201673737084
8841 4.433560284789064
8850 1.7153059135126125
8880 1.67063347346102
8886 2.6163003758530814
8904 2.1863252868781835
8928 2.6710983242293107
9061 3.6312138122641273
9104 6.9985096422506015
9106 1.0850066366123312
9316 6.9985096422506015
9387 4.00277736869661
9487 5.052599493195288
9602 2.2800107709555064
9636 6.9985096422506015
9698 1.9878743481543455
9711 1.8686109273275278
9743 3.8630154263214513
9765 7.134295538566462
9791 2.344549292093078
9800 8.867120569578129
9970 0.4837969513780714
10008 2.0568672196412967
10015 3.5645224377654547
10030 2.413542163580029
10076 2.750014400201242
10254 6.9985096422506015
10324 4.00277736869661
10325 1.8925641683500207
10326 0.5230769255465112
10561 1.6003469407328483
10659 6.886323161522375
10709 7.332610264150794
10729 4.078495509397918
10734 2.735829765209286
10749 1.1754637467675824
10851 5.612215281130711
10868 -0.7414442912474055
10906 2.035665011990694
10973 2.7938170228596353
10979 3.1066893441399746
10981 3.086486636822455
11023 1.2880826248757316
11163 3.7796338173824005
11165 2.1863252868781835
11258 4.00277736869661
11296 2.764403137653342
11299 -4.169462094927503
11301 6.9985096422506015
11304 1.2054960338664575
11305 4.128071418239819
11312 3.3096301881366648
11353 2.8088549002241754
11386 2.1157077196642304
11394 4.165296298194385
11436 5.8998973535824915
11478 5.612215281130711
11591 5.443687046469091
11774 3.0282177286984795
11784 3.47214911763444
11817 5.206750173022546
11828 2.955458374416051
11850 2.455214859980597
11914 4.290459441148391
12017 4.165296298194385
12022 1.2122885475024683
12057 2.10066984229969
12075 8.814199895112546
12077 6.9985096422506015
12089 2.8088549002241754
12110 6.9985096422506015
12120 3.5327737394508745
12263 2.579669034454003
12277 3.1273086313427103
12455 -0.8610346634721608
12457 3.2373095265570386
12467 12.610724923381312
12513 3.740413104229119
12519 12.610724923381312
12605 6.9985096422506015
12707 2.2278250177849364
12717 0.5999147077153936
12772 1.886521853894058
12790 1.5095719160939147
12823 1.034930298632155
12826 1.2619373447714093
12833 0.9630282097258448
12878 3.5327737394508745
12966 6.9985096422506015
12968 3.047265923669174
12978 2.383389125409342
12997 3.502002080784121
13001 2.9461134062376346
13043 6.886323161522375
13045 1.886521853894058
13049 6.9985096422506015
13095 12.610724923381312
13174 4.695924549256556
13183 3.502002080784121
13197 3.2849375755462935
13208 1.3115342859107813
13220 3.2849375755462935
13259 6.9985096422506015
13312 8.866375123248154
13317 4.290459441148391
13343 2.973157951515452
13354 1.8280256472124494
13412 2.5098732725184614
13475 3.8204558119026557
13508 3.4510201673737084
13527 2.049749751872433
13542 5.052599493195288
13553 -0.37046075994419203
13670 2.6164830075767194
13672 1.5262389685791264
13680 4.489838902288473
13718 1.3425178314307487
13723 3.597312260588446
13769 3.1273086313427103
13794 6.305362461690656
13817 3.5645224377654547
13828 3.3349479961209547
13843 4.356456153291129
13867 3.263138994630222
13884 5.206750173022546
14044 1.4611753752320646
14237 -3.4862417415207996
14267 -0.3823693933135151
14381 0.2288676653980985
14431 2.06986059726431
14558 2.476721065201561
14612 2.1863252868781835
14647 3.8630154263214513
14682 3.0863770537857995
14705 6.9985096422506015
14901 2.5326015235960173
14906 0.4013639403639497
14927 6.9985096422506015
14929 6.9985096422506015
15039 4.513602992462601
15099 3.47214911763444
15121 1.5868635903955612
15306 0.7199882180847567
15332 -10.866182111019342
15341 0.7959741250626788
15413 1.2781978656431896
15418 4.246624638098899
15471 0.6940608398286201
15536 4.600614369452231
15547 5.8998973535824915
15551 4.6314719395088115
15578 3.5890059103476117
15587 1.2947271675944
15669 2.162227735299123
15685 0.8716404581364162
15771 0.06928714438394819
15778 6.305362461690656
15805 6.0242311664155945
