30
652 3.5327737394508745
866 2.20271909665386
867 2.413542163580029
1839 2.093234863812172
1977 2.6040604875781623
2266 5.206750173022546
2665 4.695924549256556
2913 1.720394983020084
3090 3.047265923669174
6688 1.8925641683500207
7054 3.8630154263214513
8788 2.146479378330984
8880 1.67063347346102
9154 2.465910149097345
9299 4.695924549256556
10431 0.7218661529089567
11032 1.087712998210074
11555 3.5327737394508745
11785 1.9680717208581657
12721 3.6904360955056443
12833 0.9630282097258448
13508 1.7255100836868542
13761 2.6040604875781623
14381 0.2288676653980985
15149 4.93182029819469
15332 -4.656935190436861
15358 2.579669034454003
15515 3.666305132075397
15587 1.2947271675944
15595 1.3320829541381691
