31
174 1.6232312345664361
192 5.8998973535824915
867 2.413542163580029
868 2.0286963426746007
932 2.87137525720551
1977 2.6040604875781623
2240 1.65617539028579
2914 3.4431615807611875
3052 3.2373095265570386
3578 0.6015799870344548
3658 2.938066631704182
3759 2.4033897921160112
3803 4.05407066308416
4031 2.555858385760285
6228 1.2947271675944
6507 2.6290617897835795
6572 4.695924549256556
7016 3.0666840095262753
7591 2.0426825846493406
8342 3.1066893441399746
9167 6.9985096422506015
9393 1.060973437168175
9824 4.359452312635343
10198 7.640911623805311
11089 2.309930450438483
12688 4.165296298194385
12721 1.8452180477528222
13527 2.049749751872433
14753 5.206750173022546
15332 -3.1046234602912404
15595 1.3320829541381691
