173
194 1.5399972773188362
209 1.7001922757025645
327 2.20271909665386
349 6.305362461690656
572 4.600614369452231
671 4.00277736869661
710 2.8553749158590684
730 2.298029276458185
873 4.8012850649143815
927 2.0785287164224764
937 4.433560284789064
944 6.305362461690656
955 5.612215281130711
1029 6.305362461690656
1060 0.06216690641655154
1379 0.5370414658968836
1404 2.7417770571199283
1692 2.1944885975173447
1750 2.2137308608496604
1929 2.1081605140288473
2027 5.587634045719271
2149 18.783698197026222
2166 2.6418008155610093
2201 6.106995035972082
2326 5.052599493195288
2357 1.1873686492739008
2406 2.9209721983448818
2445 4.513602992462601
2450 -0.6108568957036107
2484 2.629859749823839
2782 6.305362461690656
2783 4.600614369452231
2884 5.8998973535824915
2940 1.6278716141229383
2964 0.900435360084361
2968 3.4431615807611875
3374 1.9680717208581657
3449 0.9823524825522477
3489 1.942263836902293
3542 6.305362461690656
3597 5.775271556154579
4081 3.1066893441399746
4156 3.086486636822455
4164 7.925402446683028
4385 6.254617262685421
4608 2.815045323479489
4636 2.955458374416051
4646 1.8686109273275278
4750 0.994658549464184
4765 1.4150133334689021
4852 1.258716730071367
4862 3.047265923669174
4950 6.305362461690656
5039 2.735829765209286
5083 1.5735596247691985
5122 2.7938170228596353
5161 9.141797771007521
5319 3.086486636822455
5342 7.262427624528255
5432 3.4431615807611875
5470 7.480826208458238
5528 2.875656022470147
5532 6.305362461690656
5615 2.049749751872433
6169 2.4033897921160112
6328 3.8630154263214513
6536 4.05407066308416
6553 3.8204558119026557
6567 5.159338068908006
6786 3.7026727762462723
6908 0.33537694625979814
7019 4.261950383590038
7312 2.3163784151263815
7497 2.1042009669499975
7506 3.740413104229119
7534 1.242767428663689
7569 1.0170954309961207
7650 4.216321028057695
7845 2.4237986637472186
7907 2.6418008155610093
8043 1.730651483187273
8122 6.305362461690656
8155 3.1066893441399746
8215 6.305362461690656
8234 4.8012850649143815
8275 3.9539872045271784
8415 5.8998973535824915
8439 0.4690908039883759
8566 7.529619817555384
8643 2.001297368486486
8660 1.675499663112193
8736 2.3867493466682252
8788 2.146479378330984
8816 3.4510201673737084
8886 3.9244505637796223
8975 2.3933394562625097
9024 8.718904625270685
9041 5.389071729816501
9170 0.6116303228879563
9404 15.157798479585864
9622 5.612215281130711
9709 1.082307579643166
9757 4.600614369452231
9808 6.019051191372654
9817 1.3183370332335338
9841 5.206750173022546
10006 2.6944445490464313
10031 2.498699971920336
10114 2.6028323114903933
10157 9.83813620114153
10258 1.8000126109847754
10278 3.2849375755462935
10868 -0.37072214562370276
10906 4.071330023981388
10981 3.086486636822455
11046 2.3933394562625097
11450 2.262311193856106
11491 1.8745456628473423
11499 4.513602992462601
11524 1.5178707189086098
11539 7.34540277369589
11836 2.37353682896633
11850 2.455214859980597
11896 4.290459441148391
11969 0.7582337970798316
12022 0.40409618250082274
12047 1.4416815805510634
12049 7.7030785302218625
12357 2.1701959049483
12488 1.9359146092236343
12489 6.474619053114077
12529 3.502002080784121
12553 1.0715836162801904
12674 4.733923928934947
12676 5.052599493195288
12816 4.919068100570765
12867 4.695924549256556
12935 5.612215281130711
13080 1.6246020367002147
13106 2.335070548138534
13208 1.3115342859107813
13219 9.602570129828763
13301 6.305362461690656
13310 3.666305132075397
13314 2.0286963426746007
13346 2.9041650800285006
13411 2.8088549002241754
13451 3.4431615807611875
13508 1.7255100836868542
13527 2.049749751872433
13670 2.6164830075767194
13718 1.3425178314307487
13867 4.350851992840296
14097 5.206750173022546
14118 3.8630154263214513
14168 2.9041650800285006
14237 -1.3944966966083199
14324 5.8998973535824915
14381 0.2288676653980985
14422 2.1233123190494494
14431 1.034930298632155
14435 2.3933394562625097
14486 2.6164830075767194
14512 4.165296298194385
14558 7.430163195604683
14981 5.206750173022546
15155 0.6904112007410705
15212 3.7796338173824005
15302 3.3609234825242154
15332 -10.866182111019342
15578 1.7945029551738059
15672 0.7275212103923018
15677 1.5779746429783155
