197
59 4.433560284789064
66 5.052599493195288
174 1.6232312345664361
194 1.5399972773188362
277 5.389071729816501
341 4.8012850649143815
371 5.389071729816501
473 3.1273086313427103
607 2.5211728277723946
631 4.00277736869661
800 2.434161450782765
927 4.157057432844953
2217 2.4876501357337513
2233 3.260840023967233
2269 1.8686109273275278
2357 1.1873686492739008
2450 -4.2759982699252745
2484 2.629859749823839
2513 3.656051294424899
2519 1.6902419448493964
2536 3.567147769283231
2538 1.422560539104285
2650 4.00277736869661
2674 3.081743407380416
2915 5.8998973535824915
2940 1.6278716141229383
2964 1.800870720168722
3052 3.2373095265570386
3329 3.962459610871354
3386 2.6290617897835795
3419 4.22592092001082
3485 5.389071729816501
3646 5.135385686814575
3850 3.9074671888922854
3898 3.047265923669174
3949 2.7790019370744945
3982 1.0769312226067855
4189 2.87137525720551
4204 6.9985096422506015
4222 2.3256808077886952
4230 2.0149030205422647
4349 6.9985096422506015
4391 3.260840023967233
4437 4.8067795842320225
4520 6.254617262685421
4616 1.8925641683500207
4683 5.8998973535824915
4707 3.740413104229119
4750 0.33155284982139466
4782 5.8998973535824915
4783 4.356456153291129
4871 4.9753002714675025
4988 7.559267634764801
5014 2.3541187431092285
5033 2.1233123190494494
5155 3.3096301881366648
5340 3.3349479961209547
5392 2.130975191795019
5484 0.9464204733261844
5835 3.1273086313427103
5875 2.750014400201242
6126 5.052599493195288
6136 2.91449219418435
6250 1.7727629685373998
6418 5.206750173022546
6439 4.513602992462601
6618 2.0568672196412967
6660 5.587634045719271
6702 3.0282177286984795
6776 1.942263836902293
6797 4.8012850649143815
6872 1.3047775034479017
7057 3.2849375755462935
7076 4.86832290156553
7081 4.695924549256556
7088 4.919068100570765
7104 -0.6634879166512921
7156 7.640911623805311
7242 10.893641436792382
7281 3.2373095265570386
7312 2.3163784151263815
7459 2.1944885975173447
7462 1.942263836902293
7487 1.8167260919585162
7497 2.1042009669499975
7586 4.433560284789064
7691 3.5645224377654547
7892 1.5517722705842913
7914 4.292958756661968
7932 1.8745456628473423
8070 3.1483620405405426
8192 5.612215281130711
8230 4.74707365793266
8262 2.0712559570933964
8276 3.21432000833234
8439 0.9381816079767518
8440 4.00277736869661
8643 6.003892105459458
8650 3.3096301881366648
8710 0.551203779709388
8723 1.5262389685791264
8731 2.0286963426746007
8886 1.3081501879265407
8928 1.3355491621146554
8956 5.8998973535824915
9052 6.9985096422506015
9061 3.6312138122641273
9169 13.77264632304475
9250 4.22592092001082
9454 3.1698682457615064
9473 6.305362461690656
9531 1.67063347346102
9602 2.2800107709555064
9644 4.359452312635343
9675 8.216275768708874
9698 1.9878743481543455
9744 6.9985096422506015
9798 3.1698682457615064
9808 3.009525595686327
9818 3.21432000833234
9884 3.2373095265570386
10001 2.0640357091199095
10064 6.669895992241909
10114 1.3014161557451966
10287 3.009525595686327
10325 1.8925641683500207
10326 0.5230769255465112
10739 7.12061048689899
10794 2.938066631704182
10889 3.086486636822455
11102 5.987070126998197
11168 1.2781978656431896
11347 1.6746046411110493
11481 1.6186122887101415
11646 4.708237486218457
11702 3.9539872045271784
11714 4.290459441148391
11969 0.7582337970798316
12022 0.40409618250082274
12151 3.1698682457615064
12204 4.513602992462601
12227 6.339736491523013
12247 3.8630154263214513
12249 3.9074671888922854
12270 5.052599493195288
12280 6.305362461690656
12455 -1.076293329340201
12553 1.0715836162801904
12582 6.305362461690656
12819 5.389071729816501
12826 1.2619373447714093
12867 4.695924549256556
12936 4.108137884354437
12978 2.383389125409342
13043 3.4431615807611875
13080 0.8123010183501074
13354 5.4840769416373485
13449 2.6418008155610093
13533 4.919068100570765
13588 3.5327737394508745
13680 2.2449194511442365
13681 2.498699971920336
13845 2.001297368486486
13916 3.1066893441399746
13918 2.8396265588909295
13930 4.080464918750566
13936 3.3349479961209547
13951 4.22592092001082
13969 4.695924549256556
14104 1.710242611556066
14107 4.847597327494437
14135 2.3541187431092285
14140 5.052599493195288
14208 10.686317843465108
14237 -2.7889933932166397
14267 -3.058955146508121
14309 1.5137127087599462
14381 0.457735330796197
14395 5.443687046469091
14416 2.3218536389257243
14431 1.034930298632155
14439 3.1273086313427103
14450 4.165296298194385
14455 3.274434953082352
14528 8.10814132616832
14906 0.4013639403639497
15065 5.052599493195288
15099 3.47214911763444
15155 0.6904112007410705
15332 -9.313870380873722
15397 2.001297368486486
15538 3.8204558119026557
15600 3.009525595686327
15648 2.5676928434072877
15660 3.8204558119026557
15669 2.162227735299123
15805 2.008077055471865
