193
3 3.0666840095262753
58 4.433560284789064
174 1.6232312345664361
336 6.305362461690656
348 8.867120569578129
389 1.6419233675785887
476 3.8630154263214513
492 3.3609234825242154
702 3.7796338173824005
767 6.9985096422506015
1902 2.0149030205422647
1922 1.6952047341915255
1938 2.66777630196427
1957 1.8223599096767722
2271 0.34178311807220957
2357 1.1873686492739008
2494 3.9074671888922854
2640 5.471659530418572
2645 2.591790394986348
2701 5.443687046469091
2705 1.6657908489852322
2837 3.086486636822455
2874 3.047265923669174
2920 1.3590830570083334
3048 2.5098732725184614
3052 3.2373095265570386
3279 4.600614369452231
3374 1.9680717208581657
3407 2.085854756514549
3700 11.652544508349601
3737 1.8055527913603908
3840 2.5961321377198296
4053 -0.6728406768819836
4237 3.1918471524802814
4241 2.4033897921160112
4391 3.260840023967233
4412 3.086486636822455
4413 5.389071729816501
4416 1.3637200390813515
4417 3.1918471524802814
4427 3.597312260588446
4504 3.6312138122641273
4613 4.42203579893711
4750 0.6631056996427893
4866 2.5211728277723946
4964 1.127926246926296
4976 2.288979440938267
4979 3.9074671888922854
4989 2.6710983242293107
4991 3.9539872045271784
5005 8.10814132616832
5339 2.356853423796479
5414 2.8876357780772897
5421 3.8630154263214513
5484 1.8928409466523688
5604 5.8998973535824915
5676 3.502002080784121
5731 2.8876357780772897
5752 3.9539872045271784
5812 3.1698682457615064
5839 2.579669034454003
5878 4.919068100570765
5883 8.580918882296782
5923 4.919068100570765
5926 9.391849098513111
5983 1.9878743481543455
6043 1.5913378707904824
6055 3.7796338173824005
6089 3.8630154263214513
6151 1.4075226617397445
6169 2.4033897921160112
6226 6.9985096422506015
6420 6.9985096422506015
6539 2.434161450782765
6548 2.0785287164224764
6618 4.113734439282593
6754 1.2024518914852294
6818 4.433560284789064
6819 1.7153059135126125
6908 0.33537694625979814
6953 2.681021528714291
7104 -1.9904637499538764
7170 1.6186122887101415
7286 1.4112609838503516
7418 3.1483620405405426
7459 2.1944885975173447
7482 1.8055527913603908
7557 3.3349479961209547
7569 1.0170954309961207
7578 1.0430745587218369
7713 3.1066893441399746
7764 1.7052048175261088
7813 2.0291467231268214
7991 1.3149298749119196
7993 4.00277736869661
8043 1.730651483187273
8050 4.165296298194385
8129 3.9539872045271784
8337 3.910169050662709
8603 4.290459441148391
8648 2.434161450782765
8683 3.3607792968127694
8695 7.820338101325418
8736 1.1933746733341126
8745 2.5441623459970937
8869 2.1782280766455644
8886 1.3081501879265407
8946 2.7218435232345457
8979 1.7890234894091803
9122 1.3744921360632627
9151 2.517433460142734
9201 7.1290448755309095
9310 3.4431615807611875
9413 4.433560284789064
9554 2.543323789326808
9861 5.8998973535824915
10001 8.256142836479638
10008 6.17060165892389
10258 1.8000126109847754
10326 0.5230769255465112
10329 -0.4201813914191953
10341 6.339736491523013
10422 0.7087940713416041
10443 2.4876501357337513
10556 3.9539872045271784
10729 12.235486528193753
10751 0.7939518796819108
10868 -0.7414442912474055
10906 4.071330023981388
10929 6.213378688279949
11051 2.9209721983448818
11228 3.3096301881366648
11299 -2.6059138093296896
11304 2.410992067732915
11327 3.5645224377654547
11339 4.00277736869661
11375 2.681021528714291
11444 4.86832290156553
11589 7.559267634764801
11696 3.2373095265570386
11780 4.8012850649143815
11828 2.955458374416051
12022 0.40409618250082274
12173 19.81229805435677
12305 4.433560284789064
12366 4.695924549256556
12383 1.2523064517104479
12455 -1.5068106610762815
12576 6.9985096422506015
12790 1.5095719160939147
12823 2.06986059726431
13106 2.335070548138534
13136 5.206750173022546
13180 3.666305132075397
13310 3.666305132075397
13380 4.05407066308416
13412 2.5098732725184614
13553 -0.37046075994419203
13750 2.162227735299123
13766 4.8012850649143815
13791 3.047265923669174
13856 5.612215281130711
13867 1.087712998210074
13977 6.9985096422506015
13979 3.666305132075397
14008 2.001297368486486
14044 1.4611753752320646
14093 11.892631806061807
14237 -0.6972483483041599
14267 -1.1471081799405454
14381 0.6866029961942954
14416 0.7739512129752414
14452 5.052599493195288
14455 1.637217476541176
14486 2.6164830075767194
14516 6.534684229936693
14590 1.8337236683270872
14637 3.3349479961209547
14717 4.695924549256556
14830 2.7790019370744945
14844 6.305362461690656
14906 0.4013639403639497
14998 3.5645224377654547
15063 3.2373095265570386
15155 2.0712336022232116
15209 2.579669034454003
15332 -13.970805571310581
15413 1.2781978656431896
15415 2.824122372354964
15551 2.3157359697544058
15587 2.5894543351888
15771 0.04619142958929879
15805 2.008077055471865
