47
2038 3.761031659667692
2450 -0.6108568957036107
2513 1.8280256472124494
2536 3.567147769283231
2594 3.5645224377654547
3738 4.05407066308416
3886 4.919068100570765
4189 2.87137525720551
4783 2.1782280766455644
4838 1.4730567031188173
4871 2.4876501357337513
5834 3.31235078057158
6136 1.457246097092175
6507 2.6290617897835795
6618 4.113734439282593
7088 4.919068100570765
7242 3.6312138122641273
7327 3.5327737394508745
7638 3.7026727762462723
7914 2.146479378330984
8153 2.8396265588909295
8650 3.3096301881366648
8904 2.1863252868781835
9142 5.052599493195288
9229 2.3933394562625097
9400 3.1273086313427103
9419 8.580918882296782
9464 5.206750173022546
10739 4.74707365793266
11102 0.6652300141109108
11347 1.6746046411110493
11842 4.8012850649143815
11969 0.7582337970798316
12241 2.579669034454003
12418 8.10814132616832
12753 5.8998973535824915
12972 2.8553749158590684
13390 4.47267141490569
13553 -0.7409215198883841
13672 1.5262389685791264
13791 12.189063694676696
13916 3.1066893441399746
14208 2.3747372985478017
14237 -0.6972483483041599
15129 5.775271556154579
15155 0.6904112007410705
15709 2.1863252868781835
