128
365 3.414990703794491
502 2.5676928434072877
652 3.5327737394508745
865 2.5211728277723946
866 6.60815728996158
867 2.413542163580029
868 2.0286963426746007
1977 7.812181462734487
2021 2.70805020110221
2249 4.165296298194385
2271 0.6835662361444191
2321 3.8630154263214513
2491 4.695924549256556
2527 5.8998973535824915
2669 3.6447198193535444
2893 2.5098732725184614
2913 1.720394983020084
2935 0.6320391945191633
3047 6.9985096422506015
3285 5.389071729816501
3379 3.1918471524802814
3671 3.5645224377654547
3806 6.305362461690656
3812 2.2535775138873513
4031 5.11171677152057
4136 3.3349479961209547
4202 4.05407066308416
4405 1.3460204619819507
4593 3.9074671888922854
4726 4.22592092001082
4743 4.513602992462601
4823 6.9985096422506015
5019 4.290459441148391
5174 3.740413104229119
5414 2.8876357780772897
5479 6.9985096422506015
5534 3.3875917296063767
5691 6.305362461690656
5901 2.455214859980597
6043 3.182675741580965
6210 5.8998973535824915
6228 3.8841815027832003
6525 6.296724081081085
6574 6.305362461690656
6863 4.22592092001082
6896 6.9985096422506015
6970 4.372650573756367
6984 3.7796338173824005
7104 -0.6634879166512921
7445 3.7372218546550555
7462 1.942263836902293
8230 2.37353682896633
8233 6.9985096422506015
8298 6.9985096422506015
8342 3.1066893441399746
8441 5.8998973535824915
8736 1.1933746733341126
9017 4.00277736869661
9096 4.359452312635343
9258 3.260840023967233
9345 2.66777630196427
9376 3.5645224377654547
9393 1.060973437168175
9709 1.082307579643166
9759 6.9985096422506015
9817 1.3183370332335338
9824 8.718904625270685
10025 4.513602992462601
10198 3.8204558119026557
10221 2.434161450782765
10258 3.6000252219695508
10431 1.4437323058179135
10583 8.867120569578129
10806 6.305362461690656
10973 2.7938170228596353
11027 6.390989328215948
11165 2.1863252868781835
11317 3.0666840095262753
11524 1.5178707189086098
11555 7.065547478901749
12404 1.485080896085619
12416 12.610724923381312
12455 -0.4305173317360804
12617 6.9985096422506015
12677 3.9539872045271784
12687 6.305362461690656
12721 9.226090238764112
12809 5.617709800448351
12833 4.815141048629224
13102 2.735829765209286
13124 5.8998973535824915
13125 3.3096301881366648
13354 1.8280256472124494
13371 3.7026727762462723
13449 2.6418008155610093
13547 3.2006938814656967
13633 5.389071729816501
13693 7.332610264150794
13960 10.413500346045092
13979 3.666305132075397
14165 5.617709800448351
14171 5.8998973535824915
14237 -0.6972483483041599
14308 2.0640357091199095
14381 0.457735330796197
14416 0.7739512129752414
14431 1.034930298632155
14453 3.414990703794491
14463 1.67063347346102
14501 4.372650573756367
14588 2.0785287164224764
14963 8.718904625270685
15012 4.108137884354437
15024 3.2373095265570386
15121 1.5868635903955612
15149 2.465910149097345
15155 0.6904112007410705
15192 1.489121305622624
15332 -6.209246920582481
15441 6.9985096422506015
15580 3.8630154263214513
15587 2.5894543351888
15595 3.9962488624145074
15604 2.1233123190494494
15608 6.9985096422506015
15672 0.7275212103923018
15771 0.023095714794649395
15795 6.9985096422506015
