75
341 4.8012850649143815
1922 1.6952047341915255
2038 1.880515829833846
2450 -3.0542844785180536
2513 3.656051294424899
2858 3.8630154263214513
2862 1.4690805547391779
3774 1.7255100836868542
3886 4.919068100570765
3949 2.7790019370744945
4189 2.87137525720551
4222 2.3256808077886952
4707 7.480826208458238
4759 3.21432000833234
4783 2.1782280766455644
4871 2.4876501357337513
5200 3.3096301881366648
5430 2.750014400201242
5666 3.47214911763444
5834 3.31235078057158
5835 3.1273086313427103
5875 2.750014400201242
6020 3.9074671888922854
6049 2.035665011990694
6120 4.8012850649143815
6136 1.457246097092175
6507 2.6290617897835795
6618 2.0568672196412967
6729 2.1944885975173447
6872 1.3047775034479017
7327 3.5327737394508745
7497 0.7014003223166658
7569 1.0170954309961207
7764 1.7052048175261088
7906 1.4339892349279078
7914 2.146479378330984
7932 1.8745456628473423
8007 1.904759441443839
8439 0.4690908039883759
8643 2.001297368486486
8870 3.7026727762462723
8886 1.3081501879265407
8904 2.1863252868781835
8960 3.8630154263214513
9151 1.258716730071367
9229 2.3933394562625097
9419 4.290459441148391
9675 4.108137884354437
9709 1.082307579643166
10326 0.5230769255465112
10739 2.37353682896633
11102 2.660920056443643
11347 1.6746046411110493
11481 1.6186122887101415
11969 0.7582337970798316
12057 2.10066984229969
12247 3.8630154263214513
12455 -0.2152586658680402
12853 1.152070867192877
12972 2.8553749158590684
12992 2.3256808077886952
13449 2.6418008155610093
13553 -0.37046075994419203
13680 2.2449194511442365
13791 6.094531847338348
13845 2.001297368486486
13918 2.8396265588909295
13930 1.3601549729168554
14208 2.3747372985478017
14237 -2.7889933932166397
14267 -0.3823693933135151
14395 2.7218435232345457
14528 4.05407066308416
15155 0.6904112007410705
15332 -1.5523117301456202
