180
502 2.5676928434072877
1060 0.12433381283310307
1094 2.335070548138534
1183 6.305362461690656
1276 6.305362461690656
1358 6.305362461690656
1361 6.305362461690656
1474 4.919068100570765
1557 5.052599493195288
1750 1.1068654304248302
1785 6.305362461690656
1893 1.7567626271909589
1906 3.597312260588446
1923 2.211017899468555
1929 2.1081605140288473
1932 5.389071729816501
1999 3.5327737394508745
2025 4.165296298194385
2036 1.9486536350010641
2162 3.1698682457615064
2224 1.981229805435677
2271 0.34178311807220957
2273 6.9985096422506015
2356 2.681021528714291
2357 1.1873686492739008
2369 4.108137884354437
2529 5.612215281130711
2628 4.513602992462601
2959 2.3747372985478017
2964 0.900435360084361
3180 2.7938170228596353
3215 0.589980851191103
3377 5.8998973535824915
3464 5.8998973535824915
3598 2.3332543299341686
3737 1.8055527913603908
3791 5.8998973535824915
3820 1.7890234894091803
3906 23.785263612123615
3907 6.305362461690656
3908 8.867120569578129
3923 3.1273086313427103
4019 9.83813620114153
4070 1.1068654304248302
4214 2.465910149097345
4226 3.3609234825242154
4331 3.3875917296063767
4613 2.211017899468555
4616 1.8925641683500207
4750 0.6631056996427893
4912 1.9296054400303697
4963 4.786678912525019
5014 4.708237486218457
5067 2.2278250177849364
5151 2.555858385760285
5330 4.05407066308416
5484 0.9464204733261844
5630 0.23830767558032406
5727 5.8998973535824915
5861 5.500028800402484
5934 2.8876357780772897
5971 5.206750173022546
6078 5.11171677152057
6140 2.211017899468555
6223 2.8088549002241754
6433 1.030804581586805
6447 2.576165249751463
6754 1.2024518914852294
6908 0.6707538925195963
6970 2.1863252868781835
7104 -0.6634879166512921
7118 3.1273086313427103
7309 4.8012850649143815
7380 5.052599493195288
7421 3.2373095265570386
7622 2.764403137653342
7699 3.7796338173824005
7754 5.612215281130711
7846 8.165530569703638
7961 5.8998973535824915
7981 2.0426825846493406
7991 2.629859749823839
7993 4.00277736869661
8224 9.602570129828763
8242 2.035665011990694
8323 6.339736491523013
8439 0.4690908039883759
8514 8.03230822188746
8523 0.7256326357044336
8710 0.551203779709388
8795 7.004004161568242
8856 2.3163784151263815
8886 1.3081501879265407
8915 6.305362461690656
9122 1.3744921360632627
9170 0.6116303228879563
9351 4.695924549256556
9353 2.476721065201561
9423 2.8876357780772897
9537 0.6546292081242703
9559 -0.7487904946947653
9590 3.3096301881366648
9895 2.288979440938267
9970 0.4837969513780714
9979 4.786678912525019
10049 4.513602992462601
10069 3.4431615807611875
10329 -0.4201813914191953
10422 0.7087940713416041
10443 2.4876501357337513
10447 0.6099482367049713
10742 1.7890234894091803
10749 1.1754637467675824
10858 6.305362461690656
10868 -0.37072214562370276
11089 1.1549652252192415
11110 0.8102455191680114
11139 2.87137525720551
11140 2.15432255579201
11157 4.600614369452231
11165 2.1863252868781835
11218 1.144042369585821
11236 3.5645224377654547
11296 2.764403137653342
11299 -1.5635482855978138
11316 6.305362461690656
11339 4.00277736869661
11418 3.597312260588446
11446 3.597312260588446
11908 1.5346778372249912
11945 1.9550845253313545
11963 4.919068100570765
11972 3.21432000833234
12022 0.8081923650016455
12030 4.600614369452231
12070 2.87137525720551
12216 2.87137525720551
12433 5.206750173022546
12455 -0.4305173317360804
12553 2.1431672325603808
12599 4.695924549256556
12717 0.5999147077153936
12805 1.8568460857479414
13088 2.7790019370744945
13108 2.2800107709555064
13189 1.8745456628473423
13233 4.8012850649143815
13364 5.052599493195288
13440 1.4770487243883548
13494 3.21432000833234
13538 3.414990703794491
13581 6.305362461690656
13722 3.5327737394508745
13825 2.7218435232345457
13862 3.7796338173824005
13891 1.2131850577159984
14267 -1.1471081799405454
14360 6.305362461690656
14381 0.2288676653980985
14521 3.666305132075397
14597 3.2849375755462935
14682 1.5431885268928998
15020 3.086486636822455
15049 5.389071729816501
15128 5.8998973535824915
15143 6.305362461690656
15250 3.7796338173824005
15259 1.3320829541381691
15292 2.211017899468555
15332 -4.656935190436861
15373 1.628721502626236
15471 0.6940608398286201
15595 1.3320829541381691
15727 4.433560284789064
15747 6.305362461690656
15771 0.06928714438394819
15828 7.652034559372216
15829 3.7796338173824005
15831 6.305362461690656
15850 5.052599493195288
