170
55 4.695924549256556
476 3.8630154263214513
819 3.8204558119026557
1270 6.9985096422506015
1379 0.5370414658968836
1447 6.9985096422506015
1624 3.7026727762462723
1639 4.600614369452231
1686 1.1549652252192415
1750 1.1068654304248302
1818 6.9985096422506015
1864 3.047265923669174
1902 2.0149030205422647
1922 1.6952047341915255
1924 2.288979440938267
1957 1.8223599096767722
2291 3.5327737394508745
2406 2.9209721983448818
2424 2.219386149139072
2432 4.108137884354437
2433 13.550366918425507
2492 3.047265923669174
2494 3.9074671888922854
2645 2.591790394986348
2674 1.0272478024601386
2829 2.8088549002241754
2873 4.22592092001082
3189 3.5645224377654547
3190 4.8012850649143815
3407 2.085854756514549
3533 5.612215281130711
3578 0.6015799870344548
3700 5.1789086703776
3814 2.236335707452845
3840 3.8941982065797447
3990 5.258123579567159
4039 4.165296298194385
4053 -0.2990403008364371
4214 2.465910149097345
4225 4.600614369452231
4333 1.4651201535230811
4341 2.6547042203969173
4375 3.5645224377654547
4504 3.6312138122641273
4507 2.298029276458185
4616 5.677692505050063
4625 1.8452180477528222
4866 2.5211728277723946
4871 4.9753002714675025
4878 1.3672978604292356
4886 3.009525595686327
4912 1.9296054400303697
4964 0.563963123463148
4979 3.9074671888922854
4989 5.342196648458621
5033 2.1233123190494494
5155 3.3096301881366648
5273 3.21432000833234
5285 5.8998973535824915
5666 3.47214911763444
5731 2.8876357780772897
5878 4.919068100570765
5883 4.290459441148391
6088 1.2146844599208637
6151 2.815045323479489
6221 2.8553749158590684
6228 1.2947271675944
6246 27.603686216713385
6335 2.476721065201561
6618 2.0568672196412967
6634 3.9539872045271784
6818 8.867120569578129
6872 1.3047775034479017
6953 5.362043057428582
6978 7.907974409054357
7104 -2.6539516666051686
7181 3.260840023967233
7286 1.4112609838503516
7344 1.6325336272287498
7578 2.0861491174436737
7650 2.1081605140288473
7813 1.0145733615634107
8043 5.191954449561819
8050 4.165296298194385
8129 3.9539872045271784
8239 4.600614369452231
8337 5.865253575994063
8340 4.513602992462601
8658 4.695924549256556
8695 3.910169050662709
8784 2.146479378330984
8901 5.052599493195288
8928 1.3355491621146554
9168 8.33059259638877
9201 7.1290448755309095
9213 3.7026727762462723
9292 2.5441623459970937
9310 3.4431615807611875
9384 1.3355491621146554
9413 4.433560284789064
9554 1.271661894663404
9709 2.164615159286332
9710 5.8998973535824915
9711 1.8686109273275278
9830 5.389071729816501
10258 1.8000126109847754
10329 -0.21009069570959765
10341 3.1698682457615064
10422 0.7087940713416041
10447 0.6099482367049713
10566 5.612215281130711
10632 6.305362461690656
10729 10.196238773494795
10749 1.1754637467675824
10751 0.7939518796819108
10753 2.7790019370744945
10759 3.0666840095262753
10868 -0.37072214562370276
10999 11.224430562261421
11023 1.2880826248757316
11287 2.0286963426746007
11299 -1.5635482855978138
11385 3.8630154263214513
11408 5.052599493195288
11443 6.521680047934466
11444 7.302484352348294
11570 1.1933746733341126
11589 7.559267634764801
11634 3.3096301881366648
11671 2.2535775138873513
11769 1.6466515087745348
11785 1.9680717208581657
11816 1.9296054400303697
11917 8.867120569578129
12028 2.591790394986348
12064 3.3349479961209547
12093 1.6803896484063847
12137 4.997399943840672
12173 29.718447081535153
12366 4.695924549256556
12508 2.262311193856106
12553 1.0715836162801904
12717 0.5999147077153936
12996 4.22592092001082
13071 3.086486636822455
13108 2.2800107709555064
13440 1.4770487243883548
13443 3.502002080784121
13891 0.6065925288579992
13913 5.679253117781859
13979 3.666305132075397
14093 5.946315903030904
14151 4.359452312635343
14237 -1.3944966966083199
14267 -1.5294775732540604
14486 2.6164830075767194
14516 6.534684229936693
14518 4.513602992462601
14571 3.2373095265570386
14767 5.8998973535824915
15063 3.2373095265570386
15240 3.414990703794491
15332 -15.523117301456201
15348 2.10066984229969
15394 6.305362461690656
15551 5.789339924386015
15578 1.7945029551738059
15672 0.7275212103923018
15728 3.009525595686327
15840 12.610724923381312
