141
19 4.165296298194385
47 6.9985096422506015
194 1.5399972773188362
422 2.66777630196427
481 6.9985096422506015
492 6.721846965048431
493 3.1698682457615064
496 2.2800107709555064
498 3.3349479961209547
583 2.9041650800285006
584 4.8012850649143815
638 3.502002080784121
657 4.128071418239819
703 3.7026727762462723
705 7.814934377784571
710 2.8553749158590684
800 7.302484352348294
1050 9.201228738904462
1062 15.550742369918089
2041 10.693567313296365
2217 2.4876501357337513
2484 1.3149298749119196
2513 5.4840769416373485
2586 6.6192603762733295
2667 3.9074671888922854
2735 7.814934377784571
2755 3.260840023967233
2913 1.720394983020084
2920 0.6795415285041667
3394 3.047265923669174
3487 4.8012850649143815
3635 1.5779746429783155
3736 3.086486636822455
3898 3.047265923669174
3995 1.751485570090115
4008 3.21432000833234
4157 6.9985096422506015
4172 3.414990703794491
4425 2.498233312684696
4549 2.6418008155610093
4668 3.3609234825242154
4711 1.9296054400303697
4840 2.938066631704182
5014 2.3541187431092285
5083 1.5735596247691985
5154 2.4446327506500602
5340 3.3349479961209547
5392 2.130975191795019
5430 2.750014400201242
5615 4.099499503744866
5773 2.735829765209286
6088 1.2146844599208637
6143 5.612215281130711
6364 3.260840023967233
6518 4.695924549256556
6698 5.206750173022546
6702 6.056435457396959
6729 2.1944885975173447
6776 1.942263836902293
6872 1.3047775034479017
7156 3.8204558119026557
7242 3.6312138122641273
7286 2.822521967700703
7401 1.886521853894058
7486 4.695924549256556
7497 2.1042009669499975
7506 3.740413104229119
7563 2.335070548138534
7650 2.1081605140288473
7877 5.052599493195288
7907 2.6418008155610093
7958 4.513602992462601
8276 3.21432000833234
8294 3.666305132075397
8432 3.3875917296063767
8439 0.4690908039883759
8473 5.389071729816501
8650 3.3096301881366648
8741 3.086486636822455
8816 3.4510201673737084
8886 1.3081501879265407
9028 12.610724923381312
9151 1.258716730071367
9230 3.3096301881366648
9393 2.12194687433635
9428 2.498699971920336
9454 3.1698682457615064
9499 4.108137884354437
9733 2.1700132732246624
9791 2.344549292093078
9817 1.3183370332335338
9821 4.600614369452231
9876 5.3888890980928625
9884 3.2373095265570386
10064 3.3349479961209547
10119 6.305362461690656
10658 2.9041650800285006
10765 9.027205984925201
10794 2.938066631704182
10996 6.9985096422506015
11322 3.4431615807611875
11524 1.5178707189086098
11702 3.9539872045271784
11711 8.867120569578129
12205 4.513602992462601
12227 3.1698682457615064
12247 11.589046278964354
12250 4.997399943840672
12279 7.726030852642903
12565 5.389071729816501
12610 2.4237986637472186
12747 5.389071729816501
12790 1.5095719160939147
12823 7.244512090425085
12861 8.00555473739322
12929 3.7026727762462723
12992 2.3256808077886952
12993 4.05407066308416
13010 5.612215281130711
13080 0.8123010183501074
13146 5.8998973535824915
13449 2.6418008155610093
13492 4.8012850649143815
13672 1.5262389685791264
13680 2.2449194511442365
13838 2.3163784151263815
13913 2.8396265588909295
13930 1.3601549729168554
14208 1.1873686492739008
14237 -0.6972483483041599
14336 6.305362461690656
14357 2.476721065201561
14425 5.612215281130711
14908 2.476721065201561
15187 1.994563336305142
15332 -6.209246920582481
15453 2.236335707452845
15578 3.5890059103476117
15648 5.135385686814575
15650 4.261950383590038
15771 0.13857428876789638
