30
2218 3.740413104229119
2357 1.1873686492739008
2674 1.0272478024601386
2858 3.8630154263214513
3392 2.20271909665386
3646 2.5676928434072877
3949 2.7790019370744945
4230 2.0149030205422647
4425 1.249116656342348
4520 3.1273086313427103
4988 3.7796338173824005
5875 2.750014400201242
6418 5.206750173022546
7076 2.434161450782765
7497 0.7014003223166658
7914 2.146479378330984
8439 0.4690908039883759
9675 4.108137884354437
9709 1.082307579643166
9733 1.0850066366123312
10326 0.5230769255465112
10827 3.740413104229119
11104 4.290459441148391
11347 0.8373023205555247
12936 4.108137884354437
13354 1.8280256472124494
14140 5.052599493195288
14208 1.1873686492739008
14914 3.3096301881366648
15538 3.8204558119026557
