322
59 4.433560284789064
66 5.052599493195288
194 1.5399972773188362
209 1.7001922757025645
241 1.6902419448493964
279 5.283601631122019
327 4.40543819330772
350 6.305362461690656
356 2.591790394986348
512 4.157057432844953
583 2.9041650800285006
626 4.359452312635343
657 2.0640357091199095
800 2.434161450782765
989 4.433560284789064
1060 0.1865007192496546
1062 2.591790394986348
1118 4.8012850649143815
1131 6.9985096422506015
1356 2.363780654020965
1379 0.5370414658968836
1404 1.3708885285599641
1507 7.726030852642903
1686 1.1549652252192415
1687 2.413542163580029
1750 1.1068654304248302
1893 1.7567626271909589
1922 1.6952047341915255
1924 2.288979440938267
1964 3.260840023967233
2155 3.9539872045271784
2218 3.740413104229119
2221 3.0282177286984795
2357 3.5621059478217028
2358 3.1273086313427103
2398 3.740413104229119
2421 1.5431885268928998
2450 -0.6108568957036107
2484 1.3149298749119196
2487 4.108137884354437
2513 5.4840769416373485
2534 6.474619053114077
2536 7.134295538566462
2538 1.422560539104285
2638 2.130975191795019
2650 4.00277736869661
2674 16.435964839362217
2701 2.7218435232345457
2705 3.3315816979704644
2829 2.8088549002241754
2935 0.6320391945191633
2940 1.6278716141229383
2964 0.900435360084361
3057 2.236335707452845
3110 2.8876357780772897
3122 5.206750173022546
3148 5.612215281130711
3171 5.389071729816501
3192 1.0095482253607377
3392 2.20271909665386
3549 6.305362461690656
3646 15.406157060443725
3704 3.8630154263214513
3765 6.305362461690656
3820 3.5780469788183606
3862 3.0666840095262753
3886 4.919068100570765
3896 1.403798262648762
3898 3.047265923669174
3949 2.7790019370744945
4081 3.1066893441399746
4107 4.433560284789064
4189 5.74275051441102
4199 3.8630154263214513
4230 2.0149030205422647
4340 3.5645224377654547
4420 8.00555473739322
4425 9.992933250738783
4520 3.1273086313427103
4549 2.6418008155610093
4616 3.7851283367000415
4684 5.389071729816501
4750 0.33155284982139466
4760 5.389071729816501
4838 1.4730567031188173
4865 3.0282177286984795
4972 6.305362461690656
4988 3.7796338173824005
4989 2.6710983242293107
4990 4.513602992462601
5046 2.236335707452845
5110 3.6904360955056443
5189 4.433560284789064
5340 3.3349479961209547
5373 6.305362461690656
5439 3.7796338173824005
5484 1.8928409466523688
5498 8.216275768708874
5711 7.887185369350739
5817 5.206750173022546
5834 8.28087695142895
5836 6.9985096422506015
5875 2.750014400201242
5928 4.919068100570765
5999 2.5098732725184614
6020 3.9074671888922854
6072 4.22592092001082
6088 1.2146844599208637
6123 2.288979440938267
6136 1.457246097092175
6140 2.211017899468555
6143 5.612215281130711
6147 4.00277736869661
6159 16.836645843392134
6335 2.476721065201561
6402 1.4112609838503516
6418 5.206750173022546
6476 4.600614369452231
6533 3.3349479961209547
6586 2.288979440938267
6618 6.17060165892389
6702 3.0282177286984795
6715 6.305362461690656
6776 1.942263836902293
6872 1.3047775034479017
6959 4.165296298194385
6993 4.05407066308416
7076 9.73664580313106
7081 4.695924549256556
7088 4.919068100570765
7104 -0.6634879166512921
7125 11.589046278964354
7128 6.9985096422506015
7156 15.281823247610623
7177 4.22592092001082
7242 7.262427624528255
7281 9.711928579671117
7316 3.1273086313427103
7327 3.5327737394508745
7459 2.1944885975173447
7482 1.8055527913603908
7497 2.8056012892666633
7647 3.3096301881366648
7688 3.086486636822455
7775 4.22592092001082
7813 2.0291467231268214
7826 3.1273086313427103
7892 1.5517722705842913
7914 23.611273161640824
7917 3.414990703794491
7932 5.623636988542026
8032 0.5108256237659907
8070 9.445086121621628
8071 4.513602992462601
8155 3.1066893441399746
8175 5.389071729816501
8190 4.433560284789064
8276 3.21432000833234
8294 3.666305132075397
8337 1.9550845253313545
8338 4.22592092001082
8399 3.9539872045271784
8414 5.206750173022546
8432 3.3875917296063767
8439 0.9381816079767518
8440 4.00277736869661
8540 6.9985096422506015
8648 2.434161450782765
8650 3.3096301881366648
8660 1.675499663112193
8708 1.4810567457858934
8718 2.824122372354964
8731 2.0286963426746007
8736 2.3867493466682252
8816 3.4510201673737084
8870 3.7026727762462723
8906 3.047265923669174
8960 3.8630154263214513
9106 5.425033183061656
9154 2.465910149097345
9229 2.3933394562625097
9307 4.108137884354437
9343 3.8630154263214513
9393 1.060973437168175
9419 4.290459441148391
9454 3.1698682457615064
9531 3.34126694692204
9681 3.8204558119026557
9709 4.329230318572664
9711 3.7372218546550555
9733 1.0850066366123312
9788 4.359452312635343
9791 4.689098584186156
9798 12.679472983046026
9876 2.6944445490464313
9884 3.2373095265570386
10008 2.0568672196412967
10055 3.009525595686327
10064 3.3349479961209547
10114 2.6028323114903933
10296 3.2849375755462935
10325 3.7851283367000415
10326 2.092307702186045
10329 -0.21009069570959765
10422 0.7087940713416041
10464 4.695924549256556
10561 3.2006938814656967
10603 3.9074671888922854
10667 3.9539872045271784
10734 2.735829765209286
10739 16.61475780276431
10751 0.7939518796819108
10794 2.938066631704182
10796 3.8630154263214513
10825 2.0149030205422647
10868 -0.18536107281185138
10976 4.695924549256556
11000 4.600614369452231
11032 2.175425996420148
11102 1.9956900423327322
11104 8.580918882296782
11157 4.600614369452231
11218 0.5720211847929105
11243 3.8630154263214513
11347 6.698418564444197
11419 3.1273086313427103
11491 1.8745456628473423
11524 1.5178707189086098
11530 4.919068100570765
11646 2.3541187431092285
11702 3.9539872045271784
11711 4.433560284789064
11714 4.290459441148391
11813 5.206750173022546
11960 9.391849098513111
11969 0.7582337970798316
11981 6.305362461690656
12137 2.498699971920336
12151 3.1698682457615064
12205 4.513602992462601
12227 19.01920947456904
12247 3.8630154263214513
12249 3.9074671888922854
12250 9.994799887681344
12279 3.8630154263214513
12383 2.5046129034208957
12418 8.10814132616832
12457 3.2373095265570386
12503 2.2278250177849364
12553 2.1431672325603808
12589 6.305362461690656
12592 5.8998973535824915
12654 5.052599493195288
12723 2.288979440938267
12790 1.5095719160939147
12823 1.034930298632155
12936 4.108137884354437
12972 2.8553749158590684
12992 2.3256808077886952
13001 4.419170109356452
13010 5.612215281130711
13080 1.6246020367002147
13151 8.45184184002164
13183 3.502002080784121
13316 3.047265923669174
13354 1.8280256472124494
13357 3.3875917296063767
13360 4.05407066308416
13384 2.0568672196412967
13449 2.6418008155610093
13462 3.3096301881366648
13553 -2.222764559665152
13661 3.7026727762462723
13680 6.73475835343271
13681 2.498699971920336
13770 5.612215281130711
13817 3.5645224377654547
13867 1.087712998210074
13918 2.8396265588909295
13920 8.10814132616832
13930 2.7203099458337108
13938 4.290459441148391
14100 4.359452312635343
14140 5.052599493195288
14208 7.1242118956434055
14237 -8.36698017964992
14267 -1.1471081799405454
14272 5.612215281130711
14381 0.6866029961942954
14395 5.443687046469091
14422 2.1233123190494494
14431 1.034930298632155
14463 1.67063347346102
14528 4.05407066308416
14577 4.433560284789064
14621 4.695924549256556
14652 5.612215281130711
14725 4.359452312635343
14781 5.8998973535824915
14828 6.305362461690656
14906 0.4013639403639497
14914 3.3096301881366648
15129 2.8876357780772897
15155 0.6904112007410705
15332 -17.07542903160182
15341 0.7959741250626788
15358 2.579669034454003
15384 5.612215281130711
15439 6.9985096422506015
15453 2.236335707452845
15471 0.6940608398286201
15472 2.735829765209286
15517 1.886521853894058
15538 3.8204558119026557
15597 3.5327737394508745
15660 11.461367435707967
15704 3.7026727762462723
15709 4.372650573756367
15738 9.201228738904462
15771 0.023095714794649395
15817 5.206750173022546
15833 21.556286919266004
