235
101 5.8998973535824915
192 5.8998973535824915
209 1.7001922757025645
234 5.8998973535824915
241 1.6902419448493964
325 4.22592092001082
344 2.7790019370744945
356 5.183580789972696
373 2.750014400201242
459 4.8012850649143815
486 2.70805020110221
488 3.6312138122641273
490 5.8998973535824915
496 2.2800107709555064
502 2.5676928434072877
512 4.157057432844953
521 1.8986432144264027
569 3.0282177286984795
592 2.4446327506500602
646 4.438772298278144
704 6.305362461690656
717 2.8396265588909295
720 9.602570129828763
722 5.612215281130711
787 2.035665011990694
794 4.600614369452231
836 6.305362461690656
862 2.344549292093078
867 4.827084327160058
868 4.0573926853492015
932 2.87137525720551
978 2.298029276458185
1060 0.12433381283310307
1379 2.685207329484418
1404 4.112665585679892
1515 3.740413104229119
1686 1.1549652252192415
1876 3.502002080784121
2249 4.165296298194385
2328 2.9911764570181303
2345 3.9539872045271784
2450 -0.6108568957036107
2524 4.108137884354437
2669 5.467079729030317
2788 3.3096301881366648
2867 4.00277736869661
2908 4.290459441148391
2919 2.1944885975173447
2920 0.6795415285041667
2935 0.6320391945191633
2940 6.511486456491753
3132 3.2373095265570386
3392 2.20271909665386
3404 2.465910149097345
3593 3.666305132075397
3640 28.208642287591704
3671 3.5645224377654547
3775 5.612215281130711
3803 4.05407066308416
3812 2.2535775138873513
4031 2.555858385760285
4070 2.2137308608496604
4106 4.165296298194385
4136 3.3349479961209547
4261 2.262311193856106
4302 1.8000126109847754
4309 2.681021528714291
4319 2.049749751872433
4358 3.5645224377654547
4398 3.9539872045271784
4459 3.2849375755462935
4500 2.8396265588909295
4537 1.0196238773494795
4646 1.8686109273275278
4711 1.9296054400303697
4750 0.33155284982139466
4806 3.6312138122641273
4813 4.47267141490569
4899 3.0666840095262753
5033 2.1233123190494494
5062 4.513602992462601
5331 3.2373095265570386
5367 4.290459441148391
5409 3.502002080784121
5421 3.8630154263214513
5443 2.9041650800285006
5518 1.5868635903955612
5652 3.3096301881366648
5730 4.108137884354437
5812 3.1698682457615064
5828 2.5676928434072877
5891 3.1273086313427103
5955 2.434161450782765
6043 1.5913378707904824
6078 2.555858385760285
6123 2.288979440938267
6156 3.6000252219695508
6164 5.258123579567159
6228 3.8841815027832003
6283 3.5327737394508745
6368 2.5098732725184614
6402 1.4112609838503516
6507 2.6290617897835795
6509 5.389071729816501
6548 2.0785287164224764
6567 2.579669034454003
6688 3.7851283367000415
6941 8.712912306582258
7004 5.206750173022546
7016 6.133368019052551
7023 4.359452312635343
7092 4.165296298194385
7104 -1.3269758333025843
7197 1.730651483187273
7203 3.1066893441399746
7215 4.689098584186156
7445 3.7372218546550555
7462 1.942263836902293
7497 0.7014003223166658
7781 5.208120975156325
7813 1.0145733615634107
8199 3.009525595686327
8342 3.1066893441399746
8431 4.695924549256556
8444 1.7890234894091803
8454 4.919068100570765
8527 3.3609234825242154
8546 3.7026727762462723
8664 2.7938170228596353
8708 1.4810567457858934
8736 1.1933746733341126
8848 3.0666840095262753
8890 2.2800107709555064
8975 2.3933394562625097
8977 5.258123579567159
8978 4.842043738384536
8979 3.5780469788183606
8993 2.973157951515452
9096 4.359452312635343
9170 0.6116303228879563
9195 3.7026727762462723
9258 3.260840023967233
9282 7.266660988855193
9308 3.1698682457615064
9365 1.4972514317058743
9393 1.060973437168175
9423 2.8876357780772897
9466 4.695924549256556
9528 5.052599493195288
9717 3.3875917296063767
9791 2.344549292093078
9817 1.3183370332335338
9824 4.359452312635343
10114 1.3014161557451966
10198 3.8204558119026557
10363 4.22592092001082
10422 2.1263822140248125
10431 3.609330764544784
10443 2.4876501357337513
10659 3.4431615807611875
10906 2.035665011990694
10929 3.1066893441399746
10971 3.502002080784121
11027 5.112791462572758
11089 2.309930450438483
11193 6.305362461690656
11202 2.9209721983448818
11322 3.4431615807611875
11379 2.0426825846493406
11560 3.502002080784121
11634 3.3096301881366648
11677 5.176530251060562
11769 1.6466515087745348
11887 3.3349479961209547
11950 4.433560284789064
11977 3.7026727762462723
12093 1.6803896484063847
12229 4.695924549256556
12451 2.6290617897835795
12499 2.2711218235382606
12558 2.4446327506500602
12688 4.165296298194385
12721 3.6904360955056443
12740 20.26081218876814
12767 5.309408440793835
12768 4.290459441148391
12809 2.8088549002241754
12833 6.741197468080913
12853 1.152070867192877
12992 4.6513616155773905
13080 1.6246020367002147
13153 8.911300071139745
13220 3.2849375755462935
13338 2.5211728277723946
13602 5.389071729816501
13672 1.5262389685791264
13751 4.108137884354437
13791 3.047265923669174
14021 4.108137884354437
14165 5.617709800448351
14166 4.108137884354437
14267 -0.3823693933135151
14332 4.22592092001082
14333 5.389071729816501
14381 0.915470661592394
14399 7.004004161568242
14403 2.4446327506500602
14435 2.3933394562625097
14466 7.559267634764801
14492 6.305362461690656
14498 3.0282177286984795
14501 4.372650573756367
14656 2.2811529755342836
14692 2.8396265588909295
14753 5.206750173022546
14963 4.359452312635343
15121 1.5868635903955612
15149 2.465910149097345
15154 5.052599493195288
15192 2.978242611245248
15332 -7.761558650728101
15397 2.001297368486486
15418 2.1233123190494494
15458 2.8088549002241754
15468 2.309930450438483
15480 4.359452312635343
15587 2.5894543351888
15595 2.6641659082763383
15604 2.1233123190494494
15650 2.130975191795019
15651 2.2754468375694707
15672 0.7275212103923018
15720 4.695924549256556
15771 0.06928714438394819
15796 3.666305132075397
