277
95 5.052599493195288
209 3.400384551405129
212 5.389071729816501
241 1.6902419448493964
301 4.919068100570765
302 3.430611827025225
327 2.20271909665386
329 6.305362461690656
331 6.9985096422506015
344 2.7790019370744945
356 5.183580789972696
373 2.750014400201242
459 4.8012850649143815
488 3.6312138122641273
490 5.8998973535824915
495 2.8396265588909295
496 4.560021541911013
498 3.3349479961209547
502 5.135385686814575
512 2.0785287164224764
532 3.4431615807611875
569 3.0282177286984795
596 4.695924549256556
646 4.438772298278144
658 6.305362461690656
710 2.8553749158590684
717 2.8396265588909295
719 4.919068100570765
720 9.602570129828763
721 5.389071729816501
794 4.600614369452231
862 2.344549292093078
863 3.4431615807611875
866 4.40543819330772
867 4.827084327160058
868 6.086089028023802
870 4.433560284789064
930 6.569875151092587
978 2.298029276458185
1060 0.12433381283310307
1123 6.305362461690656
1171 2.9209721983448818
1251 6.305362461690656
1356 2.363780654020965
1379 3.2222487953813017
1404 5.4835541142398565
1690 2.455214859980597
1692 2.1944885975173447
1876 3.502002080784121
1919 5.389071729816501
2033 20.223643958505768
2240 1.65617539028579
2249 4.165296298194385
2320 8.919473854546355
2329 4.433560284789064
2345 3.9539872045271784
2450 -0.6108568957036107
2524 4.108137884354437
2542 4.695924549256556
2631 0.21292199724267172
2665 4.695924549256556
2669 12.756519367737406
2788 3.3096301881366648
2867 4.00277736869661
2913 12.042764881140588
2914 6.886323161522375
2935 1.8961175835574902
2940 1.6278716141229383
3090 3.047265923669174
3120 1.6048820958982397
3143 2.219386149139072
3329 1.981229805435677
3362 3.8204558119026557
3392 4.40543819330772
3394 6.094531847338348
3446 10.105198986390576
3578 0.6015799870344548
3640 10.074515102711324
3671 3.5645224377654547
3723 4.22592092001082
3736 3.086486636822455
3788 2.750014400201242
3812 11.267887569436756
3814 2.236335707452845
3820 1.7890234894091803
3850 3.9074671888922854
4031 2.555858385760285
4075 3.597312260588446
4136 3.3349479961209547
4208 1.5220460903190904
4314 2.764403137653342
4522 0.2603571476546441
4537 3.0588716320484384
4567 6.305362461690656
4750 0.33155284982139466
4813 6.7090071223585355
4912 3.8592108800607394
4922 8.718904625270685
5062 4.513602992462601
5110 5.5356541432584665
5243 3.6312138122641273
5269 4.8012850649143815
5333 4.22592092001082
5363 3.0666840095262753
5367 4.290459441148391
5414 2.8876357780772897
5465 3.3349479961209547
5518 3.1737271807911225
5812 3.1698682457615064
5828 7.7030785302218625
6043 1.5913378707904824
6092 4.695924549256556
6128 7.065547478901749
6156 3.6000252219695508
6164 2.6290617897835795
6228 2.5894543351888
6323 4.600614369452231
6414 3.1483620405405426
6467 2.2535775138873513
6503 4.695924549256556
6507 2.6290617897835795
6548 2.0785287164224764
6567 2.579669034454003
6595 2.4237986637472186
6609 3.1918471524802814
6622 2.579669034454003
6688 11.355385010100125
6729 2.1944885975173447
6872 2.6095550068958033
6941 15.247596536518952
7016 6.133368019052551
7044 1.880515829833846
7092 4.165296298194385
7104 -1.3269758333025843
7189 3.8630154263214513
7215 2.344549292093078
7344 1.6325336272287498
7445 3.7372218546550555
7462 3.884527673804586
7482 1.8055527913603908
7497 2.8056012892666633
7534 1.242767428663689
7593 11.861961613581535
7614 2.5676928434072877
7618 6.305362461690656
7643 4.919068100570765
7647 3.3096301881366648
7781 2.6040604875781623
7998 4.433560284789064
8199 3.009525595686327
8342 3.1066893441399746
8444 1.7890234894091803
8471 5.587634045719271
8478 3.502002080784121
8527 10.082770447572646
8546 3.7026727762462723
8708 2.962113491571787
8848 3.0666840095262753
8880 1.67063347346102
8890 2.2800107709555064
8900 4.513602992462601
8928 1.3355491621146554
8975 4.786678912525019
8977 5.258123579567159
8978 3.2280291589230243
8979 3.5780469788183606
9096 4.359452312635343
9170 1.2232606457759125
9195 3.7026727762462723
9211 3.502002080784121
9229 4.786678912525019
9257 22.717012471127436
9258 3.260840023967233
9282 5.813328791084155
9331 6.305362461690656
9365 2.9945028634117485
9393 3.1829203115045246
9406 5.052599493195288
9698 1.9878743481543455
9701 4.359452312635343
9709 1.082307579643166
9717 3.3875917296063767
9824 4.359452312635343
10008 2.0568672196412967
10114 1.3014161557451966
10154 3.3609234825242154
10198 3.8204558119026557
10393 1.9746291214043248
10422 2.8351762853664164
10431 5.774929223271654
10794 2.938066631704182
10929 3.1066893441399746
11027 7.669187193859138
11046 2.3933394562625097
11059 5.052599493195288
11089 4.619860900876966
11228 3.3096301881366648
11320 2.764403137653342
11524 1.5178707189086098
11560 10.506006242352363
11634 3.3096301881366648
11655 13.33888150982135
11677 3.4510201673737084
11769 6.586606035098139
11800 5.052599493195288
11836 4.74707365793266
11969 0.7582337970798316
11973 10.413500346045092
11977 3.7026727762462723
12345 4.600614369452231
12383 2.5046129034208957
12390 12.16221198925248
12451 5.258123579567159
12455 -0.2152586658680402
12499 11.355609117691303
12550 4.290459441148391
12558 2.4446327506500602
12688 4.165296298194385
12721 5.5356541432584665
12740 7.5978045707880515
12767 18.582929542778423
12768 4.290459441148391
12809 2.8088549002241754
12823 4.13972119452862
12825 5.206750173022546
12833 9.630282097258448
12850 3.502002080784121
12853 1.152070867192877
12992 2.3256808077886952
13003 4.433560284789064
13029 3.3219431250985663
13080 3.2492040734004295
13153 15.594775124494554
13312 2.955458374416051
13316 3.047265923669174
13547 1.6003469407328483
13693 3.666305132075397
13714 4.165296298194385
13835 4.00277736869661
13968 3.3349479961209547
13978 4.00277736869661
14165 2.8088549002241754
14267 -0.3823693933135151
14335 5.206750173022546
14340 4.108137884354437
14381 1.1443383269904925
14403 2.4446327506500602
14416 0.7739512129752414
14419 3.597312260588446
14455 1.637217476541176
14463 1.67063347346102
14466 3.7796338173824005
14501 10.931626434390918
14527 2.938066631704182
14618 4.22592092001082
14656 1.1405764877671418
14753 5.206750173022546
14963 4.359452312635343
15121 1.5868635903955612
15149 2.465910149097345
15155 2.0712336022232116
15192 2.978242611245248
15299 7.640911623805311
15332 -18.627740761747443
15341 0.7959741250626788
15348 2.10066984229969
15397 2.001297368486486
15468 1.1549652252192415
15587 2.5894543351888
15593 10.791936781765338
15595 6.660414770690846
15650 2.130975191795019
15651 5.688617093923677
15658 6.305362461690656
15672 0.7275212103923018
15771 0.16167000356254577
15796 3.666305132075397
