250
95 5.052599493195288
212 5.389071729816501
213 5.8998973535824915
301 4.919068100570765
302 1.7153059135126125
326 6.9985096422506015
327 4.40543819330772
329 6.305362461690656
344 2.7790019370744945
356 2.591790394986348
488 3.6312138122641273
495 2.8396265588909295
496 2.2800107709555064
498 3.3349479961209547
515 5.8998973535824915
569 3.0282177286984795
592 4.8892655013001205
658 6.305362461690656
720 4.8012850649143815
721 5.389071729816501
794 4.600614369452231
862 2.344549292093078
863 3.4431615807611875
866 4.40543819330772
867 4.827084327160058
868 6.086089028023802
870 4.433560284789064
929 6.9985096422506015
930 6.569875151092587
978 2.298029276458185
1060 0.12433381283310307
1123 6.305362461690656
1251 6.305362461690656
1299 6.305362461690656
1379 2.685207329484418
1404 4.112665585679892
1690 2.455214859980597
1692 2.1944885975173447
1777 5.612215281130711
1782 5.443687046469091
1876 3.502002080784121
1919 5.389071729816501
1929 2.1081605140288473
2033 26.964858611341022
2320 8.919473854546355
2329 4.433560284789064
2345 3.9539872045271784
2412 4.108137884354437
2450 -1.2217137914072214
2620 11.224430562261421
2631 0.6387659917280152
2669 9.11179954838386
2867 8.00555473739322
2913 10.322369898120504
2914 6.886323161522375
3090 3.047265923669174
3120 1.6048820958982397
3143 2.219386149139072
3329 1.981229805435677
3362 3.8204558119026557
3392 4.40543819330772
3394 6.094531847338348
3446 10.105198986390576
3640 8.059612082169059
3723 4.22592092001082
3736 3.086486636822455
3788 2.750014400201242
3812 9.014310055549405
3814 2.236335707452845
3850 3.9074671888922854
4075 3.597312260588446
4167 2.0712559570933964
4201 6.9985096422506015
4314 2.764403137653342
4352 5.8998973535824915
4522 0.2603571476546441
4537 2.039247754698959
4646 1.8686109273275278
4750 0.33155284982139466
4813 4.47267141490569
4912 5.788816320091109
4970 1.9746291214043248
5062 4.513602992462601
5110 3.6904360955056443
5269 4.8012850649143815
5318 3.1066893441399746
5333 4.22592092001082
5339 1.1784267118982394
5363 3.0666840095262753
5367 4.290459441148391
5414 2.8876357780772897
5465 3.3349479961209547
5666 3.47214911763444
5828 5.135385686814575
6043 1.5913378707904824
6128 3.5327737394508745
6131 4.359452312635343
6156 3.6000252219695508
6164 2.6290617897835795
6228 3.8841815027832003
6293 5.206750173022546
6323 4.600614369452231
6467 2.2535775138873513
6503 4.695924549256556
6507 5.258123579567159
6548 2.0785287164224764
6567 2.579669034454003
6595 2.4237986637472186
6609 3.1918471524802814
6688 11.355385010100125
6729 2.1944885975173447
6872 3.914332510343705
6941 13.069368459873386
6970 2.1863252868781835
7044 1.880515829833846
7104 -2.6539516666051686
7189 3.8630154263214513
7215 4.689098584186156
7286 1.4112609838503516
7325 2.8088549002241754
7344 1.6325336272287498
7462 3.884527673804586
7482 1.8055527913603908
7497 2.1042009669499975
7534 1.242767428663689
7593 11.861961613581535
7614 2.5676928434072877
7618 6.305362461690656
7643 4.919068100570765
7781 2.6040604875781623
7828 4.05407066308416
7998 4.433560284789064
8028 5.052599493195288
8199 3.009525595686327
8444 1.7890234894091803
8471 2.7938170228596353
8478 3.502002080784121
8527 10.082770447572646
8708 2.962113491571787
8848 3.0666840095262753
8880 3.34126694692204
8900 4.513602992462601
8904 2.1863252868781835
8928 1.3355491621146554
8975 4.786678912525019
8978 1.6140145794615122
8979 3.5780469788183606
8993 2.973157951515452
9032 4.8012850649143815
9170 0.6116303228879563
9195 3.7026727762462723
9211 3.502002080784121
9229 4.786678912525019
9257 22.717012471127436
9282 4.359996593313117
9331 6.305362461690656
9345 2.66777630196427
9365 2.9945028634117485
9393 1.060973437168175
9406 5.052599493195288
9701 4.359452312635343
9717 3.3875917296063767
10008 2.0568672196412967
10154 3.3609234825242154
10258 1.8000126109847754
10422 2.1263822140248125
10431 4.33119691745374
10443 2.4876501357337513
10658 2.9041650800285006
10794 2.938066631704182
10872 1.6048820958982397
10929 3.1066893441399746
11027 3.834593596929569
11059 5.052599493195288
11089 5.774826126096207
11228 3.3096301881366648
11317 3.0666840095262753
11375 2.681021528714291
11491 1.8745456628473423
11524 3.0357414378172196
11560 3.502002080784121
11591 2.7218435232345457
11634 3.3096301881366648
11655 26.6777630196427
11677 1.7255100836868542
11769 4.939954526323604
11800 5.052599493195288
11836 7.12061048689899
11840 1.6902419448493964
11973 5.206750173022546
11977 3.7026727762462723
12345 4.600614369452231
12383 2.5046129034208957
12390 4.05407066308416
12451 2.6290617897835795
12455 -0.2152586658680402
12499 11.355609117691303
12550 4.290459441148391
12558 2.4446327506500602
12700 6.9985096422506015
12721 5.5356541432584665
12740 5.065203047192035
12767 15.928225322381504
12768 4.290459441148391
12823 5.174651493160774
12825 10.413500346045092
12833 6.741197468080913
12850 3.502002080784121
12992 2.3256808077886952
13001 1.4730567031188173
13003 4.433560284789064
13029 1.6609715625492831
13075 3.9539872045271784
13080 2.436903055050322
13153 13.366950106709618
13312 2.955458374416051
13316 3.047265923669174
13693 3.666305132075397
13781 7.640911623805311
13835 4.00277736869661
13897 2.7218435232345457
13978 4.00277736869661
14165 2.8088549002241754
14267 -0.7647387866270302
14335 5.206750173022546
14340 4.108137884354437
14381 1.1443383269904925
14416 0.7739512129752414
14419 3.597312260588446
14501 8.745301147512734
14527 2.938066631704182
14618 4.22592092001082
14656 1.1405764877671418
14753 5.206750173022546
15121 3.1737271807911225
15155 2.0712336022232116
15192 4.467363916867872
15299 3.8204558119026557
15332 -13.970805571310581
15341 0.7959741250626788
15348 2.10066984229969
15397 2.001297368486486
15593 10.791936781765338
15595 5.3283318165526765
15650 2.130975191795019
15651 4.5508936751389415
15658 6.305362461690656
15672 1.4550424207846036
15694 2.938066631704182
15771 0.16167000356254577
