96
2036 1.9486536350010641
2038 1.880515829833846
2334 0.7939518796819108
2421 1.5431885268928998
2450 -3.0542844785180536
2484 1.3149298749119196
2513 1.8280256472124494
2533 6.305362461690656
2536 1.7835738846416156
2638 2.130975191795019
2674 2.054495604920277
2858 3.8630154263214513
3409 8.00555473739322
3646 5.135385686814575
3647 2.1081605140288473
3949 2.7790019370744945
3982 1.0769312226067855
4021 1.5054481989100525
4189 11.48550102882204
4222 2.3256808077886952
4310 4.290459441148391
4423 7.726030852642903
4520 3.1273086313427103
4701 5.8998973535824915
4759 3.21432000833234
4783 2.1782280766455644
4899 3.0666840095262753
4988 3.7796338173824005
5339 1.1784267118982394
5340 3.3349479961209547
5517 1.6232312345664361
5835 3.1273086313427103
5875 2.750014400201242
5973 1.4770487243883548
6136 1.457246097092175
6439 9.027205984925201
6618 4.113734439282593
6776 1.942263836902293
6797 9.602570129828763
7104 -0.6634879166512921
7242 3.6312138122641273
7286 1.4112609838503516
7327 3.5327737394508745
7834 3.5327737394508745
7932 1.8745456628473423
8142 2.9041650800285006
8294 3.666305132075397
8650 3.3096301881366648
8660 1.675499663112193
8906 3.047265923669174
9169 3.4431615807611875
9242 6.9985096422506015
9393 1.060973437168175
9884 3.2373095265570386
10064 3.3349479961209547
10326 0.5230769255465112
10422 0.7087940713416041
10561 1.6003469407328483
10739 2.37353682896633
10749 1.1754637467675824
10791 4.05407066308416
10794 2.938066631704182
11102 1.9956900423327322
11168 1.2781978656431896
11347 0.8373023205555247
11481 1.6186122887101415
11908 1.5346778372249912
11969 0.7582337970798316
12227 3.1698682457615064
12455 -0.4305173317360804
12850 3.502002080784121
12969 3.7026727762462723
13029 1.6609715625492831
13462 6.6192603762733295
13553 -0.7409215198883841
13613 1.8111238364098463
13845 2.001297368486486
13918 2.8396265588909295
14132 6.9985096422506015
14208 1.1873686492739008
14237 -3.4862417415207996
14267 -0.3823693933135151
14381 0.2288676653980985
14416 0.7739512129752414
14528 4.05407066308416
14647 3.8630154263214513
14914 3.3096301881366648
15099 6.94429823526888
15129 2.8876357780772897
15155 0.6904112007410705
15332 -1.5523117301456202
15551 1.1578679848772029
15600 3.009525595686327
15660 3.8204558119026557
15672 0.7275212103923018
15794 5.135385686814575
