30
728 6.9985096422506015
794 4.600614369452231
866 2.20271909665386
867 2.413542163580029
868 4.0573926853492015
2345 3.9539872045271784
2665 4.695924549256556
3640 4.029806041084529
3811 9.201228738904462
4813 2.236335707452845
4912 1.9296054400303697
6043 1.5913378707904824
7104 -0.6634879166512921
8199 3.009525595686327
8527 3.3609234825242154
8848 3.0666840095262753
9717 3.3875917296063767
10258 1.8000126109847754
10431 0.7218661529089567
11576 3.3096301881366648
11769 1.6466515087745348
12721 1.8452180477528222
12740 2.5326015235960173
12761 4.513602992462601
12833 0.9630282097258448
13693 7.332610264150794
13913 2.8396265588909295
15650 2.130975191795019
15672 0.7275212103923018
15771 0.023095714794649395
