469
122 6.9985096422506015
170 3.7796338173824005
194 0.7699986386594181
241 1.6902419448493964
486 2.70805020110221
488 7.262427624528255
491 6.213378688279949
492 3.3609234825242154
495 8.518879676672789
498 3.3349479961209547
500 4.3403918098966
502 2.5676928434072877
592 2.4446327506500602
657 2.0640357091199095
1060 0.5595021577489638
1094 4.670141096277068
1379 0.5370414658968836
1438 6.9985096422506015
1513 4.433560284789064
1515 3.740413104229119
1686 1.1549652252192415
1692 2.1944885975173447
1737 6.9985096422506015
1893 5.270287881572877
1910 6.9985096422506015
1957 14.578879277414178
1979 3.9539872045271784
1986 2.4237986637472186
1997 3.009525595686327
2019 2.344549292093078
2049 4.74707365793266
2051 2.66777630196427
2064 1.5647876386963615
2070 1.4730567031188173
2088 20.827000692090184
2092 6.305362461690656
2103 2.4446327506500602
2162 9.50960473728452
2167 13.33888150982135
2224 1.981229805435677
2240 1.65617539028579
2247 2.219386149139072
2258 14.35687628602755
2271 2.392481826505467
2333 4.8012850649143815
2334 1.5879037593638217
2351 1.5647876386963615
2380 7.559267634764801
2450 -0.6108568957036107
2492 6.094531847338348
2494 7.814934377784571
2513 3.656051294424899
2519 3.3804838896987928
2521 4.165296298194385
2544 6.9985096422506015
2595 2.5211728277723946
2640 2.735829765209286
2673 6.305362461690656
2682 4.108137884354437
2706 3.6312138122641273
2777 5.052599493195288
2787 15.959235762401407
2862 1.4690805547391779
2919 2.1944885975173447
2920 0.6795415285041667
2938 6.9985096422506015
2940 4.883614842368815
2959 9.498949194191207
2964 0.900435360084361
2965 6.9985096422506015
3006 5.612215281130711
3173 6.305362461690656
3215 0.589980851191103
3265 34.149907037944914
3269 32.204300586165616
3270 4.695924549256556
3350 5.8998973535824915
3374 1.9680717208581657
3380 2.3541187431092285
3392 2.20271909665386
3433 6.9985096422506015
3449 0.9823524825522477
3506 1.6411310564000017
3516 2.0785287164224764
3578 1.2031599740689096
3614 1.4378280112350734
3635 1.5779746429783155
3657 2.6164830075767194
3691 3.7026727762462723
3737 1.8055527913603908
3738 4.05407066308416
3759 2.4033897921160112
3774 1.7255100836868542
3840 2.5961321377198296
3898 3.047265923669174
3900 5.612215281130711
3951 7.907974409054357
3989 5.389071729816501
4004 2.4446327506500602
4053 -0.4485604512546557
4070 1.1068654304248302
4167 4.142511914186793
4222 6.977042423366086
4230 2.0149030205422647
4265 3.5327737394508745
4295 2.9209721983448818
4307 2.824122372354964
4321 8.566124747577206
4325 6.42864001666468
4334 3.1698682457615064
4359 4.8012850649143815
4391 9.782520071901699
4405 1.3460204619819507
4416 1.3637200390813515
4423 3.8630154263214513
4445 5.8998973535824915
4500 2.8396265588909295
4522 0.5207142953092883
4536 5.41610040220442
4613 2.211017899468555
4616 1.8925641683500207
4625 5.5356541432584665
4677 4.919068100570765
4727 12.610724923381312
4750 0.33155284982139466
4783 2.1782280766455644
4826 13.801843108356692
4846 16.174207198640215
4847 5.206750173022546
4857 2.0712559570933964
4866 2.5211728277723946
4871 2.4876501357337513
4876 4.489838902288473
4878 4.101893581287706
4917 5.389071729816501
4946 5.389071729816501
4947 3.414990703794491
4991 3.9539872045271784
5019 4.290459441148391
5022 4.22592092001082
5103 3.414990703794491
5116 1.961557039836972
5135 5.389071729816501
5142 4.919068100570765
5151 12.779291928801424
5154 2.4446327506500602
5155 3.3096301881366648
5219 6.305362461690656
5238 7.262427624528255
5269 9.602570129828763
5288 6.305362461690656
5319 3.086486636822455
5350 2.955458374416051
5384 4.05407066308416
5439 7.559267634764801
5484 1.8928409466523688
5517 1.6232312345664361
5533 3.7026727762462723
5539 3.430611827025225
5540 3.1698682457615064
5590 1.4533321977710387
5630 0.23830767558032406
5668 2.955458374416051
5676 3.502002080784121
5687 2.0785287164224764
5721 4.22592092001082
5736 2.8088549002241754
5737 3.740413104229119
5739 2.8876357780772897
5850 3.047265923669174
5860 6.9985096422506015
5872 15.264974075982561
5874 5.159338068908006
5891 3.1273086313427103
6078 2.555858385760285
6088 1.2146844599208637
6123 2.288979440938267
6140 2.211017899468555
6169 4.8067795842320225
6206 4.22592092001082
6216 4.786678912525019
6228 1.2947271675944
6233 3.1918471524802814
6335 2.476721065201561
6345 3.414990703794491
6382 5.612215281130711
6387 2.9911764570181303
6393 4.22592092001082
6429 5.8998973535824915
6433 3.6078160355538174
6447 1.2880826248757316
6478 6.305362461690656
6538 17.699692060747473
6567 2.579669034454003
6576 3.666305132075397
6615 6.9985096422506015
6623 6.9985096422506015
6751 2.5441623459970937
6819 1.7153059135126125
6887 1.152070867192877
7019 2.130975191795019
7025 1.0095482253607377
7028 2.764403137653342
7072 1.9486536350010641
7076 2.434161450782765
7104 -1.9904637499538764
7118 3.1273086313427103
7123 4.513602992462601
7338 4.8012850649143815
7344 1.6325336272287498
7347 6.9985096422506015
7481 39.35254480456612
7482 3.6111055827207816
7497 0.7014003223166658
7567 6.305362461690656
7578 1.5646118380827554
7591 2.0426825846493406
7655 4.433560284789064
7701 3.6312138122641273
7767 3.414990703794491
7813 2.0291467231268214
7838 4.216321028057695
7846 2.7218435232345457
7968 3.047265923669174
7981 2.0426825846493406
7991 2.629859749823839
8043 1.730651483187273
8086 3.3096301881366648
8153 2.8396265588909295
8167 3.6312138122641273
8248 6.9985096422506015
8256 1.6803896484063847
8315 2.764403137653342
8361 5.612215281130711
8362 6.9985096422506015
8439 1.8763632159535035
8444 3.5780469788183606
8450 6.9985096422506015
8510 6.9985096422506015
8514 12.048462332831189
8523 0.7256326357044336
8578 3.1066893441399746
8643 4.002594736972972
8660 3.350999326224386
8672 5.775271556154579
8718 2.824122372354964
8731 2.0286963426746007
8758 4.433560284789064
8762 4.8012850649143815
8768 5.389071729816501
8799 3.502002080784121
8816 1.7255100836868542
8822 2.2800107709555064
8880 3.34126694692204
8886 1.3081501879265407
8928 1.3355491621146554
8992 5.8998973535824915
9069 3.260840023967233
9106 1.0850066366123312
9122 2.7489842721265254
9151 1.258716730071367
9170 1.8348909686638688
9216 6.9985096422506015
9229 2.3933394562625097
9264 4.513602992462601
9272 10.105198986390576
9280 3.502002080784121
9282 1.4533321977710387
9340 9.83813620114153
9353 2.476721065201561
9365 1.4972514317058743
9384 1.3355491621146554
9391 2.735829765209286
9397 6.9985096422506015
9466 4.695924549256556
9467 6.9985096422506015
9481 1.7727629685373998
9559 -2.4127693717942438
9698 3.975748696308691
9719 4.290459441148391
9732 6.305362461690656
9809 5.052599493195288
9818 3.21432000833234
9895 4.577958881876534
9970 1.4513908541342142
9979 11.966697281312548
10029 4.847597327494437
10196 2.5211728277723946
10233 3.4431615807611875
10278 3.2849375755462935
10287 3.009525595686327
10298 4.05407066308416
10307 2.5676928434072877
10326 1.0461538510930224
10329 -0.8403627828383906
10337 4.919068100570765
10393 1.9746291214043248
10422 1.4175881426832082
10431 0.7218661529089567
10437 1.3672978604292356
10443 2.4876501357337513
10446 6.296724081081085
10447 1.2198964734099427
10471 5.612215281130711
10491 3.086486636822455
10540 6.9985096422506015
10559 3.8630154263214513
10561 1.6003469407328483
10672 3.414990703794491
10735 4.8012850649143815
10749 5.877318733837912
10753 2.7790019370744945
10825 2.0149030205422647
10828 9.83813620114153
10868 -0.5560832184355542
10887 5.389071729816501
10889 6.17297327364491
10903 2.476721065201561
10906 4.071330023981388
10909 2.7790019370744945
10911 10.893641436792382
11023 1.2880826248757316
11034 1.5958322603783217
11102 0.6652300141109108
11106 8.087103599320107
11110 0.8102455191680114
11218 2.8601059239645528
11287 2.0286963426746007
11299 -2.6059138093296896
11304 1.2054960338664575
11379 8.170730338597362
11463 3.47214911763444
11503 2.8876357780772897
11518 7.726030852642903
11570 1.1933746733341126
11576 3.3096301881366648
11624 6.9985096422506015
11651 5.8998973535824915
11707 3.2373095265570386
11713 4.290459441148391
11769 1.6466515087745348
11781 2.591790394986348
11790 2.2449194511442365
11798 5.052599493195288
11828 2.955458374416051
11905 3.2849375755462935
11907 7.302484352348294
11929 4.600614369452231
11945 3.910169050662709
11964 6.305362461690656
11969 0.7582337970798316
11984 2.4237986637472186
12030 4.600614369452231
12042 2.6418008155610093
12093 3.3607792968127694
12122 2.3927825337470767
12175 2.955458374416051
12186 4.108137884354437
12241 2.579669034454003
12254 2.335070548138534
12295 6.9985096422506015
12312 2.7938170228596353
12377 2.6920409239639014
12383 1.2523064517104479
12439 4.513602992462601
12508 4.524622387712212
12538 10.778143459633002
12707 2.2278250177849364
12708 9.574993562269931
12759 4.22592092001082
12773 0.8826175167675673
12783 1.8986432144264027
12792 3.8204558119026557
12796 2.9209721983448818
12797 2.7218435232345457
12801 15.287306456145737
12803 1.3637200390813515
12805 11.141076514487649
12824 4.919068100570765
12853 1.152070867192877
12997 3.502002080784121
13001 1.4730567031188173
13005 3.8630154263214513
13045 1.886521853894058
13046 3.47214911763444
13080 0.8123010183501074
13138 4.600614369452231
13144 6.9985096422506015
13189 1.8745456628473423
13302 4.359452312635343
13314 2.0286963426746007
13354 1.8280256472124494
13355 6.9985096422506015
13390 2.236335707452845
13448 6.9985096422506015
13508 1.7255100836868542
13527 2.049749751872433
13553 -2.593225319609344
13648 4.359452312635343
13672 1.5262389685791264
13708 3.9539872045271784
13718 2.6850356628614973
13719 3.9074671888922854
13721 6.9985096422506015
13734 1.942263836902293
13754 11.461367435707967
13755 4.919068100570765
13756 6.9985096422506015
13843 2.1782280766455644
13891 0.6065925288579992
13917 5.206750173022546
13938 4.290459441148391
13961 4.00277736869661
14044 4.383526125696194
14078 5.019746545036923
14136 1.4810567457858934
14145 5.612215281130711
14168 2.9041650800285006
14190 6.305362461690656
14202 3.666305132075397
14237 -0.6972483483041599
14267 -1.9118469665675755
14309 1.5137127087599462
14313 1.6466515087745348
14345 3.9539872045271784
14381 0.457735330796197
14463 1.67063347346102
14498 3.0282177286984795
14571 3.2373095265570386
14588 2.0785287164224764
14597 3.2849375755462935
14620 6.462967667376029
14632 11.224430562261421
14682 1.5431885268928998
14741 5.8998973535824915
14744 3.4431615807611875
14763 5.389071729816501
14777 6.9985096422506015
14906 1.6054557614557987
14930 6.9985096422506015
14939 6.9985096422506015
15005 6.305362461690656
15025 6.9985096422506015
15155 2.0712336022232116
15181 1.751485570090115
15224 2.9041650800285006
15233 5.8998973535824915
15259 2.6641659082763383
15292 2.211017899468555
15295 4.165296298194385
15332 -31.046234602912403
15341 1.5919482501253577
15358 2.579669034454003
15373 7.329246761818062
15391 4.290459441148391
15404 9.027205984925201
15413 8.947385059502327
15471 0.6940608398286201
15489 6.9985096422506015
15516 5.612215281130711
15551 3.4736039546316086
15587 1.2947271675944
15672 0.7275212103923018
15685 0.8716404581364162
15702 2.8553749158590684
15771 0.09238285917859758
15827 1.9109133070182172
15828 6.558886765176185
15854 6.9985096422506015
