23
863 3.4431615807611875
866 2.20271909665386
870 4.433560284789064
930 3.2849375755462935
2033 1.6853036632088139
2320 2.973157951515452
2365 3.7026727762462723
4097 2.955458374416051
5333 4.22592092001082
7295 3.7026727762462723
7593 3.9539872045271784
8153 2.8396265588909295
8392 4.600614369452231
8880 1.67063347346102
9257 2.8396265588909295
9393 1.060973437168175
10542 5.612215281130711
10794 2.938066631704182
11655 2.66777630196427
12062 3.47214911763444
12761 4.513602992462601
13449 2.6418008155610093
14419 3.597312260588446
