279
57 3.7796338173824005
59 4.433560284789064
194 1.5399972773188362
327 4.40543819330772
341 4.8012850649143815
344 2.7790019370744945
583 2.9041650800285006
638 3.502002080784121
657 2.0640357091199095
703 7.405345552492545
705 7.814934377784571
710 2.8553749158590684
800 2.434161450782765
935 3.740413104229119
1062 2.591790394986348
1118 4.8012850649143815
1379 0.5370414658968836
1687 2.413542163580029
1750 4.427461721699321
1886 3.1273086313427103
2026 2.681021528714291
2036 1.9486536350010641
2038 1.880515829833846
2041 3.5645224377654547
2068 3.3609234825242154
2070 1.4730567031188173
2170 5.389071729816501
2218 3.740413104229119
2241 4.8012850649143815
2316 4.600614369452231
2398 3.740413104229119
2407 2.236335707452845
2450 -0.6108568957036107
2513 3.656051294424899
2536 3.567147769283231
2542 4.695924549256556
2586 3.3096301881366648
2667 3.9074671888922854
2674 8.217982419681109
2855 6.305362461690656
2913 1.720394983020084
2935 0.6320391945191633
2964 1.800870720168722
3180 2.7938170228596353
3293 3.6312138122641273
3302 5.612215281130711
3339 4.22592092001082
3392 4.40543819330772
3482 3.3096301881366648
3486 6.305362461690656
3646 7.7030785302218625
3647 2.1081605140288473
3704 3.8630154263214513
3804 2.750014400201242
3882 5.612215281130711
3949 2.7790019370744945
4107 4.433560284789064
4189 8.614125771616528
4208 1.5220460903190904
4230 2.0149030205422647
4309 2.681021528714291
4340 3.5645224377654547
4385 3.1273086313427103
4394 5.612215281130711
4398 3.9539872045271784
4416 1.3637200390813515
4420 4.00277736869661
4425 7.4946999380540875
4500 2.8396265588909295
4520 3.1273086313427103
4522 0.2603571476546441
4549 2.6418008155610093
4616 3.7851283367000415
4707 3.740413104229119
4750 0.33155284982139466
4759 3.21432000833234
4865 3.0282177286984795
4871 2.4876501357337513
4924 3.2849375755462935
4988 11.338901452147201
4989 1.3355491621146554
4990 4.513602992462601
5046 2.236335707452845
5272 3.597312260588446
5283 3.2849375755462935
5339 1.1784267118982394
5340 3.3349479961209547
5414 2.8876357780772897
5430 2.750014400201242
5439 3.7796338173824005
5484 1.8928409466523688
5517 1.6232312345664361
5615 4.099499503744866
5647 4.513602992462601
5687 2.0785287164224764
5834 6.62470156114316
5875 2.750014400201242
5973 1.4770487243883548
6136 1.457246097092175
6151 4.222567985219234
6252 8.867120569578129
6402 7.056304919251758
6418 5.206750173022546
6535 4.919068100570765
6622 2.579669034454003
6702 3.0282177286984795
6776 1.942263836902293
6872 2.6095550068958033
7076 2.434161450782765
7080 6.9985096422506015
7156 15.281823247610623
7177 4.22592092001082
7242 3.6312138122641273
7286 1.4112609838503516
7327 3.5327737394508745
7459 2.1944885975173447
7497 3.507001611583329
7578 0.5215372793609184
7597 4.372650573756367
7633 3.7490913256946845
7791 5.612215281130711
7813 1.0145733615634107
7854 3.3609234825242154
7877 5.052599493195288
7892 1.5517722705842913
7914 10.73239689165492
7932 5.623636988542026
8000 6.305362461690656
8070 3.1483620405405426
8071 4.513602992462601
8190 4.433560284789064
8256 1.6803896484063847
8276 3.21432000833234
8294 3.666305132075397
8337 1.9550845253313545
8338 4.22592092001082
8399 3.9539872045271784
8416 6.305362461690656
8433 5.052599493195288
8439 2.8145448239302553
8440 4.00277736869661
8558 6.9985096422506015
8648 2.434161450782765
8650 3.3096301881366648
8686 6.305362461690656
8708 7.405283728929467
8736 2.3867493466682252
8886 1.3081501879265407
8906 3.047265923669174
8978 1.6140145794615122
9054 5.612215281130711
9085 5.8998973535824915
9106 3.2550199098369936
9128 12.610724923381312
9218 6.9985096422506015
9229 2.3933394562625097
9306 3.8630154263214513
9307 4.108137884354437
9393 5.304867185840875
9419 4.290459441148391
9454 3.1698682457615064
9531 1.67063347346102
9681 3.8204558119026557
9709 3.246922738929498
9711 3.7372218546550555
9788 4.359452312635343
9798 15.849341228807532
9876 2.6944445490464313
9884 3.2373095265570386
10006 5.3888890980928625
10008 2.0568672196412967
10054 3.0282177286984795
10055 3.009525595686327
10064 3.3349479961209547
10217 4.30864511158402
10258 1.8000126109847754
10325 1.8925641683500207
10326 2.092307702186045
10422 0.7087940713416041
10455 4.513602992462601
10629 3.7026727762462723
10739 11.86768414483165
10765 9.027205984925201
10794 2.938066631704182
10796 3.8630154263214513
10825 2.0149030205422647
11010 4.919068100570765
11089 1.1549652252192415
11102 1.9956900423327322
11104 4.290459441148391
11165 2.1863252868781835
11295 3.2373095265570386
11347 5.023813923333148
11520 3.1066893441399746
11661 9.201228738904462
11696 3.2373095265570386
11702 3.9539872045271784
11711 4.433560284789064
11784 3.47214911763444
12057 2.10066984229969
12062 3.47214911763444
12066 3.7796338173824005
12151 3.1698682457615064
12173 1.981229805435677
12205 4.513602992462601
12227 3.1698682457615064
12247 3.8630154263214513
12249 3.9074671888922854
12250 4.997399943840672
12279 3.8630154263214513
12418 8.10814132616832
12455 -0.2152586658680402
12503 2.2278250177849364
12553 1.0715836162801904
12642 5.612215281130711
12717 0.5999147077153936
12819 5.389071729816501
12823 1.034930298632155
12850 3.502002080784121
12861 4.00277736869661
12891 3.7796338173824005
12936 4.108137884354437
12991 3.1066893441399746
12992 2.3256808077886952
12993 4.05407066308416
13001 1.4730567031188173
13136 5.206750173022546
13153 2.2278250177849364
13357 3.3875917296063767
13360 4.05407066308416
13449 5.283601631122019
13553 -1.8523037997209602
13662 4.290459441148391
13680 6.73475835343271
13742 4.290459441148391
13838 2.3163784151263815
13845 4.002594736972972
13867 1.087712998210074
13916 3.1066893441399746
13918 5.679253117781859
13930 1.3601549729168554
13952 11.799794707164983
14008 2.001297368486486
14100 4.359452312635343
14104 1.710242611556066
14187 5.206750173022546
14208 9.498949194191207
14237 -5.5779867864332795
14267 -0.3823693933135151
14308 2.0640357091199095
14381 0.2288676653980985
14395 8.165530569703638
14414 5.8998973535824915
14431 1.034930298632155
14463 1.67063347346102
14512 8.33059259638877
14521 3.666305132075397
14527 2.938066631704182
14528 8.10814132616832
14621 14.087773647769666
14633 2.6547042203969173
14656 6.843458926602851
14682 3.0863770537857995
14692 2.8396265588909295
14725 4.359452312635343
14767 5.8998973535824915
14906 0.4013639403639497
15099 6.94429823526888
15332 -17.07542903160182
15358 2.579669034454003
15453 8.94534282981138
15471 1.3881216796572402
15516 5.612215281130711
15660 3.8204558119026557
15669 4.324455470598246
15677 1.5779746429783155
15702 2.8553749158590684
15709 2.1863252868781835
15735 2.938066631704182
