205
4 4.8012850649143815
174 1.6232312345664361
194 0.7699986386594181
512 2.0785287164224764
521 3.7972864288528054
607 2.5211728277723946
695 2.9911764570181303
784 6.9985096422506015
927 2.0785287164224764
928 6.9985096422506015
1008 5.8998973535824915
1820 3.3875917296063767
1923 2.211017899468555
2026 2.681021528714291
2217 2.4876501357337513
2288 3.7796338173824005
2334 1.5879037593638217
2413 6.9985096422506015
2450 -3.665141374221664
2484 1.3149298749119196
2513 3.656051294424899
2534 3.2373095265570386
2536 5.350721653924847
2586 3.3096301881366648
2638 2.130975191795019
2674 1.0272478024601386
2705 1.6657908489852322
2760 4.359452312635343
2919 2.1944885975173447
2964 0.900435360084361
3086 6.9985096422506015
3148 5.612215281130711
3409 4.00277736869661
3465 5.612215281130711
3604 6.9985096422506015
3635 1.5779746429783155
3647 4.216321028057695
3669 11.224430562261421
3690 1.4972514317058743
3700 1.2947271675944
3704 3.8630154263214513
3840 2.5961321377198296
3882 11.224430562261421
4088 3.5645224377654547
4107 4.433560284789064
4126 5.206750173022546
4189 14.35687628602755
4197 4.695924549256556
4420 4.00277736869661
4425 8.743816594396435
4427 3.597312260588446
4520 3.1273086313427103
4562 3.3096301881366648
4707 3.740413104229119
4783 2.1782280766455644
4838 1.4730567031188173
4852 1.258716730071367
5029 3.2373095265570386
5046 4.47267141490569
5409 3.502002080784121
5416 4.108137884354437
5430 2.750014400201242
5436 2.8876357780772897
5467 6.305362461690656
5478 4.433560284789064
5499 6.305362461690656
5553 6.9985096422506015
5563 3.1066893441399746
5687 2.0785287164224764
5817 5.206750173022546
5834 1.65617539028579
5835 3.1273086313427103
5857 6.9985096422506015
5973 1.4770487243883548
6015 3.1918471524802814
6043 1.5913378707904824
6136 1.457246097092175
6151 2.815045323479489
6159 5.612215281130711
6228 2.5894543351888
6235 3.681205557361756
6402 1.4112609838503516
6507 2.6290617897835795
6533 3.3349479961209547
6595 2.4237986637472186
6618 2.0568672196412967
6660 2.7938170228596353
6675 2.5098732725184614
6692 7.405345552492545
6702 3.0282177286984795
6776 1.942263836902293
6797 9.602570129828763
6819 1.7153059135126125
6872 1.3047775034479017
7125 3.8630154263214513
7177 4.22592092001082
7242 3.6312138122641273
7286 2.822521967700703
7327 3.5327737394508745
7397 2.87137525720551
7569 1.0170954309961207
7633 1.8745456628473423
7828 4.05407066308416
7892 1.5517722705842913
7914 2.146479378330984
7932 3.7490913256946845
7969 3.5327737394508745
7981 2.0426825846493406
8190 8.867120569578129
8276 3.21432000833234
8318 3.9074671888922854
8440 4.00277736869661
8586 6.9985096422506015
8643 2.001297368486486
8650 3.3096301881366648
8664 5.587634045719271
8736 1.1933746733341126
8816 1.7255100836868542
8896 2.938066631704182
8904 2.1863252868781835
8979 3.5780469788183606
9170 0.6116303228879563
9384 1.3355491621146554
9454 3.1698682457615064
9531 3.34126694692204
9700 6.9985096422506015
9709 1.082307579643166
9733 1.0850066366123312
9765 3.567147769283231
9876 2.6944445490464313
10001 2.0640357091199095
10049 4.513602992462601
10217 2.15432255579201
10326 0.5230769255465112
10739 4.74707365793266
10770 2.4876501357337513
10796 3.8630154263214513
10854 3.6312138122641273
10868 -0.37072214562370276
10906 4.071330023981388
11102 6.652300141109108
11347 0.8373023205555247
11491 1.8745456628473423
11778 2.8553749158590684
11815 5.052599493195288
11816 1.9296054400303697
11969 0.7582337970798316
12022 0.40409618250082274
12084 4.513602992462601
12137 2.498699971920336
12193 4.05407066308416
12205 4.513602992462601
12227 3.1698682457615064
12279 3.8630154263214513
12383 1.2523064517104479
12418 8.10814132616832
12455 -0.6457759976041206
12674 1.5779746429783155
12833 0.9630282097258448
12926 5.206750173022546
12936 4.108137884354437
12993 4.05407066308416
13045 1.886521853894058
13106 2.335070548138534
13222 3.414990703794491
13242 6.9985096422506015
13314 2.0286963426746007
13403 3.502002080784121
13462 6.6192603762733295
13547 1.6003469407328483
13553 -0.37046075994419203
13680 2.2449194511442365
13775 3.2849375755462935
13845 2.001297368486486
13867 2.175425996420148
13916 3.1066893441399746
13918 2.8396265588909295
13920 8.10814132616832
13930 4.080464918750566
14074 3.7796338173824005
14104 1.710242611556066
14140 5.052599493195288
14208 3.5621059478217028
14237 -4.18349008982496
14267 -1.1471081799405454
14309 1.5137127087599462
14381 0.2288676653980985
14395 5.443687046469091
14416 0.7739512129752414
14439 3.1273086313427103
14440 4.433560284789064
14455 4.911652429623528
14515 3.0666840095262753
14558 2.476721065201561
14621 4.695924549256556
15099 10.416447352903319
15170 4.695924549256556
15341 0.7959741250626788
15348 2.10066984229969
15418 2.1233123190494494
15453 6.7090071223585355
15517 1.886521853894058
15518 1.880515829833846
15794 5.135385686814575
15833 5.389071729816501
