146
521 1.8986432144264027
695 2.9911764570181303
1822 2.383389125409342
1839 2.093234863812172
1923 2.211017899468555
2038 1.880515829833846
2334 0.7939518796819108
2357 1.1873686492739008
2418 3.7796338173824005
2421 1.5431885268928998
2450 -3.665141374221664
2484 2.629859749823839
2638 2.130975191795019
2705 3.3315816979704644
2760 4.359452312635343
2862 1.4690805547391779
2935 0.6320391945191633
2964 1.800870720168722
3048 2.5098732725184614
3123 6.9985096422506015
3124 6.9985096422506015
3386 5.258123579567159
3409 4.00277736869661
3646 7.7030785302218625
3647 2.1081605140288473
3669 11.224430562261421
3723 4.22592092001082
3820 3.5780469788183606
4068 6.9985096422506015
4070 1.1068654304248302
4088 3.5645224377654547
4126 5.206750173022546
4188 8.718904625270685
4189 17.228251543233057
4222 2.3256808077886952
4261 2.262311193856106
4284 3.9074671888922854
4425 3.7473499690270438
4426 6.9985096422506015
4613 2.211017899468555
4625 1.8452180477528222
4707 7.480826208458238
4750 0.6631056996427893
4751 6.829981407588982
5006 6.17297327364491
5046 2.236335707452845
5110 1.8452180477528222
5200 3.3096301881366648
5286 5.612215281130711
5350 5.910916748832102
5469 6.9985096422506015
5498 4.108137884354437
5736 5.617709800448351
5834 3.31235078057158
5878 9.83813620114153
5944 3.8204558119026557
6136 1.457246097092175
6151 1.4075226617397445
6223 2.8088549002241754
6390 3.047265923669174
6402 1.4112609838503516
6439 4.513602992462601
6565 9.391849098513111
6660 2.7938170228596353
6692 14.81069110498509
6776 1.942263836902293
6970 2.1863252868781835
7057 3.2849375755462935
7125 15.452061705285805
7316 6.254617262685421
7384 4.919068100570765
7395 5.8998973535824915
7534 2.485534857327378
7563 4.670141096277068
7690 3.21432000833234
7904 2.211017899468555
7932 1.8745456628473423
7981 2.0426825846493406
8142 2.9041650800285006
8190 4.433560284789064
8444 3.5780469788183606
8471 2.7938170228596353
8683 3.3607792968127694
8708 1.4810567457858934
8710 1.102407559418776
8718 2.824122372354964
8816 1.7255100836868542
8886 1.3081501879265407
8890 2.2800107709555064
8896 2.938066631704182
8904 2.1863252868781835
8946 2.7218435232345457
8960 3.8630154263214513
9190 4.290459441148391
9280 3.502002080784121
9384 2.6710983242293107
9504 7.065547478901749
9505 6.305362461690656
9531 1.67063347346102
9698 1.9878743481543455
9810 6.9985096422506015
10329 -0.8403627828383906
10465 6.9985096422506015
10739 4.74707365793266
10906 2.035665011990694
10930 7.004004161568242
10981 3.086486636822455
11102 2.660920056443643
11778 2.8553749158590684
11842 4.8012850649143815
11969 0.7582337970798316
12022 0.8081923650016455
12227 12.679472983046026
12383 1.2523064517104479
12455 -0.6457759976041206
12674 1.5779746429783155
13080 0.8123010183501074
13208 1.3115342859107813
13462 9.928890564409993
13548 6.305362461690656
13572 1.8745456628473423
13681 2.498699971920336
13775 3.2849375755462935
13845 2.001297368486486
13913 2.8396265588909295
14044 1.4611753752320646
14104 1.710242611556066
14136 1.4810567457858934
14208 2.3747372985478017
14237 -7.669731831345759
14267 -1.5294775732540604
14416 0.7739512129752414
14455 3.274434953082352
14528 8.10814132616832
15099 6.94429823526888
15129 2.8876357780772897
15155 0.6904112007410705
15304 9.391849098513111
15332 -10.866182111019342
15341 0.7959741250626788
15453 2.236335707452845
15471 0.6940608398286201
15660 3.8204558119026557
15716 6.9985096422506015
15771 0.023095714794649395
15794 5.135385686814575
