173
174 8.11615617283218
194 1.5399972773188362
344 2.7790019370744945
354 6.305362461690656
896 5.389071729816501
927 4.157057432844953
1025 5.389071729816501
1928 2.4876501357337513
1990 4.165296298194385
2070 2.9461134062376346
2192 6.305362461690656
2269 3.7372218546550555
2271 0.34178311807220957
2334 0.7939518796819108
2357 1.1873686492739008
2407 4.47267141490569
2409 6.305362461690656
2412 4.108137884354437
2450 -3.665141374221664
2616 6.305362461690656
2696 4.359452312635343
2705 1.6657908489852322
2760 4.359452312635343
2820 2.4446327506500602
2919 2.1944885975173447
2920 0.6795415285041667
3386 5.258123579567159
3523 4.8012850649143815
3578 2.4063199481378192
3598 1.1666271649670843
3612 3.1918471524802814
3646 10.27077137362915
3700 5.1789086703776
3840 1.2980660688599148
3896 1.403798262648762
3981 3.3609234825242154
3982 1.0769312226067855
4114 2.778075694131283
4425 1.249116656342348
4522 0.5207142953092883
4613 4.42203579893711
4616 1.8925641683500207
4750 0.33155284982139466
4783 4.356456153291129
4815 2.7218435232345457
5005 4.05407066308416
5015 4.8012850649143815
5161 3.047265923669174
5672 6.9985096422506015
5736 2.8088549002241754
5834 1.65617539028579
5895 2.4033897921160112
5955 2.434161450782765
6043 1.5913378707904824
6123 2.288979440938267
6136 4.371738291276525
6147 8.00555473739322
6168 4.290459441148391
6218 4.00277736869661
6473 5.8998973535824915
6484 4.359452312635343
6511 5.052599493195288
6586 2.288979440938267
6618 16.454937757130374
6692 3.7026727762462723
6819 1.7153059135126125
6919 1.422560539104285
7057 3.2849375755462935
7104 -2.6539516666051686
7351 6.9985096422506015
7401 3.773043707788116
7425 4.513602992462601
7506 3.740413104229119
7555 3.740413104229119
7650 2.1081605140288473
7688 3.086486636822455
7772 4.165296298194385
7844 5.206750173022546
7969 3.5327737394508745
8102 4.359452312635343
8142 2.9041650800285006
8153 2.8396265588909295
8432 3.3875917296063767
8439 0.4690908039883759
8683 1.6803896484063847
8731 2.0286963426746007
8785 6.9985096422506015
8904 4.372650573756367
8948 6.9985096422506015
8960 3.8630154263214513
9106 1.0850066366123312
9151 1.258716730071367
9170 1.2232606457759125
9250 8.45184184002164
9428 2.498699971920336
9786 3.1483620405405426
9876 5.3888890980928625
9970 0.4837969513780714
9977 3.8630154263214513
10001 6.192107127359728
10008 2.0568672196412967
10058 5.208120975156325
10299 4.359452312635343
10325 1.8925641683500207
10329 -0.21009069570959765
10437 1.3672978604292356
10868 -0.18536107281185138
10929 6.213378688279949
10962 2.6290617897835795
11023 1.2880826248757316
11052 3.740413104229119
11102 1.9956900423327322
11287 2.0286963426746007
11344 3.1483620405405426
11347 0.8373023205555247
11393 3.2849375755462935
11400 3.5327737394508745
11406 10.567203262244037
11459 6.094531847338348
11524 1.5178707189086098
11646 2.3541187431092285
11725 4.359452312635343
11836 2.37353682896633
12022 0.40409618250082274
12047 1.4416815805510634
12068 4.600614369452231
12254 2.335070548138534
12383 2.5046129034208957
12455 -0.6457759976041206
12728 5.8998973535824915
12818 3.1483620405405426
12826 1.2619373447714093
12929 3.7026727762462723
13001 2.9461134062376346
13080 2.436903055050322
13102 2.735829765209286
13310 3.666305132075397
13312 2.955458374416051
13319 1.8055527913603908
13438 2.555858385760285
13451 3.4431615807611875
13553 -0.7409215198883841
13572 1.8745456628473423
13678 6.9985096422506015
13718 1.3425178314307487
14136 1.4810567457858934
14153 4.9753002714675025
14208 3.5621059478217028
14215 6.9985096422506015
14237 -4.18349008982496
14267 -1.1471081799405454
14381 0.2288676653980985
14395 2.7218435232345457
14455 3.274434953082352
14515 3.0666840095262753
14588 2.0785287164224764
14682 1.5431885268928998
14692 2.8396265588909295
14998 3.5645224377654547
15121 1.5868635903955612
15129 2.8876357780772897
15155 2.761644802964282
15187 3.989126672610284
15210 9.83813620114153
15332 -6.209246920582481
15413 1.2781978656431896
15471 2.08218251948586
15587 2.5894543351888
15672 0.7275212103923018
15725 3.5645224377654547
15758 6.305362461690656
15771 0.04619142958929879
15805 2.008077055471865
