332
59 4.433560284789064
194 1.5399972773188362
327 2.20271909665386
389 1.6419233675785887
521 1.8986432144264027
657 2.0640357091199095
691 6.305362461690656
695 2.9911764570181303
899 4.22592092001082
927 2.0785287164224764
1050 4.600614369452231
1060 0.12433381283310307
1075 6.9985096422506015
1094 2.335070548138534
1118 4.8012850649143815
1169 6.9985096422506015
1184 6.305362461690656
1379 2.1481658635875345
1381 2.6547042203969173
1404 1.3708885285599641
1583 5.8998973535824915
1685 3.2373095265570386
1687 4.827084327160058
1690 2.455214859980597
1739 5.206750173022546
1750 3.320596291274491
1758 6.305362461690656
1858 5.612215281130711
1929 2.1081605140288473
2038 1.880515829833846
2049 2.37353682896633
2247 2.219386149139072
2288 3.7796338173824005
2334 0.7939518796819108
2357 1.1873686492739008
2365 3.7026727762462723
2406 2.9209721983448818
2438 9.83813620114153
2442 5.587634045719271
2450 -1.832570687110832
2484 2.629859749823839
2534 3.2373095265570386
2542 4.695924549256556
2586 3.3096301881366648
2595 2.5211728277723946
2597 2.1157077196642304
2601 3.1066893441399746
2639 7.812181462734487
2640 2.735829765209286
2645 2.591790394986348
2663 5.612215281130711
2674 5.136239012300693
2701 2.7218435232345457
2705 3.3315816979704644
2777 5.052599493195288
2893 2.5098732725184614
2935 1.2640783890383267
2964 0.900435360084361
2992 6.9985096422506015
3041 5.206750173022546
3042 6.9985096422506015
3205 3.1273086313427103
3213 4.433560284789064
3260 6.9985096422506015
3404 2.465910149097345
3463 6.305362461690656
3487 4.8012850649143815
3646 2.5676928434072877
3647 2.1081605140288473
3690 1.4972514317058743
3704 7.726030852642903
3716 6.305362461690656
3840 3.8941982065797447
3882 5.612215281130711
3896 1.403798262648762
3938 4.433560284789064
3946 3.414990703794491
3949 2.7790019370744945
3966 6.305362461690656
4004 4.8892655013001205
4021 1.5054481989100525
4107 17.734241139156257
4138 6.775183459212753
4181 4.8012850649143815
4189 11.48550102882204
4241 2.4033897921160112
4261 2.262311193856106
4264 5.8998973535824915
4309 5.362043057428582
4328 6.9985096422506015
4391 3.260840023967233
4394 5.612215281130711
4420 8.00555473739322
4421 4.919068100570765
4423 3.8630154263214513
4707 3.740413104229119
4750 0.6631056996427893
4815 2.7218435232345457
4852 1.258716730071367
4865 3.0282177286984795
4988 7.559267634764801
5046 2.236335707452845
5110 1.8452180477528222
5208 2.5676928434072877
5326 6.296724081081085
5330 4.05407066308416
5339 1.1784267118982394
5340 3.3349479961209547
5350 2.955458374416051
5414 2.8876357780772897
5416 4.108137884354437
5436 2.8876357780772897
5439 3.7796338173824005
5484 0.9464204733261844
5517 1.6232312345664361
5620 3.8204558119026557
5736 2.8088549002241754
5834 1.65617539028579
5839 2.579669034454003
5875 2.750014400201242
5889 2.4033897921160112
5895 2.4033897921160112
5905 1.7835738846416156
5977 5.389071729816501
6015 3.1918471524802814
6026 2.66777630196427
6106 4.919068100570765
6122 3.502002080784121
6136 1.457246097092175
6151 1.4075226617397445
6169 2.4033897921160112
6283 7.065547478901749
6402 1.4112609838503516
6507 2.6290617897835795
6576 3.666305132075397
6586 2.288979440938267
6618 8.227468878565187
6660 2.7938170228596353
6702 3.0282177286984795
6729 4.388977195034689
6776 1.942263836902293
6812 6.9985096422506015
6872 1.3047775034479017
7019 2.130975191795019
7025 1.0095482253607377
7071 6.9985096422506015
7076 4.86832290156553
7156 3.8204558119026557
7177 8.45184184002164
7242 10.893641436792382
7312 2.3163784151263815
7397 2.87137525720551
7399 5.612215281130711
7427 3.9074671888922854
7484 5.612215281130711
7497 4.208401933899995
7569 1.0170954309961207
7637 4.600614369452231
7692 2.2449194511442365
7813 2.0291467231268214
7828 4.05407066308416
7892 1.5517722705842913
7932 3.7490913256946845
7937 4.433560284789064
7945 6.305362461690656
8007 1.904759441443839
8032 2.043302495063963
8070 3.1483620405405426
8190 4.433560284789064
8230 2.37353682896633
8256 1.6803896484063847
8294 3.666305132075397
8300 19.205140259657526
8429 4.359452312635343
8432 3.3875917296063767
8439 0.9381816079767518
8471 2.7938170228596353
8643 4.002594736972972
8650 3.3096301881366648
8683 1.6803896484063847
8708 2.962113491571787
8723 1.5262389685791264
8731 2.0286963426746007
8736 1.1933746733341126
8886 3.9244505637796223
8896 2.938066631704182
8904 4.372650573756367
8928 1.3355491621146554
8960 3.8630154263214513
8979 3.5780469788183606
8983 4.22592092001082
9151 1.258716730071367
9154 2.465910149097345
9222 5.612215281130711
9229 4.786678912525019
9250 4.22592092001082
9322 6.9985096422506015
9393 18.036548431858975
9419 21.452297205741957
9454 3.1698682457615064
9531 3.34126694692204
9584 5.389071729816501
9698 1.9878743481543455
9709 3.246922738929498
9765 1.7835738846416156
9788 13.078356937906028
9798 19.01920947456904
9817 1.3183370332335338
9884 3.2373095265570386
9885 25.26299746597644
9893 8.216275768708874
9911 4.165296298194385
10006 2.6944445490464313
10030 7.2406264907400875
10064 3.3349479961209547
10114 1.3014161557451966
10223 4.05407066308416
10225 3.8630154263214513
10310 4.695924549256556
10325 1.8925641683500207
10326 2.092307702186045
10364 4.695924549256556
10422 0.7087940713416041
10561 3.2006938814656967
10636 3.9539872045271784
10659 3.4431615807611875
10739 30.85597877656229
10780 5.052599493195288
10794 2.938066631704182
10868 -0.18536107281185138
10882 4.359452312635343
10968 3.740413104229119
10981 3.086486636822455
11027 2.556395731286379
11102 0.6652300141109108
11165 2.1863252868781835
11168 2.556395731286379
11347 1.6746046411110493
11375 2.681021528714291
11386 2.1157077196642304
11400 3.5327737394508745
11406 2.6418008155610093
11461 2.146479378330984
11506 3.8630154263214513
11582 4.359452312635343
11663 5.389071729816501
11702 7.907974409054357
11809 4.165296298194385
11815 5.052599493195288
11824 5.8998973535824915
11905 3.2849375755462935
11920 5.612215281130711
11943 4.910429719961194
11961 9.928890564409993
11969 0.7582337970798316
11975 2.9209721983448818
12057 4.20133968459938
12084 9.027205984925201
12151 3.1698682457615064
12227 6.339736491523013
12247 3.8630154263214513
12279 3.8630154263214513
12377 1.3460204619819507
12383 1.2523064517104479
12497 6.9985096422506015
12565 5.389071729816501
12674 1.5779746429783155
12823 1.034930298632155
12832 3.3096301881366648
12837 3.4431615807611875
12853 2.304141734385754
12972 5.710749831718137
12992 2.3256808077886952
12993 4.05407066308416
13025 5.389071729816501
13208 3.9346028577323438
13314 2.0286963426746007
13319 3.6111055827207816
13357 3.3875917296063767
13359 2.6290617897835795
13390 2.236335707452845
13449 2.6418008155610093
13462 3.3096301881366648
13508 3.4510201673737084
13572 1.8745456628473423
13680 11.224597255721182
13727 11.799794707164983
13817 3.5645224377654547
13867 2.175425996420148
13916 3.1066893441399746
13918 2.8396265588909295
13930 1.3601549729168554
13935 4.359452312635343
14044 2.9223507504641293
14124 5.612215281130711
14136 1.4810567457858934
14166 4.108137884354437
14208 9.498949194191207
14237 -18.825705404212318
14242 2.5326015235960173
14309 4.541138126279838
14352 0.9464204733261844
14381 0.6866029961942954
14422 2.1233123190494494
14431 1.034930298632155
14439 3.1273086313427103
14507 1.8510151654371483
14515 3.0666840095262753
14528 12.16221198925248
14563 2.6418008155610093
14656 7.984035414369993
14845 5.206750173022546
15003 4.695924549256556
15063 6.474619053114077
15099 10.416447352903319
15129 5.775271556154579
15170 9.391849098513111
15259 2.6641659082763383
15332 -24.836987682329923
15358 2.579669034454003
15418 2.1233123190494494
15453 6.7090071223585355
15471 1.3881216796572402
15472 2.735829765209286
15518 1.880515829833846
15538 3.8204558119026557
15591 6.9985096422506015
15660 15.281823247610623
15672 1.4550424207846036
15677 1.5779746429783155
15771 0.023095714794649395
15794 2.5676928434072877
