299
77 5.206750173022546
401 3.1698682457615064
474 4.513602992462601
476 3.8630154263214513
485 3.8630154263214513
493 6.339736491523013
496 2.2800107709555064
521 3.7972864288528054
532 3.4431615807611875
619 3.666305132075397
631 4.00277736869661
638 3.502002080784121
800 2.434161450782765
819 3.8204558119026557
1094 2.335070548138534
1230 6.9985096422506015
1309 6.9985096422506015
1347 4.919068100570765
1456 6.9985096422506015
1584 6.9985096422506015
1597 6.9985096422506015
1627 6.9985096422506015
1684 5.389071729816501
1686 1.1549652252192415
1750 1.1068654304248302
1839 2.093234863812172
1864 3.047265923669174
1893 1.7567626271909589
1909 2.8876357780772897
1924 2.288979440938267
1929 2.1081605140288473
1940 5.3888890980928625
2071 6.9985096422506015
2103 2.4446327506500602
2433 13.550366918425507
2492 3.047265923669174
2513 1.8280256472124494
2514 6.9985096422506015
2595 2.5211728277723946
2630 4.22592092001082
2640 2.735829765209286
2643 11.799794707164983
2645 5.183580789972696
2699 10.105198986390576
2700 6.305362461690656
2728 5.8998973535824915
2945 6.9985096422506015
2964 0.900435360084361
3046 2.9911764570181303
3110 2.8876357780772897
3134 4.919068100570765
3520 5.74275051441102
3578 1.8047399611033645
3840 3.8941982065797447
3842 10.105198986390576
3896 1.403798262648762
3901 2.363780654020965
3984 6.9985096422506015
3985 2.5098732725184614
4053 -0.5980806016728742
4070 1.1068654304248302
4225 4.600614369452231
4230 2.0149030205422647
4414 6.9985096422506015
4417 3.1918471524802814
4427 3.597312260588446
4504 3.6312138122641273
4507 2.298029276458185
4522 0.5207142953092883
4533 3.086486636822455
4536 2.70805020110221
4616 1.8925641683500207
4625 1.8452180477528222
4636 2.955458374416051
4695 2.87137525720551
4806 7.262427624528255
4871 2.4876501357337513
4914 1.4339892349279078
4964 0.563963123463148
4979 15.629868755569142
4989 1.3355491621146554
5155 3.3096301881366648
5156 4.42203579893711
5157 6.305362461690656
5228 5.8998973535824915
5316 2.236335707452845
5392 4.261950383590038
5416 4.108137884354437
5484 0.9464204733261844
5590 4.359996593313117
5620 3.8204558119026557
5652 3.3096301881366648
5705 4.695924549256556
5730 4.108137884354437
5731 2.8876357780772897
5752 3.9539872045271784
5872 5.088324691994187
5876 3.7796338173824005
5878 4.919068100570765
5883 4.290459441148391
5917 11.224430562261421
5926 4.695924549256556
5955 2.434161450782765
5964 3.1273086313427103
6130 3.0666840095262753
6133 4.359452312635343
6151 2.815045323479489
6233 3.1918471524802814
6234 2.6290617897835795
6246 18.402457477808923
6262 3.4431615807611875
6306 6.9985096422506015
6335 2.476721065201561
6490 15.815948818108714
6553 3.8204558119026557
6588 4.919068100570765
6634 3.9539872045271784
6757 5.8998973535824915
6802 6.94429823526888
6818 4.433560284789064
6872 1.3047775034479017
6887 1.152070867192877
6953 8.043064586142872
6978 7.907974409054357
7104 -3.3174395832564607
7135 5.052599493195288
7181 3.260840023967233
7203 3.1066893441399746
7247 4.22592092001082
7286 4.2337829515510546
7406 5.052599493195288
7452 9.027205984925201
7497 0.7014003223166658
7552 3.8973072700021283
7578 0.5215372793609184
7590 4.22592092001082
7764 1.7052048175261088
7813 3.043720084690232
7846 2.7218435232345457
7854 3.3609234825242154
7889 4.919068100570765
7932 1.8745456628473423
7942 4.165296298194385
7965 3.773043707788116
8032 0.5108256237659907
8043 3.461302966374546
8050 4.165296298194385
8089 5.362043057428582
8090 15.654349952169916
8096 1.4533321977710387
8129 3.9539872045271784
8218 5.052599493195288
8221 4.290459441148391
8262 2.0712559570933964
8268 4.433560284789064
8337 1.9550845253313545
8340 4.513602992462601
8379 5.612215281130711
8444 1.7890234894091803
8589 6.9985096422506015
8658 4.695924549256556
8683 1.6803896484063847
8686 6.305362461690656
8695 15.640676202650836
8708 1.4810567457858934
8723 1.5262389685791264
8731 2.0286963426746007
8736 1.1933746733341126
8784 19.318314404978857
8869 2.1782280766455644
8886 1.3081501879265407
9151 1.258716730071367
9154 2.465910149097345
9168 8.33059259638877
9170 1.2232606457759125
9200 6.9985096422506015
9201 7.1290448755309095
9310 10.329484742283562
9370 10.778143459633002
9393 3.1829203115045246
9400 3.1273086313427103
9447 4.359452312635343
9589 1.3115342859107813
9709 1.082307579643166
9733 2.1700132732246624
9765 1.7835738846416156
9783 12.610724923381312
9890 4.919068100570765
10024 6.9985096422506015
10029 4.847597327494437
10231 12.949238106228155
10294 5.41610040220442
10326 0.5230769255465112
10329 -0.630272087128793
10346 6.9985096422506015
10393 1.9746291214043248
10422 1.4175881426832082
10487 3.962459610871354
10491 3.086486636822455
10729 12.235486528193753
10749 2.3509274935351647
10751 0.7939518796819108
10759 6.133368019052551
10788 4.108137884354437
10868 -0.5560832184355542
10906 2.035665011990694
10911 3.6312138122641273
10936 3.9074671888922854
10952 5.8998973535824915
10953 5.206750173022546
10955 6.9985096422506015
10956 6.9985096422506015
10999 5.612215281130711
11009 6.9985096422506015
11114 3.047265923669174
11299 -2.0847310474637517
11304 1.2054960338664575
11353 2.8088549002241754
11356 4.8012850649143815
11415 3.7796338173824005
11443 3.260840023967233
11444 9.73664580313106
11570 1.1933746733341126
11589 15.118535269529602
11634 3.3096301881366648
11769 1.6466515087745348
11810 6.9985096422506015
11816 5.788816320091109
11881 5.41610040220442
11900 2.049749751872433
11915 6.9985096422506015
12028 2.591790394986348
12042 5.283601631122019
12047 1.4416815805510634
12054 3.8204558119026557
12062 6.94429823526888
12122 2.3927825337470767
12173 43.587055719584896
12254 2.335070548138534
12359 11.799794707164983
12365 6.9985096422506015
12366 4.695924549256556
12455 -0.4305173317360804
12457 3.2373095265570386
12508 2.262311193856106
12553 3.214750848840571
12707 4.455650035569873
12723 2.288979440938267
12853 1.152070867192877
12864 6.305362461690656
12866 6.9985096422506015
12907 12.610724923381312
12959 6.9985096422506015
13077 3.047265923669174
13080 1.6246020367002147
13208 1.3115342859107813
13273 3.3096301881366648
13371 3.7026727762462723
13390 2.236335707452845
13440 2.9540974487767095
13501 2.5211728277723946
13553 -0.7409215198883841
13710 3.6312138122641273
13775 3.2849375755462935
13825 2.7218435232345457
13838 2.3163784151263815
13867 1.087712998210074
13891 2.4263701154319968
13913 2.8396265588909295
13979 3.666305132075397
14093 2.973157951515452
14104 1.710242611556066
14131 10.105198986390576
14237 -0.6972483483041599
14267 -0.3823693933135151
14381 0.2288676653980985
14516 2.1782280766455644
14518 4.513602992462601
14656 1.1405764877671418
14880 4.22592092001082
14906 0.8027278807278994
14942 6.305362461690656
15063 3.2373095265570386
15181 1.751485570090115
15240 3.414990703794491
15250 3.7796338173824005
15332 -9.313870380873722
15341 0.7959741250626788
15413 1.2781978656431896
15551 1.1578679848772029
15644 5.8998973535824915
15669 2.162227735299123
15672 1.4550424207846036
15727 4.433560284789064
15735 20.566466421929274
15750 6.9985096422506015
15771 0.04619142958929879
15845 6.305362461690656
15864 6.9985096422506015
