316
4 4.8012850649143815
59 4.433560284789064
66 5.052599493195288
194 2.3099959159782544
209 1.7001922757025645
279 5.283601631122019
302 1.7153059135126125
327 2.20271909665386
356 2.591790394986348
583 2.9041650800285006
638 3.502002080784121
657 4.128071418239819
695 2.9911764570181303
703 3.7026727762462723
705 7.814934377784571
711 5.612215281130711
1060 0.24866762566620615
1062 2.591790394986348
1118 4.8012850649143815
1379 0.5370414658968836
1404 1.3708885285599641
1551 6.305362461690656
1685 3.2373095265570386
1686 1.1549652252192415
1687 2.413542163580029
1690 4.910429719961194
1820 3.3875917296063767
1923 2.211017899468555
1938 2.66777630196427
2038 1.880515829833846
2041 3.5645224377654547
2288 3.7796338173824005
2334 0.7939518796819108
2398 3.740413104229119
2407 2.236335707452845
2421 1.5431885268928998
2450 -0.6108568957036107
2484 2.629859749823839
2513 1.8280256472124494
2531 6.9985096422506015
2536 1.7835738846416156
2586 6.6192603762733295
2639 5.208120975156325
2663 5.612215281130711
2674 5.136239012300693
2705 1.6657908489852322
2760 4.359452312635343
2911 4.05407066308416
2913 1.720394983020084
2937 6.9985096422506015
2964 2.701306080253083
3041 10.413500346045092
3052 3.2373095265570386
3057 2.236335707452845
3148 5.612215281130711
3279 4.600614369452231
3329 1.981229805435677
3392 4.40543819330772
3465 11.224430562261421
3486 6.305362461690656
3646 2.5676928434072877
3690 1.4972514317058743
3704 3.8630154263214513
3840 3.8941982065797447
3862 6.133368019052551
3946 6.829981407588982
4107 8.867120569578129
4126 5.206750173022546
4138 3.3875917296063767
4188 4.359452312635343
4189 11.48550102882204
4230 2.0149030205422647
4398 3.9539872045271784
4420 4.00277736869661
4425 11.242049907081132
4520 3.1273086313427103
4572 4.8012850649143815
4576 2.085854756514549
4616 1.8925641683500207
4707 3.740413104229119
4750 1.3262113992855786
4777 4.359452312635343
4852 2.517433460142734
4865 3.0282177286984795
4906 3.9074671888922854
4981 6.9985096422506015
4988 3.7796338173824005
4989 1.3355491621146554
4990 4.513602992462601
5191 4.433560284789064
5201 4.359452312635343
5215 4.8012850649143815
5232 3.3096301881366648
5272 3.597312260588446
5340 3.3349479961209547
5350 2.955458374416051
5373 6.305362461690656
5392 2.130975191795019
5427 4.290459441148391
5467 6.305362461690656
5484 1.8928409466523688
5498 8.216275768708874
5499 6.305362461690656
5825 6.9985096422506015
5834 1.65617539028579
5901 2.455214859980597
5977 5.389071729816501
6043 1.5913378707904824
6088 1.2146844599208637
6090 6.9985096422506015
6136 1.457246097092175
6147 4.00277736869661
6151 2.815045323479489
6169 2.4033897921160112
6252 4.433560284789064
6576 3.666305132075397
6586 2.288979440938267
6618 6.17060165892389
6622 2.579669034454003
6702 6.056435457396959
6776 1.942263836902293
6851 12.610724923381312
6854 6.9985096422506015
6872 3.914332510343705
7025 3.028644676082213
7029 8.216275768708874
7076 2.434161450782765
7125 15.452061705285805
7156 3.8204558119026557
7242 10.893641436792382
7286 1.4112609838503516
7318 5.8998973535824915
7395 5.8998973535824915
7459 2.1944885975173447
7486 9.391849098513111
7497 3.507001611583329
7563 2.335070548138534
7597 4.372650573756367
7731 2.001297368486486
7772 4.165296298194385
7791 5.612215281130711
7813 1.0145733615634107
7877 5.052599493195288
7892 1.5517722705842913
7917 6.829981407588982
7918 6.9985096422506015
7932 5.623636988542026
8032 0.5108256237659907
8070 3.1483620405405426
8071 4.513602992462601
8110 6.9985096422506015
8276 3.21432000833234
8294 3.666305132075397
8300 4.8012850649143815
8338 4.22592092001082
8399 3.9539872045271784
8414 5.206750173022546
8433 5.052599493195288
8439 1.4072724119651276
8440 4.00277736869661
8456 4.433560284789064
8483 4.165296298194385
8643 2.001297368486486
8650 3.3096301881366648
8683 1.6803896484063847
8708 2.962113491571787
8723 1.5262389685791264
8736 1.1933746733341126
8886 2.6163003758530814
8896 2.938066631704182
8908 3.6312138122641273
8979 1.7890234894091803
8983 4.22592092001082
9106 1.0850066366123312
9169 3.4431615807611875
9190 4.290459441148391
9229 2.3933394562625097
9307 4.108137884354437
9355 2.1782280766455644
9382 5.8998973535824915
9384 1.3355491621146554
9393 7.426814060177224
9419 8.580918882296782
9454 6.339736491523013
9675 4.108137884354437
9709 1.082307579643166
9711 1.8686109273275278
9786 3.1483620405405426
9788 8.718904625270685
9798 12.679472983046026
9876 5.3888890980928625
9884 3.2373095265570386
9893 12.32441365306331
10006 2.6944445490464313
10030 2.413542163580029
10055 3.009525595686327
10064 3.3349479961209547
10117 5.8998973535824915
10196 2.5211728277723946
10217 2.15432255579201
10325 1.8925641683500207
10326 2.092307702186045
10464 4.695924549256556
10477 4.05407066308416
10739 18.98829463173064
10794 2.938066631704182
10796 3.8630154263214513
10825 2.0149030205422647
10827 3.740413104229119
10854 3.6312138122641273
10886 2.87137525720551
10906 2.035665011990694
10993 4.22592092001082
11023 1.2880826248757316
11027 2.556395731286379
11102 1.3304600282218215
11104 4.290459441148391
11252 3.3096301881366648
11295 3.2373095265570386
11347 1.6746046411110493
11348 6.9985096422506015
11506 3.8630154263214513
11520 6.213378688279949
11646 2.3541187431092285
11702 3.9539872045271784
11714 4.290459441148391
11778 2.8553749158590684
11781 2.591790394986348
11790 2.2449194511442365
11815 5.052599493195288
11961 6.6192603762733295
11969 0.7582337970798316
12057 6.30200952689907
12151 3.1698682457615064
12193 4.05407066308416
12195 6.9985096422506015
12205 4.513602992462601
12227 6.339736491523013
12249 3.9074671888922854
12279 7.726030852642903
12383 2.5046129034208957
12418 20.270353315420802
12447 2.8396265588909295
12455 -0.2152586658680402
12503 2.2278250177849364
12553 1.0715836162801904
12610 4.847597327494437
12652 6.9985096422506015
12823 1.034930298632155
12832 3.3096301881366648
12853 3.456212601578631
12861 4.00277736869661
12863 5.389071729816501
12888 6.9985096422506015
12972 2.8553749158590684
12978 2.383389125409342
12992 2.3256808077886952
12993 4.05407066308416
13080 1.6246020367002147
13151 4.22592092001082
13208 1.3115342859107813
13357 3.3875917296063767
13360 4.05407066308416
13399 6.17297327364491
13449 7.925402446683028
13462 6.6192603762733295
13553 -1.4818430397767681
13662 4.290459441148391
13680 8.979677804576946
13767 2.6547042203969173
13769 6.254617262685421
13861 12.610724923381312
13870 5.8998973535824915
13913 2.8396265588909295
13916 6.213378688279949
13918 2.8396265588909295
13930 1.3601549729168554
13937 6.9985096422506015
14100 4.359452312635343
14140 5.052599493195288
14208 5.936843246369504
14237 -6.275235134737439
14242 7.5978045707880515
14267 -0.3823693933135151
14308 2.0640357091199095
14309 3.0274254175198925
14381 1.3732059923885909
14395 5.443687046469091
14431 1.034930298632155
14507 3.7020303308742966
14512 4.165296298194385
14544 3.666305132075397
14621 4.695924549256556
14656 4.562305951068567
14682 1.5431885268928998
14692 2.8396265588909295
14720 5.612215281130711
14725 4.359452312635343
14828 6.305362461690656
14830 2.7790019370744945
15099 13.88859647053776
15121 1.5868635903955612
15170 9.391849098513111
15259 1.3320829541381691
15332 -12.418493841164961
15341 0.7959741250626788
15358 2.579669034454003
15415 2.824122372354964
15453 4.47267141490569
15471 0.6940608398286201
15492 6.9985096422506015
15660 7.640911623805311
15669 2.162227735299123
15671 3.7796338173824005
15677 1.5779746429783155
15771 0.023095714794649395
