126
174 1.6232312345664361
1839 2.093234863812172
1940 2.6944445490464313
2049 2.37353682896633
2178 5.612215281130711
2334 0.7939518796819108
2421 1.5431885268928998
2450 -2.4434275828144427
2920 1.3590830570083334
2935 0.6320391945191633
2959 2.3747372985478017
3329 1.981229805435677
3449 1.9647049651044954
3578 0.6015799870344548
3635 1.5779746429783155
3690 1.4972514317058743
3700 1.2947271675944
3759 2.4033897921160112
3785 2.87137525720551
3808 8.216275768708874
3862 3.0666840095262753
3982 1.0769312226067855
4097 2.955458374416051
4282 2.8553749158590684
4325 3.21432000833234
4331 3.3875917296063767
4400 2.938066631704182
4416 1.3637200390813515
4507 2.298029276458185
4522 0.5207142953092883
4750 0.33155284982139466
4810 6.305362461690656
4882 2.130975191795019
4909 1.4690805547391779
4938 3.4431615807611875
4970 1.9746291214043248
5006 6.17297327364491
5012 4.108137884354437
5249 3.3096301881366648
5630 0.23830767558032406
5889 2.4033897921160112
5929 3.3096301881366648
6151 1.4075226617397445
6345 3.414990703794491
6660 2.7938170228596353
6950 4.433560284789064
7104 -1.3269758333025843
7197 1.730651483187273
7344 1.6325336272287498
7482 1.8055527913603908
7569 1.0170954309961207
7578 0.5215372793609184
7838 2.1081605140288473
8523 2.9025305428177344
8664 2.7938170228596353
8718 2.824122372354964
8736 1.1933746733341126
8816 1.7255100836868542
9023 6.9985096422506015
9161 4.600614369452231
9365 4.491754295117623
9428 2.498699971920336
9559 -0.3327957754198957
9733 1.0850066366123312
9765 1.7835738846416156
9779 1.8337236683270872
10058 2.6040604875781623
10069 3.4431615807611875
10287 3.009525595686327
10329 -0.21009069570959765
10422 0.7087940713416041
10538 4.8012850649143815
10742 5.367070468227541
10981 3.086486636822455
10997 3.1483620405405426
11023 1.2880826248757316
11089 2.309930450438483
11110 0.8102455191680114
11287 2.0286963426746007
11299 -1.5635482855978138
11304 1.2054960338664575
11379 2.0426825846493406
11413 4.919068100570765
11419 3.1273086313427103
11453 2.727440078162703
11900 2.049749751872433
12093 1.6803896484063847
12122 1.1963912668735384
12386 4.22592092001082
12455 -0.4305173317360804
12598 2.5098732725184614
12679 1.5958322603783217
12793 2.87137525720551
13189 1.8745456628473423
13319 1.8055527913603908
13470 5.389071729816501
13559 3.5645224377654547
13681 2.498699971920336
13683 3.0666840095262753
13954 5.052599493195288
14107 2.4237986637472186
14136 2.962113491571787
14237 -2.09174504491248
14267 -1.1471081799405454
14309 1.5137127087599462
14352 0.9464204733261844
14416 1.5479024259504828
14463 1.67063347346102
14789 3.7026727762462723
14830 5.558003874148989
14901 2.5326015235960173
15019 4.8012850649143815
15192 1.489121305622624
15231 5.206750173022546
15292 2.211017899468555
15306 0.7199882180847567
15332 -1.5523117301456202
15341 0.7959741250626788
15484 2.9911764570181303
15575 4.108137884354437
15604 2.1233123190494494
15731 2.9911764570181303
15794 5.135385686814575
15827 3.8218266140364343
15828 1.0931477941960308
15829 3.7796338173824005
