266
95 5.052599493195288
278 4.359452312635343
279 2.6418008155610093
302 3.430611827025225
344 2.7790019370744945
373 2.750014400201242
422 8.00332890589281
500 2.1701959049483
502 5.135385686814575
512 2.0785287164224764
516 4.108137884354437
607 2.5211728277723946
638 3.502002080784121
652 3.5327737394508745
718 5.206750173022546
719 4.919068100570765
787 2.035665011990694
791 8.867120569578129
792 4.600614369452231
793 5.389071729816501
795 5.389071729816501
829 3.5645224377654547
842 4.433560284789064
863 3.4431615807611875
865 2.5211728277723946
866 4.40543819330772
869 5.206750173022546
870 4.433560284789064
930 3.2849375755462935
979 8.45184184002164
1014 5.052599493195288
1379 3.2222487953813017
1381 2.6547042203969173
1404 4.112665585679892
1436 4.108137884354437
1703 4.00277736869661
1709 5.612215281130711
1748 4.359452312635343
1876 3.502002080784121
1964 3.260840023967233
1999 3.5327737394508745
2021 2.70805020110221
2033 1.6853036632088139
2249 4.165296298194385
2320 2.973157951515452
2357 1.1873686492739008
2421 1.5431885268928998
2462 5.8998973535824915
2669 1.8223599096767722
2788 3.3096301881366648
2913 3.440789966040168
2914 3.4431615807611875
2919 2.1944885975173447
2935 0.6320391945191633
2940 3.2557432282458767
2989 4.433560284789064
3046 2.9911764570181303
3052 3.2373095265570386
3110 2.8876357780772897
3285 5.389071729816501
3329 1.981229805435677
3392 6.60815728996158
3631 4.05407066308416
3640 2.0149030205422647
3736 3.086486636822455
3774 1.7255100836868542
3811 4.600614369452231
3812 2.2535775138873513
3814 2.236335707452845
3823 4.8012850649143815
4070 2.2137308608496604
4136 20.00968797672573
4137 6.305362461690656
4202 4.05407066308416
4222 6.977042423366086
4261 2.262311193856106
4295 2.9209721983448818
4358 7.1290448755309095
4366 1.9878743481543455
4388 3.8204558119026557
4398 3.9539872045271784
4412 3.086486636822455
4522 0.2603571476546441
4537 1.0196238773494795
4598 5.389071729816501
4711 1.9296054400303697
4750 0.6631056996427893
4813 2.236335707452845
4909 4.407241664217533
4912 3.8592108800607394
4922 4.359452312635343
4938 3.4431615807611875
5033 2.1233123190494494
5062 4.513602992462601
5110 1.8452180477528222
5174 3.740413104229119
5193 5.612215281130711
5333 4.22592092001082
5339 1.1784267118982394
5367 8.580918882296782
5409 3.502002080784121
5414 2.8876357780772897
5484 1.8928409466523688
5518 1.5868635903955612
5543 6.305362461690656
5563 3.1066893441399746
5590 1.4533321977710387
5715 3.502002080784121
5826 4.919068100570765
5828 15.406157060443725
5839 2.579669034454003
5889 2.4033897921160112
5901 2.455214859980597
5981 2.8553749158590684
6003 3.3609234825242154
6092 4.695924549256556
6117 4.600614369452231
6156 3.6000252219695508
6164 2.6290617897835795
6228 7.768363005566401
6411 2.434161450782765
6488 3.0666840095262753
6688 7.570256673400083
6941 4.356456153291129
6970 6.5589758606345505
7003 5.612215281130711
7023 4.359452312635343
7104 -1.3269758333025843
7127 5.389071729816501
7189 3.8630154263214513
7274 3.0666840095262753
7306 2.4876501357337513
7445 16.81749834594775
7462 5.8267915107068795
7482 1.8055527913603908
7487 1.8167260919585162
7569 2.0341908619922413
7593 3.9539872045271784
7805 4.600614369452231
7859 5.206750173022546
8199 3.009525595686327
8342 3.1066893441399746
8660 1.675499663112193
8664 2.7938170228596353
8708 1.4810567457858934
8848 3.0666840095262753
8975 4.786678912525019
8977 2.6290617897835795
8978 6.456058317846049
9017 4.00277736869661
9170 0.6116303228879563
9196 5.206750173022546
9258 3.260840023967233
9282 4.359996593313117
9283 5.206750173022546
9365 1.4972514317058743
9393 2.12194687433635
9602 2.2800107709555064
9635 5.612215281130711
9651 3.3875917296063767
9717 3.3875917296063767
9817 1.3183370332335338
9828 4.22592092001082
10114 2.6028323114903933
10329 -0.21009069570959765
10422 2.1263822140248125
10431 2.16559845872687
10582 4.919068100570765
10595 8.10814132616832
10667 3.9539872045271784
10794 2.938066631704182
10973 2.7938170228596353
10981 3.086486636822455
11027 6.390989328215948
11046 4.786678912525019
11089 5.774826126096207
11096 4.919068100570765
11129 5.389071729816501
11202 2.9209721983448818
11317 6.133368019052551
11379 2.0426825846493406
11560 3.502002080784121
11580 2.5441623459970937
11655 5.33555260392854
11657 5.206750173022546
11677 1.7255100836868542
11769 3.2933030175490696
11785 3.9361434417163315
11914 4.290459441148391
11959 2.2449194511442365
11969 0.7582337970798316
11990 4.108137884354437
12114 4.359452312635343
12229 4.695924549256556
12309 7.1290448755309095
12341 2.8088549002241754
12452 5.389071729816501
12507 5.8998973535824915
12717 0.5999147077153936
12721 5.5356541432584665
12740 2.5326015235960173
12767 10.61881688158767
12809 8.426564700672525
12823 6.20958179179293
12833 6.741197468080913
12853 1.152070867192877
12995 4.165296298194385
12997 3.502002080784121
13003 4.433560284789064
13004 5.052599493195288
13026 4.919068100570765
13102 8.207489295627859
13108 2.2800107709555064
13125 6.6192603762733295
13153 4.455650035569873
13193 10.413500346045092
13197 3.2849375755462935
13216 3.6312138122641273
13220 3.2849375755462935
13354 1.8280256472124494
13434 4.513602992462601
13508 1.7255100836868542
13547 4.801040822198545
13565 1.9878743481543455
13723 3.597312260588446
13747 4.433560284789064
13761 2.6040604875781623
13913 2.8396265588909295
13989 8.45184184002164
14048 5.612215281130711
14051 5.052599493195288
14237 -0.6972483483041599
14287 4.8012850649143815
14325 4.919068100570765
14352 1.8928409466523688
14381 1.1443383269904925
14403 7.333898251950181
14412 5.8998973535824915
14466 7.559267634764801
14501 13.117951721269101
14502 6.305362461690656
14527 5.876133263408364
14530 4.290459441148391
14656 1.1405764877671418
14879 7.907974409054357
15007 5.206750173022546
15149 14.795460894584071
15192 5.956485222490496
15332 -17.07542903160182
15348 2.10066984229969
15351 3.5645224377654547
15415 5.648244744709928
15456 3.1273086313427103
15468 1.1549652252192415
15564 5.612215281130711
15570 2.7218435232345457
15580 3.8630154263214513
15587 24.5998161842936
15593 3.597312260588446
15595 3.9962488624145074
15604 4.246624638098899
15650 2.130975191795019
15651 3.4131702563542063
15693 4.919068100570765
15771 0.04619142958929879
15796 3.666305132075397
