139
174 4.869693703699308
302 1.7153059135126125
874 3.2849375755462935
1839 2.093234863812172
1938 2.66777630196427
2049 2.37353682896633
2407 2.236335707452845
2450 -1.832570687110832
2513 1.8280256472124494
2536 3.567147769283231
2616 6.305362461690656
2638 2.130975191795019
2674 3.081743407380416
2701 2.7218435232345457
2935 0.6320391945191633
3143 2.219386149139072
3646 2.5676928434072877
3814 2.236335707452845
3946 3.414990703794491
3961 2.6290617897835795
4189 5.74275051441102
4222 2.3256808077886952
4258 3.3096301881366648
4261 2.262311193856106
4302 1.8000126109847754
4321 2.8553749158590684
4423 3.8630154263214513
4425 4.996466625369392
4536 2.70805020110221
4549 2.6418008155610093
4608 1.4075226617397445
4613 2.211017899468555
4707 7.480826208458238
4759 3.21432000833234
4852 1.258716730071367
4878 1.3672978604292356
5340 3.3349479961209547
5484 1.8928409466523688
5517 1.6232312345664361
5670 4.513602992462601
5687 2.0785287164224764
5900 2.8553749158590684
6015 6.383694304960563
6136 1.457246097092175
6228 1.2947271675944
6433 0.5154022907934025
6587 4.00277736869661
6618 6.17060165892389
6872 1.3047775034479017
7054 3.8630154263214513
7076 4.86832290156553
7203 3.1066893441399746
7487 1.8167260919585162
7563 7.005211644415603
7569 1.0170954309961207
7692 2.2449194511442365
7731 2.001297368486486
8032 0.5108256237659907
8137 5.052599493195288
8294 3.666305132075397
8340 4.513602992462601
8379 5.612215281130711
8400 3.597312260588446
8745 2.5441623459970937
8823 3.1066893441399746
8904 4.372650573756367
8979 1.7890234894091803
9151 2.517433460142734
9365 1.4972514317058743
9393 1.060973437168175
9602 2.2800107709555064
9765 5.350721653924847
9884 6.474619053114077
10029 4.847597327494437
10032 5.389071729816501
10064 6.669895992241909
10069 3.4431615807611875
10294 2.70805020110221
10329 -0.21009069570959765
10353 4.8012850649143815
10422 0.7087940713416041
10491 3.086486636822455
10739 2.37353682896633
10749 1.1754637467675824
10770 2.4876501357337513
10794 2.938066631704182
10825 2.0149030205422647
10827 3.740413104229119
10854 3.6312138122641273
10856 4.433560284789064
10962 2.6290617897835795
11032 1.087712998210074
11102 1.9956900423327322
11347 0.8373023205555247
11385 3.8630154263214513
11444 2.434161450782765
11580 2.5441623459970937
11714 4.290459441148391
11813 5.206750173022546
11840 3.3804838896987928
12022 0.40409618250082274
12063 3.9074671888922854
12122 1.1963912668735384
12250 2.498699971920336
12312 5.587634045719271
12455 -1.2915519952082413
12674 3.155949285956631
12723 2.288979440938267
13384 2.0568672196412967
13462 3.3096301881366648
13681 2.498699971920336
13718 1.3425178314307487
13845 2.001297368486486
13916 6.213378688279949
13918 2.8396265588909295
14174 1.7945029551738059
14208 3.5621059478217028
14237 -8.36698017964992
14242 2.5326015235960173
14267 -1.1471081799405454
14395 2.7218435232345457
14416 0.7739512129752414
14422 2.1233123190494494
14463 1.67063347346102
14563 2.6418008155610093
14682 1.5431885268928998
14692 2.8396265588909295
14763 5.389071729816501
15099 3.47214911763444
15155 0.6904112007410705
15332 -10.866182111019342
15349 5.052599493195288
15403 8.33059259638877
15453 2.236335707452845
15468 1.1549652252192415
15471 1.3881216796572402
15672 1.4550424207846036
15769 3.3349479961209547
15794 2.5676928434072877
