47
979 8.45184184002164
1977 5.208120975156325
1997 3.009525595686327
2021 2.70805020110221
2210 6.9985096422506015
2249 4.165296298194385
2669 1.8223599096767722
2705 1.6657908489852322
3671 3.5645224377654547
4097 2.955458374416051
4136 3.3349479961209547
4876 2.2449194511442365
7016 3.0666840095262753
7193 6.9985096422506015
7295 3.7026727762462723
7445 1.8686109273275278
8341 5.052599493195288
9258 3.260840023967233
9393 1.060973437168175
9824 4.359452312635343
10363 4.22592092001082
10431 0.7218661529089567
10531 6.9985096422506015
11027 1.2781978656431896
11089 1.1549652252192415
11491 1.8745456628473423
11677 1.7255100836868542
12688 4.165296298194385
12761 9.027205984925201
12767 2.6547042203969173
12809 2.8088549002241754
12833 1.9260564194516896
13029 1.6609715625492831
13102 2.735829765209286
13354 1.8280256472124494
13371 3.7026727762462723
13434 4.513602992462601
13449 2.6418008155610093
13693 3.666305132075397
14325 4.919068100570765
14466 3.7796338173824005
14494 6.9985096422506015
15149 4.93182029819469
15192 1.489121305622624
15332 -1.5523117301456202
15587 3.8841815027832003
15595 1.3320829541381691
