45
1929 2.1081605140288473
3498 2.87137525720551
3506 0.8205655282000008
3574 5.206750173022546
3575 3.260840023967233
3827 3.2849375755462935
4056 2.938066631704182
4189 2.87137525720551
4389 5.612215281130711
4425 1.249116656342348
4621 2.7218435232345457
4871 2.4876501357337513
5636 2.973157951515452
5735 3.502002080784121
5834 1.65617539028579
6003 3.3609234825242154
6114 3.8630154263214513
6235 1.2270685191205855
7065 2.6040604875781623
7311 2.236335707452845
7482 1.8055527913603908
7497 0.7014003223166658
7563 2.335070548138534
9106 1.0850066366123312
9711 3.7372218546550555
10473 1.7781538171722764
10729 1.0196238773494795
10827 3.740413104229119
11051 2.9209721983448818
11102 0.6652300141109108
11218 0.5720211847929105
11308 2.5098732725184614
11347 0.8373023205555247
11524 1.5178707189086098
12312 2.7938170228596353
12455 -0.2152586658680402
12772 1.886521853894058
12773 0.8826175167675673
13302 4.359452312635343
13508 1.7255100836868542
13899 6.9985096422506015
13916 3.1066893441399746
14115 2.973157951515452
14208 1.1873686492739008
15551 1.1578679848772029
