297
94 8.00555473739322
165 6.9985096422506015
194 0.7699986386594181
209 3.400384551405129
213 5.8998973535824915
241 1.6902419448493964
302 1.7153059135126125
344 2.7790019370744945
356 5.183580789972696
373 2.750014400201242
423 6.9985096422506015
433 5.389071729816501
476 3.8630154263214513
500 2.1701959049483
502 7.7030785302218625
510 6.9985096422506015
516 4.108137884354437
517 5.8998973535824915
529 4.695924549256556
626 4.359452312635343
638 3.502002080784121
652 7.065547478901749
719 4.919068100570765
725 6.305362461690656
787 2.035665011990694
791 4.433560284789064
792 4.600614369452231
794 4.600614369452231
795 5.389071729816501
829 3.5645224377654547
842 4.433560284789064
865 12.605864138861973
866 4.40543819330772
868 4.0573926853492015
869 5.206750173022546
871 6.9985096422506015
932 8.614125771616528
969 4.359452312635343
979 8.45184184002164
1014 5.052599493195288
1060 0.12433381283310307
1106 6.9985096422506015
1379 2.1481658635875345
1381 2.6547042203969173
1404 2.7417770571199283
1436 4.108137884354437
1639 4.600614369452231
1690 2.455214859980597
1703 4.00277736869661
1770 4.919068100570765
1782 5.443687046469091
1839 2.093234863812172
1876 3.502002080784121
1929 4.216321028057695
1935 4.433560284789064
1977 2.6040604875781623
2033 1.6853036632088139
2204 6.305362461690656
2240 1.65617539028579
2249 4.165296298194385
2320 2.973157951515452
2329 8.867120569578129
2334 0.7939518796819108
2345 3.9539872045271784
2357 2.3747372985478017
2405 9.201228738904462
2407 4.47267141490569
2462 5.8998973535824915
2488 3.7796338173824005
2524 4.108137884354437
2669 7.289439638707089
2748 12.008332106089831
2833 3.666305132075397
2913 10.322369898120504
2914 6.886323161522375
2920 1.3590830570083334
2924 2.0286963426746007
2935 1.8961175835574902
2964 0.900435360084361
3329 1.981229805435677
3372 5.8998973535824915
3392 6.60815728996158
3407 2.085854756514549
3635 1.5779746429783155
3640 2.0149030205422647
3658 2.938066631704182
3671 3.5645224377654547
3736 3.086486636822455
3759 2.4033897921160112
3812 6.760732541662054
3813 5.052599493195288
3820 1.7890234894091803
4031 7.667575157280854
4070 4.427461721699321
4136 13.339791984483819
4352 5.8998973535824915
4366 3.975748696308691
4500 5.679253117781859
4507 2.298029276458185
4537 1.0196238773494795
4603 5.206750173022546
4640 5.389071729816501
4646 1.8686109273275278
4750 0.6631056996427893
4813 4.47267141490569
4909 1.4690805547391779
4912 1.9296054400303697
4924 3.2849375755462935
4938 3.4431615807611875
5033 2.1233123190494494
5110 5.5356541432584665
5278 3.9074671888922854
5288 6.305362461690656
5363 6.133368019052551
5423 5.206750173022546
5436 2.8876357780772897
5541 4.290459441148391
5543 6.305362461690656
5813 4.600614369452231
5828 15.406157060443725
5839 2.579669034454003
5889 2.4033897921160112
5973 1.4770487243883548
6043 1.5913378707904824
6092 4.695924549256556
6130 3.0666840095262753
6156 1.8000126109847754
6158 2.455214859980597
6228 7.768363005566401
6231 5.389071729816501
6242 5.808330160057001
6282 4.919068100570765
6283 3.5327737394508745
6411 2.434161450782765
6445 7.332610264150794
6467 2.2535775138873513
6510 6.9985096422506015
6567 2.579669034454003
6688 11.355385010100125
6729 2.1944885975173447
6863 4.22592092001082
6941 6.534684229936693
6970 2.1863252868781835
7016 6.133368019052551
7104 -1.9904637499538764
7125 3.8630154263214513
7127 5.389071729816501
7316 3.1273086313427103
7344 1.6325336272287498
7387 4.600614369452231
7445 31.76638576456797
7462 1.942263836902293
7569 2.0341908619922413
7591 2.0426825846493406
7781 2.6040604875781623
7845 2.4237986637472186
7907 2.6418008155610093
8199 3.009525595686327
8342 6.213378688279949
8527 3.3609234825242154
8660 1.675499663112193
8680 4.00277736869661
8708 1.4810567457858934
8848 3.0666840095262753
8850 1.7153059135126125
8890 2.2800107709555064
8892 4.919068100570765
8900 4.513602992462601
8909 6.9985096422506015
8928 1.3355491621146554
8975 4.786678912525019
8978 8.070072897307561
8979 1.7890234894091803
9017 4.00277736869661
9032 4.8012850649143815
9096 4.359452312635343
9203 6.305362461690656
9258 3.260840023967233
9282 14.533321977710386
9351 4.695924549256556
9357 4.00277736869661
9365 1.4972514317058743
9393 1.060973437168175
9717 3.3875917296063767
9817 2.6366740664670676
9824 8.718904625270685
10008 2.0568672196412967
10054 9.084653186095439
10114 1.3014161557451966
10198 3.8204558119026557
10223 4.05407066308416
10316 6.9985096422506015
10375 7.907974409054357
10422 0.7087940713416041
10431 5.053063070362697
10595 12.16221198925248
10603 3.9074671888922854
10749 1.1754637467675824
10794 2.938066631704182
11001 5.612215281130711
11027 6.390989328215948
11046 4.786678912525019
11089 6.929791351315449
11096 4.919068100570765
11129 5.389071729816501
11416 2.1782280766455644
11419 3.1273086313427103
11491 1.8745456628473423
11497 4.433560284789064
11524 4.55361215672583
11560 3.502002080784121
11625 1.457246097092175
11655 2.66777630196427
11665 3.5645224377654547
11677 3.4510201673737084
11769 1.6466515087745348
11784 3.47214911763444
11785 1.9680717208581657
11836 2.37353682896633
11840 1.6902419448493964
12122 1.1963912668735384
12209 6.305362461690656
12273 3.7026727762462723
12309 7.1290448755309095
12312 5.587634045719271
12345 4.600614369452231
12383 3.756919355131344
12390 4.05407066308416
12507 5.8998973535824915
12600 5.8998973535824915
12688 4.165296298194385
12702 6.305362461690656
12723 2.288979440938267
12740 7.5978045707880515
12767 13.273521101984587
12809 30.89740390246593
12823 2.06986059726431
12826 1.2619373447714093
12833 10.593310306984293
12851 6.9985096422506015
12955 4.290459441148391
12963 4.290459441148391
12997 3.502002080784121
13026 4.919068100570765
13029 1.6609715625492831
13080 1.6246020367002147
13088 5.558003874148989
13102 8.207489295627859
13125 3.3096301881366648
13153 6.683475053354809
13434 4.513602992462601
13451 3.4431615807611875
13456 5.206750173022546
13547 1.6003469407328483
13608 6.9985096422506015
13772 5.206750173022546
13862 3.7796338173824005
13921 2.1782280766455644
13976 4.108137884354437
13989 4.22592092001082
14044 1.4611753752320646
14165 2.8088549002241754
14188 3.597312260588446
14237 -0.6972483483041599
14340 4.108137884354437
14352 1.8928409466523688
14381 0.457735330796197
14403 2.4446327506500602
14412 5.8998973535824915
14447 3.1483620405405426
14466 3.7796338173824005
14501 10.931626434390918
14530 8.580918882296782
14682 1.5431885268928998
14719 4.919068100570765
15007 5.206750173022546
15149 24.659101490973452
15155 0.6904112007410705
15192 4.467363916867872
15262 6.9985096422506015
15299 3.8204558119026557
15332 -15.523117301456201
15351 3.5645224377654547
15396 5.612215281130711
15418 2.1233123190494494
15468 1.1549652252192415
15587 5.1789086703776
15593 3.597312260588446
15595 3.9962488624145074
15604 2.1233123190494494
15651 5.688617093923677
15669 2.162227735299123
15693 4.919068100570765
15708 2.9911764570181303
15731 2.9911764570181303
15771 0.04619142958929879
15796 3.666305132075397
