131
65 6.305362461690656
174 1.6232312345664361
751 4.22592092001082
1050 9.201228738904462
1839 2.093234863812172
1964 3.260840023967233
2311 4.8012850649143815
2334 1.5879037593638217
2421 3.0863770537857995
2536 1.7835738846416156
2674 3.081743407380416
2935 1.2640783890383267
4189 5.74275051441102
4258 3.3096301881366648
4295 2.9209721983448818
4405 1.3460204619819507
4420 4.00277736869661
4425 2.498233312684696
4459 3.2849375755462935
4586 3.009525595686327
4616 1.8925641683500207
4750 0.33155284982139466
4846 2.021775899830027
4852 1.258716730071367
5116 1.961557039836972
5154 2.4446327506500602
5340 3.3349479961209547
5517 1.6232312345664361
5666 3.47214911763444
5817 5.206750173022546
5835 3.1273086313427103
5901 4.910429719961194
5905 1.7835738846416156
6618 8.227468878565187
6702 3.0282177286984795
6729 2.1944885975173447
6754 1.2024518914852294
6776 1.942263836902293
7076 2.434161450782765
7104 -0.6634879166512921
7156 3.8204558119026557
7242 3.6312138122641273
7497 1.4028006446333317
7563 2.335070548138534
7569 1.0170954309961207
7892 1.5517722705842913
7906 1.4339892349279078
7932 1.8745456628473423
8007 1.904759441443839
8276 3.21432000833234
8306 3.7026727762462723
8337 1.9550845253313545
8444 1.7890234894091803
8650 3.3096301881366648
8683 1.6803896484063847
8886 1.3081501879265407
8904 2.1863252868781835
9169 3.4431615807611875
9393 2.12194687433635
9454 3.1698682457615064
9602 2.2800107709555064
9709 1.082307579643166
9798 3.1698682457615064
9884 3.2373095265570386
10025 4.513602992462601
10029 2.4237986637472186
10064 3.3349479961209547
10154 3.3609234825242154
10739 2.37353682896633
10794 2.938066631704182
10825 2.0149030205422647
10827 3.740413104229119
10886 2.87137525720551
10962 2.6290617897835795
10973 2.7938170228596353
11011 4.22592092001082
11102 0.6652300141109108
11343 4.290459441148391
11347 0.8373023205555247
11423 4.600614369452231
11444 2.434161450782765
11570 1.1933746733341126
11702 3.9539872045271784
11706 6.9985096422506015
11785 1.9680717208581657
11816 3.8592108800607394
11965 11.799794707164983
11975 2.9209721983448818
12227 3.1698682457615064
12250 4.997399943840672
12279 3.8630154263214513
12312 2.7938170228596353
12833 0.9630282097258448
12853 1.152070867192877
12991 3.1066893441399746
12992 2.3256808077886952
13086 4.359452312635343
13108 4.560021541911013
13114 6.305362461690656
13384 2.0568672196412967
13462 3.3096301881366648
13533 4.919068100570765
13553 -0.37046075994419203
13565 1.9878743481543455
13600 4.919068100570765
13680 2.2449194511442365
13681 2.498699971920336
13916 9.320068032419924
14008 4.002594736972972
14031 4.695924549256556
14044 1.4611753752320646
14208 4.749474597095603
14237 -2.7889933932166397
14242 2.5326015235960173
14267 -0.3823693933135151
14381 0.2288676653980985
14416 0.7739512129752414
14450 4.165296298194385
14463 1.67063347346102
14590 1.8337236683270872
14692 2.8396265588909295
14946 6.305362461690656
15242 3.414990703794491
15332 -7.761558650728101
15341 1.5919482501253577
15415 2.824122372354964
15622 2.363780654020965
15660 3.8204558119026557
15697 3.7796338173824005
15708 5.982352914036261
15771 0.04619142958929879
