57
174 3.2464624691328723
652 3.5327737394508745
719 4.919068100570765
794 4.600614369452231
866 2.20271909665386
868 2.0286963426746007
932 5.74275051441102
979 4.22592092001082
2249 4.165296298194385
2334 0.7939518796819108
2365 3.7026727762462723
2407 2.236335707452845
2524 4.108137884354437
2665 4.695924549256556
2705 1.6657908489852322
2913 1.720394983020084
3690 1.4972514317058743
3814 2.236335707452845
4031 2.555858385760285
4097 2.955458374416051
4136 3.3349479961209547
4366 1.9878743481543455
4500 2.8396265588909295
5110 1.8452180477528222
5871 5.206750173022546
6228 1.2947271675944
6387 2.9911764570181303
7295 3.7026727762462723
7445 1.8686109273275278
8153 2.8396265588909295
8342 3.1066893441399746
8392 4.600614369452231
8585 3.47214911763444
8708 1.4810567457858934
8928 1.3355491621146554
9258 3.260840023967233
10431 0.7218661529089567
11027 2.556395731286379
12721 5.5356541432584665
12767 2.6547042203969173
12809 2.8088549002241754
12833 1.9260564194516896
12963 4.290459441148391
12992 2.3256808077886952
13026 4.919068100570765
13434 4.513602992462601
13449 2.6418008155610093
13672 1.5262389685791264
13775 3.2849375755462935
14165 2.8088549002241754
14463 1.67063347346102
15121 1.5868635903955612
15149 2.465910149097345
15332 -1.5523117301456202
15587 1.2947271675944
15595 1.3320829541381691
15796 3.666305132075397
