286
59 4.433560284789064
65 6.305362461690656
194 0.7699986386594181
209 1.7001922757025645
279 2.6418008155610093
327 2.20271909665386
521 1.8986432144264027
657 2.0640357091199095
691 6.305362461690656
695 2.9911764570181303
752 6.9985096422506015
800 2.434161450782765
807 10.778143459633002
1050 4.600614369452231
1060 0.24866762566620615
1118 4.8012850649143815
1184 6.305362461690656
1311 5.206750173022546
1379 0.5370414658968836
1416 4.359452312635343
1599 6.9985096422506015
1686 3.4648956756577247
1687 4.827084327160058
1690 2.455214859980597
1702 3.3609234825242154
1750 2.2137308608496604
1758 6.305362461690656
1893 1.7567626271909589
2041 10.693567313296365
2049 2.37353682896633
2051 2.66777630196427
2288 3.7796338173824005
2357 1.1873686492739008
2365 3.7026727762462723
2406 2.9209721983448818
2438 9.83813620114153
2450 -1.832570687110832
2534 3.2373095265570386
2586 9.928890564409993
2587 5.8998973535824915
2603 3.3609234825242154
2638 2.130975191795019
2639 5.208120975156325
2645 2.591790394986348
2663 5.612215281130711
2674 4.108991209840554
2913 1.720394983020084
2920 0.6795415285041667
3329 1.981229805435677
3463 6.305362461690656
3487 4.8012850649143815
3489 1.942263836902293
3556 5.389071729816501
3578 0.6015799870344548
3635 1.5779746429783155
3646 7.7030785302218625
3647 2.1081605140288473
3704 3.8630154263214513
3820 3.5780469788183606
3840 2.5961321377198296
3898 3.047265923669174
3938 4.433560284789064
3961 2.6290617897835795
3981 3.3609234825242154
4107 8.867120569578129
4181 4.8012850649143815
4188 4.359452312635343
4189 17.228251543233057
4230 2.0149030205422647
4258 3.3096301881366648
4295 2.9209721983448818
4309 2.681021528714291
4340 3.5645224377654547
4420 4.00277736869661
4421 4.919068100570765
4425 1.249116656342348
4520 3.1273086313427103
4707 3.740413104229119
4750 0.33155284982139466
4815 2.7218435232345457
4840 5.876133263408364
4865 3.0282177286984795
4924 3.2849375755462935
4988 3.7796338173824005
5014 2.3541187431092285
5046 2.236335707452845
5049 4.359452312635343
5326 3.1483620405405426
5339 1.1784267118982394
5340 3.3349479961209547
5350 2.955458374416051
5385 5.8998973535824915
5436 2.8876357780772897
5439 3.7796338173824005
5484 1.8928409466523688
5517 1.6232312345664361
5615 2.049749751872433
5620 3.8204558119026557
5670 4.513602992462601
5736 2.8088549002241754
5834 6.62470156114316
5835 6.254617262685421
5977 5.389071729816501
6015 6.383694304960563
6043 1.5913378707904824
6151 1.4075226617397445
6400 4.919068100570765
6433 0.5154022907934025
6507 2.6290617897835795
6576 3.666305132075397
6587 4.00277736869661
6618 6.17060165892389
6702 6.056435457396959
6729 2.1944885975173447
6776 1.942263836902293
6819 1.7153059135126125
6872 1.3047775034479017
6953 2.681021528714291
7025 1.0095482253607377
7067 5.8998973535824915
7104 -1.3269758333025843
7125 3.8630154263214513
7156 7.640911623805311
7177 4.22592092001082
7242 10.893641436792382
7399 5.612215281130711
7490 3.414990703794491
7497 4.208401933899995
7569 2.0341908619922413
7813 1.0145733615634107
7878 6.9985096422506015
7906 1.4339892349279078
7907 2.6418008155610093
7914 4.292958756661968
7915 4.8012850649143815
7932 1.8745456628473423
7969 3.5327737394508745
8007 3.809518882887678
8032 1.0216512475319814
8070 9.445086121621628
8142 2.9041650800285006
8155 3.1066893441399746
8276 3.21432000833234
8294 3.666305132075397
8306 3.7026727762462723
8399 3.9539872045271784
8431 4.695924549256556
8432 3.3875917296063767
8439 1.4072724119651276
8460 5.052599493195288
8650 3.3096301881366648
8683 1.6803896484063847
8816 5.176530251060562
8823 3.1066893441399746
8886 3.9244505637796223
8896 2.938066631704182
8904 2.1863252868781835
9169 3.4431615807611875
9222 5.612215281130711
9306 3.8630154263214513
9365 1.4972514317058743
9393 6.365840623009049
9454 3.1698682457615064
9531 1.67063347346102
9602 2.2800107709555064
9675 4.108137884354437
9709 1.082307579643166
9711 3.7372218546550555
9765 1.7835738846416156
9788 8.718904625270685
9798 15.849341228807532
9876 2.6944445490464313
9877 5.8998973535824915
9884 12.949238106228155
9885 10.105198986390576
9893 4.108137884354437
9911 4.165296298194385
9970 0.4837969513780714
9977 3.8630154263214513
10029 2.4237986637472186
10032 5.389071729816501
10064 10.004843988362865
10154 3.3609234825242154
10206 4.00277736869661
10225 3.8630154263214513
10326 2.615384627732556
10329 -0.4201813914191953
10521 4.433560284789064
10561 1.6003469407328483
10739 11.86768414483165
10749 1.1754637467675824
10765 4.513602992462601
10770 2.4876501357337513
10794 2.938066631704182
10827 3.740413104229119
10853 5.052599493195288
10868 -0.18536107281185138
10981 3.086486636822455
11011 4.22592092001082
11027 1.2781978656431896
11102 3.326150070554554
11236 3.5645224377654547
11344 3.1483620405405426
11347 2.511906961666574
11406 2.6418008155610093
11481 3.237224577420283
11506 3.8630154263214513
11518 3.8630154263214513
11702 3.9539872045271784
11785 1.9680717208581657
11790 2.2449194511442365
11815 5.052599493195288
11816 3.8592108800607394
11922 5.206750173022546
11939 2.681021528714291
11961 6.6192603762733295
12022 0.40409618250082274
12057 2.10066984229969
12151 3.1698682457615064
12227 6.339736491523013
12240 6.305362461690656
12250 7.4960999157610075
12279 7.726030852642903
12383 1.2523064517104479
12557 6.305362461690656
12565 5.389071729816501
12674 1.5779746429783155
12717 0.5999147077153936
12790 6.038287664375659
12793 2.87137525720551
12823 1.034930298632155
12853 1.152070867192877
12861 4.00277736869661
12993 4.05407066308416
13080 0.8123010183501074
13151 4.22592092001082
13208 1.3115342859107813
13319 3.6111055827207816
13384 2.0568672196412967
13449 2.6418008155610093
13462 13.238520752546659
13505 3.0666840095262753
13553 -0.7409215198883841
13565 3.975748696308691
13680 6.73475835343271
13727 5.8998973535824915
13758 6.9985096422506015
13817 3.5645224377654547
13867 1.087712998210074
13916 9.320068032419924
13930 1.3601549729168554
14008 12.007784210918915
14044 1.4611753752320646
14123 4.22592092001082
14136 2.962113491571787
14174 1.7945029551738059
14208 14.248423791286811
14237 -11.85322192117072
14309 3.0274254175198925
14381 0.2288676653980985
14395 2.7218435232345457
14422 2.1233123190494494
14431 1.034930298632155
14439 3.1273086313427103
14515 3.0666840095262753
14563 5.283601631122019
14588 2.0785287164224764
14656 2.2811529755342836
14660 14.403855194743144
14845 5.206750173022546
14906 0.4013639403639497
15129 2.8876357780772897
15170 4.695924549256556
15187 3.989126672610284
15332 -7.761558650728101
15358 5.159338068908006
15418 2.1233123190494494
15453 4.47267141490569
15454 10.413500346045092
15468 1.1549652252192415
15471 1.3881216796572402
15538 3.8204558119026557
15660 7.640911623805311
15672 2.910084841569207
15731 2.9911764570181303
15771 0.11547857397324697
