377
401 3.1698682457615064
500 2.1701959049483
592 2.4446327506500602
626 4.359452312635343
843 5.052599493195288
1060 0.24866762566620615
1094 4.670141096277068
1356 7.091341962062895
1379 1.6111243976906509
1457 6.305362461690656
1474 4.919068100570765
1477 6.305362461690656
1594 6.305362461690656
1691 4.108137884354437
1702 3.3609234825242154
1842 2.0286963426746007
1844 5.612215281130711
1922 3.390409468383051
1924 2.288979440938267
2064 1.5647876386963615
2082 4.919068100570765
2162 6.339736491523013
2174 5.206750173022546
2224 5.943689416307031
2233 3.260840023967233
2241 4.8012850649143815
2261 4.919068100570765
2334 0.7939518796819108
2407 2.236335707452845
2450 -1.832570687110832
2519 1.6902419448493964
2534 3.2373095265570386
2639 2.6040604875781623
2674 1.0272478024601386
2841 4.433560284789064
2919 2.1944885975173447
2920 0.6795415285041667
2950 5.8998973535824915
2959 5.936843246369504
3200 6.305362461690656
3297 3.9539872045271784
3329 1.981229805435677
3374 1.9680717208581657
3449 1.9647049651044954
3475 5.052599493195288
3498 2.87137525720551
3499 5.8998973535824915
3533 5.612215281130711
3598 1.1666271649670843
3614 2.875656022470147
3755 5.8998973535824915
3774 1.7255100836868542
3785 2.87137525720551
3804 2.750014400201242
3807 2.3256808077886952
3814 2.236335707452845
3828 4.919068100570765
3840 1.2980660688599148
3880 6.305362461690656
3896 1.403798262648762
3923 3.1273086313427103
3939 4.359452312635343
3982 1.0769312226067855
4110 13.82201568826671
4208 3.044092180638181
4245 3.597312260588446
4282 2.8553749158590684
4309 2.681021528714291
4319 2.049749751872433
4325 3.21432000833234
4331 3.3875917296063767
4341 2.6547042203969173
4376 8.867120569578129
4381 2.0149030205422647
4385 3.1273086313427103
4405 1.3460204619819507
4416 2.727440078162703
4437 2.4033897921160112
4502 2.8088549002241754
4522 0.2603571476546441
4625 1.8452180477528222
4750 0.33155284982139466
4765 1.4150133334689021
4809 2.8088549002241754
4811 5.206750173022546
4846 2.021775899830027
4876 2.2449194511442365
4909 1.4690805547391779
4914 1.4339892349279078
4946 5.389071729816501
4964 0.563963123463148
5022 4.22592092001082
5033 2.1233123190494494
5046 2.236335707452845
5120 3.8630154263214513
5236 5.612215281130711
5375 6.305362461690656
5384 4.05407066308416
5395 6.305362461690656
5510 4.108137884354437
5517 1.6232312345664361
5534 3.3875917296063767
5570 3.6312138122641273
5630 0.7149230267409722
5687 2.0785287164224764
5736 2.8088549002241754
5812 3.1698682457615064
5839 2.579669034454003
5850 6.094531847338348
5872 7.632487037991281
5929 3.3096301881366648
5983 1.9878743481543455
6015 3.1918471524802814
6026 2.66777630196427
6043 4.774013612371447
6088 1.2146844599208637
6150 4.05407066308416
6151 9.852658632178212
6234 2.6290617897835795
6250 1.7727629685373998
6345 3.414990703794491
6351 8.426564700672525
6376 3.0666840095262753
6447 3.8642478746271944
6454 6.9985096422506015
6548 2.0785287164224764
6583 3.4517790046754495
6626 5.8998973535824915
6645 5.206750173022546
6657 2.138697237888929
6721 4.766778250818684
6751 2.5441623459970937
6754 1.2024518914852294
6776 1.942263836902293
6819 1.7153059135126125
6829 6.305362461690656
6848 4.05407066308416
6908 2.347638623818587
6950 4.433560284789064
6977 10.778143459633002
7058 3.7026727762462723
7104 -3.3174395832564607
7118 3.1273086313427103
7141 6.305362461690656
7189 3.8630154263214513
7199 6.305362461690656
7203 9.320068032419924
7205 5.8998973535824915
7262 5.612215281130711
7312 2.3163784151263815
7373 5.8998973535824915
7520 5.389071729816501
7569 1.0170954309961207
7686 6.305362461690656
7700 3.7026727762462723
7764 1.7052048175261088
7797 6.094531847338348
7813 1.0145733615634107
7838 2.1081605140288473
7845 2.4237986637472186
7892 1.5517722705842913
7940 4.359452312635343
7949 5.088324691994187
7950 5.8998973535824915
7981 6.128047753948022
7987 3.666305132075397
7988 6.305362461690656
7991 1.3149298749119196
8003 4.108137884354437
8007 3.809518882887678
8117 3.3349479961209547
8262 2.0712559570933964
8514 4.01615411094373
8523 11.610122171270937
8529 5.612215281130711
8643 2.001297368486486
8645 3.5327737394508745
8683 3.3607792968127694
8695 1.9550845253313545
8710 2.204815118837552
8712 3.3349479961209547
8736 1.1933746733341126
8745 5.088324691994187
8749 6.133368019052551
8751 7.726030852642903
8788 2.146479378330984
8822 2.2800107709555064
8905 11.224430562261421
8928 2.6710983242293107
8946 2.7218435232345457
8960 3.8630154263214513
9106 2.1700132732246624
9110 2.035665011990694
9115 3.047265923669174
9122 1.3744921360632627
9164 3.597312260588446
9170 0.6116303228879563
9234 12.67776276003246
9235 4.359452312635343
9365 5.989005726823497
9384 2.6710983242293107
9393 2.12194687433635
9411 6.305362461690656
9428 2.498699971920336
9533 6.305362461690656
9537 1.3092584162485406
9559 -1.9967746525193741
9589 6.557671429553906
9590 3.3096301881366648
9609 4.8012850649143815
9662 6.305362461690656
9681 3.8204558119026557
9709 3.246922738929498
9727 4.165296298194385
9728 9.64296002499702
9765 1.7835738846416156
9779 1.8337236683270872
9817 2.6366740664670676
9970 0.9675939027561428
10012 4.290459441148391
10029 4.847597327494437
10054 3.0282177286984795
10056 4.359452312635343
10069 3.4431615807611875
10114 2.6028323114903933
10128 6.305362461690656
10130 6.305362461690656
10196 5.042345655544789
10210 2.9911764570181303
10217 2.15432255579201
10227 5.206750173022546
10307 2.5676928434072877
10325 1.8925641683500207
10326 0.5230769255465112
10393 1.9746291214043248
10422 0.7087940713416041
10441 3.7026727762462723
10447 3.0497411835248567
10473 1.7781538171722764
10477 4.05407066308416
10672 3.414990703794491
10708 11.224430562261421
10716 6.305362461690656
10723 4.513602992462601
10727 6.305362461690656
10728 6.305362461690656
10742 12.523164425864262
10751 7.939518796819108
10770 2.4876501357337513
10773 5.389071729816501
10814 13.078356937906028
10868 -0.37072214562370276
10906 2.035665011990694
11034 1.5958322603783217
11110 4.861473115008068
11139 2.87137525720551
11140 2.15432255579201
11170 2.5676928434072877
11218 0.5720211847929105
11299 -2.6059138093296896
11304 2.410992067732915
11308 2.5098732725184614
11379 4.085365169298681
11416 4.356456153291129
11428 5.389071729816501
11481 1.6186122887101415
11491 1.8745456628473423
11553 6.305362461690656
11570 1.1933746733341126
11816 1.9296054400303697
11825 2.9041650800285006
11945 1.9550845253313545
11947 3.0282177286984795
11963 4.919068100570765
11969 3.0329351883193265
12014 2.9911764570181303
12022 0.40409618250082274
12028 2.591790394986348
12033 2.5211728277723946
12060 3.044092180638181
12081 2.363780654020965
12086 5.8998973535824915
12093 1.6803896484063847
12122 1.1963912668735384
12143 4.165296298194385
12145 9.575541457440844
12148 4.513602992462601
12377 2.6920409239639014
12383 2.5046129034208957
12404 2.970161792171238
12455 -0.2152586658680402
12457 3.2373095265570386
12508 2.262311193856106
12553 8.572668930241523
12560 6.305362461690656
12595 4.689098584186156
12598 2.5098732725184614
12679 1.5958322603783217
12796 2.9209721983448818
12797 2.7218435232345457
12801 1.9109133070182172
12803 4.091160117244055
12805 3.713692171495883
12964 6.305362461690656
13001 2.9461134062376346
13189 1.8745456628473423
13208 1.3115342859107813
13272 8.337005811223484
13316 3.047265923669174
13319 5.416658374081172
13390 2.236335707452845
13401 4.93182029819469
13411 2.8088549002241754
13440 1.4770487243883548
13479 3.7796338173824005
13501 2.5211728277723946
13527 2.049749751872433
13542 5.052599493195288
13553 -1.111382279832576
13629 5.8998973535824915
13657 5.8998973535824915
13740 4.359452312635343
13750 2.162227735299123
13777 6.305362461690656
13818 4.600614369452231
13891 1.8197775865739976
13897 5.443687046469091
13954 5.052599493195288
13969 9.391849098513111
13971 5.389071729816501
13986 3.47214911763444
14044 1.4611753752320646
14085 3.1698682457615064
14136 1.4810567457858934
14167 3.7026727762462723
14237 -2.09174504491248
14267 -0.3823693933135151
14313 1.6466515087745348
14335 5.206750173022546
14375 18.783698197026222
14381 0.2288676653980985
14573 3.260840023967233
14588 4.157057432844953
14779 4.290459441148391
14856 4.8012850649143815
14906 0.8027278807278994
14907 3.5645224377654547
14918 3.5327737394508745
15056 5.8998973535824915
15121 1.5868635903955612
15168 6.305362461690656
15192 1.489121305622624
15280 5.612215281130711
15292 2.211017899468555
15306 0.7199882180847567
15332 -13.970805571310581
15341 0.7959741250626788
15358 5.159338068908006
15374 5.612215281130711
15471 0.6940608398286201
15476 4.600614369452231
15484 2.9911764570181303
15517 1.886521853894058
15578 8.97251477586903
15595 1.3320829541381691
15612 4.165296298194385
15622 2.363780654020965
15651 2.2754468375694707
15672 1.4550424207846036
15685 0.8716404581364162
15708 2.9911764570181303
15711 11.799794707164983
15771 0.023095714794649395
15823 6.305362461690656
15827 9.554566535091086
15828 3.2794433825880924
15829 18.898169086912002
