175
108 4.359452312635343
157 5.052599493195288
170 3.7796338173824005
241 1.6902419448493964
277 5.389071729816501
298 5.389071729816501
327 2.20271909665386
356 2.591790394986348
706 5.612215281130711
711 5.612215281130711
714 5.389071729816501
755 4.8012850649143815
1060 0.1865007192496546
1062 2.591790394986348
1379 1.6111243976906509
1381 2.6547042203969173
1436 4.108137884354437
1692 2.1944885975173447
2001 5.206750173022546
2038 1.880515829833846
2049 2.37353682896633
2070 1.4730567031188173
2191 3.086486636822455
2311 14.403855194743144
2334 0.7939518796819108
2358 3.1273086313427103
2421 1.5431885268928998
2450 -0.6108568957036107
2536 1.7835738846416156
2674 1.0272478024601386
2788 3.3096301881366648
2919 2.1944885975173447
2920 2.0386245855125003
2935 0.6320391945191633
3143 2.219386149139072
3329 1.981229805435677
3352 4.359452312635343
3386 5.258123579567159
3392 2.20271909665386
3395 4.695924549256556
3546 5.206750173022546
3746 5.206750173022546
3788 2.750014400201242
3824 8.00555473739322
3938 4.433560284789064
4021 1.5054481989100525
4070 1.1068654304248302
4181 4.8012850649143815
4185 5.612215281130711
4189 2.87137525720551
4846 2.021775899830027
4865 3.0282177286984795
4876 4.489838902288473
4878 1.3672978604292356
5103 3.414990703794491
5156 2.211017899468555
5257 5.389071729816501
5340 3.3349479961209547
5418 4.00277736869661
5484 0.9464204733261844
5817 5.206750173022546
5879 4.359452312635343
5927 6.9985096422506015
6087 5.052599493195288
6136 1.457246097092175
6305 3.9539872045271784
6511 5.052599493195288
6618 12.34120331784778
6819 1.7153059135126125
7025 1.0095482253607377
7487 3.6334521839170324
7490 3.414990703794491
7563 2.335070548138534
7569 1.0170954309961207
7597 2.1863252868781835
7724 3.597312260588446
7764 3.4104096350522175
7838 4.216321028057695
7892 1.5517722705842913
7914 2.146479378330984
7915 4.8012850649143815
7949 2.5441623459970937
7981 2.0426825846493406
8007 11.428556648663033
8008 6.9985096422506015
8142 2.9041650800285006
8242 2.035665011990694
8294 3.666305132075397
8399 3.9539872045271784
8439 0.4690908039883759
8460 20.210397972781152
8461 6.9985096422506015
8462 6.9985096422506015
8650 3.3096301881366648
8718 2.824122372354964
8816 1.7255100836868542
8886 1.3081501879265407
8977 2.6290617897835795
9106 1.0850066366123312
9177 4.359452312635343
9307 4.108137884354437
9353 7.430163195604683
9393 2.12194687433635
9602 6.840032312866519
9709 1.082307579643166
9884 9.711928579671117
9970 0.4837969513780714
10006 2.6944445490464313
10029 21.81418797372497
10055 3.009525595686327
10064 10.004843988362865
10073 4.919068100570765
10317 6.9985096422506015
10326 0.5230769255465112
10561 1.6003469407328483
10667 3.9539872045271784
10739 2.37353682896633
10749 5.877318733837912
10794 2.938066631704182
10868 -0.18536107281185138
10910 4.695924549256556
10932 4.600614369452231
10962 2.6290617897835795
11027 1.2781978656431896
11102 1.3304600282218215
11165 2.1863252868781835
11226 6.9985096422506015
11347 1.6746046411110493
11406 2.6418008155610093
11570 3.580124020002338
11635 6.9985096422506015
11671 2.2535775138873513
11714 4.290459441148391
11969 0.7582337970798316
12042 2.6418008155610093
12051 3.5645224377654547
12249 3.9074671888922854
12292 2.5211728277723946
12312 2.7938170228596353
12543 3.5645224377654547
12833 0.9630282097258448
13086 34.87561850108274
13108 2.2800107709555064
13182 6.9985096422506015
13208 1.3115342859107813
13440 1.4770487243883548
13462 3.3096301881366648
13491 2.288979440938267
13505 3.0666840095262753
13533 4.919068100570765
13565 3.975748696308691
13572 7.498182651389369
13681 7.4960999157610075
13843 2.1782280766455644
13916 3.1066893441399746
14008 2.001297368486486
14104 1.710242611556066
14136 1.4810567457858934
14208 3.5621059478217028
14237 -2.09174504491248
14267 -1.1471081799405454
14381 0.457735330796197
14419 7.194624521176892
14431 2.06986059726431
14656 1.1405764877671418
14822 4.290459441148391
15012 4.108137884354437
15099 3.47214911763444
15121 1.5868635903955612
15332 -6.209246920582481
15358 2.579669034454003
15418 4.246624638098899
15468 1.1549652252192415
15582 6.9985096422506015
15660 3.8204558119026557
