274
94 8.00555473739322
241 1.6902419448493964
302 1.7153059135126125
363 6.305362461690656
373 2.750014400201242
422 2.66777630196427
433 5.389071729816501
502 5.135385686814575
512 2.0785287164224764
516 4.108137884354437
652 3.5327737394508745
719 4.919068100570765
725 6.305362461690656
787 2.035665011990694
792 4.600614369452231
793 5.389071729816501
794 4.600614369452231
829 3.5645224377654547
865 5.042345655544789
866 4.40543819330772
868 4.0573926853492015
932 5.74275051441102
979 8.45184184002164
1060 0.24866762566620615
1379 2.685207329484418
1404 1.3708885285599641
1686 1.1549652252192415
1702 3.3609234825242154
1750 1.1068654304248302
1782 8.165530569703638
1802 5.8998973535824915
1839 2.093234863812172
1889 3.414990703794491
1918 6.305362461690656
1977 2.6040604875781623
2033 1.6853036632088139
2203 6.9985096422506015
2249 4.165296298194385
2320 2.973157951515452
2357 1.1873686492739008
2405 4.600614369452231
2428 4.695924549256556
2488 3.7796338173824005
2524 4.108137884354437
2577 3.5327737394508745
2668 3.502002080784121
2669 3.6447198193535444
2748 8.00555473739322
2788 9.928890564409993
2814 5.8998973535824915
2837 3.086486636822455
2913 3.440789966040168
2924 2.0286963426746007
2935 0.6320391945191633
3090 6.094531847338348
3110 2.8876357780772897
3242 5.052599493195288
3317 6.305362461690656
3329 3.962459610871354
3671 3.5645224377654547
3759 2.4033897921160112
3774 1.7255100836868542
3812 2.2535775138873513
3814 2.236335707452845
3840 1.2980660688599148
3900 5.612215281130711
4031 10.22343354304114
4070 2.2137308608496604
4126 5.206750173022546
4136 3.3349479961209547
4258 3.3096301881366648
4459 6.569875151092587
4500 2.8396265588909295
4507 2.298029276458185
4537 1.0196238773494795
4640 5.389071729816501
4646 3.7372218546550555
4750 0.6631056996427893
4909 2.9381611094783557
4912 1.9296054400303697
4922 4.359452312635343
4924 3.2849375755462935
4926 5.389071729816501
5012 4.108137884354437
5062 4.513602992462601
5174 3.740413104229119
5319 3.086486636822455
5331 3.2373095265570386
5363 3.0666840095262753
5392 2.130975191795019
5409 3.502002080784121
5414 2.8876357780772897
5459 6.9985096422506015
5484 0.9464204733261844
5536 6.305362461690656
5541 4.290459441148391
5652 3.3096301881366648
5722 3.3609234825242154
5828 2.5676928434072877
5830 4.05407066308416
5839 5.159338068908006
5944 3.8204558119026557
5973 1.4770487243883548
5986 3.3609234825242154
6156 1.8000126109847754
6206 4.22592092001082
6228 2.5894543351888
6242 5.808330160057001
6411 4.86832290156553
6433 0.5154022907934025
6445 7.332610264150794
6488 3.0666840095262753
6536 4.05407066308416
6572 4.695924549256556
6583 0.8629447511688624
6586 2.288979440938267
6587 4.00277736869661
6688 1.8925641683500207
6716 6.9985096422506015
6729 4.388977195034689
6872 1.3047775034479017
6941 2.1782280766455644
6970 2.1863252868781835
6993 4.05407066308416
7016 6.133368019052551
7023 8.718904625270685
7054 3.8630154263214513
7104 -1.9904637499538764
7108 6.305362461690656
7170 1.6186122887101415
7286 1.4112609838503516
7306 2.4876501357337513
7445 29.897774837240444
7462 3.884527673804586
7569 1.0170954309961207
7813 1.0145733615634107
8167 3.6312138122641273
8342 3.1066893441399746
8454 4.919068100570765
8615 2.6944445490464313
8680 4.00277736869661
8708 1.4810567457858934
8850 1.7153059135126125
8880 3.34126694692204
8900 13.540808977387801
8914 6.305362461690656
8975 7.180018368787529
8977 2.6290617897835795
8978 3.2280291589230243
8979 1.7890234894091803
9032 4.8012850649143815
9258 3.260840023967233
9282 10.173325384397272
9376 3.5645224377654547
9393 1.060973437168175
9602 2.2800107709555064
9733 1.0850066366123312
9791 2.344549292093078
9824 4.359452312635343
9983 3.1066893441399746
10054 12.112870914793918
10114 1.3014161557451966
10431 2.16559845872687
10542 5.612215281130711
10595 4.05407066308416
10603 3.9074671888922854
10782 4.433560284789064
10791 4.05407066308416
10905 4.695924549256556
11023 1.2880826248757316
11027 3.834593596929569
11089 8.08475657653469
11096 9.83813620114153
11317 3.0666840095262753
11397 4.22592092001082
11491 1.8745456628473423
11524 1.5178707189086098
11525 6.9985096422506015
11634 3.3096301881366648
11655 2.66777630196427
11670 6.305362461690656
11677 3.4510201673737084
11769 3.2933030175490696
11785 1.9680717208581657
11947 3.0282177286984795
11977 3.7026727762462723
12043 2.498699971920336
12114 4.359452312635343
12117 4.290459441148391
12151 3.1698682457615064
12229 4.695924549256556
12246 4.290459441148391
12273 3.7026727762462723
12309 7.1290448755309095
12455 -0.2152586658680402
12558 2.4446327506500602
12639 4.165296298194385
12688 4.165296298194385
12721 3.6904360955056443
12761 4.513602992462601
12767 10.61881688158767
12809 5.617709800448351
12823 2.06986059726431
12833 2.8890846291775345
12853 1.152070867192877
12896 3.2373095265570386
12955 4.290459441148391
12963 4.290459441148391
12968 3.047265923669174
12992 4.6513616155773905
13030 4.290459441148391
13080 2.436903055050322
13088 5.558003874148989
13102 5.471659530418572
13125 3.3096301881366648
13126 5.8998973535824915
13153 2.2278250177849364
13155 5.8998973535824915
13207 5.389071729816501
13220 6.569875151092587
13274 5.8998973535824915
13314 2.0286963426746007
13316 6.094531847338348
13492 4.8012850649143815
13505 3.0666840095262753
13508 1.7255100836868542
13613 1.8111238364098463
13670 2.6164830075767194
13747 4.433560284789064
13913 5.679253117781859
13997 4.919068100570765
14165 2.8088549002241754
14237 -0.6972483483041599
14267 -0.7647387866270302
14340 4.108137884354437
14349 5.8998973535824915
14352 1.8928409466523688
14381 0.915470661592394
14403 2.4446327506500602
14416 0.7739512129752414
14422 4.246624638098899
14431 1.034930298632155
14466 3.7796338173824005
14484 4.290459441148391
14501 2.1863252868781835
14626 2.750014400201242
14700 4.00277736869661
14771 5.206750173022546
14873 5.8998973535824915
14879 3.9539872045271784
15024 3.2373095265570386
15121 1.5868635903955612
15149 7.3977304472920355
15155 0.6904112007410705
15192 4.467363916867872
15332 -15.523117301456201
15348 2.10066984229969
15415 5.648244744709928
15418 2.1233123190494494
15446 3.5327737394508745
15457 4.359452312635343
15468 3.4648956756577247
15480 4.359452312635343
15525 6.305362461690656
15532 6.9985096422506015
15583 5.389071729816501
15587 19.420907513916003
15595 2.6641659082763383
15604 4.246624638098899
15651 3.4131702563542063
15671 3.7796338173824005
15796 3.666305132075397
15816 3.9539872045271784
15818 5.8998973535824915
