341
59 4.433560284789064
194 0.7699986386594181
209 1.7001922757025645
241 3.3804838896987928
254 2.498699971920336
279 2.6418008155610093
327 2.20271909665386
373 2.750014400201242
498 3.3349479961209547
521 3.7972864288528054
583 2.9041650800285006
638 3.502002080784121
657 2.0640357091199095
703 3.7026727762462723
705 3.9074671888922854
706 5.612215281130711
711 5.612215281130711
714 5.389071729816501
751 4.22592092001082
800 2.434161450782765
1050 4.600614369452231
1060 0.12433381283310307
1062 2.591790394986348
1118 4.8012850649143815
1379 1.0740829317937672
1498 3.7796338173824005
1515 3.740413104229119
1687 2.413542163580029
1750 4.427461721699321
1755 3.47214911763444
1782 2.7218435232345457
1820 3.3875917296063767
1890 5.389071729816501
2026 2.681021528714291
2038 1.880515829833846
2041 10.693567313296365
2070 2.9461134062376346
2250 6.305362461690656
2288 3.7796338173824005
2313 5.8998973535824915
2358 3.1273086313427103
2411 4.359452312635343
2450 -0.6108568957036107
2484 2.629859749823839
2536 5.350721653924847
2538 2.84512107820857
2542 4.695924549256556
2586 6.6192603762733295
2597 2.1157077196642304
2638 4.261950383590038
2650 4.00277736869661
2674 7.19073461722097
2705 1.6657908489852322
2837 3.086486636822455
2913 1.720394983020084
2920 1.3590830570083334
2924 2.0286963426746007
2935 1.2640783890383267
2964 1.800870720168722
3140 5.389071729816501
3143 2.219386149139072
3171 5.389071729816501
3338 4.290459441148391
3392 6.60815728996158
3407 2.085854756514549
3489 1.942263836902293
3516 2.0785287164224764
3575 3.260840023967233
3578 0.6015799870344548
3635 1.5779746429783155
3646 2.5676928434072877
3647 2.1081605140288473
3700 1.2947271675944
3774 1.7255100836868542
3820 3.5780469788183606
3837 5.052599493195288
3840 1.2980660688599148
3886 4.919068100570765
3896 2.807596525297524
3946 3.414990703794491
3949 5.558003874148989
4070 1.1068654304248302
4107 4.433560284789064
4126 5.206750173022546
4188 4.359452312635343
4189 11.48550102882204
4222 2.3256808077886952
4243 5.612215281130711
4420 8.00555473739322
4425 3.7473499690270438
4459 3.2849375755462935
4481 2.146479378330984
4520 3.1273086313427103
4572 4.8012850649143815
4616 3.7851283367000415
4750 0.33155284982139466
4759 3.21432000833234
4815 2.7218435232345457
4840 2.938066631704182
4852 1.258716730071367
4865 3.0282177286984795
4871 2.4876501357337513
4988 3.7796338173824005
4989 1.3355491621146554
4990 4.513602992462601
5006 3.086486636822455
5049 4.359452312635343
5051 4.433560284789064
5111 3.21432000833234
5272 3.597312260588446
5339 2.356853423796479
5340 3.3349479961209547
5350 5.910916748832102
5385 5.8998973535824915
5392 2.130975191795019
5430 5.500028800402484
5484 1.8928409466523688
5517 3.2464624691328723
5518 1.5868635903955612
5711 2.6290617897835795
5715 3.502002080784121
5817 5.206750173022546
5834 1.65617539028579
5835 6.254617262685421
5875 5.500028800402484
5891 3.1273086313427103
6026 2.66777630196427
6043 1.5913378707904824
6136 1.457246097092175
6140 2.211017899468555
6216 2.3933394562625097
6228 1.2947271675944
6252 4.433560284789064
6292 6.305362461690656
6433 0.5154022907934025
6587 4.00277736869661
6609 3.1918471524802814
6618 4.113734439282593
6702 3.0282177286984795
6776 1.942263836902293
6872 1.3047775034479017
7057 3.2849375755462935
7104 -0.6634879166512921
7125 3.8630154263214513
7156 3.8204558119026557
7170 1.6186122887101415
7176 5.8998973535824915
7177 8.45184184002164
7242 3.6312138122641273
7281 12.949238106228155
7339 3.5327737394508745
7344 1.6325336272287498
7459 2.1944885975173447
7462 1.942263836902293
7487 1.8167260919585162
7490 10.244972111383474
7497 2.8056012892666633
7534 1.242767428663689
7563 16.345493836969737
7569 2.0341908619922413
7597 4.372650573756367
7638 3.7026727762462723
7731 2.001297368486486
7877 5.052599493195288
7892 1.5517722705842913
7914 2.146479378330984
7915 14.403855194743144
7932 1.8745456628473423
7949 2.5441623459970937
8007 5.7142783243315165
8070 9.445086121621628
8071 4.513602992462601
8155 3.1066893441399746
8175 5.389071729816501
8265 4.108137884354437
8276 3.21432000833234
8294 3.666305132075397
8306 3.7026727762462723
8337 1.9550845253313545
8338 4.22592092001082
8399 3.9539872045271784
8434 5.8998973535824915
8439 0.9381816079767518
8440 4.00277736869661
8460 5.052599493195288
8648 2.434161450782765
8650 3.3096301881366648
8660 1.675499663112193
8708 1.4810567457858934
8731 2.0286963426746007
8816 1.7255100836868542
8874 4.513602992462601
8896 8.814199895112546
8979 3.5780469788183606
8992 5.8998973535824915
9024 4.359452312635343
9154 2.465910149097345
9170 0.6116303228879563
9229 2.3933394562625097
9306 3.8630154263214513
9308 3.1698682457615064
9393 3.1829203115045246
9419 8.580918882296782
9454 3.1698682457615064
9531 5.01190042038306
9643 5.8998973535824915
9709 1.082307579643166
9711 3.7372218546550555
9788 8.718904625270685
9791 2.344549292093078
9798 12.679472983046026
9876 5.3888890980928625
9884 25.89847621245631
10029 7.271395991241656
10030 2.413542163580029
10032 5.389071729816501
10055 3.009525595686327
10064 20.00968797672573
10294 2.70805020110221
10325 1.8925641683500207
10326 3.1384615532790674
10431 1.4437323058179135
10521 4.433560284789064
10543 4.8012850649143815
10739 14.24122097379798
10748 7.065547478901749
10794 2.938066631704182
10796 3.8630154263214513
10825 2.0149030205422647
10827 7.480826208458238
10853 10.105198986390576
10868 -0.18536107281185138
10973 2.7938170228596353
11102 4.656610098776375
11168 1.2781978656431896
11305 2.0640357091199095
11347 2.511906961666574
11416 2.1782280766455644
11487 6.305362461690656
11524 1.5178707189086098
11597 3.0666840095262753
11702 3.9539872045271784
11703 5.206750173022546
11714 4.290459441148391
11785 1.9680717208581657
11816 3.8592108800607394
11839 3.597312260588446
11840 3.3804838896987928
11939 2.681021528714291
11996 4.513602992462601
12151 3.1698682457615064
12205 4.513602992462601
12227 3.1698682457615064
12247 7.726030852642903
12249 3.9074671888922854
12250 4.997399943840672
12279 3.8630154263214513
12293 3.7026727762462723
12312 13.969085114298176
12341 2.8088549002241754
12383 1.2523064517104479
12418 12.16221198925248
12455 -0.2152586658680402
12457 3.2373095265570386
12565 5.389071729816501
12674 1.5779746429783155
12717 0.5999147077153936
12790 3.0191438321878294
12793 2.87137525720551
12823 3.104790895896465
12833 0.9630282097258448
12861 8.00555473739322
12956 6.305362461690656
12960 3.1918471524802814
12992 4.6513616155773905
12993 8.10814132616832
13001 1.4730567031188173
13086 4.359452312635343
13151 4.22592092001082
13152 4.600614369452231
13202 3.6312138122641273
13258 4.600614369452231
13314 4.0573926853492015
13319 1.8055527913603908
13354 1.8280256472124494
13360 4.05407066308416
13369 3.9074671888922854
13411 2.8088549002241754
13432 3.7796338173824005
13440 1.4770487243883548
13449 2.6418008155610093
13462 6.6192603762733295
13533 4.919068100570765
13553 -0.37046075994419203
13565 3.975748696308691
13572 1.8745456628473423
13588 3.5327737394508745
13609 4.22592092001082
13647 5.612215281130711
13679 5.8998973535824915
13680 6.73475835343271
13683 3.0666840095262753
13913 2.8396265588909295
13916 12.426757376559898
13918 5.679253117781859
13921 2.1782280766455644
13930 1.3601549729168554
14008 10.00648684243243
14100 4.359452312635343
14135 7.062356229327685
14136 1.4810567457858934
14140 5.052599493195288
14153 2.4876501357337513
14208 10.686317843465108
14237 -6.275235134737439
14242 2.5326015235960173
14267 -0.7647387866270302
14381 0.915470661592394
14395 8.165530569703638
14431 2.06986059726431
14656 2.2811529755342836
14660 4.8012850649143815
14692 2.8396265588909295
14725 4.359452312635343
14906 0.4013639403639497
15086 5.206750173022546
15099 3.47214911763444
15129 2.8876357780772897
15133 12.610724923381312
15187 7.978253345220568
15332 -18.627740761747443
15341 1.5919482501253577
15358 2.579669034454003
15453 8.94534282981138
15468 2.309930450438483
15471 0.6940608398286201
15472 5.471659530418572
15648 2.5676928434072877
15660 7.640911623805311
15669 2.162227735299123
15771 0.04619142958929879
