211
76 5.206750173022546
174 4.869693703699308
657 2.0640357091199095
754 6.9985096422506015
1820 3.3875917296063767
1822 9.533556501637367
2313 5.8998973535824915
2328 2.9911764570181303
2334 0.7939518796819108
2358 3.1273086313427103
2404 4.165296298194385
2450 -1.832570687110832
2484 1.3149298749119196
2601 3.1066893441399746
2638 4.261950383590038
2650 8.00555473739322
2674 1.0272478024601386
2829 2.8088549002241754
2935 1.2640783890383267
3048 2.5098732725184614
3140 5.389071729816501
3143 2.219386149139072
3155 12.610724923381312
3160 4.513602992462601
3407 2.085854756514549
3409 4.00277736869661
3489 1.942263836902293
3578 0.6015799870344548
3586 3.2849375755462935
3587 6.9985096422506015
3661 4.165296298194385
3810 6.9985096422506015
3862 3.0666840095262753
3896 1.403798262648762
3949 2.7790019370744945
4021 1.5054481989100525
4119 5.8998973535824915
4189 11.48550102882204
4190 6.9985096422506015
4222 2.3256808077886952
4236 6.305362461690656
4286 2.130975191795019
4425 6.24558328171174
4459 3.2849375755462935
4750 0.994658549464184
4783 2.1782280766455644
4852 1.258716730071367
4876 2.2449194511442365
5014 4.708237486218457
5110 3.6904360955056443
5339 3.5352801356947183
5340 13.339791984483819
5350 5.910916748832102
5430 5.500028800402484
5484 0.9464204733261844
5517 1.6232312345664361
5711 2.6290617897835795
5834 1.65617539028579
5875 2.750014400201242
5876 3.7796338173824005
5929 3.3096301881366648
5944 3.8204558119026557
5985 4.8012850649143815
6015 3.1918471524802814
6043 1.5913378707904824
6049 2.035665011990694
6072 4.22592092001082
6140 2.211017899468555
6216 2.3933394562625097
6228 1.2947271675944
6235 1.2270685191205855
6412 6.305362461690656
6439 4.513602992462601
6468 3.1483620405405426
6565 9.391849098513111
6587 4.00277736869661
6618 2.0568672196412967
6718 3.9539872045271784
6766 5.206750173022546
6819 3.430611827025225
6872 2.6095550068958033
6970 2.1863252868781835
7055 4.290459441148391
7057 6.569875151092587
7103 9.602570129828763
7104 -0.6634879166512921
7177 4.22592092001082
7197 3.461302966374546
7281 6.474619053114077
7344 1.6325336272287498
7397 2.87137525720551
7462 1.942263836902293
7490 3.414990703794491
7497 0.7014003223166658
7527 5.362043057428582
7563 14.010423288831205
7569 4.068381723984483
7647 3.3096301881366648
7731 2.001297368486486
7892 1.5517722705842913
7915 4.8012850649143815
7932 1.8745456628473423
8007 3.809518882887678
8070 3.1483620405405426
8197 5.206750173022546
8301 2.413542163580029
8337 1.9550845253313545
8660 3.350999326224386
8832 6.9985096422506015
8850 3.430611827025225
8870 3.7026727762462723
8874 4.513602992462601
8886 1.3081501879265407
8890 2.2800107709555064
8896 5.876133263408364
8904 2.1863252868781835
8906 3.047265923669174
8993 2.973157951515452
9006 4.108137884354437
9338 6.9985096422506015
9353 2.476721065201561
9384 2.6710983242293107
9393 1.060973437168175
9504 14.131094957803498
9505 6.305362461690656
9602 4.560021541911013
9876 2.6944445490464313
9884 6.474619053114077
10029 2.4237986637472186
10030 4.827084327160058
10032 5.389071729816501
10064 3.3349479961209547
10072 11.799794707164983
10086 5.612215281130711
10114 2.6028323114903933
10326 1.0461538510930224
10422 0.7087940713416041
10431 0.7218661529089567
10561 1.6003469407328483
10794 5.876133263408364
10827 7.480826208458238
10854 3.6312138122641273
10856 4.433560284789064
10906 2.035665011990694
10930 3.502002080784121
10962 2.6290617897835795
10973 2.7938170228596353
11052 3.740413104229119
11102 2.660920056443643
11154 4.433560284789064
11157 4.600614369452231
11168 2.556395731286379
11255 5.389071729816501
11287 2.0286963426746007
11379 2.0426825846493406
11416 4.356456153291129
11518 3.8630154263214513
11597 3.0666840095262753
11703 5.206750173022546
11790 2.2449194511442365
11969 2.274701391239495
11972 3.21432000833234
12062 3.47214911763444
12064 3.3349479961209547
12122 1.1963912668735384
12218 2.6547042203969173
12312 5.587634045719271
12383 1.2523064517104479
12455 -0.2152586658680402
12823 1.034930298632155
12853 2.304141734385754
12993 4.05407066308416
13058 4.00277736869661
13080 0.8123010183501074
13108 2.2800107709555064
13261 6.305362461690656
13290 4.8012850649143815
13314 2.0286963426746007
13384 2.0568672196412967
13547 1.6003469407328483
13553 -0.7409215198883841
13613 3.6222476728196926
13845 2.001297368486486
13916 6.213378688279949
13918 2.8396265588909295
13921 2.1782280766455644
14044 1.4611753752320646
14104 1.710242611556066
14136 2.962113491571787
14138 6.9985096422506015
14153 2.4876501357337513
14208 9.498949194191207
14237 -11.85322192117072
14242 5.065203047192035
14267 -1.5294775732540604
14381 0.6866029961942954
14416 2.3218536389257243
14455 1.637217476541176
14588 4.157057432844953
15099 6.94429823526888
15121 3.1737271807911225
15155 1.380822401482141
15187 7.978253345220568
15288 3.21432000833234
15304 9.391849098513111
15332 -12.418493841164961
15418 2.1233123190494494
15471 0.6940608398286201
15685 1.7432809162728324
15769 6.669895992241909
15794 2.5676928434072877
