159
396 5.612215281130711
422 2.66777630196427
495 2.8396265588909295
496 2.2800107709555064
502 2.5676928434072877
533 4.695924549256556
1060 0.06216690641655154
1696 6.305362461690656
1893 1.7567626271909589
2049 4.74707365793266
2051 2.66777630196427
2334 3.1758075187276433
2356 2.681021528714291
2450 -0.6108568957036107
2645 2.591790394986348
2701 2.7218435232345457
2841 13.300680854367194
2920 0.6795415285041667
2935 1.8961175835574902
3578 0.6015799870344548
3700 2.5894543351888
3840 5.192264275439659
3964 14.131094957803498
3985 5.019746545036923
4010 3.1918471524802814
4023 10.413500346045092
4029 2.9041650800285006
4053 -0.3738003760455464
4214 2.465910149097345
4222 2.3256808077886952
4277 7.405345552492545
4307 2.824122372354964
4341 2.6547042203969173
4366 1.9878743481543455
4537 4.078495509397918
4613 4.42203579893711
4616 3.7851283367000415
4624 6.305362461690656
4750 0.6631056996427893
4871 2.4876501357337513
4886 3.009525595686327
4912 1.9296054400303697
4914 2.8679784698558155
4989 4.006647486343966
5006 3.086486636822455
5014 2.3541187431092285
5063 46.33879169095091
5116 1.961557039836972
5155 3.3096301881366648
5156 6.633053698405666
5312 2.8553749158590684
5346 5.612215281130711
5484 0.9464204733261844
5518 1.5868635903955612
5587 2.5326015235960173
5736 2.8088549002241754
5950 4.00277736869661
6088 1.2146844599208637
6151 2.815045323479489
6221 25.698374242731617
6439 4.513602992462601
6467 2.2535775138873513
6583 3.4517790046754495
6729 2.1944885975173447
6754 1.2024518914852294
6776 1.942263836902293
6908 0.33537694625979814
6941 2.1782280766455644
6953 5.362043057428582
7065 5.208120975156325
7104 -1.3269758333025843
7261 6.305362461690656
7424 3.3609234825242154
7497 1.4028006446333317
7569 1.0170954309961207
7633 1.8745456628473423
7719 4.8012850649143815
7800 5.612215281130711
7854 3.3609234825242154
7892 7.758861352921457
7937 4.433560284789064
7949 2.5441623459970937
7991 1.3149298749119196
7993 8.00555473739322
8032 0.5108256237659907
8096 1.4533321977710387
8155 3.1066893441399746
8256 1.6803896484063847
8331 4.00277736869661
8337 5.865253575994063
8658 4.695924549256556
8660 1.675499663112193
8683 1.6803896484063847
8736 1.1933746733341126
8856 2.3163784151263815
8880 1.67063347346102
9106 2.1700132732246624
9271 5.389071729816501
9285 3.047265923669174
9344 4.359452312635343
9384 1.3355491621146554
9621 9.027205984925201
9628 5.052599493195288
9709 1.082307579643166
9983 3.1066893441399746
10146 4.05407066308416
10324 16.01110947478644
10326 0.5230769255465112
10329 -1.0504534785479882
10729 10.196238773494795
10867 2.9066643955420775
10868 -0.18536107281185138
10906 2.035665011990694
11050 15.815948818108714
11051 5.8419443966897635
11218 0.5720211847929105
11228 3.3096301881366648
11263 4.695924549256556
11299 -2.0847310474637517
11304 2.410992067732915
11343 4.290459441148391
11347 0.8373023205555247
11386 2.1157077196642304
11398 3.009525595686327
11444 4.86832290156553
11503 2.8876357780772897
11769 1.6466515087745348
11790 2.2449194511442365
11952 3.1916645207566434
12042 2.6418008155610093
12089 2.8088549002241754
12122 1.1963912668735384
12455 -0.2152586658680402
12553 2.1431672325603808
12578 2.4237986637472186
12707 4.455650035569873
12708 1.5958322603783217
12717 0.5999147077153936
12723 2.288979440938267
12790 1.5095719160939147
12826 1.2619373447714093
13045 1.886521853894058
13071 3.086486636822455
13553 -0.37046075994419203
13680 2.2449194511442365
13743 3.8204558119026557
14115 2.973157951515452
14162 6.305362461690656
14186 4.513602992462601
14345 3.9539872045271784
14381 0.6866029961942954
14938 5.612215281130711
14962 5.612215281130711
15303 5.8998973535824915
15332 -7.761558650728101
15349 5.052599493195288
15428 6.9985096422506015
15468 2.309930450438483
15771 0.023095714794649395
