319
327 2.20271909665386
401 3.1698682457615064
422 2.66777630196427
488 3.6312138122641273
491 3.1066893441399746
513 5.389071729816501
647 5.389071729816501
649 5.8998973535824915
709 6.305362461690656
755 4.8012850649143815
790 5.389071729816501
848 3.7796338173824005
865 5.042345655544789
867 2.413542163580029
868 2.0286963426746007
1039 6.9985096422506015
1060 0.06216690641655154
1289 6.305362461690656
1379 2.1481658635875345
1390 3.260840023967233
1404 6.854442642799821
1410 6.9985096422506015
1462 4.919068100570765
1624 3.7026727762462723
1750 1.1068654304248302
1839 2.093234863812172
1876 7.004004161568242
1979 3.9539872045271784
2026 2.681021528714291
2030 3.3349479961209547
2043 6.9985096422506015
2247 2.219386149139072
2255 4.8012850649143815
2271 0.34178311807220957
2311 4.8012850649143815
2329 4.433560284789064
2357 1.1873686492739008
2407 4.47267141490569
2488 3.7796338173824005
2538 1.422560539104285
2625 5.612215281130711
2669 1.8223599096767722
2705 1.6657908489852322
2748 4.00277736869661
2770 5.612215281130711
2788 6.6192603762733295
2913 1.720394983020084
2919 2.1944885975173447
2920 0.6795415285041667
2935 1.2640783890383267
3048 5.019746545036923
3098 4.695924549256556
3120 3.2097641917964794
3150 3.5327737394508745
3272 5.389071729816501
3281 5.052599493195288
3282 4.290459441148391
3293 3.6312138122641273
3294 6.9985096422506015
3299 5.612215281130711
3329 7.924919221742708
3417 5.206750173022546
3629 5.8998973535824915
3640 48.35767249301435
3658 8.814199895112546
3774 1.7255100836868542
3812 2.2535775138873513
3814 6.7090071223585355
3823 4.8012850649143815
3840 1.2980660688599148
3970 4.05407066308416
4070 1.1068654304248302
4106 12.495888894583157
4199 3.8630154263214513
4222 2.3256808077886952
4261 2.262311193856106
4471 6.9985096422506015
4537 2.039247754698959
4562 3.3096301881366648
4743 4.513602992462601
4750 0.994658549464184
4794 3.6312138122641273
4813 46.96304985650975
4899 3.0666840095262753
4909 2.9381611094783557
4912 1.9296054400303697
5029 3.2373095265570386
5055 2.2278250177849364
5110 12.916526334269754
5154 2.4446327506500602
5174 3.740413104229119
5185 5.389071729816501
5189 4.433560284789064
5230 4.695924549256556
5363 6.133368019052551
5405 4.8012850649143815
5436 5.775271556154579
5505 6.9985096422506015
5510 4.108137884354437
5591 6.9985096422506015
5622 6.9985096422506015
5647 4.513602992462601
5653 5.052599493195288
5733 5.8998973535824915
5735 3.502002080784121
5828 10.27077137362915
5829 6.9985096422506015
5870 6.9985096422506015
5889 2.4033897921160112
5900 5.710749831718137
5901 2.455214859980597
5934 2.8876357780772897
5936 6.305362461690656
5973 2.9540974487767095
6043 1.5913378707904824
6064 2.138697237888929
6123 6.866938322814802
6128 3.5327737394508745
6205 2.955458374416051
6215 6.9985096422506015
6228 3.8841815027832003
6235 1.2270685191205855
6242 2.9041650800285006
6250 1.7727629685373998
6283 7.065547478901749
6297 6.9985096422506015
6324 6.9985096422506015
6382 5.612215281130711
6390 3.047265923669174
6402 1.4112609838503516
6433 0.5154022907934025
6445 21.997830792452383
6488 3.0666840095262753
6578 6.9985096422506015
6628 3.1918471524802814
6641 5.8998973535824915
6688 9.462820841750103
6729 2.1944885975173447
6816 3.3875917296063767
6819 1.7153059135126125
6825 5.389071729816501
6863 8.45184184002164
6872 3.914332510343705
6922 8.45184184002164
6941 4.356456153291129
6960 5.8998973535824915
6970 13.117951721269101
7019 8.523900767180075
7104 -3.980927499907753
7112 5.052599493195288
7170 3.237224577420283
7202 6.9985096422506015
7203 6.213378688279949
7240 4.359452312635343
7286 1.4112609838503516
7321 3.3875917296063767
7325 5.617709800448351
7344 1.6325336272287498
7391 6.9985096422506015
7425 4.513602992462601
7445 5.605832781982583
7462 3.884527673804586
7560 4.433560284789064
7626 5.8998973535824915
7772 4.165296298194385
8199 3.009525595686327
8429 4.359452312635343
8444 1.7890234894091803
8680 4.00277736869661
8708 2.962113491571787
8736 1.1933746733341126
8779 5.612215281130711
8788 2.146479378330984
8848 6.133368019052551
8850 1.7153059135126125
8880 3.34126694692204
8886 1.3081501879265407
8890 4.560021541911013
8928 1.3355491621146554
8946 2.7218435232345457
8957 5.052599493195288
8978 3.2280291589230243
9115 3.047265923669174
9122 2.7489842721265254
9140 6.9985096422506015
9258 3.260840023967233
9282 8.719993186626233
9308 3.1698682457615064
9351 4.695924549256556
9602 2.2800107709555064
9651 3.3875917296063767
9691 6.9985096422506015
9717 3.3875917296063767
9817 1.3183370332335338
9888 6.9985096422506015
10054 21.197524100889357
10319 6.305362461690656
10375 3.9539872045271784
10422 2.8351762853664164
10431 1.4437323058179135
10443 2.4876501357337513
10754 3.1698682457615064
10788 4.108137884354437
10872 1.6048820958982397
10902 5.8998973535824915
11027 6.390989328215948
11046 14.360036737575058
11089 6.929791351315449
11095 5.206750173022546
11165 4.372650573756367
11170 2.5676928434072877
11208 6.9985096422506015
11218 0.5720211847929105
11258 4.00277736869661
11308 7.529619817555384
11358 4.290459441148391
11397 4.22592092001082
11499 4.513602992462601
11503 2.8876357780772897
11524 3.0357414378172196
11579 5.612215281130711
11580 2.5441623459970937
11591 2.7218435232345457
11625 1.457246097092175
11634 6.6192603762733295
11677 1.7255100836868542
11769 1.6466515087745348
11785 7.872286883432663
11841 2.8396265588909295
11866 6.9985096422506015
11916 5.389071729816501
11956 4.695924549256556
12061 5.206750173022546
12099 6.305362461690656
12120 3.5327737394508745
12122 1.1963912668735384
12182 6.9985096422506015
12267 4.359452312635343
12273 3.7026727762462723
12383 2.5046129034208957
12624 6.9985096422506015
12740 2.5326015235960173
12761 4.513602992462601
12767 13.273521101984587
12823 9.314372687689394
12833 3.852112838903379
12850 3.502002080784121
12891 3.7796338173824005
12963 4.290459441148391
12978 2.383389125409342
12992 11.628404038943476
13005 3.8630154263214513
13088 2.7790019370744945
13102 2.735829765209286
13108 2.2800107709555064
13153 4.455650035569873
13171 6.9985096422506015
13178 5.206750173022546
13204 5.612215281130711
13207 10.778143459633002
13220 3.2849375755462935
13300 12.610724923381312
13314 2.0286963426746007
13403 3.502002080784121
13432 3.7796338173824005
13452 4.359452312635343
13527 2.049749751872433
13547 3.2006938814656967
13586 5.612215281130711
13602 5.389071729816501
13639 6.9985096422506015
13642 6.305362461690656
13658 5.612215281130711
13670 2.6164830075767194
13747 8.867120569578129
13750 4.324455470598246
13761 2.6040604875781623
13775 3.2849375755462935
13893 4.05407066308416
13913 2.8396265588909295
13921 2.1782280766455644
14001 6.9985096422506015
14030 6.305362461690656
14104 1.710242611556066
14122 6.305362461690656
14165 2.8088549002241754
14267 -3.441324539821636
14325 4.919068100570765
14352 3.7856818933047376
14381 0.6866029961942954
14463 1.67063347346102
14466 3.7796338173824005
14493 3.3096301881366648
14501 4.372650573756367
14601 4.433560284789064
14682 1.5431885268928998
14807 6.9985096422506015
14816 5.389071729816501
14864 4.8012850649143815
14873 5.8998973535824915
14879 11.861961613581535
15121 3.1737271807911225
15149 2.465910149097345
15155 0.6904112007410705
15192 1.489121305622624
15332 -29.493922872766785
15341 1.5919482501253577
15348 2.10066984229969
15415 8.472367117064893
15418 2.1233123190494494
15453 2.236335707452845
15543 5.389071729816501
15580 3.8630154263214513
15587 3.8841815027832003
15595 1.3320829541381691
15604 4.246624638098899
15651 1.1377234187847354
15743 6.9985096422506015
15771 0.09238285917859758
