235
486 2.70805020110221
617 6.9985096422506015
1060 0.06216690641655154
1835 4.919068100570765
1864 3.047265923669174
1871 3.5645224377654547
1885 3.009525595686327
1888 4.600614369452231
1924 2.288979440938267
1979 3.9539872045271784
1997 3.009525595686327
2064 1.5647876386963615
2224 1.981229805435677
2328 2.9911764570181303
2334 0.7939518796819108
2358 3.1273086313427103
2450 -0.6108568957036107
2580 4.600614369452231
2586 3.3096301881366648
2640 2.735829765209286
2645 2.591790394986348
2646 4.22592092001082
2824 5.206750173022546
2935 0.6320391945191633
3057 2.236335707452845
3388 4.695924549256556
3404 2.465910149097345
3506 0.8205655282000008
3598 1.1666271649670843
3657 2.6164830075767194
3690 1.4972514317058743
3700 1.2947271675944
3840 1.2980660688599148
3896 1.403798262648762
3989 10.778143459633002
4021 3.010896397820105
4053 -1.1961612033457485
4070 1.1068654304248302
4123 4.919068100570765
4222 2.3256808077886952
4225 4.600614369452231
4237 19.151082914881687
4286 2.130975191795019
4314 2.764403137653342
4333 1.4651201535230811
4334 3.1698682457615064
4366 1.9878743481543455
4380 5.389071729816501
4381 2.0149030205422647
4388 3.8204558119026557
4413 5.389071729816501
4472 3.7026727762462723
4535 5.612215281130711
4536 2.70805020110221
4625 1.8452180477528222
4802 4.513602992462601
4846 2.021775899830027
4871 2.4876501357337513
4876 2.2449194511442365
4878 4.101893581287706
4929 5.8998973535824915
4964 1.6918893703894442
4976 4.577958881876534
4989 1.3355491621146554
5208 2.5676928434072877
5240 6.9985096422506015
5268 5.206750173022546
5517 1.6232312345664361
5572 3.47214911763444
5582 5.206750173022546
5587 2.5326015235960173
5934 2.8876357780772897
5955 2.434161450782765
5993 0.8521803845817039
6003 3.3609234825242154
6055 3.7796338173824005
6088 1.2146844599208637
6151 1.4075226617397445
6200 5.389071729816501
6219 4.59605855291637
6228 1.2947271675944
6236 2.9209721983448818
6402 1.4112609838503516
6583 0.8629447511688624
6586 4.577958881876534
6616 9.602570129828763
6618 2.0568672196412967
6636 4.600614369452231
6648 6.305362461690656
6657 4.277394475777858
6675 5.019746545036923
6818 4.433560284789064
6872 1.3047775034479017
6908 0.6707538925195963
6953 13.405107643571455
7065 2.6040604875781623
7104 -0.6634879166512921
7254 5.389071729816501
7431 2.6040604875781623
7578 1.0430745587218369
7764 1.7052048175261088
7813 1.0145733615634107
7892 1.5517722705842913
7909 6.305362461690656
7932 1.8745456628473423
7942 4.165296298194385
7969 3.5327737394508745
7981 2.0426825846493406
8028 5.052599493195288
8142 2.9041650800285006
8155 3.1066893441399746
8206 6.9985096422506015
8239 4.600614369452231
8294 3.666305132075397
8304 4.600614369452231
8337 1.9550845253313545
8658 4.695924549256556
8660 1.675499663112193
8695 1.9550845253313545
8710 0.551203779709388
8718 5.648244744709928
8731 2.0286963426746007
8762 4.8012850649143815
8763 5.612215281130711
8869 2.1782280766455644
9168 4.165296298194385
9201 3.5645224377654547
9213 3.7026727762462723
9292 2.5441623459970937
9310 3.4431615807611875
9327 3.4431615807611875
9343 3.8630154263214513
9365 1.4972514317058743
9384 1.3355491621146554
9393 2.12194687433635
9413 4.433560284789064
9428 2.498699971920336
9554 1.271661894663404
9602 2.2800107709555064
9679 4.433560284789064
9807 3.1698682457615064
9925 12.610724923381312
10261 3.9539872045271784
10278 6.569875151092587
10326 1.0461538510930224
10422 0.7087940713416041
10446 6.296724081081085
10556 3.9539872045271784
10630 6.305362461690656
10655 3.8204558119026557
10729 15.294358160242192
10754 3.1698682457615064
10868 -0.18536107281185138
10884 3.502002080784121
10893 4.919068100570765
11051 2.9209721983448818
11110 4.051227595840057
11114 3.047265923669174
11165 2.1863252868781835
11218 1.7160635543787315
11295 3.2373095265570386
11299 -3.1270965711956276
11304 2.410992067732915
11347 0.8373023205555247
11353 2.8088549002241754
11376 5.052599493195288
11385 3.8630154263214513
11386 6.347123158992691
11415 3.7796338173824005
11430 4.359452312635343
11431 5.206750173022546
11444 4.86832290156553
11570 1.1933746733341126
11900 2.049749751872433
11911 3.414990703794491
11961 3.3096301881366648
12001 2.5676928434072877
12042 2.6418008155610093
12078 2.727440078162703
12089 2.8088549002241754
12137 4.997399943840672
12151 3.1698682457615064
12173 5.943689416307031
12277 3.1273086313427103
12283 2.6040604875781623
12292 5.042345655544789
12322 3.3609234825242154
12366 4.695924549256556
12455 -0.2152586658680402
12610 2.4237986637472186
12712 5.8998973535824915
12772 3.773043707788116
12773 1.7652350335351346
12790 4.528715748281744
12823 3.104790895896465
12853 1.152070867192877
13046 3.47214911763444
13072 5.389071729816501
13343 2.973157951515452
13390 2.236335707452845
13479 3.7796338173824005
13641 5.8998973535824915
13827 4.695924549256556
13843 2.1782280766455644
13891 0.6065925288579992
13926 6.521680047934466
14267 -1.1471081799405454
14352 0.9464204733261844
14381 0.457735330796197
14439 3.1273086313427103
14516 2.1782280766455644
14518 4.513602992462601
14519 3.086486636822455
14626 2.750014400201242
14644 3.597312260588446
14819 4.919068100570765
14824 4.359452312635343
14844 6.305362461690656
14895 6.9985096422506015
14925 5.612215281130711
14926 5.389071729816501
15131 6.9985096422506015
15192 1.489121305622624
15213 4.695924549256556
15332 -4.656935190436861
15453 2.236335707452845
15458 2.8088549002241754
15468 1.1549652252192415
15479 4.433560284789064
15551 6.947207909263217
15553 3.3096301881366648
15578 1.7945029551738059
15587 1.2947271675944
15771 0.023095714794649395
15805 6.0242311664155945
