283
97 3.9539872045271784
279 2.6418008155610093
512 2.0785287164224764
516 4.108137884354437
866 2.20271909665386
867 2.413542163580029
870 4.433560284789064
872 6.9985096422506015
930 3.2849375755462935
935 3.740413104229119
1140 4.165296298194385
1275 6.9985096422506015
1340 6.305362461690656
1379 1.6111243976906509
1404 5.4835541142398565
1498 3.7796338173824005
1643 5.8998973535824915
1685 3.2373095265570386
1714 5.389071729816501
1782 2.7218435232345457
1838 3.414990703794491
1876 3.502002080784121
1960 3.1483620405405426
1977 2.6040604875781623
1979 3.9539872045271784
2004 5.052599493195288
2033 26.964858611341022
2042 3.7796338173824005
2070 1.4730567031188173
2204 6.305362461690656
2271 0.34178311807220957
2320 2.973157951515452
2437 4.108137884354437
2450 -1.2217137914072214
2488 7.559267634764801
2524 4.108137884354437
2624 4.695924549256556
2631 0.21292199724267172
2665 9.391849098513111
2669 1.8223599096767722
2748 8.00555473739322
2867 4.00277736869661
2868 6.9985096422506015
2919 2.1944885975173447
2920 0.6795415285041667
2935 0.6320391945191633
2940 1.6278716141229383
2969 5.389071729816501
2977 3.47214911763444
3048 2.5098732725184614
3052 3.2373095265570386
3192 1.0095482253607377
3329 3.962459610871354
3372 5.8998973535824915
3566 4.695924549256556
3578 0.6015799870344548
3759 2.4033897921160112
3812 2.2535775138873513
3814 2.236335707452845
3823 4.8012850649143815
3825 3.3609234825242154
3850 3.9074671888922854
3867 3.2373095265570386
4024 5.612215281130711
4031 2.555858385760285
4156 3.086486636822455
4222 2.3256808077886952
4302 1.8000126109847754
4411 5.389071729816501
4416 1.3637200390813515
4433 5.389071729816501
4572 9.602570129828763
4584 5.8998973535824915
4603 5.206750173022546
4646 1.8686109273275278
4750 0.33155284982139466
4800 6.9985096422506015
4912 1.9296054400303697
4989 1.3355491621146554
5065 2.735829765209286
5110 1.8452180477528222
5119 2.3933394562625097
5122 2.7938170228596353
5174 3.740413104229119
5208 2.5676928434072877
5230 4.695924549256556
5386 6.9985096422506015
5484 3.7856818933047376
5517 1.6232312345664361
5522 7.726030852642903
5590 1.4533321977710387
5715 3.502002080784121
5813 4.600614369452231
5828 2.5676928434072877
5830 4.05407066308416
5891 3.1273086313427103
5895 2.4033897921160112
5946 4.433560284789064
5966 3.4431615807611875
6055 3.7796338173824005
6078 2.555858385760285
6092 4.695924549256556
6156 5.400037832954326
6216 2.3933394562625097
6228 1.2947271675944
6235 1.2270685191205855
6236 5.8419443966897635
6242 2.9041650800285006
6331 4.22592092001082
6379 6.305362461690656
6433 0.5154022907934025
6507 10.516247159134318
6583 0.8629447511688624
6586 2.288979440938267
6609 6.383694304960563
6688 7.570256673400083
6721 2.383389125409342
6819 5.145917740537838
6970 6.5589758606345505
7016 3.0666840095262753
7019 4.261950383590038
7057 6.569875151092587
7181 3.260840023967233
7197 1.730651483187273
7203 3.1066893441399746
7215 4.689098584186156
7228 4.359452312635343
7304 4.22592092001082
7309 4.8012850649143815
7316 3.1273086313427103
7354 6.9985096422506015
7498 6.305362461690656
7534 1.242767428663689
7560 4.433560284789064
7569 2.0341908619922413
7626 5.8998973535824915
7667 5.8998973535824915
7679 5.8998973535824915
7726 6.9985096422506015
7736 6.305362461690656
7932 3.7490913256946845
7969 3.5327737394508745
8672 2.8876357780772897
8680 4.00277736869661
8715 4.919068100570765
8723 1.5262389685791264
8736 1.1933746733341126
8741 12.34594654728982
8842 5.389071729816501
8850 1.7153059135126125
8880 1.67063347346102
8928 2.6710983242293107
8978 3.2280291589230243
8979 1.7890234894091803
8981 6.9985096422506015
8993 2.973157951515452
9106 2.1700132732246624
9122 1.3744921360632627
9282 11.62665758216831
9421 6.9985096422506015
9428 2.498699971920336
9438 4.290459441148391
9698 1.9878743481543455
9887 5.612215281130711
10008 4.113734439282593
10054 12.112870914793918
10114 5.205664622980787
10324 4.00277736869661
10384 6.305362461690656
10393 1.9746291214043248
10422 0.7087940713416041
10431 0.7218661529089567
10443 4.9753002714675025
10576 6.9985096422506015
10647 3.5327737394508745
10661 6.669895992241909
10749 1.1754637467675824
10770 2.4876501357337513
10794 2.938066631704182
10872 1.6048820958982397
10886 2.87137525720551
10971 7.004004161568242
11027 11.503780790788706
11046 4.786678912525019
11089 8.08475657653469
11110 0.8102455191680114
11167 4.108137884354437
11168 1.2781978656431896
11218 1.144042369585821
11265 6.9985096422506015
11379 2.0426825846493406
11481 1.6186122887101415
11522 2.555858385760285
11591 2.7218435232345457
11655 50.68774973732113
11677 1.7255100836868542
11738 5.612215281130711
11769 1.6466515087745348
11785 1.9680717208581657
11888 6.9985096422506015
11950 8.867120569578129
11969 0.7582337970798316
12111 1.994563336305142
12122 3.589173800620615
12193 4.05407066308416
12265 6.9985096422506015
12273 3.7026727762462723
12341 2.8088549002241754
12383 2.5046129034208957
12595 2.344549292093078
12677 3.9539872045271784
12688 4.165296298194385
12736 6.829981407588982
12767 7.964112661190752
12823 2.06986059726431
12825 5.206750173022546
12833 7.704225677806758
12955 4.290459441148391
12978 4.766778250818684
12992 2.3256808077886952
13077 3.047265923669174
13108 2.2800107709555064
13126 5.8998973535824915
13141 5.052599493195288
13175 4.695924549256556
13239 4.600614369452231
13246 6.9985096422506015
13338 2.5211728277723946
13346 2.9041650800285006
13484 5.052599493195288
13486 6.9985096422506015
13506 5.052599493195288
13527 4.099499503744866
13538 6.829981407588982
13547 1.6003469407328483
13686 6.9985096422506015
13747 8.867120569578129
13761 2.6040604875781623
13766 4.8012850649143815
13853 6.9985096422506015
13891 0.6065925288579992
13897 2.7218435232345457
13918 2.8396265588909295
13955 5.612215281130711
14021 8.216275768708874
14237 -4.18349008982496
14267 -1.1471081799405454
14274 6.305362461690656
14288 5.8998973535824915
14320 5.612215281130711
14341 5.8998973535824915
14352 1.8928409466523688
14367 4.513602992462601
14381 0.2288676653980985
14455 1.637217476541176
14463 1.67063347346102
14490 3.3096301881366648
14493 6.6192603762733295
14530 4.290459441148391
14671 5.206750173022546
14682 1.5431885268928998
14802 6.9985096422506015
14832 4.600614369452231
14908 2.476721065201561
14945 5.389071729816501
15155 0.6904112007410705
15192 1.489121305622624
15259 1.3320829541381691
15299 7.640911623805311
15332 -35.70316979334926
15341 2.3879223751880367
15358 5.159338068908006
15415 2.824122372354964
15418 4.246624638098899
15435 2.750014400201242
15471 0.6940608398286201
15528 3.666305132075397
15548 5.206750173022546
15570 2.7218435232345457
15595 3.9962488624145074
15600 3.009525595686327
15604 6.369936957148348
15651 2.2754468375694707
