103
194 0.7699986386594181
327 2.20271909665386
521 1.8986432144264027
666 3.260840023967233
862 2.344549292093078
948 6.305362461690656
1060 0.24866762566620615
1094 2.335070548138534
1850 6.133368019052551
2217 2.4876501357337513
2407 2.236335707452845
2450 -0.6108568957036107
2484 2.629859749823839
2935 0.6320391945191633
3110 2.8876357780772897
3143 2.219386149139072
3454 3.47214911763444
3489 1.942263836902293
3635 1.5779746429783155
3671 3.5645224377654547
3690 1.4972514317058743
3737 7.222211165441563
4021 1.5054481989100525
4164 7.925402446683028
4167 4.142511914186793
4261 2.262311193856106
4333 2.9302403070461622
4385 9.38192589402813
4405 1.3460204619819507
4537 2.039247754698959
4928 8.718904625270685
4976 2.288979440938267
5039 2.735829765209286
5065 2.735829765209286
5110 1.8452180477528222
5528 7.189140056175367
5584 5.389071729816501
5615 4.099499503744866
5796 5.8998973535824915
5851 4.00277736869661
5905 1.7835738846416156
6719 6.305362461690656
6773 4.600614369452231
6774 6.305362461690656
7048 3.21432000833234
7241 6.9985096422506015
7435 3.8204558119026557
7591 2.0426825846493406
8153 2.8396265588909295
8155 3.1066893441399746
8439 0.9381816079767518
8566 7.529619817555384
8621 15.850804893366057
9095 4.513602992462601
9170 0.6116303228879563
9182 3.666305132075397
9384 1.3355491621146554
9482 4.919068100570765
9589 1.3115342859107813
9809 5.052599493195288
9872 4.165296298194385
10031 7.4960999157610075
10221 2.434161450782765
10329 -0.8403627828383906
10868 -0.5560832184355542
10936 3.9074671888922854
11118 6.9985096422506015
11131 4.433560284789064
11168 1.2781978656431896
11320 2.764403137653342
11338 5.206750173022546
11481 1.6186122887101415
11539 1.4690805547391779
11669 4.919068100570765
11804 3.7796338173824005
11828 2.955458374416051
11952 1.5958322603783217
11990 4.108137884354437
12022 0.40409618250082274
12057 2.10066984229969
12075 2.938066631704182
12122 1.1963912668735384
12455 -0.4305173317360804
12488 3.8718292184472687
12677 3.9539872045271784
12853 1.152070867192877
13769 6.254617262685421
13818 4.600614369452231
13897 5.443687046469091
13919 3.597312260588446
13972 5.389071729816501
14237 -1.3944966966083199
14486 2.6164830075767194
14577 4.433560284789064
15011 4.695924549256556
15094 6.9985096422506015
15325 6.9985096422506015
15326 3.2373095265570386
15332 -6.209246920582481
15348 2.10066984229969
15468 2.309930450438483
15672 0.7275212103923018
15771 0.023095714794649395
