173
3 3.0666840095262753
301 4.919068100570765
472 5.612215281130711
473 3.1273086313427103
476 3.8630154263214513
492 3.3609234825242154
496 2.2800107709555064
1173 12.610724923381312
1273 6.305362461690656
1281 4.695924549256556
1356 2.363780654020965
1364 5.8998973535824915
1379 0.5370414658968836
1686 2.309930450438483
1750 1.1068654304248302
1753 5.389071729816501
1864 3.047265923669174
1924 2.288979440938267
1929 2.1081605140288473
1957 3.6447198193535444
2064 1.5647876386963615
2433 3.3875917296063767
2442 2.7938170228596353
2443 4.00277736869661
2450 -0.6108568957036107
2492 3.047265923669174
2494 3.9074671888922854
2645 5.183580789972696
2862 2.9381611094783557
2920 1.3590830570083334
3407 4.171709513029098
3448 3.1273086313427103
3506 0.8205655282000008
3516 4.157057432844953
3613 2.8553749158590684
3700 6.473635837972001
3820 1.7890234894091803
3840 3.8941982065797447
3842 5.052599493195288
3990 2.6290617897835795
4029 2.9041650800285006
4053 -0.5233205264637649
4214 2.465910149097345
4333 1.4651201535230811
4366 1.9878743481543455
4423 3.8630154263214513
4504 3.6312138122641273
4522 0.2603571476546441
4537 1.0196238773494795
4616 1.8925641683500207
4621 2.7218435232345457
4625 1.8452180477528222
4809 5.617709800448351
4878 2.7345957208584712
4912 1.9296054400303697
4964 0.563963123463148
4966 6.9985096422506015
4979 11.722401566676856
4989 1.3355491621146554
5083 1.5735596247691985
5101 3.414990703794491
5265 4.919068100570765
5273 3.21432000833234
5342 3.6312138122641273
5416 4.108137884354437
5484 2.8392614199785533
5569 4.22592092001082
5736 2.8088549002241754
5926 4.695924549256556
6151 2.815045323479489
6234 5.258123579567159
6335 4.953442130403122
6390 9.141797771007521
6539 2.434161450782765
6618 2.0568672196412967
6634 3.9539872045271784
6664 6.9985096422506015
6754 1.2024518914852294
6818 4.433560284789064
6819 1.7153059135126125
6953 5.362043057428582
6962 3.8630154263214513
7104 -1.9904637499538764
7170 1.6186122887101415
7181 3.260840023967233
7215 2.344549292093078
7557 3.3349479961209547
7569 2.0341908619922413
7578 1.0430745587218369
7590 4.22592092001082
7650 2.1081605140288473
7713 3.1066893441399746
7845 2.4237986637472186
7846 8.165530569703638
8050 4.165296298194385
8096 2.9066643955420775
8129 3.9539872045271784
8239 4.600614369452231
8332 6.305362461690656
8337 1.9550845253313545
8585 3.47214911763444
8683 3.3607792968127694
8695 3.910169050662709
8745 2.5441623459970937
8886 1.3081501879265407
9168 8.33059259638877
9201 10.693567313296365
9213 3.7026727762462723
9292 5.088324691994187
9393 1.060973437168175
9413 4.433560284789064
9554 1.271661894663404
10196 2.5211728277723946
10221 4.86832290156553
10278 3.2849375755462935
10326 1.5692307766395337
10329 -0.630272087128793
10341 3.1698682457615064
10445 3.3875917296063767
10729 9.176614896145315
10759 6.133368019052551
10936 3.9074671888922854
11110 1.6204910383360227
11296 2.764403137653342
11299 -2.0847310474637517
11386 2.1157077196642304
11444 2.434161450782765
11481 1.6186122887101415
11483 6.9985096422506015
11546 3.9539872045271784
11589 15.118535269529602
11625 1.457246097092175
11762 6.305362461690656
11780 4.8012850649143815
11905 3.2849375755462935
11921 6.9985096422506015
12173 23.774757665228123
12359 5.8998973535824915
12707 2.2278250177849364
12723 2.288979440938267
12773 0.8826175167675673
12823 1.034930298632155
12853 1.152070867192877
12991 3.1066893441399746
13071 3.086486636822455
13080 0.8123010183501074
13359 2.6290617897835795
13440 1.4770487243883548
13565 3.975748696308691
13730 5.052599493195288
13750 2.162227735299123
13979 3.666305132075397
14093 2.973157951515452
14237 -0.6972483483041599
14267 -0.7647387866270302
14296 4.8012850649143815
14302 12.610724923381312
14352 0.9464204733261844
14381 0.915470661592394
14431 2.06986059726431
14486 2.6164830075767194
14571 3.2373095265570386
14767 5.8998973535824915
14945 5.389071729816501
15037 4.632756830252763
15259 1.3320829541381691
15332 -13.970805571310581
15468 1.1549652252192415
15471 0.6940608398286201
15551 6.947207909263217
15626 4.22592092001082
15669 2.162227735299123
15805 4.01615411094373
