499
132 6.9985096422506015
194 1.5399972773188362
241 1.6902419448493964
255 6.9985096422506015
327 2.20271909665386
512 2.0785287164224764
530 2.66777630196427
592 2.4446327506500602
646 2.219386149139072
787 2.035665011990694
837 4.919068100570765
877 6.9985096422506015
966 5.612215281130711
1060 0.6838359705820669
1062 12.95895197493174
1094 2.335070548138534
1122 3.1698682457615064
1252 4.8012850649143815
1269 5.612215281130711
1284 5.612215281130711
1356 2.363780654020965
1379 0.5370414658968836
1474 9.83813620114153
1525 6.305362461690656
1579 5.8998973535824915
1686 1.1549652252192415
1750 2.2137308608496604
1782 2.7218435232345457
1893 3.5135252543819178
1902 2.0149030205422647
1940 5.3888890980928625
2026 2.681021528714291
2224 5.943689416307031
2233 3.260840023967233
2331 3.6312138122641273
2356 2.681021528714291
2357 4.749474597095603
2391 5.206750173022546
2450 -0.6108568957036107
2513 1.8280256472124494
2519 3.3804838896987928
2577 3.5327737394508745
2588 4.108137884354437
2631 0.21292199724267172
2638 2.130975191795019
2639 2.6040604875781623
2679 6.829981407588982
2705 3.3315816979704644
2755 3.260840023967233
2757 3.2849375755462935
2787 3.1918471524802814
2796 2.335070548138534
2825 4.8012850649143815
2854 6.305362461690656
2887 5.612215281130711
2910 3.740413104229119
2913 1.720394983020084
2914 3.4431615807611875
2924 2.0286963426746007
2935 1.2640783890383267
2942 6.9985096422506015
2956 5.8998973535824915
2959 2.3747372985478017
2970 4.919068100570765
3012 6.9985096422506015
3013 5.612215281130711
3090 3.047265923669174
3144 4.00277736869661
3156 6.9985096422506015
3215 0.589980851191103
3329 1.981229805435677
3373 6.9985096422506015
3376 6.9985096422506015
3386 2.6290617897835795
3392 2.20271909665386
3399 6.305362461690656
3449 2.9470574476567433
3457 5.8998973535824915
3547 13.300680854367194
3578 2.4063199481378192
3635 1.5779746429783155
3682 6.9985096422506015
3690 2.9945028634117485
3700 2.5894543351888
3759 2.4033897921160112
3820 1.7890234894091803
3840 2.5961321377198296
3859 4.600614369452231
3896 4.211394787946286
3928 5.052599493195288
3956 6.305362461690656
3990 2.6290617897835795
4021 1.5054481989100525
4050 4.919068100570765
4066 6.9985096422506015
4070 2.2137308608496604
4076 3.4431615807611875
4186 3.8204558119026557
4219 1.7567626271909589
4241 2.4033897921160112
4282 5.710749831718137
4302 1.8000126109847754
4314 2.764403137653342
4412 3.086486636822455
4447 4.433560284789064
4481 2.146479378330984
4507 4.59605855291637
4522 0.5207142953092883
4549 2.6418008155610093
4563 4.695924549256556
4612 4.05407066308416
4616 1.8925641683500207
4621 2.7218435232345457
4631 3.9539872045271784
4646 11.211665563965166
4705 6.9985096422506015
4750 0.33155284982139466
4751 6.829981407588982
4784 6.305362461690656
4843 6.9985096422506015
4852 1.258716730071367
4895 15.157798479585864
4909 2.9381611094783557
4956 2.413542163580029
4970 1.9746291214043248
5017 3.260840023967233
5028 5.052599493195288
5110 1.8452180477528222
5111 3.21432000833234
5179 6.305362461690656
5232 3.3096301881366648
5233 4.22592092001082
5239 6.305362461690656
5273 3.21432000833234
5309 2.5326015235960173
5316 2.236335707452845
5350 8.866375123248154
5388 3.47214911763444
5417 6.9985096422506015
5430 2.750014400201242
5439 7.559267634764801
5484 1.8928409466523688
5486 6.9985096422506015
5517 1.6232312345664361
5570 3.6312138122641273
5587 2.5326015235960173
5630 0.4766153511606481
5635 2.20271909665386
5785 5.052599493195288
5839 2.579669034454003
5891 3.1273086313427103
5929 3.3096301881366648
5947 6.9985096422506015
5960 3.6312138122641273
5983 1.9878743481543455
5999 2.5098732725184614
6026 2.66777630196427
6088 1.2146844599208637
6140 4.42203579893711
6151 2.815045323479489
6155 4.359452312635343
6156 1.8000126109847754
6221 2.8553749158590684
6228 1.2947271675944
6233 3.1918471524802814
6244 5.612215281130711
6250 3.5455259370747996
6335 4.953442130403122
6393 4.22592092001082
6433 1.030804581586805
6457 10.778143459633002
6583 1.7258895023377248
6595 4.847597327494437
6596 10.413500346045092
6598 6.305362461690656
6609 3.1918471524802814
6643 5.206750173022546
6657 2.138697237888929
6660 5.587634045719271
6675 2.5098732725184614
6693 6.9985096422506015
6721 2.383389125409342
6751 2.5441623459970937
6819 3.430611827025225
6872 1.3047775034479017
6922 4.22592092001082
6950 4.433560284789064
6952 6.9985096422506015
6989 4.600614369452231
7025 1.0095482253607377
7104 -0.6634879166512921
7189 3.8630154263214513
7203 3.1066893441399746
7247 4.22592092001082
7299 5.710749831718137
7321 6.775183459212753
7327 3.5327737394508745
7397 5.74275051441102
7459 4.388977195034689
7462 1.942263836902293
7547 5.206750173022546
7578 0.5215372793609184
7614 2.5676928434072877
7643 4.919068100570765
7663 6.305362461690656
7671 6.305362461690656
7706 16.167215189449504
7813 4.058293446253643
7864 3.502002080784121
7885 3.9539872045271784
7905 4.919068100570765
7932 3.7490913256946845
7968 3.047265923669174
8005 4.165296298194385
8102 4.359452312635343
8115 5.612215281130711
8166 6.9985096422506015
8299 4.433560284789064
8340 4.513602992462601
8364 6.9985096422506015
8471 2.7938170228596353
8480 6.9985096422506015
8523 2.9025305428177344
8578 3.1066893441399746
8654 5.389071729816501
8657 5.8998973535824915
8660 1.675499663112193
8672 5.775271556154579
8683 1.6803896484063847
8710 1.6536113391281642
8736 1.1933746733341126
8816 1.7255100836868542
8850 1.7153059135126125
8870 3.7026727762462723
8874 4.513602992462601
8890 6.840032312866519
8896 2.938066631704182
8897 10.413500346045092
8904 2.1863252868781835
8927 4.919068100570765
8964 4.600614369452231
8985 4.8012850649143815
9044 3.8630154263214513
9110 2.035665011990694
9151 2.517433460142734
9170 1.2232606457759125
9204 2.5098732725184614
9234 4.22592092001082
9235 13.078356937906028
9264 4.513602992462601
9276 2.6944445490464313
9285 3.047265923669174
9292 2.5441623459970937
9310 3.4431615807611875
9365 2.9945028634117485
9384 1.3355491621146554
9393 1.060973437168175
9407 6.9985096422506015
9409 5.8998973535824915
9427 6.9985096422506015
9559 -2.246371484084296
9560 5.052599493195288
9602 2.2800107709555064
9603 5.612215281130711
9609 4.8012850649143815
9612 6.305362461690656
9631 6.305362461690656
9674 3.6312138122641273
9676 5.389071729816501
9698 3.975748696308691
9728 6.42864001666468
9765 1.7835738846416156
9896 6.305362461690656
9902 4.600614369452231
9970 0.4837969513780714
9979 2.3933394562625097
10012 4.290459441148391
10030 2.413542163580029
10044 5.052599493195288
10076 5.500028800402484
10114 1.3014161557451966
10127 5.8998973535824915
10218 6.9985096422506015
10221 2.434161450782765
10237 5.8998973535824915
10258 1.8000126109847754
10295 4.433560284789064
10306 4.30864511158402
10326 1.5692307766395337
10329 -0.21009069570959765
10396 6.305362461690656
10427 6.9985096422506015
10443 7.462950407201253
10447 3.0497411835248567
10473 1.7781538171722764
10559 3.8630154263214513
10629 3.7026727762462723
10647 3.5327737394508745
10672 3.414990703794491
10700 4.165296298194385
10736 5.389071729816501
10742 10.734140936455082
10743 5.052599493195288
10749 1.1754637467675824
10751 3.1758075187276433
10759 3.0666840095262753
10814 4.359452312635343
10816 6.9985096422506015
10868 -0.5560832184355542
10871 4.513602992462601
10889 3.086486636822455
10967 3.6312138122641273
10979 6.213378688279949
10993 4.22592092001082
11032 4.350851992840296
11051 2.9209721983448818
11065 6.305362461690656
11102 3.9913800846654643
11105 8.45184184002164
11115 9.201228738904462
11116 5.732739921054652
11119 5.612215281130711
11135 5.206750173022546
11168 1.2781978656431896
11218 1.144042369585821
11266 2.9041650800285006
11287 2.0286963426746007
11299 -1.5635482855978138
11304 2.410992067732915
11353 2.8088549002241754
11398 3.009525595686327
11426 7.726030852642903
11446 3.597312260588446
11450 2.262311193856106
11453 2.727440078162703
11481 4.855836866130424
11522 2.555858385760285
11524 1.5178707189086098
11641 6.305362461690656
11644 3.5327737394508745
11658 4.513602992462601
11677 6.902040334747417
11691 5.206750173022546
11771 4.8012850649143815
11774 3.0282177286984795
11778 2.8553749158590684
11783 4.00277736869661
11850 2.455214859980597
11870 3.5645224377654547
11892 6.305362461690656
11900 4.099499503744866
11916 5.389071729816501
12022 0.40409618250082274
12032 5.206750173022546
12057 2.10066984229969
12081 2.363780654020965
12093 3.3607792968127694
12122 1.1963912668735384
12129 3.3349479961209547
12135 3.740413104229119
12186 4.108137884354437
12210 3.1698682457615064
12213 3.047265923669174
12241 5.159338068908006
12242 3.8630154263214513
12298 5.206750173022546
12377 2.6920409239639014
12386 4.22592092001082
12400 2.9209721983448818
12455 -0.6457759976041206
12461 11.224430562261421
12510 4.05407066308416
12569 5.612215281130711
12707 2.2278250177849364
12792 3.8204558119026557
12796 2.9209721983448818
12797 5.443687046469091
12801 1.9109133070182172
12803 1.3637200390813515
12805 1.8568460857479414
12826 1.2619373447714093
12833 0.9630282097258448
12853 3.456212601578631
12869 4.05407066308416
12906 6.9985096422506015
12941 4.919068100570765
12989 6.305362461690656
12997 3.502002080784121
13029 1.6609715625492831
13073 5.8998973535824915
13189 1.8745456628473423
13209 3.6312138122641273
13272 5.558003874148989
13314 2.0286963426746007
13353 11.769342239021832
13354 1.8280256472124494
13411 2.8088549002241754
13438 2.555858385760285
13440 1.4770487243883548
13460 2.955458374416051
13501 2.5211728277723946
13525 5.612215281130711
13527 2.049749751872433
13537 6.9985096422506015
13553 -0.7409215198883841
13576 3.9074671888922854
13588 3.5327737394508745
13609 4.22592092001082
13613 9.05561918204923
13641 5.8998973535824915
13648 4.359452312635343
13655 6.9985096422506015
13670 2.6164830075767194
13672 1.5262389685791264
13715 4.05407066308416
13723 3.597312260588446
13734 1.942263836902293
13750 2.162227735299123
13753 3.7026727762462723
13767 2.6547042203969173
13775 3.2849375755462935
13776 5.8998973535824915
13846 6.6192603762733295
13860 5.052599493195288
13891 0.6065925288579992
13906 8.216275768708874
13913 2.8396265588909295
13916 3.1066893441399746
13918 2.8396265588909295
13965 4.359452312635343
13978 4.00277736869661
13993 3.3609234825242154
14036 4.290459441148391
14107 4.847597327494437
14136 2.962113491571787
14237 -10.458725224562398
14238 5.8998973535824915
14267 -0.3823693933135151
14332 4.22592092001082
14352 0.9464204733261844
14364 4.433560284789064
14381 0.6866029961942954
14431 1.034930298632155
14463 1.67063347346102
14475 4.695924549256556
14484 4.290459441148391
14515 6.133368019052551
14527 2.938066631704182
14536 6.305362461690656
14539 5.206750173022546
14559 4.433560284789064
14588 2.0785287164224764
14601 4.433560284789064
14606 3.6312138122641273
14633 2.6547042203969173
14682 3.0863770537857995
14692 5.679253117781859
14713 6.9985096422506015
14918 3.5327737394508745
14931 6.9985096422506015
14964 6.305362461690656
15020 6.17297327364491
15037 2.3163784151263815
15063 3.2373095265570386
15122 6.305362461690656
15134 6.305362461690656
15142 6.305362461690656
15152 5.8998973535824915
15164 4.00277736869661
15192 2.978242611245248
15250 3.7796338173824005
15292 2.211017899468555
15306 2.15996465425427
15332 -24.836987682329923
15341 0.7959741250626788
15373 1.628721502626236
15401 6.9985096422506015
15418 4.246624638098899
15435 2.750014400201242
15458 2.8088549002241754
15501 4.513602992462601
15515 7.332610264150794
15517 1.886521853894058
15518 1.880515829833846
15551 1.1578679848772029
15570 2.7218435232345457
15575 4.108137884354437
15578 7.1780118206952235
15595 1.3320829541381691
15597 3.5327737394508745
15600 3.009525595686327
15604 2.1233123190494494
15610 5.612215281130711
15651 2.2754468375694707
15697 3.7796338173824005
15722 6.9985096422506015
15771 0.06928714438394819
15827 5.732739921054652
15828 3.2794433825880924
