45
1890 5.389071729816501
2674 1.0272478024601386
2706 3.6312138122641273
3635 1.5779746429783155
3646 2.5676928434072877
3840 1.2980660688599148
3949 2.7790019370744945
4189 2.87137525720551
4222 2.3256808077886952
4341 2.6547042203969173
4537 1.0196238773494795
4707 3.740413104229119
4852 2.517433460142734
5340 3.3349479961209547
5484 0.9464204733261844
5834 1.65617539028579
5835 3.1273086313427103
5875 2.750014400201242
6043 3.182675741580965
7563 2.335070548138534
8927 4.919068100570765
9307 4.108137884354437
9393 1.060973437168175
9709 1.082307579643166
9876 2.6944445490464313
9884 3.2373095265570386
10064 3.3349479961209547
10326 0.5230769255465112
10794 2.938066631704182
10854 3.6312138122641273
11102 0.6652300141109108
11347 1.6746046411110493
12250 2.498699971920336
12455 -0.2152586658680402
12850 3.502002080784121
13462 3.3096301881366648
13538 3.414990703794491
13553 -0.37046075994419203
13845 2.001297368486486
14208 2.3747372985478017
14237 -1.3944966966083199
14416 0.7739512129752414
14544 3.666305132075397
15471 0.6940608398286201
15794 2.5676928434072877
