80
516 4.108137884354437
865 5.042345655544789
866 2.20271909665386
867 4.827084327160058
868 2.0286963426746007
870 4.433560284789064
930 3.2849375755462935
1977 2.6040604875781623
2033 3.3706073264176277
2042 7.559267634764801
2320 2.973157951515452
2365 3.7026727762462723
2665 4.695924549256556
2757 3.2849375755462935
2913 1.720394983020084
2914 3.4431615807611875
2940 1.6278716141229383
3090 3.047265923669174
3640 2.0149030205422647
3698 4.8012850649143815
3811 4.600614369452231
4097 2.955458374416051
4572 4.8012850649143815
4695 2.87137525720551
4813 2.236335707452845
4912 1.9296054400303697
5518 1.5868635903955612
5716 4.695924549256556
6228 2.5894543351888
6332 6.305362461690656
6941 2.1782280766455644
6970 2.1863252868781835
7228 4.359452312635343
7295 3.7026727762462723
7445 3.7372218546550555
7459 2.1944885975173447
7569 1.0170954309961207
8011 5.052599493195288
8153 2.8396265588909295
8199 3.009525595686327
8392 4.600614369452231
8444 1.7890234894091803
8478 3.502002080784121
8731 2.0286963426746007
8741 3.086486636822455
8848 3.0666840095262753
8880 1.67063347346102
9229 2.3933394562625097
9258 3.260840023967233
9308 3.1698682457615064
9698 1.9878743481543455
9733 1.0850066366123312
10431 0.7218661529089567
10794 5.876133263408364
10911 3.6312138122641273
11027 2.556395731286379
11591 2.7218435232345457
11655 8.00332890589281
12111 1.994563336305142
12383 1.2523064517104479
12455 -0.2152586658680402
12677 3.9539872045271784
12721 5.5356541432584665
12833 0.9630282097258448
13102 2.735829765209286
13153 2.2278250177849364
13449 2.6418008155610093
14165 5.617709800448351
14267 -1.1471081799405454
14381 0.915470661592394
14463 1.67063347346102
14501 4.372650573756367
15149 2.465910149097345
15155 0.6904112007410705
15250 3.7796338173824005
15332 -4.656935190436861
15415 2.824122372354964
15587 2.5894543351888
15770 4.165296298194385
15771 0.023095714794649395
