136
3 3.0666840095262753
17 6.305362461690656
194 0.7699986386594181
389 1.6419233675785887
1822 4.766778250818684
1884 3.8973072700021283
1885 6.019051191372654
1922 1.6952047341915255
2334 0.7939518796819108
2421 1.5431885268928998
2424 2.219386149139072
2450 -0.6108568957036107
2487 4.108137884354437
2492 3.047265923669174
2935 0.6320391945191633
3064 4.695924549256556
3575 3.260840023967233
3633 8.33059259638877
3637 3.260840023967233
3700 2.5894543351888
3774 1.7255100836868542
3803 4.05407066308416
3840 2.5961321377198296
4053 -0.8223608273002021
4085 6.9985096422506015
4388 3.8204558119026557
4417 6.383694304960563
4427 3.597312260588446
4625 1.8452180477528222
4633 6.9985096422506015
4750 0.33155284982139466
4846 2.021775899830027
4964 0.563963123463148
4979 11.722401566676856
4989 1.3355491621146554
5116 3.923114079673944
5174 3.740413104229119
5249 3.3096301881366648
5312 2.8553749158590684
5316 2.236335707452845
5339 1.1784267118982394
5347 4.600614369452231
5484 0.9464204733261844
5676 3.502002080784121
5678 4.695924549256556
5722 3.3609234825242154
5883 4.290459441148391
5926 4.695924549256556
6043 3.182675741580965
6049 2.035665011990694
6089 3.8630154263214513
6114 3.8630154263214513
6151 1.4075226617397445
6234 2.6290617897835795
6335 2.476721065201561
6464 5.389071729816501
6539 2.434161450782765
6586 4.577958881876534
6618 4.113734439282593
6629 6.9985096422506015
6729 2.1944885975173447
6802 10.416447352903319
6818 4.433560284789064
7104 -0.6634879166512921
7430 3.3096301881366648
7578 1.0430745587218369
7813 1.0145733615634107
8043 1.730651483187273
8050 4.165296298194385
8069 6.9985096422506015
8129 3.9539872045271784
8132 10.105198986390576
8300 9.602570129828763
8337 3.910169050662709
8658 4.695924549256556
8695 1.9550845253313545
8736 1.1933746733341126
8993 2.973157951515452
9108 4.359452312635343
9210 5.612215281130711
9229 4.786678912525019
9384 1.3355491621146554
9413 4.433560284789064
9554 1.271661894663404
9817 1.3183370332335338
10008 2.0568672196412967
10278 6.569875151092587
10326 0.5230769255465112
10556 3.9539872045271784
10729 6.117743264096877
10751 1.5879037593638217
10906 2.035665011990694
11023 1.2880826248757316
11299 -2.0847310474637517
11444 4.86832290156553
11531 6.9985096422506015
11570 1.1933746733341126
11589 7.559267634764801
11634 3.3096301881366648
11816 1.9296054400303697
12034 0.9324015521468534
12042 5.283601631122019
12137 2.498699971920336
12173 9.906149027178385
12222 5.206750173022546
12366 4.695924549256556
12400 2.9209721983448818
12455 -0.2152586658680402
12773 0.8826175167675673
12820 3.3349479961209547
12853 1.152070867192877
12886 5.206750173022546
12960 3.1918471524802814
13314 2.0286963426746007
13353 1.961557039836972
13553 -0.37046075994419203
13750 2.162227735299123
14012 3.8630154263214513
14093 2.973157951515452
14174 1.7945029551738059
14217 6.9985096422506015
14267 -1.5294775732540604
14416 0.7739512129752414
14516 2.1782280766455644
14754 3.8204558119026557
14830 2.7790019370744945
14906 0.4013639403639497
15121 1.5868635903955612
15155 0.6904112007410705
15332 -3.1046234602912404
15413 1.2781978656431896
15551 1.1578679848772029
15578 1.7945029551738059
15704 3.7026727762462723
15731 2.9911764570181303
15771 0.023095714794649395
