29
3635 1.5779746429783155
3646 2.5676928434072877
3840 1.2980660688599148
3949 2.7790019370744945
4537 1.0196238773494795
4852 1.258716730071367
5316 2.236335707452845
5834 1.65617539028579
5875 2.750014400201242
5955 2.434161450782765
5973 1.4770487243883548
6043 1.5913378707904824
6250 1.7727629685373998
6776 1.942263836902293
8439 0.4690908039883759
8710 0.551203779709388
9876 2.6944445490464313
10076 2.750014400201242
10326 1.0461538510930224
11102 0.6652300141109108
11347 0.8373023205555247
12204 4.513602992462601
12227 3.1698682457615064
12754 6.305362461690656
12992 2.3256808077886952
14208 1.1873686492739008
14416 0.7739512129752414
14431 1.034930298632155
15332 -1.5523117301456202
