243
4 4.8012850649143815
57 3.7796338173824005
279 2.6418008155610093
389 1.6419233675785887
502 2.5676928434072877
657 2.0640357091199095
822 8.10814132616832
1018 3.7796338173824005
1159 6.9985096422506015
1171 5.8419443966897635
1197 6.9985096422506015
1356 4.72756130804193
1363 6.9985096422506015
1379 3.7592902612781853
1390 3.260840023967233
1437 6.9985096422506015
1513 4.433560284789064
1670 6.9985096422506015
1686 1.1549652252192415
1864 3.047265923669174
1909 8.66290733423187
1922 1.6952047341915255
1924 2.288979440938267
1927 6.305362461690656
2232 12.610724923381312
2247 2.219386149139072
2334 0.7939518796819108
2424 2.219386149139072
2433 3.3875917296063767
2437 4.108137884354437
2450 -0.6108568957036107
2545 4.8012850649143815
2597 2.1157077196642304
2699 10.105198986390576
2700 6.305362461690656
2708 4.05407066308416
2728 11.799794707164983
2920 1.3590830570083334
2935 1.2640783890383267
3048 2.5098732725184614
3090 3.047265923669174
3504 4.919068100570765
3516 4.157057432844953
3533 5.612215281130711
3578 1.8047399611033645
3774 1.7255100836868542
3804 2.750014400201242
3824 4.00277736869661
3842 5.052599493195288
3843 10.413500346045092
3982 1.0769312226067855
3985 2.5098732725184614
4053 -0.3738003760455464
4070 1.1068654304248302
4172 3.414990703794491
4214 2.465910149097345
4223 2.1863252868781835
4259 7.726030852642903
4319 2.049749751872433
4341 5.309408440793835
4366 1.9878743481543455
4459 3.2849375755462935
4502 2.8088549002241754
4504 3.6312138122641273
4522 0.2603571476546441
4613 2.211017899468555
4625 3.6904360955056443
4773 4.108137884354437
4806 3.6312138122641273
4865 3.0282177286984795
4979 7.814934377784571
4989 1.3355491621146554
5014 2.3541187431092285
5110 1.8452180477528222
5155 3.3096301881366648
5238 3.6312138122641273
5312 2.8553749158590684
5316 8.94534282981138
5339 1.1784267118982394
5342 3.6312138122641273
5347 4.600614369452231
5590 1.4533321977710387
5777 5.052599493195288
5900 2.8553749158590684
5929 3.3096301881366648
5955 2.434161450782765
5999 2.5098732725184614
6043 1.5913378707904824
6068 3.1273086313427103
6083 3.3349479961209547
6154 4.919068100570765
6156 1.8000126109847754
6219 4.59605855291637
6221 2.8553749158590684
6234 2.6290617897835795
6246 4.600614369452231
6490 31.631897636217428
6539 2.434161450782765
6586 2.288979440938267
6609 3.1918471524802814
6618 2.0568672196412967
6644 4.513602992462601
6802 6.94429823526888
6806 6.9985096422506015
6821 4.433560284789064
6908 0.6707538925195963
6953 2.681021528714291
7104 -1.9904637499538764
7135 30.315596959171728
7286 4.2337829515510546
7311 2.236335707452845
7497 1.4028006446333317
7527 2.681021528714291
7578 1.5646118380827554
7634 4.359452312635343
7764 1.7052048175261088
7834 3.5327737394508745
7935 2.335070548138534
8089 5.362043057428582
8090 2.236335707452845
8129 3.9539872045271784
8211 18.402457477808923
8268 4.433560284789064
8337 1.9550845253313545
8471 13.969085114298176
8495 22.448861124522843
8647 6.9985096422506015
8695 3.910169050662709
8745 5.088324691994187
8784 25.75775253997181
8880 1.67063347346102
8886 1.3081501879265407
8904 2.1863252868781835
8927 4.919068100570765
8937 6.9985096422506015
8979 1.7890234894091803
9151 1.258716730071367
9170 1.8348909686638688
9201 7.1290448755309095
9310 3.4431615807611875
9355 2.1782280766455644
9428 2.498699971920336
9493 6.9985096422506015
9554 2.543323789326808
9632 6.305362461690656
9733 1.0850066366123312
10016 4.695924549256556
10114 2.6028323114903933
10196 5.042345655544789
10214 5.8998973535824915
10217 4.30864511158402
10221 9.73664580313106
10231 3.2373095265570386
10233 3.4431615807611875
10279 8.867120569578129
10294 2.70805020110221
10326 0.5230769255465112
10422 1.4175881426832082
10659 3.4431615807611875
10729 12.235486528193753
10749 2.3509274935351647
10758 9.201228738904462
10868 -0.18536107281185138
10906 2.035665011990694
10911 3.6312138122641273
10936 11.722401566676856
10962 2.6290617897835795
11052 3.740413104229119
11165 2.1863252868781835
11168 1.2781978656431896
11210 3.21432000833234
11287 2.0286963426746007
11299 -2.0847310474637517
11305 2.0640357091199095
11375 2.681021528714291
11379 2.0426825846493406
11415 3.7796338173824005
11444 2.434161450782765
11461 2.146479378330984
11518 3.8630154263214513
11524 1.5178707189086098
11582 4.359452312635343
11589 11.338901452147201
11607 5.8998973535824915
11704 3.1483620405405426
11725 4.359452312635343
11769 3.2933030175490696
11790 2.2449194511442365
11881 2.70805020110221
11889 2.7790019370744945
11900 2.049749751872433
11911 3.414990703794491
11975 5.8419443966897635
12001 2.5676928434072877
12009 7.004004161568242
12022 0.40409618250082274
12031 6.9985096422506015
12042 5.283601631122019
12081 2.363780654020965
12173 35.662136497842184
12254 2.335070548138534
12455 -0.2152586658680402
12457 3.2373095265570386
12462 5.612215281130711
12493 6.9985096422506015
12723 2.288979440938267
12790 1.5095719160939147
12853 1.152070867192877
12864 6.305362461690656
13046 3.47214911763444
13208 1.3115342859107813
13312 5.910916748832102
13353 1.961557039836972
13440 1.4770487243883548
13553 -0.7409215198883841
13891 1.2131850577159984
14093 2.973157951515452
14120 6.9985096422506015
14131 10.105198986390576
14202 7.332610264150794
14237 -0.6972483483041599
14267 -1.1471081799405454
14308 2.0640357091199095
14352 5.678522839957107
14431 2.06986059726431
14486 2.6164830075767194
14590 1.8337236683270872
14861 6.305362461690656
14906 0.4013639403639497
15155 1.380822401482141
15332 -21.732364222038683
15551 2.3157359697544058
15570 5.443687046469091
15578 1.7945029551738059
15595 1.3320829541381691
15640 6.9985096422506015
15672 1.4550424207846036
15685 1.7432809162728324
15725 3.5645224377654547
15727 4.433560284789064
15735 8.814199895112546
15771 0.023095714794649395
15845 6.305362461690656
