98
302 1.7153059135126125
787 4.071330023981388
937 4.433560284789064
1011 5.612215281130711
1033 6.305362461690656
1976 4.695924549256556
2176 2.383389125409342
2334 0.7939518796819108
2496 5.389071729816501
2497 6.9985096422506015
2631 0.21292199724267172
2935 0.6320391945191633
2977 3.47214911763444
3192 1.0095482253607377
3220 5.052599493195288
3449 0.9823524825522477
3635 3.155949285956631
3898 3.047265923669174
3982 2.153862445213571
4167 2.0712559570933964
4750 0.33155284982139466
4941 7.1290448755309095
5083 1.5735596247691985
5528 1.4378280112350734
5539 1.7153059135126125
5540 3.1698682457615064
5775 5.389071729816501
5802 3.1483620405405426
6140 2.211017899468555
6169 4.8067795842320225
6189 4.919068100570765
6234 2.6290617897835795
6583 0.8629447511688624
7019 2.130975191795019
7068 2.434161450782765
7443 4.359452312635343
7462 1.942263836902293
7497 0.7014003223166658
7578 0.5215372793609184
7661 5.8998973535824915
7690 3.21432000833234
7731 2.001297368486486
7840 6.276656053184642
7842 2.37353682896633
8358 10.778143459633002
8551 5.8998973535824915
8906 3.047265923669174
9092 2.973157951515452
9101 6.9985096422506015
9276 2.6944445490464313
9374 5.8998973535824915
9436 5.8998973535824915
9531 3.34126694692204
9554 2.543323789326808
9602 2.2800107709555064
9680 3.597312260588446
10207 5.8998973535824915
10670 12.34594654728982
10700 4.165296298194385
10713 3.5645224377654547
10868 -0.5560832184355542
10992 6.305362461690656
11102 0.6652300141109108
11168 1.2781978656431896
11231 5.612215281130711
11277 3.7796338173824005
11524 1.5178707189086098
11539 4.407241664217533
11673 5.612215281130711
11737 4.919068100570765
12022 0.40409618250082274
12033 2.5211728277723946
12049 2.5676928434072877
12057 2.10066984229969
12122 1.1963912668735384
12357 2.1701959049483
12400 2.9209721983448818
12674 1.5779746429783155
12781 2.498699971920336
12878 7.065547478901749
13041 4.513602992462601
13082 6.305362461690656
13169 3.3349479961209547
13289 1.7410142702228197
13354 1.8280256472124494
13359 2.6290617897835795
13553 -0.37046075994419203
13672 1.5262389685791264
13718 1.3425178314307487
13944 3.9074671888922854
14168 2.9041650800285006
14196 0.8373023205555247
14309 1.5137127087599462
14716 6.305362461690656
15068 5.612215281130711
15187 3.989126672610284
15332 -3.1046234602912404
15518 1.880515829833846
