86
18 6.305362461690656
75 6.305362461690656
502 2.5676928434072877
516 4.108137884354437
570 5.8998973535824915
647 5.389071729816501
762 5.612215281130711
865 5.042345655544789
866 2.20271909665386
868 2.0286963426746007
1006 6.305362461690656
2669 1.8223599096767722
2693 5.052599493195288
2913 1.720394983020084
2920 0.6795415285041667
3329 1.981229805435677
3658 5.876133263408364
4261 2.262311193856106
4370 4.919068100570765
4454 5.612215281130711
4813 8.94534282981138
4909 2.9381611094783557
5363 9.200052028578826
5518 1.5868635903955612
5606 4.22592092001082
5652 3.3096301881366648
5730 4.108137884354437
6228 2.5894543351888
6269 3.9539872045271784
6567 2.579669034454003
6583 0.8629447511688624
6688 3.7851283367000415
6863 4.22592092001082
6941 4.356456153291129
7445 3.7372218546550555
7813 2.0291467231268214
8318 3.9074671888922854
8664 2.7938170228596353
8708 1.4810567457858934
8848 3.0666840095262753
8966 5.612215281130711
8977 5.258123579567159
8978 1.6140145794615122
9258 3.260840023967233
9351 4.695924549256556
9667 3.7796338173824005
9717 3.3875917296063767
9733 1.0850066366123312
9754 10.413500346045092
10098 4.695924549256556
10375 3.9539872045271784
10422 0.7087940713416041
10431 2.16559845872687
11027 1.2781978656431896
11046 2.3933394562625097
11358 4.290459441148391
11560 3.502002080784121
11816 1.9296054400303697
12740 2.5326015235960173
12767 5.309408440793835
12809 8.426564700672525
12823 2.06986059726431
12833 0.9630282097258448
12850 3.502002080784121
13088 2.7790019370744945
13102 10.943319060837144
13153 4.455650035569873
13239 4.600614369452231
13714 4.165296298194385
13989 8.45184184002164
14237 -2.09174504491248
14267 -0.3823693933135151
14352 1.8928409466523688
14403 7.333898251950181
14422 2.1233123190494494
14501 2.1863252868781835
14963 4.359452312635343
15149 7.3977304472920355
15332 -6.209246920582481
15587 2.5894543351888
15588 6.305362461690656
15593 3.597312260588446
15595 1.3320829541381691
15650 4.261950383590038
15651 3.4131702563542063
15771 0.04619142958929879
