139
209 1.7001922757025645
302 1.7153059135126125
401 3.1698682457615064
425 5.612215281130711
521 1.8986432144264027
530 2.66777630196427
787 4.071330023981388
850 6.9985096422506015
862 4.689098584186156
1011 5.612215281130711
1013 2.6547042203969173
1015 5.206750173022546
1033 6.305362461690656
1976 4.695924549256556
2459 2.938066631704182
2496 5.389071729816501
2595 2.5211728277723946
2639 2.6040604875781623
2935 0.6320391945191633
2977 3.47214911763444
3192 2.0190964507214755
3220 5.052599493195288
3249 2.750014400201242
3449 2.9470574476567433
3586 3.2849375755462935
3635 3.155949285956631
3774 3.4510201673737084
3898 3.047265923669174
3982 3.2307936678203566
4021 1.5054481989100525
4047 3.8630154263214513
4114 1.3890378470656415
4167 2.0712559570933964
4221 4.290459441148391
4608 1.4075226617397445
4687 6.9985096422506015
4750 0.33155284982139466
4852 1.258716730071367
4941 7.1290448755309095
5017 3.260840023967233
5518 1.5868635903955612
5528 1.4378280112350734
5539 1.7153059135126125
5540 6.339736491523013
5687 2.0785287164224764
5775 5.389071729816501
6079 3.502002080784121
6169 4.8067795842320225
6189 4.919068100570765
6234 2.6290617897835795
6335 2.476721065201561
6583 0.8629447511688624
6908 0.33537694625979814
7019 2.130975191795019
7068 2.434161450782765
7443 4.359452312635343
7462 1.942263836902293
7497 0.7014003223166658
7578 1.0430745587218369
7661 5.8998973535824915
7690 3.21432000833234
7840 12.553312106369283
7842 4.74707365793266
7949 2.5441623459970937
8358 10.778143459633002
8439 0.4690908039883759
8478 3.502002080784121
8551 5.8998973535824915
8560 5.612215281130711
8710 0.551203779709388
8985 4.8012850649143815
9074 5.612215281130711
9092 5.946315903030904
9276 2.6944445490464313
9374 5.8998973535824915
9435 5.206750173022546
9436 5.8998973535824915
9531 6.68253389384408
9537 0.6546292081242703
9554 2.543323789326808
10329 -0.4201813914191953
10670 15.432433184112275
10671 4.695924549256556
10700 8.33059259638877
10702 4.919068100570765
10713 7.1290448755309095
10868 -0.37072214562370276
10924 6.9985096422506015
10979 3.1066893441399746
10992 6.305362461690656
11043 5.8998973535824915
11102 0.6652300141109108
11127 6.305362461690656
11231 5.612215281130711
11277 3.7796338173824005
11491 1.8745456628473423
11524 1.5178707189086098
11539 7.34540277369589
11673 5.612215281130711
11708 6.9985096422506015
11908 1.5346778372249912
12022 0.8081923650016455
12033 2.5211728277723946
12049 2.5676928434072877
12057 6.30200952689907
12122 1.1963912668735384
12263 2.579669034454003
12357 4.3403918098966
12400 2.9209721983448818
12660 2.035665011990694
12674 1.5779746429783155
12878 3.5327737394508745
12968 3.047265923669174
13041 4.513602992462601
13082 6.305362461690656
13106 2.335070548138534
13169 3.3349479961209547
13354 3.656051294424899
13357 3.3875917296063767
13553 -0.37046075994419203
13672 1.5262389685791264
13750 2.162227735299123
13759 2.955458374416051
13900 11.224430562261421
13944 3.9074671888922854
14047 4.919068100570765
14135 2.3541187431092285
14168 2.9041650800285006
14205 6.9985096422506015
14435 2.3933394562625097
14463 1.67063347346102
14716 6.305362461690656
15037 2.3163784151263815
15068 5.612215281130711
15187 3.989126672610284
15332 -9.313870380873722
15517 1.886521853894058
15518 1.880515829833846
15719 3.597312260588446
