46
194 0.7699986386594181
209 1.7001922757025645
810 2.8396265588909295
927 2.0785287164224764
1013 2.6547042203969173
2176 2.383389125409342
2450 -1.2217137914072214
2519 1.6902419448493964
2592 2.938066631704182
3449 1.9647049651044954
3545 3.009525595686327
3578 1.2031599740689096
4765 1.4150133334689021
4838 1.4730567031188173
4852 2.517433460142734
5122 2.7938170228596353
5528 1.4378280112350734
5687 2.0785287164224764
6433 0.5154022907934025
7068 2.434161450782765
7104 -0.6634879166512921
7497 0.7014003223166658
7840 3.138328026592321
7842 2.37353682896633
9092 2.973157951515452
9170 0.6116303228879563
9365 1.4972514317058743
9589 2.6230685718215625
10030 2.413542163580029
10045 4.919068100570765
10670 3.086486636822455
10868 -0.18536107281185138
11334 1.994563336305142
11539 2.9381611094783557
11712 4.600614369452231
12022 0.8081923650016455
12216 2.87137525720551
12357 2.1701959049483
12455 -0.2152586658680402
12968 3.047265923669174
13553 -0.37046075994419203
14308 2.0640357091199095
14435 2.3933394562625097
14470 3.7796338173824005
14558 2.476721065201561
15518 3.761031659667692
